Pedestrian 0.0 0 0.04973548650741577 1192.144287109375 118.42771911621094 1236.115478515625 210.45240783691406 0.64589196 1.787817 0.656414 12.071778 0.7308037 14.475192 0.7448453903198242 0.18001164495944977
Pedestrian 0.0 0 -0.40577104687690735 909.8031616210938 115.52339172363281 979.0117797851562 238.89938354492188 0.7664482 1.795375 0.5943598 4.940198 0.96145415 10.8030815 0.023133039474487305 0.1582818329334259
Pedestrian 0.0 0 2.4727015495300293 511.41802978515625 166.12762451171875 533.4717407226562 207.5410614013672 0.736495 1.8846976 0.69966567 -4.085441 1.578943 33.341774 2.3507771492004395 0.15009468793869019
Pedestrian 0.0 0 -3.669816017150879 1123.4066162109375 178.0287628173828 1242.0 375.0 0.8525636 1.7514699 0.6771461 4.4715123 1.7937647 5.4426856 -2.9820640087127686 0.14256103336811066
Pedestrian 0.0 0 -1.4833648204803467 728.69775390625 168.54168701171875 743.8630981445312 203.3754119873047 0.67121327 1.7280189 0.69450706 6.3015842 1.5144529 36.20458 -1.3110363483428955 0.1390131264925003
Car 0.0 0 2.0787081718444824 0.0 167.5891571044922 338.29864501953125 375.0 4.117568 1.6574597 1.6347262 -3.6572495 1.6319435 5.6517634 1.5043752193450928 0.9183008074760437
Car 0.0 0 1.883413314819336 241.60218811035156 173.39431762695312 450.84942626953125 310.4543151855469 4.3164144 1.6743062 1.6783066 -3.760698 1.6845301 11.000577 1.5540051460266113 0.897426187992096
Car 0.0 0 -1.4456193447113037 658.4013671875 167.4221954345703 698.49267578125 198.4899139404297 3.4578567 1.4202962 1.5086334 3.3085372 1.1723328 34.83499 -1.3509260416030884 0.7069547176361084
Car 0.0 0 1.8479676246643066 615.0036010742188 168.14041137695312 652.6087646484375 190.5604248046875 4.024129 1.5166215 1.6167071 1.6965241 1.1981255 50.96913 1.8812406063079834 0.4676271378993988
Car 0.0 0 2.519063949584961 0.0 202.9435577392578 248.73622131347656 375.0 3.9628808 1.4926934 1.5770487 -6.5424185 1.9414804 8.624593 1.8700960874557495 0.1935984343290329
Car 0.0 0 0.3994084894657135 345.69830322265625 181.17062377929688 436.7552795410156 214.04566955566406 3.6693 1.4585487 1.746941 -10.187349 1.8585347 33.60727 0.10508322715759277 0.13747845590114594
