Pedestrian 0.0 0 -2.097623109817505 763.8795166015625 118.56500244140625 806.1201171875 202.8426055908203 0.4734725 1.7596706 0.7367803 3.7310226 0.36917162 15.33722 -1.8589924573898315 0.5443136096000671
Car 0.0 0 -1.5965423583984375 574.2060546875 173.97044372558594 624.863525390625 214.64630126953125 3.427756 1.3892531 1.7333246 -0.39016217 1.0063114 26.295832 -1.6113786697387695 0.9623119235038757
Car 0.0 0 -1.3817451000213623 429.6829528808594 182.06219482421875 497.8218994140625 224.58688354492188 3.761773 1.3691381 1.6454089 -4.9652033 1.2687385 25.027172 -1.577594518661499 0.9532395601272583
Car 0.0 0 -1.2169946432113647 217.97207641601562 156.6637420654297 422.66473388671875 280.5561828613281 4.392881 1.7380748 1.775816 -4.65011 1.3386534 12.284508 -1.5788604021072388 0.91314297914505
Car 0.0 0 -0.8665453195571899 0.0 188.69970703125 175.2350311279297 318.79345703125 4.119248 1.5045284 1.6711498 -8.483187 1.5666503 10.500806 -1.5460609197616577 0.9085463285446167
Car 0.0 0 -0.94477778673172 17.011920928955078 192.6116485595703 185.40591430664062 257.37109375 3.7150586 1.4294293 1.5937508 -12.631146 1.6367269 18.162863 -1.5524355173110962 0.7141919136047363
Car 0.0 0 -1.1279548406600952 192.99557495117188 178.5081787109375 295.4082336425781 223.570556640625 4.233466 1.4892292 1.6267872 -12.981734 1.2686888 25.8872 -1.5927802324295044 0.6860747933387756
Car 0.0 0 1.4470548629760742 685.677734375 158.0428924560547 722.4786376953125 184.64894104003906 4.3069296 1.5105736 1.6553391 5.688981 -0.03452394 43.061382 1.5784075260162354 0.5398052930831909
Car 0.0 0 -1.079481840133667 146.08433532714844 139.4583740234375 235.7376251220703 184.09893798828125 3.815762 1.7459927 1.6440477 -17.396662 -0.0487044 30.142317 -1.602931022644043 0.5053383111953735
Car 0.0 0 -1.5202356576919556 410.14190673828125 178.63330078125 445.56597900390625 207.342529296875 4.0326996 1.4162003 1.5964866 -9.386024 1.0926281 37.589203 -1.7649319171905518 0.48916658759117126
Car 0.0 0 -1.6001521348953247 522.2186889648438 171.56825256347656 547.3717041015625 194.1337432861328 3.7447612 1.4390137 1.5478915 -4.904644 0.5698391 47.795834 -1.7024108171463013 0.41554924845695496
Car 0.0 0 -2.690406322479248 345.9647521972656 180.22195434570312 412.5364074707031 204.93348693847656 3.6521485 1.5131367 1.5850171 -14.324507 1.2084911 45.05849 -2.998211622238159 0.3957921862602234
