Pedestrian 0.0 0 2.5140633583068848 785.4746704101562 136.12295532226562 820.8046875 203.66038513183594 0.5974136 1.8171314 0.7764301 5.268332 0.8292206 19.880367 2.7731106281280518 0.6386601328849792
Pedestrian 0.0 0 -1.1152048110961914 221.0232391357422 113.21068572998047 289.3000183105469 241.55430603027344 0.7852707 1.8088423 0.6158919 -5.2294874 0.96860254 10.56035 -1.5750051736831665 0.4668489098548889
Pedestrian 0.0 0 -1.778114914894104 732.6661376953125 146.50405883789062 754.2957763671875 194.04400634765625 0.88162106 1.8763045 0.6841864 5.302736 0.8366841 28.924437 -1.5967977046966553 0.4308161437511444
Pedestrian 0.0 0 -1.429125189781189 483.45172119140625 150.51611328125 502.0948486328125 195.71011352539062 0.6576056 1.7374976 0.6306441 -4.599659 0.8790687 28.072264 -1.5915327072143555 0.333400696516037
Car 0.0 0 -1.2934021949768066 261.66864013671875 180.5447540283203 476.39141845703125 317.3102722167969 4.3117046 1.4113797 1.5746516 -3.0241942 1.539995 9.858862 -1.5910389423370361 0.9653564691543579
Car 0.0 0 -1.7386912107467651 687.106201171875 173.30076599121094 804.3939208984375 255.44190979003906 4.13538 1.4351491 1.6229635 2.5464344 1.4458909 14.696951 -1.5671316385269165 0.954343318939209
Car 0.0 0 -1.648436188697815 643.42041015625 172.41781616210938 685.248291015625 206.0796356201172 3.4166758 1.4011128 1.5634962 2.3006656 1.3833148 31.7424 -1.5760834217071533 0.8631320595741272
Car 0.0 0 -2.2604193687438965 915.5194702148438 206.74325561523438 1242.0 375.0 3.601056 1.423874 1.5390334 2.474185 1.6337233 2.607951 -1.5013359785079956 0.6424894332885742
Car 0.0 0 -1.5336213111877441 646.4554443359375 162.6636962890625 676.9794921875 190.66920471191406 3.8119395 1.5554572 1.6359793 3.0186577 0.98983467 42.055824 -1.4619667530059814 0.43946167826652527
Car 0.0 0 2.0389575958251953 610.8070068359375 162.1882781982422 648.130126953125 180.94374084472656 4.4575906 1.702973 1.6798382 1.853396 0.73489624 67.87207 2.066257953643799 0.36516663432121277
