Car 0.0 0 -1.3450922966003418 600.4671020507812 176.4801025390625 718.770751953125 261.0251159667969 3.7373805 1.4358886 1.5496213 1.0696927 1.5189439 14.438559 -1.271141529083252 0.954315721988678
Car 0.0 0 2.0414838790893555 329.2612609863281 175.97189331054688 622.2753295898438 366.9819030761719 3.6610866 1.5411272 1.5797647 -1.2164297 1.5840816 7.869278 1.8881181478500366 0.9497219324111938
Car 0.0 0 -1.8304399251937866 943.83642578125 196.61851501464844 1242.0 375.0 3.1643083 1.4325691 1.4636035 3.8677526 1.6951667 6.232613 -1.2750349044799805 0.9402994513511658
Car 0.0 0 -1.590181589126587 886.979736328125 181.2826690673828 954.2622680664062 243.54586791992188 3.0560107 1.5453192 1.5992947 8.546499 1.8003905 20.08594 -1.1878904104232788 0.8400844931602478
Car 0.0 0 1.6077882051467896 743.5408325195312 167.60165405273438 783.0719604492188 204.74826049804688 4.0026875 1.6019313 1.636426 7.074231 1.3757842 33.253784 1.8173980712890625 0.8269792795181274
Car 0.0 0 2.507352352142334 0.0 181.7120819091797 406.28436279296875 375.0 3.783604 1.5028998 1.6050752 -2.7029812 1.5689151 3.3131692 1.8230335712432861 0.8057652711868286
Car 0.0 0 -1.6347825527191162 880.5159301757812 182.49000549316406 940.72314453125 231.6914520263672 3.8012931 1.4891434 1.6448017 10.164517 1.8470716 24.70792 -1.2444984912872314 0.6656859517097473
Car 0.0 0 -2.9501593112945557 596.6083374023438 171.86981201171875 699.2387084960938 209.61087036132812 3.7940195 1.4152193 1.5186085 1.4621366 1.3786719 28.247255 -2.8984434604644775 0.6560897827148438
Car 0.0 0 1.674075722694397 764.9663696289062 170.34059143066406 801.8941040039062 202.77317810058594 4.187443 1.7337451 1.608971 9.8187065 1.5997442 40.81052 1.910180926322937 0.5789546370506287
Car 0.0 0 1.5668163299560547 864.3298950195312 173.08863830566406 888.5455322265625 196.2146453857422 4.3194666 1.6935439 1.6737273 20.341143 1.7126068 55.199047 1.9198808670043945 0.49998247623443604
