Pedestrian 0.0 0 0.40027570724487305 353.3839416503906 493.6330871582031 403.10577392578125 576.1940307617188 0.99531674 2.1547284 0.8512339 -11.948368 2.7939298 33.40952 0.05681657791137695 0.256071001291275
Pedestrian 0.0 0 -2.7043027877807617 352.9562072753906 518.6256103515625 402.775634765625 598.5379028320312 1.0870944 2.1366072 0.715375 -12.314506 3.4879405 34.39852 -3.0480823516845703 0.16564612090587616
Pedestrian 0.0 0 2.7219338417053223 1272.081298828125 508.8524169921875 1318.8046875 589.4830932617188 1.0259724 2.173146 0.65537894 12.894644 3.2536879 34.47011 3.079899311065674 0.16308526694774628
Pedestrian 0.0 0 -0.24237295985221863 1253.9364013671875 513.6743774414062 1296.7021484375 591.0753784179688 1.0317047 2.1976438 0.70438224 13.040927 3.4820538 36.428165 0.10140228271484375 0.15748468041419983
Pedestrian 0.0 0 0.04426790773868561 511.3721008300781 510.3025817871094 557.732666015625 598.231689453125 1.1146675 2.1691284 0.6937072 -7.3941054 3.2053404 31.755379 -0.18450158834457397 0.14555218815803528
Pedestrian 0.0 0 0.17009949684143066 0.0 496.0209655761719 88.75914001464844 651.3038330078125 1.028174 1.8143877 0.5111439 -9.593553 2.1396096 15.216247 -0.39243143796920776 0.14084677398204803
Pedestrian 0.0 0 -0.38757190108299255 1314.761474609375 513.1519775390625 1364.897705078125 582.8005981445312 1.1351924 1.9393553 0.7157998 14.612879 3.1813607 35.687283 0.0010716915130615234 0.12321633845567703
Pedestrian 0.0 0 -0.5874203443527222 1292.577392578125 506.05426025390625 1349.473388671875 592.9830322265625 1.1420974 2.1549547 0.7176142 12.591793 3.0874732 31.918568 -0.2116665244102478 0.12290297448635101
Pedestrian 0.0 0 -1.3675382137298584 1092.255859375 509.6667785644531 1137.022216796875 604.16064453125 1.2308745 2.1598268 0.811896 6.89911 3.13237 29.975796 -1.1413216590881348 0.10930298268795013
Cyclist 0.0 0 -1.261168122291565 1086.2149658203125 520.5233764648438 1138.6988525390625 615.0084228515625 1.54823 2.130144 0.79252064 6.8645253 3.3770192 30.040983 -1.0365197658538818 0.24634023010730743
Cyclist 0.0 0 -0.9269300103187561 728.7242431640625 515.3295288085938 781.0521240234375 591.5267944335938 1.3184944 2.0700827 0.8752186 -2.040682 3.393351 35.76873 -0.9839203357696533 0.14735884964466095
Cyclist 0.0 0 -1.5859862565994263 1317.1114501953125 511.7384033203125 1347.98193359375 595.9544677734375 1.3199389 2.058122 0.71310973 12.954223 3.1527119 32.09888 -1.2024040222167969 0.12608925998210907
Car 0.0 0 1.4277586936950684 794.2053833007812 529.7398681640625 876.947998046875 605.0528564453125 4.1483097 1.6424721 1.591477 0.17195256 3.3158374 32.91955 1.432982087135315 0.40387290716171265
Car 0.0 0 -1.5143598318099976 557.3945922851562 527.1981201171875 636.9273681640625 614.3050537109375 4.000789 1.6570632 1.5569029 -5.1799264 3.0602903 28.646193 -1.6932510137557983 0.35934633016586304
Car 0.0 0 -1.6519265174865723 610.8764038085938 534.7657470703125 718.0542602539062 648.1969604492188 3.6683865 1.7597908 1.7058455 -3.1311111 3.085371 23.66273 -1.783484697341919 0.12935476005077362
Car 0.0 0 1.448136329650879 718.8270874023438 527.3087158203125 802.8179931640625 601.2057495117188 4.2076364 1.5478637 1.6244278 -1.738702 3.1083684 31.890676 1.393669605255127 0.12266138195991516
