Pedestrian 0.0 0 -1.0531213283538818 652.9353637695312 204.46295166015625 948.723876953125 900.0 0.5186939 2.3986874 0.8299507 -0.048049964 1.5466292 4.187244 -1.064596176147461 0.33478736877441406
Pedestrian 0.0 0 -1.2059712409973145 560.7045288085938 510.1390075683594 592.1373901367188 565.0076904296875 1.2634678 1.9947762 0.7493758 -8.931618 2.6992674 47.19646 -1.3930028676986694 0.31428563594818115
Pedestrian 0.0 0 -0.15092968940734863 442.38946533203125 494.76171875 471.34906005859375 544.1190795898438 1.1812735 2.249235 0.77544385 -16.571135 2.400825 58.387695 -0.4274698495864868 0.2304537296295166
Pedestrian 0.0 0 -2.5024561882019043 467.5498046875 492.1915588378906 496.0877380371094 535.0645751953125 0.9877757 1.9293001 0.7729081 -15.196114 1.9606978 57.54887 -2.7606194019317627 0.19228161871433258
Pedestrian 0.0 0 0.2310371994972229 142.98451232910156 478.5242614746094 215.5761260986328 577.5641479492188 1.223121 2.0287223 0.7098625 -13.279136 1.7627836 26.428518 -0.23457232117652893 0.18626688420772552
Pedestrian 0.0 0 -2.987039804458618 1136.0986328125 495.90179443359375 1173.701904296875 559.5658569335938 0.9905248 1.8750671 0.70292616 10.13413 2.0083718 37.892776 -2.7257134914398193 0.1862054467201233
Pedestrian 0.0 0 -1.552150011062622 173.0278778076172 498.59442138671875 207.17575073242188 574.40869140625 0.96615326 1.8230398 0.73501396 -15.3972435 2.0007286 31.157066 -2.011132001876831 0.1723325103521347
Pedestrian 0.0 0 -0.5269328355789185 995.8408813476562 401.3702087402344 1322.9508056640625 900.0 0.8231896 1.9173226 0.7132138 1.1342202 1.6436722 4.297917 -0.26891520619392395 0.1721040904521942
Pedestrian 0.0 0 -3.2946243286132812 1087.114501953125 496.9324951171875 1128.010986328125 562.21240234375 1.1267025 1.961052 0.6351878 8.840912 2.1273558 38.46126 -3.0686838626861572 0.16645067930221558
Pedestrian 0.0 0 -2.8041248321533203 390.4163513183594 491.5025939941406 415.67340087890625 529.2462158203125 0.97563064 1.7628952 0.6252177 -19.40289 1.7626857 59.473972 -3.1194794178009033 0.12716814875602722
Pedestrian 0.0 0 -2.5424137115478516 103.43449401855469 486.5201110839844 157.71282958984375 559.2171630859375 1.0389341 1.862684 0.67322445 -17.773405 1.7349051 32.8371 -3.0385217666625977 0.12081487476825714
Pedestrian 0.0 0 0.27596718072891235 186.98007202148438 469.31500244140625 256.3690185546875 559.4091186523438 1.1130599 1.8016798 0.7637688 -12.096946 1.357888 25.792423 -0.16258381307125092 0.1157631129026413
Pedestrian 0.0 0 -2.540431022644043 327.37310791015625 494.8665771484375 364.7618713378906 552.0166015625 1.0176075 1.9894162 0.6988096 -16.556664 2.1089625 44.60163 -2.89587664604187 0.11508085578680038
Pedestrian 0.0 0 -2.342442035675049 0.0 483.9591979980469 35.50131607055664 531.0314331054688 1.0969837 1.7415352 0.76160175 -29.96479 1.4622846 47.351814 -2.9066390991210938 0.11378355324268341
Cyclist 0.0 0 -0.6234527826309204 151.9372100830078 497.5401916503906 229.92271423339844 593.971923828125 1.3272746 1.9799552 0.69295067 -13.242423 2.1114066 26.84461 -1.0817253589630127 0.16638170182704926
Cyclist 0.0 0 -1.7642520666122437 1277.82568359375 501.9300231933594 1326.5535888671875 587.2976684570312 1.6403924 2.040141 0.8258662 12.015389 2.3054652 31.358715 -1.3983471393585205 0.1539960503578186
Car 0.0 0 -1.405785322189331 325.56298828125 512.8045043945312 396.7425537109375 563.4032592773438 4.1323543 1.545859 1.5964475 -15.282931 2.3004758 42.69693 -1.7495158910751343 0.22423897683620453
Car 0.0 0 -1.845357060432434 1069.839111328125 515.2251586914062 1164.6580810546875 578.1856079101562 3.8403077 1.631708 1.6551688 8.544161 2.347159 36.247185 -1.6138635873794556 0.21923816204071045
Car 0.0 0 1.5110574960708618 477.373046875 509.73583984375 533.825439453125 561.9020385742188 4.0477576 1.6551427 1.6579014 -10.802503 2.3181436 43.88243 1.269687533378601 0.21006685495376587
Car 0.0 0 -1.6391937732696533 399.8988342285156 504.861083984375 478.2538146972656 577.1785278320312 4.008086 1.668703 1.6328719 -9.634927 2.0308847 32.184204 -1.9300707578659058 0.20105135440826416
Car 0.0 0 -2.3855977058410645 1163.357177734375 539.6885375976562 1343.7344970703125 635.6909790039062 3.8380957 2.0128572 1.9855347 10.57518 3.2699723 30.881865 -2.055673837661743 0.17782272398471832
Car 0.0 0 -1.106946587562561 384.3816833496094 507.4676818847656 461.9656982421875 545.976806640625 3.9267929 1.5428388 1.5994514 -16.867363 2.2560008 54.519382 -1.4069890975952148 0.1627391129732132
Car 0.0 0 -2.1059184074401855 1588.82568359375 512.4974975585938 1600.0 603.7836303710938 4.0454082 1.6258919 1.6521399 17.56085 2.0842738 25.582546 -1.50435209274292 0.15373137593269348
Car 0.0 0 -0.695244312286377 325.4352722167969 513.7376708984375 468.2578430175781 573.0780029296875 3.8491116 1.5805562 1.6232175 -12.298457 2.2722154 37.339508 -1.0134222507476807 0.12568704783916473
Car 0.0 0 -2.5244898796081543 1597.8604736328125 523.5486450195312 1600.0 694.9548950195312 4.6700726 1.7455034 1.6349989 12.742391 2.2202237 16.291687 -1.8607341051101685 0.11238998919725418
Car 0.0 0 -2.6333398818969727 1550.839111328125 506.4761962890625 1600.0 829.1063232421875 4.5109625 1.6263525 1.6546328 7.8374643 1.7612386 9.009232 -1.9173847436904907 0.11083604395389557
