Pedestrian 0.0 0 1.7011157274246216 354.6578063964844 150.914794921875 397.3364562988281 230.85003662109375 0.9705847 1.9219606 0.8910639 -5.8400135 1.3948131 17.904837 1.3858263492584229 0.37338313460350037
Pedestrian 0.0 0 1.733731746673584 280.5049133300781 190.7443084716797 322.3821716308594 270.1802673339844 1.028737 1.843015 0.7848888 -7.5589743 2.294518 17.598856 1.328042984008789 0.20301957428455353
Pedestrian 0.0 0 1.8469473123550415 523.9950561523438 170.60643005371094 544.252685546875 210.22683715820312 1.0453988 1.8261267 0.6869161 -3.5902429 1.7228925 33.826714 1.7412068843841553 0.19660533964633942
Pedestrian 0.0 0 3.1038575172424316 120.59881591796875 185.55165100097656 152.10133361816406 243.78445434570312 0.7804297 1.7198858 0.55023956 -14.4603195 2.1145852 21.95483 2.521432876586914 0.19180341064929962
Cyclist 0.0 0 -1.8722827434539795 725.3583374023438 152.50807189941406 749.1610717773438 196.9871063232422 1.7459744 1.820394 0.48844266 5.311557 0.98805356 30.424746 -1.6994445323944092 0.3800882399082184
Cyclist 0.0 0 0.790172278881073 1040.33740234375 0.0 1242.0 375.0 1.6548467 1.7398515 0.54521966 3.009408 0.84875965 3.74568 1.4670038223266602 0.23137827217578888
Car 0.0 0 -1.4868905544281006 671.538330078125 169.22775268554688 714.2080688476562 203.9374237060547 3.418024 1.4497447 1.5987903 3.6765244 1.2986428 31.967314 -1.372384786605835 0.8997424244880676
Car 0.0 0 2.046055316925049 590.0967407226562 176.53565979003906 647.0577392578125 202.42135620117188 3.997288 1.3635883 1.5606581 0.5046671 1.58273 40.74348 2.058441162109375 0.7757613062858582
Car 0.0 0 1.8367639780044556 610.45361328125 169.1924285888672 650.9330444335938 192.8089599609375 4.1275196 1.4888527 1.6489325 1.3860221 1.2583749 47.699364 1.8658132553100586 0.3967701196670532
Car 0.0 0 1.7098127603530884 630.1049194335938 166.4515380859375 655.6822509765625 186.50445556640625 3.7781923 1.6006284 1.6040459 2.7237961 1.0899394 59.594784 1.755486249923706 0.21051713824272156
Car 0.0 0 1.729286551475525 579.8907470703125 175.85006713867188 613.0311279296875 199.54788208007812 3.784245 1.4367348 1.5464739 -0.8584827 1.6372732 46.2247 1.710716724395752 0.1763475388288498
