Cyclist 0.0 0 -1.7459444999694824 676.8072509765625 163.5185546875 688.51171875 192.11337280273438 1.6986599 1.7874291 0.45046672 4.5903487 1.2042389 45.96364 -1.6464054584503174 0.6304313540458679
Cyclist 0.0 0 1.9120272397994995 334.600830078125 179.3044891357422 350.7299499511719 202.21705627441406 1.8140085 1.7261829 0.5981628 -20.68362 2.2333822 55.78037 1.556939721107483 0.3358529210090637
Car 0.0 0 1.838804841041565 390.1584777832031 181.81097412109375 423.28863525390625 200.94308471679688 3.9414344 1.4501867 1.6008427 -16.464586 2.2014854 58.514366 1.5645198822021484 0.604788601398468
Car 0.0 0 2.221524477005005 93.62262725830078 205.68345642089844 199.41912841796875 244.12564086914062 3.980691 1.3706284 1.8191036 -20.005827 2.8887243 31.29653 1.6527544260025024 0.5732452869415283
Car 0.0 0 -0.21190932393074036 765.8119506835938 167.38169860839844 885.7947387695312 206.3652801513672 4.261204 1.4748675 1.5654848 8.32484 1.2681917 28.235025 0.07480764389038086 0.42429816722869873
Car 0.0 0 2.1257622241973877 204.7877960205078 187.10830688476562 277.7789306640625 217.67910766601562 4.089506 1.4928405 1.6290096 -20.021042 2.3112621 39.30101 1.6546006202697754 0.4198506772518158
Car 0.0 0 -1.8726682662963867 653.6494750976562 182.42848205566406 704.0010375976562 213.763671875 3.441291 1.4294851 1.5298814 3.331713 1.9304452 35.88088 -1.7800788879394531 0.38396579027175903
Car 0.0 0 2.3229448795318604 0.0 191.28067016601562 99.75358581542969 229.8707733154297 3.9749117 1.5174683 1.7997526 -25.36445 2.3977776 32.394962 1.658671498298645 0.3071311116218567
Car 0.0 0 1.8530280590057373 637.1964721679688 178.9676513671875 680.8528442382812 205.45338439941406 4.1273766 1.5132128 1.5980902 3.0383089 1.9090136 44.45503 1.9212676286697388 0.28391891717910767
Car 0.0 0 1.9114021062850952 289.4595031738281 191.14419555664062 334.4525451660156 216.68995666503906 3.818602 1.5193232 1.560683 -19.651308 2.7768059 47.643776 1.520197868347168 0.24368330836296082
Car 0.0 0 2.067301034927368 217.59918212890625 181.46435546875 276.55828857421875 207.7629852294922 4.0828834 1.5749447 1.6592411 -23.4033 2.156417 46.627518 1.6021182537078857 0.21770460903644562
