Pedestrian 0.0 0 -1.0545583963394165 82.13505554199219 487.62347412109375 162.54229736328125 613.82373046875 1.0933256 2.0163012 0.7118123 -11.6287155 2.3157156 20.717825 -1.5660284757614136 0.2041839063167572
Pedestrian 0.0 0 -1.107630968093872 187.25416564941406 506.4054870605469 251.67218017578125 618.53271484375 1.1219699 2.083391 0.69150054 -11.718288 2.8036506 24.210428 -1.5584115982055664 0.18833336234092712
Pedestrian 0.0 0 -1.7099074125289917 1499.0804443359375 495.33306884765625 1552.7215576171875 616.1371459960938 1.4430653 2.2266653 0.7119167 13.507666 2.7331226 24.229603 -1.2013349533081055 0.1869053989648819
Pedestrian 0.0 0 -2.167283535003662 1574.4639892578125 437.77862548828125 1600.0 713.5974731445312 1.2134919 2.2934175 0.6399673 7.271078 2.0256262 11.028105 -1.5843825340270996 0.17943260073661804
Pedestrian 0.0 0 -0.38892218470573425 1480.6837158203125 510.2712097167969 1533.29443359375 594.2490234375 0.9109546 1.9711365 0.7159309 16.393082 2.9553032 30.200026 0.10838937759399414 0.17346961796283722
Pedestrian 0.0 0 0.3537805676460266 0.0 496.94146728515625 78.22824096679688 630.7296752929688 0.91771936 1.9678289 0.730528 -12.029932 2.387725 19.062021 -0.20918911695480347 0.1700151413679123
Pedestrian 0.0 0 -2.9361636638641357 742.0078735351562 517.9944458007812 775.2326049804688 584.663818359375 0.94929224 2.1093452 0.72593087 -2.203596 3.68506 40.68783 -2.990269422531128 0.16836978495121002
Pedestrian 0.0 0 -3.535409927368164 1334.7757568359375 507.4130859375 1378.662109375 578.8548583984375 0.9280849 1.9742471 0.74139345 14.967026 3.0425768 35.385765 -3.1352622509002686 0.15497274696826935
Pedestrian 0.0 0 -0.3494759798049927 1270.0343017578125 513.8065795898438 1309.281005859375 577.7404174804688 0.9748067 1.9596126 0.6910711 14.492616 3.3437777 39.223835 0.004450798034667969 0.1545664519071579
Pedestrian 0.0 0 -0.8414239883422852 5.503242015838623 493.5206604003906 90.99336242675781 639.0769653320312 0.793477 1.9710135 0.6555859 -10.896201 2.3092518 17.556831 -1.396870732307434 0.14620250463485718
Pedestrian 0.0 0 -0.15285077691078186 1278.2254638671875 511.982177734375 1316.910888671875 577.2181396484375 1.0623605 2.0531278 0.8070793 15.248404 3.4304216 40.581654 0.2065739631652832 0.1409892737865448
Pedestrian 0.0 0 -0.7699594497680664 1316.172119140625 507.961181640625 1371.0394287109375 599.7507934570312 1.1228137 2.2220976 0.6604986 12.902022 3.1855433 31.268848 -0.3786248564720154 0.12492991238832474
Pedestrian 0.0 0 -0.8507453203201294 1162.42529296875 518.6771240234375 1193.3114013671875 565.9202270507812 1.1886609 2.0122943 0.70213103 15.49392 4.183964 55.25651 -0.5773658156394958 0.12271662056446075
Pedestrian 0.0 0 -0.14740607142448425 416.78851318359375 525.8814086914062 453.3839111328125 601.4185180664062 1.0708774 2.3735452 0.47012833 -12.646169 4.198989 40.468964 -0.45028233528137207 0.12133118510246277
Pedestrian 0.0 0 0.05286320298910141 636.8031616210938 522.7989501953125 670.9795532226562 583.8310546875 1.1413378 2.070677 0.7691241 -6.015594 3.930345 43.682243 -0.08398858457803726 0.11616867780685425
Cyclist 0.0 0 -1.2666804790496826 1169.4345703125 523.1683349609375 1196.31640625 569.3651123046875 1.3892074 1.9464059 0.76213914 15.75718 4.331444 55.392963 -0.9895391464233398 0.24517574906349182
Cyclist 0.0 0 -0.6673736572265625 252.01927185058594 504.33062744140625 347.918701171875 600.2864990234375 1.9104506 1.9888353 0.7335623 -11.620671 2.7761528 27.705143 -1.0645263195037842 0.22786937654018402
Cyclist 0.0 0 2.0402257442474365 446.447509765625 503.4472961425781 514.7147827148438 614.4012451171875 1.5639039 2.1772985 0.7330754 -7.14259 2.8923092 25.93009 1.7714358568191528 0.1498374044895172
Cyclist 0.0 0 -1.204697847366333 68.91802978515625 475.8092041015625 162.44052124023438 614.7619018554688 1.8550699 2.1667254 0.718201 -11.6460495 2.2669525 20.587317 -1.7195076942443848 0.14239881932735443
Cyclist 0.0 0 -1.4919414520263672 1336.868408203125 514.5607299804688 1373.833984375 600.1856689453125 1.2983277 2.0459845 0.7552688 13.286821 3.1922865 31.466768 -1.0924029350280762 0.12413928657770157
Car 0.0 0 -0.48170197010040283 0.0 0.0 1600.0 900.0 3.9000876 1.6555192 1.6471642 -3.9074373 1.7933674 1.8707561 -1.6059800386428833 0.38481613993644714
Car 0.0 0 -2.7235658168792725 1511.6563720703125 559.3350830078125 1600.0 900.0 4.6633353 1.7635552 1.5909449 3.840444 2.1270204 2.6572764 -1.7580513954162598 0.24420680105686188
Car 0.0 0 -1.4876854419708252 268.84326171875 532.392822265625 342.27374267578125 603.1306762695312 3.9809728 1.6640193 1.5838579 -14.651019 3.5328577 35.3789 -1.8803025484085083 0.16923947632312775
Car 0.0 0 -2.2794029712677 1502.330810546875 528.8233642578125 1600.0 614.3756103515625 4.3042088 1.5669339 1.6680392 17.499376 3.0020816 28.302649 -1.7256399393081665 0.16058960556983948
Car 0.0 0 -1.6649370193481445 540.1347045898438 534.7929077148438 632.83447265625 630.2977905273438 3.0052485 1.7798492 1.7053843 -5.278848 3.2796984 27.311918 -1.8558627367019653 0.14807778596878052
Car 0.0 0 -0.525517463684082 150.790771484375 532.0248413085938 368.27703857421875 628.2322998046875 3.9408202 1.7042519 1.7140583 -12.126145 3.1453965 27.00164 -0.9476137161254883 0.14444231986999512
Car 0.0 0 -1.1600178480148315 299.7568664550781 537.1953125 426.5699462890625 611.5675659179688 4.231497 1.6641791 1.6787987 -12.510241 3.6096523 34.102116 -1.511621117591858 0.1379544585943222
Car 0.0 0 -1.6598979234695435 1052.201904296875 525.4282836914062 1127.2080078125 604.185791015625 4.0083647 1.8729002 1.6836201 7.250634 3.5063334 34.82106 -1.4546058177947998 0.13700257241725922
Car 0.0 0 -0.7764820456504822 106.82687377929688 545.2406005859375 334.6859436035156 672.1561279296875 3.2032163 1.7624085 1.7164443 -10.203476 3.151599 21.328074 -1.222705602645874 0.13521575927734375
Car 0.0 0 -1.9566179513931274 1286.23876953125 530.9797973632812 1398.6318359375 596.6259765625 4.2172976 1.6838622 1.6970971 15.621415 3.6449485 38.168938 -1.568145513534546 0.12787821888923645
Car 0.0 0 -1.129638433456421 0.0 518.1190795898438 236.64663696289062 693.9583129882812 3.8188944 1.5882628 1.5725001 -8.314016 2.215699 14.3621025 -1.6543880701065063 0.1270868480205536
Car 0.0 0 -0.8917256593704224 41.443504333496094 533.1731567382812 220.61643981933594 625.2015991210938 3.3249857 1.6318079 1.5554022 -14.561674 3.053836 26.421305 -1.3954389095306396 0.1260286122560501
Car 0.0 0 -0.9216479063034058 0.0 519.7871704101562 50.612998962402344 686.7078857421875 3.911199 1.55295 1.5983181 -11.168441 2.2183287 14.78075 -1.568727970123291 0.12049597501754761
Car 0.0 0 1.6570554971694946 728.6366577148438 515.8063354492188 832.3333740234375 620.0008544921875 4.178448 1.6790309 1.6330073 -0.8056617 2.6416993 24.190842 1.6237634420394897 0.11909560114145279
Car 0.0 0 -0.5826117992401123 0.0 555.5686645507812 136.25689697265625 676.7034912109375 3.5525353 1.532592 1.6215019 -13.4994 3.0705438 20.561052 -1.1635792255401611 0.1173800677061081
