Pedestrian 0.0 0 -2.9990527629852295 743.603515625 520.1661987304688 778.2540893554688 580.3043823242188 1.0166878 1.861767 0.6473742 -2.0803692 3.469406 39.76748 -3.051318407058716 0.17408530414104462
Pedestrian 0.0 0 3.353886842727661 457.7975158691406 527.6069946289062 492.7955322265625 592.0054931640625 0.91932565 1.9714285 0.7788505 -11.074194 3.8080485 39.514713 3.080641746520996 0.16714009642601013
Pedestrian 0.0 0 -2.711874008178711 389.10137939453125 517.0587768554688 435.5135498046875 589.9603881835938 0.9660859 1.9094747 0.74404925 -11.165714 3.1947792 33.78361 -3.031078577041626 0.16129444539546967
Pedestrian 0.0 0 -0.7770063877105713 26.683448791503906 514.5545043945312 92.34964752197266 605.4614868164062 1.0781937 1.9411907 0.68554664 -17.103172 2.9571843 27.952444 -1.3261058330535889 0.16078639030456543
Pedestrian 0.0 0 0.4212197959423065 44.46684265136719 516.8079223632812 113.15084838867188 604.6143188476562 1.2437868 2.060076 0.70896304 -18.05597 3.2072687 30.27007 -0.11661907285451889 0.14175574481487274
Pedestrian 0.0 0 2.842805862426758 851.0280151367188 517.54736328125 888.2325439453125 588.4700317382812 0.84582585 1.8487703 0.64622813 1.152989 3.142195 33.64666 2.8770599365234375 0.12257266044616699
Pedestrian 0.0 0 -3.111513614654541 1224.71435546875 500.9761962890625 1279.9525146484375 600.4603271484375 0.9557135 1.7933692 0.7516305 7.9653196 2.3857455 23.42705 -2.7837703227996826 0.11170785874128342
Pedestrian 0.0 0 0.8115211725234985 438.3057556152344 517.8370361328125 477.0260009765625 582.5874633789062 0.8160638 1.8773087 0.7644028 -11.08482 3.3358035 37.649258 0.5251884460449219 0.10755928605794907
Pedestrian 0.0 0 -2.2302989959716797 83.64923858642578 511.05828857421875 143.8428192138672 590.9328002929688 1.135772 1.8269895 0.6912426 -16.922571 2.8198118 29.745523 -2.7475457191467285 0.10146382451057434
Cyclist 0.0 0 -0.5449355840682983 395.3350830078125 514.8472900390625 462.1734619140625 584.6290283203125 1.8466464 2.0233576 0.72613156 -12.201194 3.4340713 38.46091 -0.8521294593811035 0.23124630749225616
Cyclist 0.0 0 -0.6923301219940186 38.513214111328125 523.4444580078125 105.79154205322266 611.315673828125 1.1168044 1.8655735 0.6720241 -16.85785 3.0881505 28.012629 -1.2340681552886963 0.13617710769176483
Car 0.0 0 1.708614468574524 254.56211853027344 524.8872680664062 421.20703125 694.6327514648438 4.476137 1.950064 1.635237 -6.97609 2.855072 18.286663 1.344170331954956 0.3112569749355316
Car 0.0 0 -1.8029718399047852 884.6408081054688 535.3577270507812 977.7727661132812 603.9785766601562 4.053605 1.5500584 1.6591839 2.8097587 3.4605021 34.483376 -1.7216699123382568 0.18441882729530334
Car 0.0 0 -1.0278847217559814 208.06427001953125 543.7816772460938 333.72454833984375 614.0205688476562 3.534772 1.6339462 1.5988756 -15.39538 3.7987244 34.895653 -1.4433826208114624 0.11849647015333176
Car 0.0 0 -1.2655986547470093 241.08216857910156 537.6766967773438 367.6170959472656 621.2172241210938 3.8315904 1.5879577 1.617576 -11.988435 3.2617521 28.999119 -1.657608985900879 0.11377103626728058
Car 0.0 0 -1.3897368907928467 463.92535400390625 545.39501953125 530.26416015625 602.996337890625 3.002882 1.592916 1.5443316 -10.550665 4.1106567 40.272724 -1.6459591388702393 0.11351438611745834
Car 0.0 0 -1.2707524299621582 504.0689697265625 528.238037109375 601.0453491210938 592.6935424804688 3.893244 1.5525106 1.624143 -7.76221 3.3114161 35.81794 -1.4841651916503906 0.11184326559305191
Car 0.0 0 -1.2936322689056396 588.4729614257812 521.4042358398438 684.1327514648438 591.0104370117188 3.9084592 1.6370406 1.5904266 -5.1727533 3.1375117 34.518295 -1.4423807859420776 0.10992511361837387
Car 0.0 0 1.87542724609375 40.70259094238281 535.0326538085938 294.23291015625 709.7376708984375 4.3602004 1.7326311 1.6690543 -8.406413 2.7039719 16.418634 1.4022222757339478 0.10824095457792282
Car 0.0 0 -1.595987319946289 375.1219177246094 544.01220703125 431.2848815917969 603.393310546875 3.335929 1.5812672 1.6045021 -13.478143 4.0416837 39.796864 -1.9225362539291382 0.10098489373922348
