Pedestrian 0.0 0 1.6587709188461304 735.8031005859375 151.6246795654297 750.9645385742188 188.85501098632812 0.78119195 1.8279856 0.6766503 6.6004066 0.78599775 35.890945 1.8406405448913574 0.42976585030555725
Pedestrian 0.0 0 0.07845230400562286 693.1570434570312 159.58233642578125 705.1538696289062 183.5987548828125 0.8402981 1.758756 0.5121381 6.544363 0.7872106 53.171246 0.20091724395751953 0.4082639813423157
Pedestrian 0.0 0 -3.515775203704834 1086.695556640625 114.37741088867188 1135.288818359375 188.64181518554688 0.83543396 1.8028744 0.5781212 12.362349 0.38362968 17.890455 -2.9111135005950928 0.2945733666419983
Pedestrian 0.0 0 0.3383452296257019 636.4765625 160.70091247558594 648.2852172851562 181.17982482910156 0.95330936 1.7991629 0.43196127 2.8410685 0.73181796 63.765915 0.3828704357147217 0.2929423749446869
Pedestrian 0.0 0 -0.8922716379165649 936.7633056640625 126.52287292480469 976.1685791015625 192.46531677246094 0.7254518 1.7673113 0.6671435 9.453569 0.52595735 19.792582 -0.4466780424118042 0.28499096632003784
Cyclist 0.0 0 -1.9484106302261353 865.1351318359375 145.83888244628906 934.5924072265625 244.39170837402344 1.8250105 1.8255956 0.63820153 5.6411633 1.3255246 14.275961 -1.5720912218093872 0.964337170124054
Cyclist 0.0 0 3.1481714248657227 428.1097717285156 157.5589599609375 462.478515625 189.4290313720703 1.7819272 1.6860988 0.67120403 -8.862524 0.87726647 38.691315 2.9229986667633057 0.6638393998146057
Cyclist 0.0 0 1.3199652433395386 889.4768676757812 114.78826904296875 924.3524169921875 179.30711364746094 1.4639843 1.9863515 0.68157053 9.394257 0.19903097 22.98306 1.7079893350601196 0.4367625415325165
Cyclist 0.0 0 0.7683089971542358 1199.8677978515625 132.5089569091797 1242.0 176.519287109375 1.7758383 1.8102475 0.618456 26.060621 0.15111962 30.58945 1.4739328622817993 0.38174957036972046
Cyclist 0.0 0 1.2659742832183838 772.57373046875 158.77894592285156 792.8095703125 186.2594451904297 1.9112653 1.7785693 0.75937444 11.36766 0.86797345 47.6761 1.5000391006469727 0.3044680953025818
Cyclist 0.0 0 -2.8718454837799072 1178.1201171875 132.3830108642578 1234.4261474609375 176.45672607421875 1.7298765 1.7875942 0.5426373 24.835297 0.14648148 30.126162 -2.1824166774749756 0.278031587600708
Car 0.0 0 -1.5929349660873413 568.308349609375 173.06161499023438 677.8327026367188 274.3178405761719 4.339441 1.6441687 1.7820345 0.13357642 1.6491554 13.90303 -1.5833275318145752 0.8888664841651917
Car 0.0 0 2.520301342010498 0.0 101.58979034423828 258.7693786621094 275.5533752441406 4.0181284 1.4941452 1.6283314 -6.313137 0.88242626 8.354797 1.8732067346572876 0.5528870224952698
Car 0.0 0 -1.9147688150405884 674.2291870117188 164.01828002929688 713.1575317382812 185.915771484375 4.103404 1.6061509 1.6603832 6.3174815 0.9584203 55.107952 -1.8006287813186646 0.4735099673271179
Car 0.0 0 1.3569388389587402 627.723388671875 166.05592346191406 653.9409790039062 183.1548614501953 3.8828697 1.5047859 1.5867089 2.7488146 0.906881 65.54446 1.3988524675369263 0.35526174306869507
Car 0.0 0 1.2513495683670044 848.297607421875 153.2661895751953 899.6295776367188 181.4659881591797 3.9876246 1.5788277 1.6558237 15.410796 0.48251912 42.411175 1.5998821258544922 0.3225148916244507
