Pedestrian 0.0 0 -0.6185156106948853 0.0 511.58270263671875 48.90906524658203 549.6167602539062 2.1398752 1.7792708 0.6304713 -38.50592 2.7721503 61.524136 -1.177738070487976 0.47958630323410034
Pedestrian 0.0 0 -2.642812728881836 1410.1583251953125 473.03411865234375 1487.687255859375 576.2019653320312 1.6795365 3.1571717 1.4812231 19.908327 2.5918574 39.8677 -2.1796774864196777 0.4385840594768524
Pedestrian 0.0 0 -0.6997173428535461 76.16339111328125 495.3181457519531 120.79177856445312 539.8439331054688 1.3920335 1.926001 1.0002518 -31.588858 2.0962532 55.74803 -1.2152433395385742 0.3547806441783905
Pedestrian 0.0 0 -1.2187354564666748 1119.1300048828125 475.0443420410156 1187.04150390625 608.1077880859375 1.4468331 2.6628063 0.914508 6.976435 2.3333611 26.197773 -0.9584765434265137 0.24643884599208832
Pedestrian 0.0 0 -2.180067539215088 18.055849075317383 474.05596923828125 69.35651397705078 547.5762939453125 1.3234484 2.2086916 0.7056762 -23.567438 1.6844279 38.63472 -2.7278125286102295 0.22977587580680847
Pedestrian 0.0 0 -0.8554245233535767 570.1426391601562 474.67205810546875 647.0597534179688 575.0709838867188 1.7137841 2.3277194 0.9188152 -4.9589972 1.9374046 30.331968 -1.0174815654754639 0.22050638496875763
Pedestrian 0.0 0 -0.6650144457817078 917.3560791015625 472.77850341796875 999.456787109375 589.3638916015625 1.3154323 2.1313972 0.8118694 2.676133 1.7890043 23.843433 -0.5532444715499878 0.1941199004650116
Pedestrian 0.0 0 -0.8753659725189209 234.48309326171875 467.665283203125 319.25341796875 594.5317993164062 1.2908934 2.1325245 0.68726957 -9.355005 1.7317629 22.004713 -1.277352213859558 0.18716664612293243
Pedestrian 0.0 0 0.387775719165802 653.1207885742188 502.2060241699219 677.1517944335938 540.0405883789062 0.99797356 1.8560754 0.6886971 -7.4990325 2.391011 62.85484 0.2690298557281494 0.1864347755908966
Pedestrian 0.0 0 -1.3601304292678833 836.32373046875 491.64508056640625 862.0944213867188 563.4521484375 1.4818918 2.5646493 0.64044225 1.2038854 2.5697517 46.02958 -1.3339817523956299 0.17737038433551788
Pedestrian 0.0 0 -2.208672523498535 265.249755859375 471.5766906738281 334.6307678222656 602.9133911132812 0.8823918 2.058383 0.6308015 -8.29434 1.746022 20.346615 -2.5957579612731934 0.14636419713497162
Pedestrian 0.0 0 -2.2517473697662354 1160.7838134765625 496.3896179199219 1197.7625732421875 549.6473999023438 1.3126162 1.975853 0.66509867 13.70954 2.1631742 47.852524 -1.9727253913879395 0.14515523612499237
Pedestrian 0.0 0 0.03277983516454697 628.9261474609375 500.8104248046875 651.9622192382812 539.818359375 1.1233842 1.9404627 0.70599955 -8.826705 2.41072 63.60387 -0.10511565953493118 0.14503079652786255
Pedestrian 0.0 0 -2.6136820316314697 781.7911376953125 498.1083984375 812.0189208984375 550.2422485351562 0.88744444 1.9564807 0.7624555 -0.7357866 2.2106733 48.215282 -2.628941297531128 0.13639947772026062
Cyclist 0.0 0 -1.2588393688201904 926.5374755859375 483.6368713378906 987.4598388671875 598.2569580078125 1.4801816 2.1032543 0.73087364 2.686683 1.9588374 24.063356 -1.1476495265960693 0.2479444146156311
Car 0.0 0 -1.134974718093872 0.0 512.744384765625 103.30313110351562 572.393310546875 4.248832 1.5499389 1.602066 -22.44273 2.201896 36.675972 -1.684112310409546 0.47171473503112793
Car 0.0 0 -2.1066410541534424 1239.4462890625 515.8746948242188 1452.219970703125 623.6871948242188 4.0140424 1.6460181 1.6348046 9.206058 2.1173377 22.390663 -1.7165544033050537 0.4029396176338196
Car 0.0 0 -1.4789201021194458 1.0254350900650024 501.6879577636719 114.57982635498047 596.3926391601562 3.7561364 1.6429079 1.5312276 -14.5401745 1.8555765 24.429472 -2.0157952308654785 0.2903940677642822
Car 0.0 0 2.4400293827056885 0.0 508.8874206542969 29.659774780273438 558.67919921875 4.02271 1.6497405 1.6465486 -30.74357 2.3055704 45.627293 1.8471060991287231 0.23732081055641174
Car 0.0 0 -1.3742098808288574 209.2177276611328 531.2061767578125 402.2991027832031 675.4362182617188 4.386008 1.6863859 1.745223 -7.238405 2.335491 18.393698 -1.7491230964660645 0.211280956864357
Car 0.0 0 -1.202811598777771 72.2251205444336 510.1358337402344 174.30995178222656 563.75927734375 4.5315657 1.7146093 1.6174926 -24.245169 2.4034972 44.479908 -1.7018706798553467 0.2034296840429306
Car 0.0 0 -1.7118891477584839 655.2019653320312 512.8760986328125 759.814208984375 605.140625 4.0961113 1.7008975 1.6130339 -2.3534315 2.1853552 26.53308 -1.8003556728363037 0.18321937322616577
Car 0.0 0 1.2921226024627686 784.271484375 508.33538818359375 934.3224487304688 614.1845092773438 3.8569043 1.6106236 1.5898395 0.6481217 1.9302895 21.991602 1.3215854167938232 0.16417142748832703
Car 0.0 0 -2.042013168334961 459.2014465332031 553.4381103515625 659.6973266601562 667.5961303710938 4.091733 1.5773095 1.7263489 -4.535582 2.7553492 21.952875 -2.2457518577575684 0.16165870428085327
Car 0.0 0 1.3208706378936768 626.8714599609375 520.7443237304688 777.9251708984375 629.629150390625 4.029806 1.5824859 1.6210158 -2.0516663 2.1345193 21.741251 1.2267818450927734 0.15467266738414764
Car 0.0 0 -1.2336764335632324 523.78271484375 509.1080322265625 602.2273559570312 558.1023559570312 4.045017 1.751562 1.727176 -9.725797 2.461043 48.924442 -1.4299103021621704 0.14876306056976318
Car 0.0 0 -1.3092235326766968 864.10498046875 515.6679077148438 935.45556640625 566.2266845703125 3.7335157 1.6848316 1.6856949 3.0880868 2.6049428 46.189842 -1.2424664497375488 0.14485855400562286
Car 0.0 0 1.6198363304138184 288.4000244140625 495.3871765136719 348.6780700683594 551.6364135742188 3.9510014 1.7065265 1.6134812 -16.002169 1.8381938 40.844814 1.2464364767074585 0.1291860044002533
