Pedestrian 0.0 0 0.4236602187156677 0.0 138.45501708984375 32.83607864379883 229.1959991455078 0.60881054 1.8067237 0.6208961 -12.361344 1.122171 14.744873 -0.2740306258201599 0.5744503736495972
Pedestrian 0.0 0 3.823061943054199 0.0 128.5404510498047 33.77103042602539 207.55856323242188 0.64732397 1.7843916 0.56002915 -13.836156 0.7840583 16.575607 3.127500057220459 0.5305114984512329
Pedestrian 0.0 0 1.178415298461914 878.5468139648438 97.25291442871094 939.7639770507812 213.1654510498047 0.8180184 1.784341 0.6350662 4.7052145 0.6209065 11.514925 1.5663294792175293 0.41917333006858826
Pedestrian 0.0 0 -0.17678505182266235 776.1207275390625 146.18649291992188 840.4044189453125 257.97430419921875 0.9663307 1.8751086 0.6698247 3.359798 1.4281504 12.4755 0.08628511428833008 0.326137512922287
Pedestrian 0.0 0 2.585070848464966 653.7982177734375 142.3263702392578 675.1263427734375 182.10562133789062 0.7297742 1.823035 0.6979853 2.4906256 0.42434847 33.5429 2.659186840057373 0.3172588646411896
Pedestrian 0.0 0 -2.756284236907959 305.67950439453125 131.6726531982422 354.51214599609375 210.59091186523438 0.90903616 1.8220965 0.6097634 -6.622496 0.871643 16.96725 -3.1284098625183105 0.3057264983654022
Pedestrian 0.0 0 -1.2878435850143433 330.1881408691406 137.01980590820312 370.9767761230469 203.8047332763672 1.6803244 1.768869 0.6203452 -7.2028584 0.82012063 19.96603 -1.6340680122375488 0.20221030712127686
Pedestrian 0.0 0 1.1350454092025757 636.7285766601562 153.30487060546875 664.3325805664062 194.5838165283203 1.6000341 1.8016906 0.61510867 1.7650608 0.94879353 32.34702 1.1895577907562256 0.1395687609910965
Pedestrian 0.0 0 -0.9171451926231384 186.513916015625 138.75668334960938 233.4652557373047 190.71881103515625 1.7069626 1.7294807 0.47904482 -13.8195505 0.5949613 24.891886 -1.4239588975906372 0.11225888133049011
Cyclist 0.0 0 1.7105783224105835 863.8223876953125 111.9081802368164 914.8843383789062 224.3663787841797 1.6619849 1.7760745 0.5876329 4.7166734 0.813903 12.261765 2.0777955055236816 0.4471672475337982
Cyclist 0.0 0 -1.2683777809143066 329.239013671875 134.4940948486328 371.8957824707031 201.39805603027344 1.8308693 1.7678927 0.59663045 -7.2090726 0.75461537 19.990997 -1.614478588104248 0.3872752785682678
Cyclist 0.0 0 -0.9461893439292908 191.82235717773438 137.0421142578125 237.56419372558594 189.32144165039062 1.7212304 1.7440394 0.47139472 -13.689657 0.54971236 24.950768 -1.448008418083191 0.32936763763427734
Cyclist 0.0 0 1.1350454092025757 636.7285766601562 153.30487060546875 664.3325805664062 194.5838165283203 1.6000341 1.8016906 0.61510867 1.7650608 0.94879353 32.34702 1.1895577907562256 0.3255017101764679
Cyclist 0.0 0 -1.1731717586517334 200.52796936035156 96.43165588378906 261.8817443847656 196.33450317382812 1.3936472 1.7763692 0.5232371 -7.13282 0.41786394 13.543834 -1.6579090356826782 0.3114369213581085
Car 0.0 0 1.7736037969589233 318.0263977050781 185.94964599609375 440.63824462890625 268.34564208984375 4.3932843 1.4425887 1.6471729 -4.851298 1.7675905 15.617428 1.4724202156066895 0.9558846950531006
Car 0.0 0 -1.6588706970214844 418.716796875 177.67758178710938 451.933837890625 203.87551879882812 3.9788465 1.5268422 1.6621717 -10.962274 1.8423766 44.99223 -1.8978623151779175 0.682904839515686
Car 0.0 0 3.660874605178833 0.0 190.4979248046875 101.27308654785156 367.467529296875 3.8158083 1.5469978 1.6415805 -8.151949 1.7725955 7.888099 2.8590285778045654 0.6061965227127075
Car 0.0 0 -2.1283438205718994 521.2247924804688 150.27650451660156 591.5316772460938 187.63604736328125 4.885079 2.1173208 1.9165376 -3.3289335 0.83811784 43.425278 -2.204853057861328 0.5588471293449402
Car 0.0 0 1.6931852102279663 411.94464111328125 171.05189514160156 440.28070068359375 193.09434509277344 3.7508986 1.5698352 1.5857695 -13.584694 1.4418496 53.344997 1.4438279867172241 0.2901670038700104
Car 0.0 0 -1.2945575714111328 195.87591552734375 159.4339599609375 232.59840393066406 184.1796875 2.3065882 1.4870605 1.4181701 -24.486298 0.6809592 44.639713 -1.7962727546691895 0.2816309928894043
