Pedestrian 0.0 0 0.9893120527267456 934.8485717773438 147.7984619140625 1006.5848388671875 268.00469970703125 0.7103557 1.7612209 0.698549 5.4141655 1.3944736 10.964268 1.4479881525039673 0.4308776259422302
Pedestrian 0.0 0 -2.4359331130981445 699.4994506835938 173.5244903564453 713.2000122070312 199.65675354003906 0.74816597 1.8041252 0.5817335 6.688252 1.851674 50.307808 -2.3037614822387695 0.23492194712162018
Pedestrian 0.0 0 2.8102760314941406 816.4752197265625 159.33360290527344 845.4321899414062 210.02818298339844 0.8592369 1.8018527 0.5601416 7.894541 1.3216507 25.938387 3.1057255268096924 0.2241542786359787
Pedestrian 0.0 0 -1.9621442556381226 703.4678344726562 160.28451538085938 736.8777465820312 214.52442932128906 1.8049034 1.8903011 0.5422547 3.920613 1.4526036 26.084515 -1.8129568099975586 0.12716591358184814
Cyclist 0.0 0 -1.9235690832138062 704.1349487304688 161.74652099609375 735.48876953125 214.5580596923828 1.8062114 1.8429573 0.52582127 3.9128375 1.4556988 26.114311 -1.7748404741287231 0.7738821506500244
Cyclist 0.0 0 1.487508773803711 681.994140625 170.24008178710938 694.9940185546875 201.81951904296875 1.9454175 1.747167 0.5695159 4.4056125 1.602907 40.8964 1.5948210954666138 0.4231400787830353
Cyclist 0.0 0 2.7618229389190674 807.3750610351562 159.1048583984375 850.836669921875 208.80825805664062 1.3966557 1.7630044 0.5299563 7.8201733 1.2756734 25.915014 3.0548956394195557 0.14485394954681396
Car 0.0 0 -1.7332983016967773 1137.58251953125 193.29269409179688 1178.4583740234375 216.8970489501953 3.685655 1.502847 1.7447585 39.031654 3.019819 51.50067 -1.0847690105438232 0.21526481211185455
Car 0.0 0 1.5012644529342651 515.8800048828125 147.41854858398438 560.5523071289062 185.17881774902344 4.163047 1.539932 1.6476992 -3.2451918 0.5029863 31.614603 1.3989741802215576 0.20089000463485718
Car 0.0 0 -0.5974894165992737 973.6633911132812 189.78073120117188 1023.76904296875 206.72894287109375 3.7990937 1.5226045 1.8191808 36.657696 3.1469352 68.12101 -0.10380810499191284 0.18000337481498718
