Car 0.0 0 -1.6884162425994873 679.0704345703125 184.4738311767578 751.0972290039062 239.91134643554688 3.5421972 1.3742361 1.5887631 2.8377018 1.7322575 20.419498 -1.550330400466919 0.9621508121490479
Car 0.0 0 -2.005248785018921 786.3483276367188 178.53770446777344 1157.4420166015625 375.0 3.5110412 1.5058011 1.5249869 2.790468 1.5718633 6.5591674 -1.6030137538909912 0.9285553693771362
Car 0.0 0 0.6848556995391846 0.0 186.41424560546875 288.278564453125 337.856689453125 4.22536 1.4815863 1.615812 -6.133467 1.6508465 8.099585 0.03672623634338379 0.8879030346870422
Car 0.0 0 3.6227593421936035 87.22364807128906 184.25645446777344 342.96929931640625 274.1007385253906 3.7596695 1.4967107 1.5596025 -7.041135 1.7157502 13.028656 3.1272897720336914 0.8572301864624023
Car 0.0 0 -2.2630696296691895 0.0 225.399658203125 160.15216064453125 375.0 4.1982837 1.4295466 1.6041586 -6.0321136 1.8920194 5.4519897 -3.098940134048462 0.8479441404342651
Car 0.0 0 0.31705203652381897 299.45684814453125 185.9948272705078 468.6145324707031 250.4718475341797 3.746512 1.5138099 1.5529412 -5.621473 1.8580049 18.071348 0.015469551086425781 0.8330655097961426
Car 0.0 0 0.4234039783477783 219.35719299316406 185.5270233154297 433.6734313964844 259.3692626953125 4.1001916 1.5002351 1.5763764 -6.1799064 1.79483 15.856382 0.05177140235900879 0.8307177424430847
Car 0.0 0 3.6555118560791016 0.0 152.85182189941406 294.1678771972656 290.1466369628906 4.092386 1.7983685 1.7154511 -7.051856 1.536726 10.464995 3.062551498413086 0.7897610664367676
Car 0.0 0 -0.20260651409626007 731.8311767578125 174.67239379882812 850.2608032226562 226.1112518310547 3.8113713 1.7552707 1.6724662 6.3034325 1.8224256 25.592604 0.03888583183288574 0.7668142914772034
Car 0.0 0 0.373222678899765 323.7644348144531 181.48211669921875 463.9978332519531 238.96815490722656 3.490386 1.5393537 1.5685843 -6.1331997 1.7962236 20.522427 0.08281803131103516 0.6709234118461609
Car 0.0 0 -1.62465238571167 635.3688354492188 179.2786865234375 660.1287841796875 201.6302490234375 3.8708146 1.5855709 1.6461061 2.7775722 2.0861058 54.23305 -1.573481559753418 0.6677729487419128
Car 0.0 0 0.33875325322151184 342.89385986328125 181.94940185546875 491.50482177734375 235.84820556640625 4.2370834 1.6039956 1.6088825 -6.064006 1.9035474 22.764381 0.07841730117797852 0.6295176148414612
