Pedestrian 0.0 0 -2.0573360919952393 1181.9423828125 362.68621826171875 1600.0 744.993408203125 1.7120142 2.1936762 1.9313638 3.6151624 1.4545029 8.188869 -1.6415959596633911 0.4476166367530823
Pedestrian 0.0 0 -0.26839107275009155 1598.4342041015625 500.62982177734375 1600.0 565.3670654296875 1.0386975 1.9326276 0.6991864 24.43002 2.212971 38.430614 0.29785966873168945 0.23383189737796783
Pedestrian 0.0 0 -1.4557586908340454 527.8201904296875 502.7320861816406 578.8145751953125 639.1959228515625 1.4966105 2.6739311 0.8472863 -5.3259134 2.9089015 25.726574 -1.6598949432373047 0.23199833929538727
Pedestrian 0.0 0 -2.626553535461426 421.902099609375 495.4544677734375 463.704833984375 561.3394775390625 1.0805248 2.0797684 0.69359046 -11.937381 2.2074156 40.49179 -2.9132418632507324 0.19041267037391663
Pedestrian 0.0 0 -0.8596180081367493 387.14483642578125 504.1722717285156 418.6761779785156 550.7403564453125 1.1602043 1.9821886 0.7169794 -17.929144 2.5384226 54.945396 -1.1750328540802002 0.186235249042511
Pedestrian 0.0 0 -0.36225762963294983 1385.4189453125 500.1420593261719 1422.4666748046875 549.7452392578125 1.1709166 2.0452745 0.8682398 24.521807 2.4089272 52.85847 0.07210707664489746 0.17333072423934937
Pedestrian 0.0 0 -3.416574239730835 1379.911865234375 497.0078430175781 1419.8360595703125 559.5443115234375 0.906329 1.8138887 0.71299976 17.150166 1.9774367 37.23003 -2.984895706176758 0.16614064574241638
Pedestrian 0.0 0 3.2628607749938965 318.24395751953125 490.32879638671875 354.20965576171875 552.7544555664062 1.0298258 2.019345 0.6367696 -15.685968 1.9812295 41.398094 2.9006705284118652 0.15114077925682068
Pedestrian 0.0 0 0.20785494148731232 511.47711181640625 495.7427978515625 549.8329467773438 558.7216796875 1.1392696 2.119803 0.7638851 -9.70723 2.265157 43.068493 -0.013831167481839657 0.1372164487838745
Pedestrian 0.0 0 0.035702526569366455 384.5063781738281 490.7039794921875 423.2069396972656 555.7021484375 1.172256 2.0889277 0.7227864 -13.412075 2.063117 41.209267 -0.27894771099090576 0.1332966834306717
Pedestrian 0.0 0 -3.3662047386169434 1277.65576171875 499.8687438964844 1308.46533203125 550.0565795898438 0.9948686 1.9338056 0.68913656 18.571583 2.262285 49.34141 -3.006216526031494 0.13182590901851654
Pedestrian 0.0 0 -1.8191787004470825 1219.2271728515625 495.54840087890625 1240.325927734375 538.0316162109375 1.1654425 2.0176144 0.69880253 19.868433 2.213772 60.864635 -1.5036481618881226 0.12824629247188568
Cyclist 0.0 0 -1.6724646091461182 1237.8702392578125 492.42462158203125 1259.207275390625 545.3369750976562 1.994934 2.2325537 0.6700004 18.600067 2.272811 54.518066 -1.3436754941940308 0.2235676795244217
Cyclist 0.0 0 -1.2425155639648438 328.56866455078125 525.9640502929688 383.2278747558594 609.1861572265625 1.787147 2.1114328 0.83800775 -12.259824 3.0550292 33.77878 -1.5906753540039062 0.15968072414398193
Cyclist 0.0 0 -0.784580409526825 392.49517822265625 501.9678039550781 425.1583251953125 546.2265014648438 1.2089036 1.8804017 0.69450384 -17.635813 2.3390648 54.831303 -1.0957682132720947 0.13284620642662048
Car 0.0 0 -1.855825662612915 825.1049194335938 513.2421264648438 914.424560546875 572.7042846679688 3.8945465 1.59458 1.6121352 1.5273094 2.275146 37.569477 -1.815195083618164 0.4655255377292633
Car 0.0 0 -2.1301467418670654 1294.679443359375 513.658935546875 1393.72607421875 558.50634765625 3.9509456 1.5266384 1.5457363 19.620363 2.389194 47.236332 -1.736464500427246 0.337951123714447
Car 0.0 0 -2.1343507766723633 1319.45849609375 520.9139404296875 1416.6751708984375 568.5011596679688 4.0223393 1.7117872 1.6403732 21.83631 2.9283783 50.279785 -1.724632740020752 0.2767389416694641
Car 0.0 0 -2.0229527950286865 1195.0733642578125 501.16436767578125 1423.8243408203125 625.3318481445312 4.038368 1.6558372 1.623489 7.3391166 1.8188637 19.295515 -1.6594970226287842 0.24706412851810455
Car 0.0 0 -1.6606208086013794 629.571533203125 510.125 684.56201171875 561.1068725585938 4.12464 1.6755456 1.5890061 -5.7474403 2.3751216 45.401585 -1.7865421772003174 0.18728937208652496
Car 0.0 0 -2.046642780303955 1126.15234375 510.4211730957031 1262.723388671875 575.0997924804688 4.192305 1.4835033 1.6136061 9.617085 2.0026536 32.55014 -1.7593613862991333 0.18539263308048248
Car 0.0 0 -2.423449993133545 1475.926513671875 516.971435546875 1600.0 567.5572509765625 3.9165134 1.5758069 1.6005019 24.981483 2.496757 43.68927 -1.904024600982666 0.1466219425201416
Car 0.0 0 -0.7148512601852417 74.91033172607422 508.0238952636719 278.8351745605469 596.3965454101562 3.7071323 1.7078682 1.7044691 -13.65898 2.0901802 27.275002 -1.179128646850586 0.14649051427841187
Car 0.0 0 -1.6302363872528076 936.4603881835938 519.8372802734375 1024.4913330078125 602.6704711914062 3.819077 1.5380514 1.6151475 3.4087744 2.181731 26.814463 -1.5037901401519775 0.1409081369638443
Car 0.0 0 -1.8602415323257446 1095.3187255859375 513.4553833007812 1155.118408203125 555.2077026367188 3.650159 1.7073596 1.5723704 13.523902 2.703388 55.608097 -1.6216728687286377 0.12620164453983307
