Pedestrian 0.0 0 1.4017937183380127 677.217041015625 172.37611389160156 696.6084594726562 217.0510711669922 0.9309792 1.824858 0.65149343 3.145927 1.8056957 29.955711 1.5064294338226318 0.6753054261207581
Car 0.0 0 1.372741937637329 461.32855224609375 181.23829650878906 511.7148132324219 216.13275146484375 3.5213184 1.4128413 1.5334402 -5.5735703 1.8079786 32.05245 1.2005743980407715 0.9129974842071533
Car 0.0 0 2.2130584716796875 0.0 193.02667236328125 202.18634033203125 375.0 3.7449832 1.4104642 1.5643815 -5.8896923 1.6649518 7.1814623 1.5261664390563965 0.8918432593345642
Car 0.0 0 0.7430036067962646 336.0487365722656 184.09646606445312 418.8999328613281 213.27272033691406 4.2919583 1.4619956 1.6343693 -12.630883 2.0964024 39.05264 0.4301903247833252 0.886296808719635
Car 0.0 0 -2.267355442047119 885.2406616210938 184.42764282226562 1242.0 375.0 3.8263724 1.5085456 1.602828 2.9181373 1.598901 3.6750197 -1.5962550640106201 0.8507388830184937
Car 0.0 0 2.760395050048828 641.3174438476562 174.85842895507812 706.5074462890625 196.59869384765625 4.465541 1.5448595 1.6761035 4.658997 1.6964395 52.98482 2.848100185394287 0.8468037247657776
Car 0.0 0 1.8948661088943481 108.20341491699219 182.74578857421875 206.66163635253906 232.52621459960938 3.783327 1.4835889 1.6918749 -15.17834 1.8456659 24.34616 1.3373903036117554 0.7655046582221985
Car 0.0 0 -1.1543540954589844 39.889774322509766 178.99374389648438 144.4893035888672 226.1352996826172 3.694059 1.4816123 1.6010214 -17.95856 1.7128421 25.15849 -1.774293303489685 0.626944363117218
Car 0.0 0 -3.0094642639160156 511.3088684082031 175.3118438720703 560.5651245117188 194.79473876953125 3.882553 1.5874631 1.6755154 -6.146392 1.7949547 59.909317 -3.111701488494873 0.5895890593528748
Car 0.0 0 -1.0931117534637451 0.0 187.0491943359375 62.87054443359375 234.26544189453125 3.663669 1.3958911 1.5413212 -20.43145 1.9159747 24.459526 -1.7890193462371826 0.42732349038124084
