Pedestrian 0.0 0 1.698334813117981 132.53936767578125 132.36672973632812 166.67678833007812 212.51968383789062 0.6732976 1.808429 0.587057 -10.701226 0.89530426 16.706617 1.1286399364471436 0.7115633487701416
Pedestrian 0.0 0 1.6563780307769775 160.86489868164062 132.9556884765625 191.78182983398438 204.81130981445312 0.70587754 1.7349617 0.59973776 -10.780395 0.7719708 17.867931 1.1135079860687256 0.7077833414077759
Pedestrian 0.0 0 1.7669247388839722 189.28317260742188 136.5868377685547 221.2850341796875 208.53001403808594 0.74606794 1.6869291 0.53793263 -9.7751665 0.83689183 17.354195 1.2539474964141846 0.6955644488334656
Pedestrian 0.0 0 1.5683196783065796 685.8914794921875 136.5342254638672 704.5165405273438 193.55938720703125 0.87686455 1.834108 0.595734 2.7477803 0.66630816 23.673412 1.683872938156128 0.4655485153198242
Pedestrian 0.0 0 -1.5410358905792236 145.5848846435547 140.489990234375 175.24124145507812 201.46630859375 0.9427416 1.6604917 0.6796762 -12.639066 0.77952105 20.22442 -2.099592685699463 0.41375693678855896
Pedestrian 0.0 0 -1.314845085144043 639.2977905273438 154.11582946777344 657.399658203125 191.0814208984375 0.77979887 1.8016007 0.7199456 1.8597726 0.88871187 35.643703 -1.2627155780792236 0.38120582699775696
Pedestrian 0.0 0 2.299391984939575 791.0648193359375 142.34613037109375 823.6201782226562 200.7327423095703 0.69291216 1.8265934 0.7270411 6.2604036 0.8725293 23.063843 2.564443588256836 0.3569484353065491
Car 0.0 0 3.3192965984344482 254.91236877441406 179.33726501464844 401.990478515625 228.0766143798828 4.5742755 1.6014831 1.7563457 -9.804123 1.8412805 25.347845 2.950235605239868 0.9666681289672852
Car 0.0 0 -1.5565285682678223 470.6413269042969 185.0004425048828 508.5255126953125 219.4505615234375 3.3974288 1.3687879 1.556689 -5.31039 1.9335767 31.729488 -1.7223562002182007 0.9133800268173218
Car 0.0 0 1.712162733078003 402.4313659667969 162.68702697753906 440.83880615234375 189.25537109375 3.594803 1.384376 1.5429044 -10.289919 0.85497177 39.467175 1.4571194648742676 0.6524049043655396
Car 0.0 0 1.654250144958496 485.9435119628906 182.20034790039062 522.7305908203125 215.13482666015625 3.8747568 1.6084723 1.6182555 -5.6016192 2.131261 38.345406 1.5091930627822876 0.6257127523422241
Car 0.0 0 1.5180509090423584 447.6220397949219 161.18948364257812 472.02935791015625 182.93080139160156 3.59418 1.6556542 1.6924051 -11.893604 0.76773113 56.89792 1.3119840621948242 0.42340216040611267
Car 0.0 0 -2.6416125297546387 442.4290771484375 168.37721252441406 490.0957946777344 185.3397674560547 3.9262726 1.4965878 1.5985848 -12.964823 1.1019644 65.00663 -2.838468074798584 0.370850533246994
Car 0.0 0 -0.16265766322612762 590.3220825195312 170.52687072753906 638.9490966796875 190.18753051757812 3.942944 1.6527344 1.6805174 0.35729656 1.457466 61.789818 -0.15687528252601624 0.3644786477088928
