Pedestrian 0.0 0 3.057699680328369 581.0928955078125 146.62075805664062 598.69091796875 181.3822021484375 0.8985613 1.8353422 0.47415295 -1.1083097 0.450631 38.379284 3.02882981300354 0.5645543932914734
Pedestrian 0.0 0 2.4573307037353516 1066.8070068359375 137.91847229003906 1102.5606689453125 206.86865234375 0.5614391 1.6896766 0.48710245 11.75693 0.83391285 17.950567 3.0371859073638916 0.444842129945755
Pedestrian 0.0 0 -2.177170515060425 1044.611572265625 134.18057250976562 1078.8360595703125 186.64830017089844 0.7058425 1.7901667 0.73236907 15.591815 0.47101104 24.985935 -1.6192735433578491 0.35021987557411194
Pedestrian 0.0 0 -0.4249202013015747 944.4873046875 143.33392333984375 966.9293212890625 183.49888610839844 0.7320617 1.7990544 0.6006102 15.587631 0.4771596 32.623962 0.020807743072509766 0.3271484971046448
Cyclist 0.0 0 -2.1109566688537598 1081.916748046875 128.45077514648438 1143.2528076171875 193.9961395263672 1.7973235 1.6987371 0.5120683 13.575044 0.54829824 19.61078 -1.5054689645767212 0.38872018456459045
Cyclist 0.0 0 1.7783076763153076 583.5607299804688 147.2723846435547 596.2986450195312 181.98876953125 0.9387547 1.8216057 0.49547222 -1.099914 0.4796689 38.36307 1.74964439868927 0.11769002676010132
Car 0.0 0 2.118165969848633 360.56378173828125 182.37364196777344 534.9402465820312 267.3838195800781 4.3120546 1.5124154 1.6674947 -3.359974 1.7499279 15.661934 1.906837821006775 0.9459071159362793
Car 0.0 0 -1.560179352760315 820.749755859375 180.1993865966797 880.130126953125 237.99256896972656 4.443389 1.6089828 1.6358674 7.6467943 1.8681555 23.053694 -1.2399040460586548 0.9251307249069214
Car 0.0 0 1.857102870941162 609.9559936523438 181.01177978515625 683.5878295898438 223.86041259765625 4.6951523 1.4995452 1.6599257 1.5186379 1.8524182 28.686508 1.9099925756454468 0.8875904083251953
Car 0.0 0 1.7736676931381226 680.222900390625 183.65223693847656 730.1429443359375 215.50851440429688 4.301694 1.4585088 1.6996663 4.8926296 2.0458572 36.90927 1.905457615852356 0.8615036010742188
Car 0.0 0 2.9213907718658447 565.823486328125 162.07003784179688 615.9995727539062 182.60400390625 3.6762238 1.5787736 1.6207895 -1.5372125 0.74999624 56.70907 2.8942904472351074 0.3736622929573059
