Pedestrian 0.0 0 -2.163193464279175 58.99253463745117 494.29022216796875 97.23348999023438 546.769287109375 1.106138 1.9182299 0.7310396 -27.347315 2.0225978 46.920826 -2.69089937210083 0.21710523962974548
Pedestrian 0.0 0 -3.4722719192504883 1434.032958984375 467.4736328125 1539.8399658203125 642.1128540039062 0.8637737 1.8630234 0.64241874 7.34201 1.6066382 13.894137 -2.9861438274383545 0.16433702409267426
Pedestrian 0.0 0 -1.5705815553665161 1078.026123046875 474.7619934082031 1128.7637939453125 608.730224609375 1.6242089 2.2558064 0.8368093 5.033579 1.9738461 22.208952 -1.347700595855713 0.15993709862232208
Pedestrian 0.0 0 -2.5076842308044434 32.772918701171875 495.4121398925781 73.64847564697266 546.4304809570312 1.1117343 1.9017117 0.7128985 -28.720058 2.0499682 47.673794 -3.0498876571655273 0.13638406991958618
Pedestrian 0.0 0 -3.5038461685180664 1555.4400634765625 301.0686950683594 1600.0 828.936279296875 0.9947617 2.012802 0.69508374 3.7511983 1.2866448 5.290526 -2.887078285217285 0.12333346903324127
Pedestrian 0.0 0 -2.040257215499878 1326.6171875 480.7568054199219 1410.9705810546875 624.367919921875 1.2388724 2.5552738 0.95781225 10.093517 2.3639936 23.179867 -1.6295742988586426 0.12121335417032242
Pedestrian 0.0 0 -2.5980381965637207 167.22183227539062 454.3724060058594 276.34747314453125 628.8035888671875 1.0353682 2.1562111 0.7089331 -7.5268025 1.697175 16.061596 -3.036268949508667 0.1183788850903511
Pedestrian 0.0 0 -0.15825916826725006 724.5250244140625 478.67095947265625 794.8817138671875 608.425048828125 1.0309725 2.0262976 0.6530459 -0.9082481 1.8258429 20.200771 -0.20318996906280518 0.10338187217712402
Cyclist 0.0 0 -1.5717848539352417 1092.4932861328125 490.87542724609375 1141.0089111328125 634.531982421875 1.8686843 2.4051359 0.7937201 5.265369 2.3945608 22.203218 -1.3389416933059692 0.20587396621704102
Cyclist 0.0 0 -1.1405985355377197 88.77082824707031 462.3115539550781 197.7455596923828 612.9488525390625 1.8673201 2.0582812 0.6666283 -9.660346 1.6593585 18.255104 -1.627321481704712 0.1188565045595169
Car 0.0 0 -2.283724308013916 1478.0621337890625 522.9951171875 1600.0 653.1536865234375 4.5568924 1.6925106 1.6827507 12.726584 2.2487416 19.994385 -1.7168924808502197 0.38461610674858093
Car 0.0 0 -1.6707326173782349 1036.185546875 522.1356201171875 1094.7347412109375 574.2691650390625 3.7066445 1.6436523 1.6357075 8.634438 2.75685 44.106564 -1.4774142503738403 0.2646620273590088
Car 0.0 0 -1.2850489616394043 457.2803955078125 514.9105834960938 560.3236694335938 572.4625854492188 3.8590426 1.2928165 1.4964844 -7.6946383 1.9206666 32.010117 -1.5209546089172363 0.23582623898983002
Car 0.0 0 1.7576123476028442 439.3201599121094 505.83258056640625 591.2141723632812 628.0400390625 3.6492708 1.6533612 1.5988506 -4.5055027 1.8940835 19.424593 1.5296943187713623 0.2295321822166443
Car 0.0 0 -2.400740146636963 1446.4029541015625 517.1324462890625 1596.176025390625 572.5731811523438 4.4382353 1.7050587 1.8108228 24.137814 2.6346922 43.551113 -1.8946466445922852 0.1599922627210617
Car 0.0 0 0.7562763690948486 1220.600341796875 518.1570434570312 1545.5379638671875 656.3427734375 4.565505 1.7197521 1.6586411 8.330439 2.173163 19.121237 1.1671448945999146 0.15463736653327942
Car 0.0 0 -1.0872251987457275 2.3166747093200684 521.5345458984375 264.0806579589844 663.9004516601562 3.9658666 1.7437047 1.6576439 -9.683328 2.2254617 18.333332 -1.5731630325317383 0.14658258855342865
Car 0.0 0 -1.929459571838379 1106.33544921875 520.0407104492188 1189.514404296875 577.2085571289062 3.7766895 1.8661709 1.6518153 11.795308 2.9302695 45.26453 -1.6745425462722778 0.14304159581661224
Car 0.0 0 1.285285472869873 992.9647827148438 513.150634765625 1154.583251953125 630.9567260742188 3.3844962 1.7818755 1.8049275 4.283585 2.180703 21.570257 1.4813225269317627 0.1243257150053978
Car 0.0 0 -1.3290905952453613 222.6887969970703 503.5938720703125 318.7276306152344 569.6290893554688 3.9466107 1.7208353 1.5912606 -15.360104 2.082699 35.838493 -1.7340000867843628 0.11913703382015228
Car 0.0 0 1.9082317352294922 0.0 498.4383850097656 26.889795303344727 639.860595703125 4.0910344 1.6492997 1.6784166 -12.313082 1.7553831 17.183592 1.2864775657653809 0.1173357367515564
Car 0.0 0 -1.5772050619125366 959.6239624023438 508.3930358886719 1009.2112426757812 558.1891479492188 3.8288348 1.5793431 1.6156504 5.763818 2.1863337 43.522903 -1.4455393552780151 0.11570259183645248
Car 0.0 0 1.1732332706451416 1322.44873046875 518.7542114257812 1400.27978515625 556.8540649414062 3.8295906 1.3946365 1.5127834 21.903347 2.5337696 51.024883 1.578713297843933 0.10841602087020874
Car 0.0 0 1.8664641380310059 175.1459197998047 514.3751220703125 372.5912780761719 643.0299072265625 3.83802 1.6082859 1.5830523 -7.7803526 1.9787774 18.528055 1.4689017534255981 0.10694412142038345
Car 0.0 0 1.3949586153030396 742.0792236328125 518.1761474609375 890.1000366210938 646.1775512695312 3.7829683 1.6289185 1.5590206 -0.10316993 2.0701401 18.951008 1.389514684677124 0.1034523993730545
Car 0.0 0 -1.5365079641342163 385.2006530761719 515.177978515625 456.6517639160156 586.6276245117188 3.9828165 1.6630317 1.636726 -10.250466 2.3203206 33.028973 -1.8374308347702026 0.10026013106107712
