Pedestrian 0.0 0 -1.4689018726348877 828.3704223632812 161.90541076660156 848.3877563476562 209.010498046875 0.6745726 1.7299709 0.6482425 8.485169 1.3282334 26.934338 -1.1637122631072998 0.5687952041625977
Pedestrian 0.0 0 0.38156476616859436 290.79522705078125 175.90769958496094 312.51922607421875 213.61138916015625 0.7905084 1.7975323 0.616368 -14.891686 1.9463788 34.76537 -0.023138485848903656 0.4470553696155548
Pedestrian 0.0 0 -3.1399433612823486 725.5390625 169.76712036132812 750.1896362304688 209.03125 1.0367521 1.6723415 0.5783955 5.470058 1.5412232 31.104433 -2.965862274169922 0.2918888032436371
Cyclist 0.0 0 -2.5004310607910156 973.6342163085938 143.0770263671875 1025.8726806640625 194.52882385253906 1.7469027 1.824894 0.4764761 14.237096 0.76912093 26.481075 -2.0071322917938232 0.4561137557029724
Cyclist 0.0 0 -1.998220682144165 723.0585327148438 170.5325927734375 749.0432739257812 209.54051208496094 1.548962 1.6384652 0.5045141 5.383435 1.5413162 31.117416 -1.8269124031066895 0.3625238239765167
Cyclist 0.0 0 -1.2030582427978516 290.6012268066406 176.2616424560547 311.5823059082031 214.8551025390625 0.85884476 1.8277439 0.66392004 -14.884239 1.9940237 34.688065 -1.608386516571045 0.1299990862607956
Car 0.0 0 2.1741092205047607 0.0 200.05224609375 210.0979766845703 295.3929748535156 3.8688128 1.4252428 1.6664708 -9.614275 2.0199652 13.827111 1.566530704498291 0.9733129739761353
Car 0.0 0 2.0805277824401855 160.180419921875 188.05184936523438 283.83544921875 244.62725830078125 4.1137795 1.556779 1.6737603 -12.261594 2.086161 23.039604 1.5914561748504639 0.9321362376213074
Car 0.0 0 1.8488107919692993 446.85357666015625 182.10191345214844 485.49273681640625 204.6005859375 4.101603 1.523406 1.7088197 -10.481138 2.2264009 52.70453 1.652505874633789 0.8073107004165649
Car 0.0 0 -1.6692910194396973 599.3969116210938 178.01901245117188 631.2001342773438 203.69154357910156 4.2063184 1.540357 1.6274351 0.26421642 1.887925 46.332104 -1.6635884046554565 0.5347651243209839
Car 0.0 0 2.5740723609924316 739.5455932617188 167.57102966308594 803.1657104492188 192.2360076904297 3.8236873 1.5807804 1.6321297 10.62293 1.2425528 47.66011 2.793376922607422 0.23647964000701904
