Pedestrian 0.0 0 -1.6212058067321777 438.3471374511719 154.5977020263672 456.5613708496094 199.41754150390625 0.75914854 1.842096 0.7029201 -6.8292165 1.0921203 30.112843 -1.8442209959030151 0.518903374671936
Pedestrian 0.0 0 -0.5733181834220886 739.927734375 161.862060546875 757.8766479492188 194.64151000976562 0.74363065 1.8271246 0.6792504 7.792644 1.2147923 40.669914 -0.384005606174469 0.5022221207618713
Pedestrian 0.0 0 1.678497076034546 496.1683044433594 164.7101287841797 505.451904296875 185.4398193359375 0.7103042 1.7795427 0.7211557 -9.448862 1.0807892 62.308002 1.5279960632324219 0.48353928327560425
Pedestrian 0.0 0 2.9221456050872803 622.4528198242188 162.29586791992188 635.5338745117188 186.525390625 0.94055617 1.8607122 0.4196034 1.4395307 1.0502554 55.704277 2.9479823112487793 0.4325012266635895
Cyclist 0.0 0 2.672269821166992 748.7354736328125 145.56845092773438 789.2564086914062 186.00401306152344 1.6999636 1.7864981 0.5733701 7.0909257 0.58134377 32.366573 2.887943983078003 0.5082120299339294
Cyclist 0.0 0 1.3980427980422974 886.2176513671875 111.6888198852539 932.1981201171875 193.208251953125 1.5358145 1.714403 0.68130845 6.557554 0.42841995 15.9947605 1.7871240377426147 0.4586811661720276
Car 0.0 0 -1.776921272277832 683.2753295898438 177.39431762695312 799.5545043945312 256.59381103515625 4.0394936 1.4583687 1.6269139 2.6256256 1.5696094 15.568552 -1.6098440885543823 0.963978111743927
Car 0.0 0 -1.8626495599746704 734.2937622070312 181.63247680664062 947.0586547851562 325.3595886230469 3.8862638 1.517651 1.6015942 2.7981472 1.6611564 9.808989 -1.5847666263580322 0.9635716080665588
Car 0.0 0 -1.4336357116699219 472.27508544921875 180.15350341796875 541.7047729492188 234.36326599121094 3.9480724 1.5362849 1.6572522 -3.2281227 1.7888768 22.953716 -1.5733555555343628 0.9371584057807922
Car 0.0 0 -1.713503122329712 647.3956909179688 176.93214416503906 691.85546875 212.48350524902344 3.3224628 1.4728168 1.496503 2.553449 1.6636084 31.985277 -1.6338400840759277 0.7661864161491394
Car 0.0 0 -1.7222284078598022 664.1742553710938 177.5734100341797 734.0177001953125 227.11297607421875 4.1304026 1.4645975 1.6593539 2.7978706 1.6344628 23.820232 -1.6053063869476318 0.7485992908477783
Car 0.0 0 -2.0832571983337402 815.6337280273438 178.5208282470703 1242.0 375.0 4.3039637 1.5947608 1.6565069 2.5740602 1.6461953 4.329468 -1.5468589067459106 0.7168334722518921
Car 0.0 0 1.6161391735076904 508.7338562011719 182.14077758789062 548.3126831054688 217.45556640625 4.2667265 1.4529585 1.6080198 -3.7080376 1.9063449 33.013268 1.5042883157730103 0.6967089176177979
Car 0.0 0 3.2173168659210205 489.63885498046875 172.44918823242188 551.7527465820312 196.40174865722656 4.134663 1.6194302 1.6400608 -6.1413445 1.5924182 49.697044 3.094364643096924 0.4421948492527008
Car 0.0 0 -3.1409740447998047 635.1121215820312 176.2864532470703 706.4723510742188 203.3363037109375 3.9905844 1.5024483 1.6513418 3.4374335 1.7040657 41.31467 -3.0579638481140137 0.4374092221260071
Car 0.0 0 1.9758070707321167 404.0994567871094 168.05523681640625 457.1234436035156 196.26515197753906 3.552242 1.4607748 1.522254 -9.731444 1.2126414 39.23572 1.7326879501342773 0.43091440200805664
