Pedestrian 0.0 0 -1.4371168613433838 417.470947265625 477.3291015625 464.3212890625 586.8607177734375 0.9692746 1.8547741 0.6557157 -6.5034833 1.6146885 21.974318 -1.7248616218566895 0.28087565302848816
Pedestrian 0.0 0 -2.7098231315612793 520.36767578125 486.2319030761719 562.9452514648438 559.04833984375 0.8905623 1.8822298 0.67065525 -7.186417 1.7458719 33.15939 -2.923245906829834 0.1867668181657791
Pedestrian 0.0 0 -1.8935540914535522 710.0611572265625 479.8941650390625 777.0994873046875 610.2601928710938 1.0980059 2.2005966 0.8610147 -1.274655 2.0045686 22.046923 -1.9513053894042969 0.17556656897068024
Pedestrian 0.0 0 -2.314457654953003 1461.2974853515625 496.9157409667969 1533.9940185546875 599.9086303710938 1.1012834 2.1058276 0.81349343 14.296375 2.222117 26.59447 -1.821208119392395 0.17344893515110016
Pedestrian 0.0 0 -2.721820116043091 741.264404296875 484.59307861328125 784.12451171875 562.4374389648438 0.8293486 1.8085068 0.61928046 -1.2609763 1.6478779 29.862549 -2.764021158218384 0.17032615840435028
Pedestrian 0.0 0 0.5705645680427551 0.0 489.4828186035156 22.380891799926758 549.8563232421875 0.9140418 1.9165747 0.6666143 -26.07731 1.8523139 40.536587 -0.0010883649811148643 0.16379901766777039
Pedestrian 0.0 0 -2.5303738117218018 0.0 491.5743408203125 47.99021530151367 559.0655517578125 0.9593342 1.8486425 0.69318306 -21.961092 1.8505247 35.059887 -3.089970588684082 0.16153696179389954
Pedestrian 0.0 0 0.1945880651473999 476.58392333984375 492.8279724121094 520.0052490234375 567.50732421875 1.0120304 1.9865494 0.72740245 -8.55289 2.0225124 34.090927 -0.0512230321764946 0.15039947628974915
Pedestrian 0.0 0 2.977027416229248 746.0003051757812 492.3116149902344 784.0367431640625 568.4180908203125 0.8450638 1.8838618 0.7368441 -1.2911383 1.9043498 31.803804 2.936452627182007 0.1305474489927292
Pedestrian 0.0 0 -1.201601266860962 0.0 476.8146667480469 33.99250411987305 579.8402099609375 0.8955362 1.7576733 0.6389854 -14.190454 1.5070126 22.108425 -1.772230863571167 0.11563565582036972
Pedestrian 0.0 0 -2.581791639328003 0.0 499.921142578125 71.59788513183594 597.13427734375 1.2039745 1.8254758 0.6456931 -14.999599 1.9881738 24.162605 -3.1373486518859863 0.11400115489959717
Pedestrian 0.0 0 -1.3686022758483887 674.4275512695312 498.48272705078125 710.9506225585938 576.8403930664062 1.0534178 1.9978652 0.7493937 -3.208583 2.1824777 32.952908 -1.4656651020050049 0.11305048316717148
Pedestrian 0.0 0 -0.8239872455596924 1471.6826171875 480.9479675292969 1545.984619140625 590.7305908203125 1.0619681 2.0152874 0.68228304 12.978198 1.8214538 23.740034 -0.32369664311408997 0.10436294227838516
Pedestrian 0.0 0 2.985954999923706 688.60205078125 491.9908142089844 733.0208740234375 572.893798828125 0.9510117 1.8853008 0.6959717 -2.49938 1.896919 29.96758 2.902744770050049 0.10430236905813217
Pedestrian 0.0 0 0.4939664602279663 18.33913230895996 481.8034973144531 92.84593963623047 578.8046875 1.0114579 1.749435 0.5848368 -13.89924 1.574429 23.155762 -0.04663665592670441 0.10131949931383133
Cyclist 0.0 0 -0.9267233610153198 0.0 485.1632995605469 21.003902435302734 554.7006225585938 1.4683723 1.9268444 0.66553885 -23.33751 1.7510607 35.84659 -1.5038282871246338 0.1288471817970276
Car 0.0 0 -1.2622343301773071 499.46148681640625 496.6922607421875 691.4711303710938 622.2384643554688 4.1509395 1.7025111 1.7123746 -3.2585888 1.7913853 19.529892 -1.4275627136230469 0.1784878522157669
Car 0.0 0 -1.406606912612915 0.0 0.0 1600.0 900.0 4.0362434 1.6578732 1.6626482 -0.18051407 1.6895188 1.9292212 -1.499903678894043 0.1518285870552063
Car 0.0 0 1.8754727840423584 0.0 504.4070739746094 7.471827030181885 566.086181640625 3.5491233 1.5662265 1.6323284 -23.793638 1.9414599 34.902493 1.2771227359771729 0.14314021170139313
Car 0.0 0 -1.8667784929275513 1326.2322998046875 509.2799072265625 1488.990234375 603.1194458007812 4.172511 1.5667968 1.650141 11.136217 1.9362824 24.149073 -1.4346953630447388 0.1365366131067276
Car 0.0 0 -1.502690315246582 499.95440673828125 509.1681213378906 578.6886596679688 578.3275756835938 4.0470304 1.5176991 1.6026143 -6.7114844 1.9794335 30.991385 -1.7159568071365356 0.11726205050945282
Car 0.0 0 -2.284285545349121 1416.0902099609375 533.9198608398438 1600.0 628.5861206054688 3.4895625 1.6140398 1.7609297 13.870193 2.520475 25.175598 -1.7807224988937378 0.11345182359218597
Car 0.0 0 -1.7702733278274536 530.0277099609375 527.1952514648438 608.80517578125 584.98193359375 3.6853247 1.6059419 1.7268718 -7.7885265 2.7830799 39.738625 -1.9638139009475708 0.1098933294415474
Car 0.0 0 -1.4088212251663208 459.8561096191406 520.6350708007812 532.6760864257812 577.0219116210938 3.4101725 1.5595767 1.6204439 -9.707842 2.4885018 38.620274 -1.655085563659668 0.10916789621114731
