Pedestrian 0.0 0 1.3277279138565063 779.4828491210938 168.41639709472656 800.7720336914062 210.00747680664062 0.85326254 1.6525024 0.644943 7.2149854 1.4765451 29.092136 1.5708277225494385 0.7217335104942322
Pedestrian 0.0 0 1.9696210622787476 1029.035888671875 131.97914123535156 1077.10595703125 218.65911865234375 0.41509315 1.7246704 0.7354851 9.016778 0.9117416 14.773391 2.517608165740967 0.49347400665283203
Pedestrian 0.0 0 1.3008298873901367 793.1137084960938 163.48300170898438 816.1234741210938 208.2629852294922 1.0315559 1.7870207 0.6490161 7.856277 1.4134132 29.309816 1.5627163648605347 0.34438058733940125
Pedestrian 0.0 0 -2.915342092514038 648.8617553710938 169.7545623779297 657.87841796875 189.75262451171875 0.74434656 1.8792259 0.55878365 4.080739 1.5883286 68.17349 -2.855555295944214 0.33129653334617615
Pedestrian 0.0 0 -1.6830703020095825 762.1383056640625 159.4190216064453 784.5833740234375 212.8965301513672 1.7443209 1.6815228 0.51828086 5.279916 1.2594373 23.579977 -1.4627885818481445 0.13848140835762024
Pedestrian 0.0 0 0.6952703595161438 966.71923828125 94.38465118408203 1065.763916015625 189.52337646484375 1.7582796 1.7516024 0.53691995 7.8946934 0.30725807 14.198366 1.2027300596237183 0.11226334422826767
Cyclist 0.0 0 -2.026052713394165 904.152587890625 116.20263671875 1023.9985961914062 269.68408203125 1.814048 1.7558749 0.61534625 4.368064 1.1081238 9.162036 -1.5811718702316284 0.8776372075080872
Cyclist 0.0 0 -1.7187837362289429 760.61572265625 160.32057189941406 784.7955322265625 214.1077423095703 1.6773447 1.6944138 0.5246376 5.2586646 1.2999413 23.582518 -1.4993833303451538 0.8200114369392395
Cyclist 0.0 0 0.5865997672080994 976.0074462890625 86.1155014038086 1083.6256103515625 181.39266967773438 1.8194994 1.7355703 0.5341649 8.087345 0.1558983 14.074112 1.1081526279449463 0.38908544182777405
Cyclist 0.0 0 1.3008298873901367 793.1137084960938 163.48300170898438 816.1234741210938 208.2629852294922 1.0315559 1.7870207 0.6490161 7.856277 1.4134132 29.309816 1.5627163648605347 0.10563356429338455
Car 0.0 0 -1.8003795146942139 686.68212890625 170.27737426757812 732.5010986328125 200.68148803710938 4.222725 1.6453679 1.66497 5.591646 1.5062876 41.22509 -1.6655652523040771 0.5399442315101624
Car 0.0 0 0.17156583070755005 993.7650146484375 117.88858032226562 1242.0 215.81768798828125 4.0204034 1.5319079 1.6131668 9.459148 0.67243993 13.280355 0.7904767990112305 0.4808175265789032
Car 0.0 0 -2.414905548095703 953.53515625 161.0587615966797 998.4339599609375 178.0416717529297 3.7053766 1.5836065 1.6167586 35.089703 0.4840937 69.29862 -1.9461867809295654 0.46011459827423096
Car 0.0 0 -3.695418357849121 1035.431640625 182.71575927734375 1096.282958984375 202.1743927001953 4.070194 1.5802022 1.5814575 37.991383 2.414738 60.22108 -3.132612466812134 0.45881542563438416
Car 0.0 0 -3.4709465503692627 830.798095703125 190.88687133789062 888.5267944335938 209.4866485595703 4.228897 1.482573 1.6353912 20.682077 3.0014277 59.93198 -3.138650417327881 0.43213850259780884
Car 0.0 0 -0.3927934765815735 674.5558471679688 165.14126586914062 729.0204467773438 188.26719665527344 3.5199506 1.6144181 1.5986637 6.5249686 1.0763508 51.60307 -0.26701560616493225 0.35894373059272766
Car 0.0 0 -1.520463228225708 645.327880859375 168.50987243652344 664.44873046875 188.2469482421875 4.208262 1.8578405 1.6463431 4.3705826 1.4492869 70.098495 -1.458194613456726 0.3068706691265106
