Pedestrian 0.0 0 -1.0353096723556519 766.4143676757812 520.7661743164062 863.1541748046875 669.3780517578125 1.354216 2.3533552 1.0837184 -0.013180591 2.864182 21.25133 -1.0359299182891846 0.7930673956871033
Pedestrian 0.0 0 -1.6564013957977295 28.7944393157959 589.9605102539062 348.8276672363281 880.0130615234375 1.4030594 1.8611995 2.1523337 -4.9856205 2.7341115 10.070385 -2.116103172302246 0.774523913860321
Pedestrian 0.0 0 -1.8323343992233276 1384.25830078125 522.1041259765625 1455.7718505859375 651.008544921875 1.1086867 1.9348856 0.75340563 9.47643 2.4308386 19.914024 -1.388178825378418 0.562195360660553
Pedestrian 0.0 0 -1.1159554719924927 620.3846435546875 508.8236083984375 662.0357666015625 562.5409545898438 1.2187289 1.9988701 1.1582596 -6.680207 2.6707091 48.37411 -1.2531821727752686 0.3177446722984314
Pedestrian 0.0 0 -0.3743709623813629 844.976318359375 458.1666259765625 937.12060546875 579.851806640625 1.181053 1.8229867 0.8815215 1.1473144 1.3235073 19.574785 -0.31582608819007874 0.27355289459228516
Pedestrian 0.0 0 -1.7452056407928467 1182.8760986328125 503.2071228027344 1251.97998046875 581.5059814453125 0.96341866 1.8690535 1.4660724 9.796492 2.1605318 30.975784 -1.4388962984085083 0.23134487867355347
Pedestrian 0.0 0 -1.1236566305160522 499.2750244140625 494.0370788574219 545.7595825195312 556.203857421875 1.1121743 1.8012501 0.9493312 -8.665246 1.8772428 37.39248 -1.3513747453689575 0.2307235449552536
Pedestrian 0.0 0 2.496847629547119 1541.4815673828125 507.5160217285156 1572.37841796875 550.3563842773438 0.99061966 1.9126917 0.68834704 33.472614 2.6412983 57.238846 3.0260069370269775 0.1848827749490738
Pedestrian 0.0 0 -2.043001413345337 1138.0775146484375 492.3282165527344 1181.4971923828125 554.0958862304688 1.1637 2.0855894 1.0200672 11.778836 2.1142013 43.45304 -1.778292179107666 0.1848161518573761
Pedestrian 0.0 0 -0.8178513646125793 1175.1019287109375 482.5999755859375 1233.88720703125 583.77490234375 1.0829678 2.2587693 0.7406876 8.847163 2.0599146 28.863815 -0.5204291939735413 0.1841975301504135
Pedestrian 0.0 0 -0.45761823654174805 1463.8277587890625 440.8736267089844 1600.0 709.8103637695312 0.7969873 1.8659219 0.65451944 5.2296114 1.5146198 9.137975 0.062180280685424805 0.17719778418540955
Pedestrian 0.0 0 -0.03499120473861694 696.746826171875 494.1151428222656 726.9473266601562 547.5277709960938 1.149733 2.0635626 0.70430684 -4.0753098 2.1661253 49.384975 -0.11732589453458786 0.16341035068035126
Pedestrian 0.0 0 -3.2959256172180176 1136.7353515625 503.3026123046875 1162.167724609375 547.6814575195312 0.9880843 1.9225824 0.6525879 14.581703 2.4424384 55.438633 -3.038727045059204 0.16229097545146942
Cyclist 0.0 0 -0.9203436374664307 574.7881469726562 494.29498291015625 639.065673828125 580.3414916992188 1.9109124 2.2773035 0.72222626 -5.7016096 2.355694 34.595955 -1.0836811065673828 0.5442136526107788
Cyclist 0.0 0 -0.8892239332199097 344.1522521972656 444.4151306152344 412.1339111328125 545.1441040039062 1.5584375 2.2576888 0.64443666 -10.09464 1.2021936 29.227276 -1.221780776977539 0.3939484655857086
Car 0.0 0 -2.0577774047851562 931.3963623046875 514.8692016601562 1188.04541015625 664.4072875976562 4.26007 1.7150508 1.6556107 3.1871843 2.0802786 17.517723 -1.8778053522109985 0.3254171907901764
Car 0.0 0 -1.7887226343154907 1184.3048095703125 517.2435302734375 1266.8736572265625 574.8401489257812 3.7672095 1.5508552 1.561732 12.150305 2.3583975 37.78877 -1.4776304960250854 0.3065603971481323
Car 0.0 0 -1.3305515050888062 575.80517578125 512.3980102539062 650.3540649414062 565.3801879882812 4.076461 1.6992937 1.6520137 -7.06147 2.4658995 44.372578 -1.4883685111999512 0.29725369811058044
Car 0.0 0 -2.225919723510742 1223.978759765625 516.6533813476562 1360.1580810546875 576.4459228515625 4.178205 1.6201506 1.6633888 14.3484535 2.427955 38.441437 -1.8686800003051758 0.28066980838775635
Car 0.0 0 -1.7013020515441895 736.4928588867188 512.2952270507812 839.268310546875 601.7283935546875 4.114779 1.735305 1.7195482 -0.6989713 2.2262952 27.74544 -1.7264890670776367 0.2658163011074066
Car 0.0 0 -2.428744077682495 1540.2906494140625 515.3471069335938 1600.0 616.5297241210938 3.9777389 1.6937169 1.6244351 16.200129 2.1920376 24.337877 -1.8414565324783325 0.2547430098056793
Car 0.0 0 -1.8236815929412842 808.8556518554688 508.6176452636719 882.326904296875 558.6400756835938 4.1227856 1.6244638 1.6150051 0.98490965 2.2596002 44.817307 -1.8017090559005737 0.2324116826057434
Car 0.0 0 -2.2247321605682373 1073.117431640625 512.9381103515625 1197.0650634765625 571.3478393554688 3.9050212 1.6134833 1.6241058 9.65813 2.3033051 38.64896 -1.979853630065918 0.22137267887592316
Car 0.0 0 -1.6889981031417847 741.812255859375 512.6640014648438 800.0682983398438 566.52783203125 3.8931553 1.7130337 1.5677018 -1.6136266 2.4810205 43.92609 -1.7257165908813477 0.2193783074617386
Car 0.0 0 -2.0127391815185547 958.1842041015625 501.8299255371094 1117.9288330078125 597.5216674804688 4.166127 1.7455059 1.5598114 4.4042377 1.9738305 25.794924 -1.8436293601989746 0.19732537865638733
Car 0.0 0 -1.7162714004516602 1435.1107177734375 516.6190185546875 1490.8167724609375 561.1858520507812 3.719859 1.743798 1.5843896 27.4487 2.8513515 53.839226 -1.2447929382324219 0.17888036370277405
Car 0.0 0 -1.8629136085510254 721.2251586914062 519.2344970703125 809.0198364257812 584.1134643554688 3.5642273 1.7193098 1.612964 -1.55046 2.575848 37.17338 -1.904598355293274 0.17467106878757477
Car 0.0 0 -1.6801704168319702 758.6071166992188 508.2774963378906 803.708740234375 545.2154541015625 3.726162 1.5153767 1.583076 -1.5746372 2.2786307 55.683067 -1.7084414958953857 0.16527844965457916
