Pedestrian 0.0 0 0.0703984797000885 720.173583984375 149.4747314453125 745.8396606445312 207.98541259765625 0.70770407 1.7052174 0.6717802 3.6122777 1.0242171 21.435196 0.2373507022857666 0.5070618987083435
Pedestrian 0.0 0 -1.6630280017852783 831.1090698242188 138.43399047851562 850.9951782226562 185.77401733398438 0.725155 1.8652425 0.6921272 9.192727 0.5094185 28.854916 -1.354609727859497 0.49556446075439453
Pedestrian 0.0 0 0.4496544599533081 365.58929443359375 155.2664794921875 390.0090637207031 197.48947143554688 0.8173782 1.8187355 0.6389113 -10.158003 1.061519 31.449514 0.1372380256652832 0.33065441250801086
Pedestrian 0.0 0 2.0036087036132812 421.3299255371094 140.50119018554688 452.77044677734375 192.36207580566406 1.4667964 1.8223417 0.54402953 -6.2918053 0.6858536 26.123777 1.7672641277313232 0.13989318907260895
Cyclist 0.0 0 -0.35809290409088135 350.23876953125 167.98785400390625 379.712158203125 196.58799743652344 1.6786847 1.7962192 0.6005055 -15.673704 1.4909611 46.077137 -0.6859768629074097 0.43284380435943604
Cyclist 0.0 0 2.0036087036132812 421.3299255371094 140.50119018554688 452.77044677734375 192.36207580566406 1.4667964 1.8223417 0.54402953 -6.2918053 0.6858536 26.123777 1.7672641277313232 0.3198193609714508
Cyclist 0.0 0 1.493693232536316 771.8753662109375 113.90776824951172 797.0304565429688 177.61898803710938 1.7451595 1.7654711 0.56967384 4.990453 0.13239825 20.897867 1.7281051874160767 0.3168586790561676
Car 0.0 0 3.1293506622314453 158.545654296875 190.01295471191406 367.169921875 267.3709411621094 4.188112 1.5427552 1.7364925 -8.030896 1.9842987 16.845877 2.6844935417175293 0.9327672123908997
Car 0.0 0 1.6366819143295288 452.95977783203125 184.70083618164062 507.2791442871094 234.2821807861328 4.045819 1.4749602 1.5542253 -4.3873725 1.9130342 24.560099 1.459908366203308 0.901321291923523
Car 0.0 0 -1.9745887517929077 628.3259887695312 165.6899871826172 666.7120361328125 188.5729522705078 3.174706 1.5011533 1.4741566 2.4892879 1.0315427 49.07542 -1.9239084720611572 0.6685814261436462
Car 0.0 0 -2.100978136062622 551.7933959960938 154.8037109375 604.7042846679688 184.4965057373047 4.545829 2.0544252 1.7701756 -2.38208 0.80589503 52.30838 -2.1464858055114746 0.5871500372886658
Car 0.0 0 -1.6630812883377075 443.1364440917969 177.1147003173828 466.0119934082031 195.81272888183594 3.8687947 1.5378667 1.578772 -13.4835615 1.9188513 62.37309 -1.8759812116622925 0.40644973516464233
Car 0.0 0 -0.1197023093700409 231.95413208007812 181.67735290527344 301.0517272949219 207.37120056152344 3.6811254 1.4830041 1.5527859 -21.160372 2.0465283 44.410275 -0.5643531680107117 0.389053612947464
Car 0.0 0 1.0096720457077026 591.135498046875 159.11907958984375 636.9624633789062 179.88038635253906 3.826145 1.515551 1.6969042 0.24344301 0.5132757 54.741188 1.0141191482543945 0.38651666045188904
Car 0.0 0 1.1687111854553223 642.4942016601562 152.68804931640625 697.0111694335938 180.2327880859375 4.07624 1.4808077 1.6092952 3.2952535 0.39704224 40.975178 1.2489591836929321 0.3422929346561432
Car 0.0 0 -1.688400387763977 462.88275146484375 176.7156219482422 491.4632263183594 197.9090576171875 4.0526795 1.5066764 1.6437314 -10.050381 1.8091351 54.26545 -1.8715330362319946 0.324140727519989
