Cyclist 0.0 0 -1.9282917976379395 767.4122924804688 171.00897216796875 809.3336791992188 247.98529052734375 1.6547041 1.7782925 0.42973605 4.257855 1.7360269 17.513092 -1.6897950172424316 0.9178599119186401
Car 0.0 0 1.856153964996338 362.3166198730469 192.39410400390625 400.9859924316406 215.99497985839844 3.7982357 1.5788778 1.728135 -16.863182 3.0762062 53.3578 1.550047516822815 0.7291764616966248
Car 0.0 0 2.2974202632904053 353.2315368652344 198.18692016601562 420.71759033203125 225.8435821533203 3.746095 1.4179151 1.7969656 -13.223623 2.996486 42.8713 1.9982298612594604 0.20452818274497986
Car 0.0 0 2.247828483581543 213.80487060546875 199.81134033203125 286.837890625 230.7079620361328 3.8127015 1.4802299 1.6017313 -19.964222 3.0566149 40.14753 1.7863659858703613 0.19982391595840454
Car 0.0 0 1.5091443061828613 495.92303466796875 193.8453826904297 526.5618286132812 221.43666076660156 3.728808 1.5068845 1.634772 -6.1482487 2.857483 44.419846 1.3716059923171997 0.16007742285728455
Car 0.0 0 1.4950793981552124 484.2645568847656 194.41285705566406 517.8493041992188 225.55027770996094 3.418229 1.4781253 1.5159637 -5.9037538 2.6875844 38.627785 1.3434160947799683 0.14470770955085754
Car 0.0 0 1.3909814357757568 638.6348266601562 194.96920776367188 682.6865234375 228.53843688964844 3.5714834 1.4913903 1.5923618 2.4648902 2.6637697 36.37236 1.4586461782455444 0.12020248174667358
Car 0.0 0 0.6309502720832825 363.5765075683594 199.4956512451172 428.37939453125 224.5068359375 4.0367503 1.5406499 1.6188735 -14.546257 3.4016423 48.94936 0.34209227561950684 0.11556906253099442
Car 0.0 0 -2.554558277130127 1057.080078125 197.3950653076172 1242.0 375.0 3.6917865 1.4736995 1.6024878 3.0435107 1.6028186 1.9178398 -1.5460493564605713 0.10526897013187408
Car 0.0 0 2.2641971111297607 279.9247741699219 196.2521209716797 338.1966552734375 221.5946807861328 3.6286366 1.4853693 1.6285908 -19.951973 3.103313 47.90581 1.8695621490478516 0.10222547501325607
