Pedestrian 0.0 0 -2.646993637084961 481.3953552246094 480.8166198730469 540.0515747070312 588.1762084960938 0.84039897 2.0609992 0.79418486 -5.9776692 1.8557725 24.802809 -2.883491277694702 0.23219984769821167
Pedestrian 0.0 0 -2.125485420227051 1221.537353515625 510.57464599609375 1259.37158203125 551.8089599609375 1.1861123 2.02938 1.3893964 21.345434 3.0002465 63.745705 -1.802367925643921 0.2047065794467926
Pedestrian 0.0 0 -2.0308737754821777 1515.5377197265625 492.954833984375 1555.431396484375 559.9368896484375 1.0856906 2.2586558 0.78537244 24.577522 2.3087907 43.292397 -1.5145354270935059 0.19829711318016052
Pedestrian 0.0 0 -0.2770552635192871 926.7055053710938 498.7815246582031 959.3616333007812 548.03466796875 1.214373 2.0481353 0.7259606 5.3284326 2.3567586 53.264095 -0.1773490160703659 0.19113168120384216
Pedestrian 0.0 0 -1.7200614213943481 450.7887268066406 451.3404541015625 511.99609375 580.365966796875 1.1115397 2.18414 0.87779236 -5.857817 1.5042001 22.12219 -1.9789143800735474 0.1904098391532898
Pedestrian 0.0 0 0.193922758102417 850.9686889648438 502.8804931640625 873.9939575195312 544.9771118164062 0.94652426 1.9258024 0.70840895 2.1417894 2.45644 58.63281 0.23043537139892578 0.18708857893943787
Pedestrian 0.0 0 -1.941083312034607 1041.2852783203125 469.5148010253906 1104.324462890625 577.4558715820312 1.1615707 1.9466132 0.7772842 4.74314 1.5500041 23.477043 -1.7417335510253906 0.17043204605579376
Pedestrian 0.0 0 -2.888540029525757 748.7269897460938 494.6877136230469 772.776123046875 537.3743286132812 0.9538985 1.95339 0.742945 -2.5612378 2.1014366 58.484127 -2.9323058128356934 0.16015596687793732
Pedestrian 0.0 0 -3.2838244438171387 1297.5283203125 503.54730224609375 1330.2364501953125 569.4810180664062 0.8549924 2.0197685 0.71032166 15.476031 2.398584 39.40066 -2.9095523357391357 0.1591620147228241
Pedestrian 0.0 0 0.06317784637212753 695.872314453125 491.2990417480469 722.7822265625 558.3206176757812 0.813322 2.1324573 0.7910776 -3.432373 2.1258376 40.698174 -0.02096032351255417 0.15269841253757477
Pedestrian 0.0 0 -0.006884664297103882 1003.1475830078125 500.76910400390625 1030.8800048828125 561.8164672851562 0.8862396 1.9654473 0.7700684 6.5520525 2.2711732 41.355545 0.15024161338806152 0.14886441826820374
Pedestrian 0.0 0 0.09017571061849594 575.3892822265625 493.1966552734375 612.2085571289062 571.1046142578125 0.9290451 2.1049902 0.73959225 -6.079578 2.1517503 34.642174 -0.08355159312486649 0.14723937213420868
Pedestrian 0.0 0 -0.6033331155776978 1301.8922119140625 499.5730285644531 1345.04248046875 561.0028076171875 1.1296376 2.0837622 0.7912943 17.458483 2.364725 43.602818 -0.22248360514640808 0.14491117000579834
Pedestrian 0.0 0 -0.26204991340637207 646.929443359375 499.8764343261719 675.93896484375 544.3485107421875 1.174134 2.0035717 0.69560295 -7.068014 2.3891468 57.801453 -0.38372674584388733 0.14239738881587982
Pedestrian 0.0 0 -0.02500303089618683 990.8413696289062 500.87701416015625 1015.88037109375 556.6073608398438 0.8399207 1.9066635 0.75238705 6.4804897 2.2345667 43.8941 0.12157726287841797 0.1421620398759842
Pedestrian 0.0 0 -0.38045182824134827 930.9100341796875 499.07159423828125 964.4406127929688 548.9979248046875 1.147551 1.9502821 0.68396676 5.19665 2.25246 50.103447 -0.2771029472351074 0.13930723071098328
Pedestrian 0.0 0 -2.7885489463806152 733.1309204101562 489.663330078125 770.1830444335938 553.826904296875 0.9588486 2.0090435 0.79282314 -2.0461602 1.951314 40.174263 -2.8394370079040527 0.13928954303264618
Pedestrian 0.0 0 0.07914966344833374 971.435791015625 502.4579772949219 997.5662231445312 552.1136474609375 0.95856357 1.9104853 0.6801647 6.5580363 2.3409576 49.349003 0.21126651763916016 0.13834820687770844
Pedestrian 0.0 0 0.061519868671894073 619.2791748046875 496.84161376953125 652.3629150390625 550.8443603515625 1.1863085 2.0042634 0.71512574 -6.7607193 2.2059872 47.485516 -0.07990401238203049 0.13599997758865356
Cyclist 0.0 0 -1.1519646644592285 967.2433471679688 501.0660095214844 1005.1095581054688 564.7296752929688 1.3536679 1.9648138 0.6971039 5.3821144 2.273004 40.07168 -1.018451452255249 0.27782508730888367
Cyclist 0.0 0 -1.6468600034713745 1319.2003173828125 504.3262023925781 1346.2449951171875 564.1188354492188 1.3002748 2.0152764 0.7680649 17.8281 2.465444 43.736134 -1.2597945928573608 0.27139076590538025
Cyclist 0.0 0 -1.1817642450332642 583.9690551757812 492.8306884765625 628.4010009765625 557.3284912109375 2.014193 1.9967973 0.6814795 -6.6707387 2.040032 40.308357 -1.3457704782485962 0.2631934583187103
Cyclist 0.0 0 -1.3467791080474854 939.8802490234375 502.689697265625 963.296630859375 550.5918579101562 1.3561517 1.9779813 0.69785225 5.710871 2.4561732 53.399975 -1.2402387857437134 0.17193511128425598
Cyclist 0.0 0 -1.772792100906372 978.9110107421875 486.1744079589844 1018.6283569335938 567.6105346679688 1.6962495 2.069977 0.69948125 4.7509704 1.9344292 33.057663 -1.630051851272583 0.1706865131855011
Cyclist 0.0 0 -1.263384461402893 1228.4918212890625 505.8280029296875 1264.01708984375 575.1856079101562 1.3508451 2.153351 0.69633394 13.714543 2.6184475 40.37872 -0.9359617233276367 0.1663317233324051
Cyclist 0.0 0 -0.94877690076828 654.981201171875 504.4604797363281 683.424560546875 547.3456420898438 1.2739311 1.9254359 0.6792143 -6.7328515 2.5262365 58.01672 -1.0643103122711182 0.13866563141345978
Car 0.0 0 -2.0086216926574707 1236.7506103515625 513.72998046875 1318.9122314453125 557.9775390625 3.902262 1.6461273 1.6127617 18.58302 2.5791292 51.153717 -1.6601673364639282 0.3733524680137634
Car 0.0 0 -2.2063918113708496 1485.937744140625 533.6925048828125 1600.0 626.2088012695312 3.9265296 1.5733471 1.600551 15.408628 2.4874344 25.41355 -1.6613414287567139 0.24738653004169464
Car 0.0 0 -1.0635013580322266 496.1524353027344 511.4586486816406 601.3510131835938 567.8098754882812 3.704364 1.6197639 1.6412224 -8.3520975 2.2790985 39.838882 -1.2701553106307983 0.23814813792705536
Car 0.0 0 -1.6514532566070557 1157.558837890625 516.0097045898438 1211.1893310546875 563.8523559570312 3.7552202 1.6035544 1.5902138 13.471631 2.5417647 46.49273 -1.3694192171096802 0.22929471731185913
Car 0.0 0 -2.263892650604248 1175.6195068359375 515.2933959960938 1256.2657470703125 552.8403930664062 3.8439655 1.6470743 1.562409 18.969673 2.8178155 60.25721 -1.9589030742645264 0.21977058053016663
Car 0.0 0 -1.734724760055542 757.598876953125 509.106201171875 809.6456909179688 548.2406005859375 4.4232106 1.6026802 1.608826 -1.4921861 2.4170578 56.277966 -1.7612330913543701 0.20934411883354187
Car 0.0 0 -1.576554298400879 1439.8004150390625 529.4559326171875 1489.7015380859375 579.361572265625 3.6350353 1.8125029 1.7342676 26.130728 3.403161 51.06964 -1.1036155223846436 0.16171306371688843
Car 0.0 0 -1.4637744426727295 1094.9139404296875 514.6754150390625 1146.2783203125 559.8509521484375 3.6238787 1.6523181 1.6047677 12.122151 2.6091058 50.323223 -1.2273920774459839 0.15669290721416473
Car 0.0 0 -1.6357476711273193 818.185791015625 511.5382995605469 861.0497436523438 549.923828125 3.9709086 1.5613136 1.6264032 0.9930438 2.4733992 55.642426 -1.6179026365280151 0.15637141466140747
Car 0.0 0 1.662359356880188 702.6171264648438 507.4916687011719 793.6687622070312 592.6105346679688 4.114099 1.6367615 1.5743388 -1.3916707 2.006714 27.223227 1.6112830638885498 0.14463090896606445
Car 0.0 0 -1.0530356168746948 394.19635009765625 503.4708557128906 533.1734619140625 577.5955200195312 3.8011544 1.6742148 1.6362705 -8.626175 1.9892769 31.30712 -1.3218982219696045 0.1373261660337448
