Pedestrian 0.0 0 1.3139170408248901 425.6983642578125 160.2722625732422 445.3849792480469 199.58706665039062 0.810312 1.8169814 0.71497667 -8.231784 1.2358592 33.870384 1.0755016803741455 0.7208303213119507
Pedestrian 0.0 0 -2.0376362800598145 940.9576416015625 83.11375427246094 1032.7095947265625 250.5232696533203 0.7689024 1.834827 0.65578103 4.2527514 0.85162187 8.292139 -1.5637493133544922 0.6418712735176086
Pedestrian 0.0 0 -0.5213704705238342 393.8092956542969 128.15968322753906 440.6751403808594 221.9656524658203 0.5541863 1.8451792 0.8836367 -3.9820106 0.9663922 14.698307 -0.7859361171722412 0.5103989839553833
Pedestrian 0.0 0 -2.079742670059204 974.7896728515625 116.0294189453125 1026.614990234375 210.932861328125 0.7416292 1.7192738 0.5567475 7.2164097 0.6901958 13.443961 -1.5871081352233887 0.436867356300354
Pedestrian 0.0 0 1.2649363279342651 701.5760498046875 126.41331481933594 726.6917114257812 178.4608917236328 0.8084626 1.6725453 0.5968232 3.359441 0.18053524 23.63149 1.4061496257781982 0.42931899428367615
Pedestrian 0.0 0 -3.048841714859009 915.6344604492188 63.83214569091797 988.384765625 243.22850036621094 0.6470459 1.800407 0.6272143 3.5884018 0.7066306 7.672707 -2.611379623413086 0.3633032441139221
Pedestrian 0.0 0 0.4329368770122528 370.69110107421875 163.4691619873047 381.3318786621094 182.39256286621094 0.79949194 1.7634721 0.52955204 -21.923056 0.88925713 67.54776 0.11910629272460938 0.343270480632782
Pedestrian 0.0 0 -2.9197521209716797 854.2593383789062 64.74819946289062 936.1255493164062 221.53672790527344 0.7997017 1.7787318 0.62105155 3.3729296 0.5526529 8.663924 -2.548497438430786 0.3368470370769501
Pedestrian 0.0 0 1.46381413936615 804.830810546875 120.47110748291016 835.30419921875 193.88189697265625 0.6809276 1.7473269 0.6409473 5.056395 0.5008651 17.561962 1.7441494464874268 0.3229140341281891
Cyclist 0.0 0 -1.9770920276641846 606.7151489257812 136.39686584472656 639.0432739257812 184.7429962158203 1.7971585 1.8029847 0.58074504 0.43813533 0.44373775 27.847214 -1.9613597393035889 0.570440948009491
Cyclist 0.0 0 -3.262622117996216 995.8660278320312 124.61788177490234 1059.4964599609375 182.59141540527344 1.7028391 1.803591 0.5474017 13.261177 0.30329478 23.029343 -2.7401580810546875 0.34474697709083557
Car 0.0 0 1.5995063781738281 270.50787353515625 186.07308959960938 307.45458984375 216.44168090820312 4.3518934 1.5044872 1.7539454 -17.831245 2.2831085 40.13122 1.1813830137252808 0.8402179479598999
Car 0.0 0 -2.732452392578125 378.5726318359375 154.31495666503906 489.79510498046875 197.32147216796875 3.7497957 1.5560702 1.5974305 -6.6374483 0.8856448 27.208235 -2.971728801727295 0.5804342031478882
Car 0.0 0 -1.5370672941207886 535.6492919921875 163.1886444091797 571.0218505859375 194.3953857421875 3.4530315 1.4296138 1.5876869 -2.7295287 0.98719215 34.811794 -1.615315318107605 0.46523311734199524
Car 0.0 0 -0.9115779399871826 541.0538940429688 141.5224609375 687.28076171875 215.84170532226562 3.3742976 1.4843585 1.538313 0.12975514 0.85893977 16.209623 -0.9035732746124268 0.4020961821079254
Car 0.0 0 1.6449575424194336 698.8638305664062 148.4215087890625 738.6165771484375 181.01898193359375 4.386363 1.5604957 1.6886038 5.572517 0.39122957 36.864456 1.7949841022491455 0.3772985637187958
Car 0.0 0 -1.3776733875274658 69.77774047851562 157.5277557373047 116.0909423828125 187.12716674804688 3.5047414 1.6929375 1.6117009 -30.927317 0.81671154 43.194363 -1.9990594387054443 0.37492817640304565
Car 0.0 0 -1.5952253341674805 649.5213623046875 158.13970947265625 685.697021484375 192.2000732421875 3.7414901 1.5286257 1.6113818 2.6512413 0.86860806 34.29041 -1.5180615186691284 0.37167447805404663
Car 0.0 0 -1.817139744758606 384.0289306640625 158.16160583496094 427.63922119140625 185.4310760498047 3.519526 1.4773947 1.5678295 -11.672366 0.6817539 41.004383 -2.094465732574463 0.35716137290000916
Car 0.0 0 1.8936909437179565 362.5181884765625 165.73193359375 393.4776611328125 183.58108520507812 4.0231957 1.6628966 1.6377169 -22.238766 0.999735 69.23984 1.582913875579834 0.33638080954551697
