Pedestrian 0.0 0 -2.734412670135498 269.7929382324219 473.7138366699219 333.4040832519531 582.929931640625 0.97105366 2.0838351 0.6255025 -9.943545 1.7443411 24.486229 -3.1201555728912354 0.22091004252433777
Pedestrian 0.0 0 -2.1184399127960205 1487.3031005859375 494.1485900878906 1523.5875244140625 552.8152465820312 1.0387379 2.0171375 0.66714895 24.006311 2.1102936 44.126637 -1.6201900243759155 0.1982763707637787
Pedestrian 0.0 0 -2.710474967956543 536.7282104492188 484.69512939453125 595.0938720703125 571.2476196289062 1.2643468 2.1668599 0.73618644 -6.3628583 1.9963208 32.21078 -2.9055023193359375 0.1665383279323578
Pedestrian 0.0 0 -0.5506746768951416 1110.3431396484375 503.2365417480469 1145.197265625 552.6966552734375 1.1235685 1.9079602 0.7034325 12.19774 2.3720312 49.59912 -0.3095335066318512 0.14816465973854065
Pedestrian 0.0 0 0.49220722913742065 367.1733703613281 489.5458679199219 412.2669372558594 566.7640380859375 0.9234981 2.0313056 0.68624437 -11.355983 1.9797134 33.729717 0.1674513816833496 0.14085093140602112
Pedestrian 0.0 0 -0.6710646748542786 0.0 453.88897705078125 248.3126678466797 643.0503540039062 2.3034472 2.0751295 2.574059 -8.812535 1.6624533 15.440591 -1.1896902322769165 0.13996008038520813
Pedestrian 0.0 0 -1.6589494943618774 948.0344848632812 496.4596862792969 995.2198486328125 620.4966430664062 1.3392574 2.4041903 0.8197057 3.0890727 2.5057411 25.284267 -1.5373783111572266 0.13559594750404358
Pedestrian 0.0 0 -0.3565322160720825 1374.788818359375 488.223388671875 1425.6927490234375 575.9862670898438 0.84012634 1.8684176 0.5982819 12.577935 1.79851 27.291142 0.0753324031829834 0.13516810536384583
Pedestrian 0.0 0 -2.083906650543213 1543.9033203125 490.1814270019531 1584.2705078125 549.1624145507812 1.2000123 1.7902328 0.5537538 23.046247 1.7499963 39.044674 -1.5506846904754639 0.12944850325584412
Cyclist 0.0 0 -1.6052325963974 1550.4136962890625 512.0203247070312 1573.04052734375 572.87255859375 1.8460017 2.111355 0.6379585 26.805563 2.86482 45.552975 -1.073350429534912 0.19648465514183044
Car 0.0 0 -2.3496761322021484 1406.1827392578125 516.4761352539062 1512.2833251953125 558.3744506835938 3.9372125 1.5792804 1.6097025 26.526741 2.6538796 52.382774 -1.880920171737671 0.3127298355102539
Car 0.0 0 -1.0462620258331299 0.0 511.15960693359375 68.80516052246094 598.4505615234375 3.8749955 1.6816769 1.5636162 -17.931839 2.1355367 27.267876 -1.6279737949371338 0.2714434564113617
Car 0.0 0 -1.5214004516601562 902.203369140625 504.9763488769531 967.1871337890625 568.4679565429688 4.121439 1.6741192 1.6561863 3.459395 2.0849195 36.466267 -1.4268178939819336 0.2652210295200348
Car 0.0 0 -1.086712121963501 0.0 509.5798034667969 172.33538818359375 596.0460205078125 3.9707198 1.6451869 1.5415856 -15.424649 2.0584717 26.94863 -1.6065694093704224 0.2196061909198761
Car 0.0 0 -1.9775713682174683 968.2880249023438 510.1398620605469 1074.4952392578125 567.9649658203125 4.1979914 1.5528506 1.5804266 6.0249414 2.1399367 37.67384 -1.8189904689788818 0.17499330639839172
Car 0.0 0 0.9550981521606445 1323.4927978515625 515.2199096679688 1431.282958984375 565.1463012695312 3.8414528 1.6211818 1.5775937 19.908714 2.5038059 45.09857 1.3708182573318481 0.15241597592830658
Car 0.0 0 -0.02809414267539978 1306.11865234375 515.0734252929688 1416.1971435546875 558.5284423828125 4.1284513 1.6913497 1.6026175 22.50004 2.695006 52.42951 0.3772850036621094 0.1425998955965042
Car 0.0 0 1.8485184907913208 332.7000427246094 510.01806640625 498.9175109863281 612.8355102539062 4.3851314 1.6158637 1.7087313 -7.099503 1.9830675 22.910564 1.5480232238769531 0.14128434658050537
Car 0.0 0 -1.5773940086364746 506.22735595703125 517.6077880859375 579.1263427734375 598.0969848632812 3.238574 1.8128735 1.6795677 -6.7960806 2.4969969 31.430653 -1.7903404235839844 0.13204947113990784
Car 0.0 0 -1.8241240978240967 1223.45947265625 508.56121826171875 1298.9197998046875 555.3773803710938 4.054192 1.5836915 1.6434803 16.256853 2.237335 46.450233 -1.4874632358551025 0.12950357794761658
Car 0.0 0 1.1157174110412598 1114.0516357421875 504.38641357421875 1341.216552734375 641.411865234375 4.980056 2.0406666 1.6934767 6.9156766 2.2900696 21.935284 1.4211297035217285 0.12702657282352448
