Pedestrian 0.0 0 -1.6338269710540771 1249.108642578125 481.23760986328125 1345.6802978515625 559.8551025390625 1.5503523 1.9626554 2.2352304 12.376853 1.7062817 32.685566 -1.2718477249145508 0.9593299031257629
Pedestrian 0.0 0 -1.3988367319107056 788.8334350585938 496.2263488769531 843.1585693359375 570.123779296875 1.4516722 2.4822135 1.6416565 0.0030148476 2.6475177 43.503826 -1.3987674713134766 0.9417724013328552
Pedestrian 0.0 0 -2.906935691833496 833.171875 484.47308349609375 876.6558227539062 555.76953125 1.2698296 2.332875 0.8927362 1.2873168 2.1027176 42.035366 -2.8763206005096436 0.4145183563232422
Pedestrian 0.0 0 -2.6358437538146973 907.2677612304688 497.3800354003906 964.7222900390625 580.9630126953125 1.3525059 2.155021 0.6719497 3.1556475 2.3129873 33.403778 -2.5416533946990967 0.25104862451553345
Pedestrian 0.0 0 -3.2468698024749756 1227.0018310546875 505.5075378417969 1253.7884521484375 547.6859130859375 1.1345474 1.9772681 0.7488665 20.149443 2.6479692 60.18026 -2.923783540725708 0.2375451922416687
Pedestrian 0.0 0 -3.175621747970581 1246.3587646484375 514.8936767578125 1276.092041015625 560.4515991210938 1.211831 1.9688277 0.73274696 19.601044 3.0091708 55.8052 -2.8378422260284424 0.2054503858089447
Pedestrian 0.0 0 0.4013250470161438 739.556396484375 498.3537292480469 787.8504028320312 591.7701416015625 0.98253816 2.1929145 0.63691616 -1.2539461 2.3591046 30.268797 0.3599216938018799 0.19730499386787415
Pedestrian 0.0 0 -1.514133095741272 1051.4056396484375 502.9629821777344 1096.452392578125 594.5836181640625 1.2804985 2.2462287 1.043837 6.5169363 2.5423975 31.988464 -1.3131557703018188 0.18196946382522583
Pedestrian 0.0 0 2.980771541595459 815.710205078125 486.75555419921875 862.349853515625 563.5161743164062 1.3050848 2.306748 0.82055265 0.68726176 2.1639588 38.556442 2.9985945224761963 0.1709032952785492
Pedestrian 0.0 0 0.6632744073867798 85.59164428710938 475.7110595703125 171.08126831054688 613.061279296875 1.0360184 2.1613626 0.632418 -11.033623 1.9127945 20.32595 0.16594934463500977 0.1554698795080185
Pedestrian 0.0 0 0.4346870481967926 31.848073959350586 507.03924560546875 96.72979736328125 584.573486328125 1.2380902 1.9397871 0.70844126 -19.147684 2.3405907 32.264786 -0.10090575367212296 0.147911936044693
Pedestrian 0.0 0 -3.131166696548462 910.4317626953125 475.9123229980469 948.2550048828125 552.2676391601562 1.0876416 2.2010226 0.75439423 3.301057 1.7514881 36.9352 -3.0420291423797607 0.14544732868671417
Pedestrian 0.0 0 0.3894071578979492 601.8875732421875 491.0896301269531 638.2462768554688 558.1235961914062 0.900597 2.1014218 0.8094284 -6.2237253 2.0883362 40.199135 0.23580431938171387 0.14148397743701935
Pedestrian 0.0 0 -0.6350582838058472 1232.601806640625 503.66290283203125 1260.7088623046875 547.2713012695312 1.012173 2.014224 0.72602284 20.141237 2.5879424 59.271873 -0.30748915672302246 0.13357970118522644
Pedestrian 0.0 0 -3.298102855682373 1172.9869384765625 505.8223571777344 1195.9085693359375 544.1068115234375 0.9896277 1.8676519 0.6965306 18.164728 2.5786715 62.493214 -3.015230178833008 0.1289312094449997
Pedestrian 0.0 0 -1.0149626731872559 559.673095703125 487.65728759765625 601.4352416992188 553.6220092773438 1.2454164 2.116268 0.80460757 -7.6901355 1.992758 41.355316 -1.1988155841827393 0.12499667704105377
Pedestrian 0.0 0 -1.2276372909545898 284.76055908203125 460.8226013183594 370.7450256347656 563.6736450195312 1.9587661 2.0796564 1.0876918 -10.226811 1.4592142 26.599148 -1.5946922302246094 0.111894890666008
Pedestrian 0.0 0 -1.9694933891296387 40.26888656616211 455.7261657714844 102.63886260986328 568.9039306640625 0.8449819 1.9773872 0.68761766 -13.323057 1.35224 22.65437 -2.501117706298828 0.11151573807001114
Pedestrian 0.0 0 -0.014725908637046814 719.829345703125 494.8374938964844 749.6432495117188 559.66162109375 0.98377615 2.1439095 0.7009984 -2.727664 2.2562034 42.312042 -0.07910225540399551 0.10530160367488861
Cyclist 0.0 0 -1.404260516166687 1233.75439453125 509.7023010253906 1255.1812744140625 554.7949829101562 1.62684 2.0692234 0.6968303 20.192623 2.9397194 59.70651 -1.0781381130218506 0.2778730094432831
Cyclist 0.0 0 -0.9877923727035522 566.7685546875 495.7937927246094 609.8056030273438 561.2384033203125 1.3053397 2.0917447 0.79497796 -7.433202 2.2342143 41.33289 -1.1657278537750244 0.1539537012577057
Cyclist 0.0 0 -1.321173906326294 704.3836669921875 437.1494445800781 776.539306640625 573.9392700195312 1.83811 2.4698422 0.93007547 -1.4048253 1.4883744 23.856678 -1.3799920082092285 0.10966853052377701
Cyclist 0.0 0 -1.156538963317871 701.8558959960938 508.67156982421875 748.6854858398438 587.1428833007812 1.6969618 2.1912637 0.7316251 -2.6237538 2.7010326 36.689373 -1.2279300689697266 0.10654761642217636
Car 0.0 0 0.9074366092681885 1404.4066162109375 511.87042236328125 1600.0 603.04443359375 4.245635 1.6281319 1.5772609 14.036527 2.0792556 25.83207 1.4051799774169922 0.3301104009151459
Car 0.0 0 -2.9007656574249268 1466.4715576171875 512.8001708984375 1600.0 900.0 5.625041 1.8650359 1.6519854 4.612611 1.9678701 3.1939998 -1.9356098175048828 0.24175649881362915
Car 0.0 0 -2.3753840923309326 1412.110107421875 512.4383544921875 1600.0 644.9925537109375 4.0438204 1.6319621 1.6405087 10.826176 1.9726574 18.444895 -1.8446176052093506 0.21977302432060242
Car 0.0 0 1.6393678188323975 350.8315124511719 513.4005737304688 453.6039733886719 612.4522705078125 4.1394086 1.6344962 1.562912 -7.7791853 2.0885313 24.066217 1.3267278671264648 0.20132969319820404
Car 0.0 0 -1.7950141429901123 854.5283813476562 516.9667358398438 938.5756225585938 576.13720703125 4.419778 1.6636451 1.6971327 2.4629185 2.5127804 39.919704 -1.7333954572677612 0.19997774064540863
Car 0.0 0 2.5334720611572266 55.13516616821289 504.6385498046875 300.7208557128906 606.328369140625 3.9766197 1.7494358 1.7061262 -12.218282 2.02578 24.49714 2.0708141326904297 0.19182774424552917
Car 0.0 0 1.435036063194275 605.3924560546875 514.2186889648438 691.4949340820312 593.4886474609375 4.485782 1.8673435 1.6634463 -4.5161614 2.5123322 33.581745 1.3013554811477661 0.17191395163536072
Car 0.0 0 1.9611239433288574 240.9901885986328 503.21453857421875 367.6424255371094 572.1912841796875 4.0693517 1.6742376 1.6730345 -13.430605 2.0025678 33.474174 1.5795637369155884 0.16634352505207062
Car 0.0 0 0.9999473094940186 1400.2760009765625 502.1940612792969 1600.0 598.33251953125 3.6749396 1.5642753 1.6301386 12.340357 1.7736967 22.921915 1.4938138723373413 0.13906410336494446
Car 0.0 0 1.9577454328536987 492.0542297363281 512.4468383789062 630.6031494140625 596.1792602539062 4.217385 1.7273971 1.6826829 -5.828457 2.2515852 29.472048 1.7625025510787964 0.13765202462673187
Car 0.0 0 1.3907490968704224 1083.8524169921875 514.4005737304688 1197.2884521484375 605.8187255859375 4.2561774 1.7885972 1.686303 7.0852284 2.3350651 28.04936 1.6381720304489136 0.12533541023731232
Car 0.0 0 -1.050661563873291 0.0 507.88275146484375 82.79271697998047 578.1929931640625 3.616622 1.5885199 1.7096525 -19.976843 2.017385 31.319489 -1.6184413433074951 0.11709068715572357
Car 0.0 0 -1.04759681224823 237.14561462402344 505.6332092285156 362.3289489746094 568.9281005859375 3.9146087 1.6762414 1.5924444 -14.797186 2.1062357 36.50109 -1.4327412843704224 0.11028742790222168
Car 0.0 0 -3.2799413204193115 1139.960693359375 523.62548828125 1228.615234375 557.1429443359375 4.011316 1.5681317 1.609215 18.098803 3.1784759 62.41135 -2.9976911544799805 0.10462454706430435
Car 0.0 0 -1.1249381303787231 175.3070831298828 509.7423400878906 271.7990417480469 563.01416015625 3.1145017 1.5952804 1.610876 -18.924026 2.201837 40.56 -1.5614848136901855 0.10320355743169785
Car 0.0 0 1.7349233627319336 592.5628662109375 510.843017578125 665.8612670898438 569.823486328125 3.8134313 1.703429 1.6711241 -5.8177214 2.3398128 39.758114 1.589626669883728 0.10315868258476257
