Pedestrian 0.0 0 -1.9275339841842651 701.3717041015625 161.53807067871094 725.5327758789062 207.3235321044922 0.9278211 1.8612472 0.7089759 4.233419 1.4015961 29.857925 -1.7866873741149902 0.4893743097782135
Pedestrian 0.0 0 0.15590015053749084 777.8929443359375 111.87145233154297 860.7674560546875 262.6607360839844 0.9661543 1.8646799 0.5137802 2.6626885 1.1109196 9.35582 0.43317151069641113 0.4785100221633911
Cyclist 0.0 0 1.6946583986282349 520.5018310546875 173.44293212890625 537.9763793945312 214.87989807128906 1.6848025 1.7722586 0.5623826 -3.581785 1.7992052 31.727016 1.5822405815124512 0.9190830588340759
Cyclist 0.0 0 1.6543408632278442 477.4161071777344 173.88194274902344 509.7105407714844 251.08546447753906 1.974915 1.8010876 0.6309658 -2.9098802 1.82834 17.865955 1.492885708808899 0.8500879406929016
Cyclist 0.0 0 1.7607072591781616 441.65264892578125 171.53030395507812 482.0550231933594 247.7942657470703 1.9028977 1.7408812 0.61097336 -3.6003947 1.7110236 17.423426 1.5569343566894531 0.7744232416152954
Car 0.0 0 2.105651378631592 0.0 184.8313751220703 306.80950927734375 375.0 3.8551328 1.5272679 1.6002591 -4.975289 1.6922253 7.9672832 1.547437071800232 0.9703173637390137
Car 0.0 0 1.843437910079956 402.951904296875 182.1146240234375 488.96746826171875 234.45445251464844 4.438427 1.5174848 1.6427296 -5.3670616 1.8545878 23.9754 1.6232116222381592 0.8908934593200684
Car 0.0 0 -2.080643892288208 817.1947021484375 193.58201599121094 1242.0 375.0 3.8778675 1.4626218 1.6222525 2.5527983 1.6457453 4.408367 -1.5557485818862915 0.8834866881370544
Car 0.0 0 -1.6449240446090698 639.491943359375 175.8804168701172 669.7047729492188 201.43060302734375 3.4313776 1.501755 1.6048542 2.685027 1.696196 44.542564 -1.5847169160842896 0.8057406544685364
Car 0.0 0 1.7613345384597778 502.0611877441406 180.48683166503906 542.4727172851562 207.30267333984375 4.100938 1.4565016 1.6154276 -5.1444983 1.9285667 42.486122 1.6408345699310303 0.743520200252533
Car 0.0 0 -1.5214309692382812 659.2103881835938 177.50010681152344 682.844970703125 198.84893798828125 3.627731 1.5351334 1.6075919 4.6207614 1.8994492 54.614902 -1.437025785446167 0.3674524128437042
Car 0.0 0 1.1026713848114014 966.6127319335938 205.1822052001953 1094.0506591796875 267.7633361816406 3.6824164 1.4896096 1.7064205 12.021957 2.5153599 21.000195 1.6226013898849487 0.3529967665672302
