Pedestrian 0.0 0 2.3871490955352783 714.3549194335938 132.7393341064453 752.1107788085938 200.50985717773438 0.6976395 1.7230743 0.67490566 3.1635687 0.7035116 18.816694 2.5537168979644775 0.47931912541389465
Pedestrian 0.0 0 3.5448391437530518 264.9557800292969 129.3265380859375 315.085693359375 221.7830810546875 0.75813895 1.7748986 0.5088742 -6.3004823 0.93965495 14.109438 3.1248631477355957 0.4679127633571625
Car 0.0 0 -1.7109804153442383 718.676513671875 176.46664428710938 829.0966186523438 265.29437255859375 3.4763925 1.4612088 1.545466 2.946859 1.5396283 13.800051 -1.5006004571914673 0.9572528600692749
Car 0.0 0 -1.9789388179779053 776.1586303710938 179.70408630371094 1109.2476806640625 369.7413635253906 3.9417338 1.4492679 1.6081269 3.0196817 1.5411186 7.6390767 -1.6024959087371826 0.9476616382598877
Car 0.0 0 1.9326870441436768 301.7716979980469 190.50047302246094 424.2735900878906 263.4463195800781 3.8648095 1.5371495 1.6327885 -6.0882664 2.0285308 18.112722 1.6084197759628296 0.9080770611763
Car 0.0 0 -1.6077322959899902 642.9037475585938 173.3660125732422 672.3636474609375 200.2694854736328 3.895259 1.5856255 1.6645035 2.86956 1.6190089 44.567604 -1.5434343814849854 0.8797175288200378
Car 0.0 0 1.7472717761993408 477.5517272949219 184.0557098388672 516.4859619140625 212.38694763183594 3.6527133 1.4760194 1.564053 -6.388947 2.13981 40.888325 1.5922715663909912 0.8206416368484497
Car 0.0 0 1.7725595235824585 490.94708251953125 180.94851684570312 529.575927734375 207.7769317626953 4.175195 1.5996513 1.6609505 -6.397752 2.1450627 46.445732 1.6356741189956665 0.6317133903503418
Car 0.0 0 1.7722833156585693 307.68109130859375 186.61341857910156 348.5550537109375 213.23121643066406 4.1427794 1.5937526 1.7204666 -18.584515 2.5445032 47.648212 1.4003959894180298 0.5947430729866028
Car 0.0 0 1.6860058307647705 437.951171875 170.2449951171875 466.7936706542969 191.43063354492188 4.0181494 1.5197661 1.6532389 -11.747568 1.3329656 53.83855 1.4711731672286987 0.5551121830940247
Car 0.0 0 -1.9162625074386597 780.1534423828125 164.60400390625 810.9337158203125 181.43348693847656 3.8967185 1.5762912 1.648753 17.840208 0.80393445 69.59571 -1.6653251647949219 0.5485196113586426
