Pedestrian 0.0 0 -1.9343972206115723 87.0051040649414 157.2518310546875 110.29999542236328 198.90890502929688 0.6034394 1.7812419 0.6520834 -22.215065 1.1144564 31.288727 -2.551804542541504 0.39763665199279785
Pedestrian 0.0 0 3.3429312705993652 419.3378601074219 153.5544891357422 433.3231201171875 183.97622680664062 0.699943 1.7422211 0.4786558 -10.615715 0.63731617 41.575024 3.0929341316223145 0.3737045228481293
Cyclist 0.0 0 -1.920425295829773 935.3311767578125 147.79835510253906 963.3302612304688 181.9794464111328 1.8129476 1.7121592 0.72186095 17.38169 0.45745942 37.074574 -1.482022762298584 0.32500937581062317
Cyclist 0.0 0 2.3157739639282227 1186.156494140625 113.52133178710938 1242.0 175.12335205078125 1.7621608 1.7928474 0.5974597 18.106264 0.06640422 21.40179 3.0179507732391357 0.2935448884963989
Car 0.0 0 2.047701597213745 195.94479370117188 192.2290802001953 294.00927734375 238.93849182128906 3.6121335 1.4092354 1.553844 -12.614687 2.1320128 25.086021 1.5817707777023315 0.9461614489555359
Car 0.0 0 -1.6035487651824951 598.8019409179688 175.8935089111328 628.2984619140625 203.15289306640625 4.4142623 1.621695 1.7127291 0.14808935 1.8237737 45.651527 -1.6003048419952393 0.6083689332008362
Car 0.0 0 -0.06870090216398239 643.7049560546875 164.0074920654297 683.9375 181.1567840576172 3.6967165 1.6054459 1.6325274 5.059015 0.7776296 68.37045 0.005158662796020508 0.5052668452262878
Car 0.0 0 2.2472050189971924 0.0 147.1646270751953 27.908597946166992 193.57009887695312 3.5098393 1.4959433 1.6113945 -22.415638 0.6681695 25.052488 1.517299771308899 0.4782601296901703
Car 0.0 0 -1.0512101650238037 405.9574890136719 157.1141357421875 464.39434814453125 185.6975555419922 4.021499 1.631104 1.6289829 -10.463568 0.73327166 43.329697 -1.2881609201431274 0.448020339012146
Car 0.0 0 1.8421480655670166 1009.758056640625 161.89463806152344 1044.739990234375 181.39515686035156 3.73693 1.6189537 1.6535578 35.73342 0.70945287 61.798267 2.3664040565490723 0.412618488073349
Car 0.0 0 0.7110806107521057 3.2757418155670166 160.0440673828125 98.42605590820312 187.9403839111328 4.0700417 1.500536 1.6212705 -30.774893 0.81185067 39.72379 0.05194425582885742 0.318083792924881
Car 0.0 0 -1.094433069229126 253.43569946289062 152.03543090820312 328.556884765625 193.14552307128906 4.358693 2.014582 1.7757 -16.545038 0.99473536 37.58583 -1.5091021060943604 0.2793242633342743
