Pedestrian 0.0 0 -2.8975584506988525 802.6021118164062 510.91253662109375 834.6109008789062 565.5922241210938 1.016556 1.9492451 0.7701418 -0.28913933 3.4646893 45.89419 -2.9038584232330322 0.39091676473617554
Pedestrian 0.0 0 2.4023096561431885 1516.719482421875 517.7755126953125 1579.1727294921875 619.9935302734375 0.76315683 1.7673124 0.5983278 12.883847 2.6355097 22.385015 2.9245622158050537 0.20747792720794678
Pedestrian 0.0 0 0.7541330456733704 74.32150268554688 527.2197875976562 119.62865447998047 588.5084838867188 1.0792687 1.8903389 0.6736596 -23.250662 3.7350898 39.92996 0.22684025764465332 0.17335213720798492
Pedestrian 0.0 0 -2.9570353031158447 877.311279296875 518.142333984375 908.9564208984375 576.91796875 1.0330623 2.0736268 0.7106395 2.4160304 3.8379598 45.431847 -2.9039061069488525 0.15495836734771729
Cyclist 0.0 0 -0.5629410147666931 27.96317481994629 535.6681518554688 90.13074493408203 596.2667236328125 1.8940269 2.0955863 0.68474233 -28.46759 4.585693 46.49426 -1.112342357635498 0.4227190315723419
Cyclist 0.0 0 -1.310248851776123 797.3200073242188 519.2288818359375 825.06787109375 573.6053466796875 1.7445104 1.9470073 0.6221918 -0.5745377 3.8483655 47.450153 -1.3223564624786377 0.18763692677021027
Car 0.0 0 -1.7847998142242432 713.6640014648438 536.9401245117188 779.8650512695312 591.1858520507812 3.671926 1.5919985 1.5534481 -2.8209684 4.029576 43.63104 -1.849364995956421 0.30386707186698914
Car 0.0 0 -1.6792083978652954 921.4115600585938 530.12939453125 994.5900268554688 599.324462890625 4.095045 1.7018714 1.6769383 3.76192 3.549444 36.43278 -1.5763165950775146 0.2729346752166748
Car 0.0 0 -1.7907519340515137 1003.4318237304688 534.2106323242188 1089.817626953125 603.2244873046875 3.9372022 1.6560768 1.6045779 6.221049 3.5940995 35.79897 -1.6186928749084473 0.23580828309059143
Car 0.0 0 -1.6053944826126099 796.7489013671875 533.3817138671875 845.7978515625 589.1432495117188 3.931453 1.6398867 1.5597476 -0.22185576 3.9358234 43.37572 -1.6105091571807861 0.2209056168794632
Car 0.0 0 -1.918238878250122 812.8800659179688 533.8110961914062 908.7068481445312 597.7007446289062 3.914961 1.579265 1.6099014 0.9570666 3.5870657 37.298397 -1.8925848007202148 0.2056094855070114
Car 0.0 0 1.0298994779586792 1314.1268310546875 521.798828125 1459.00537109375 594.0250854492188 4.1337276 1.6049036 1.5807089 14.668125 3.0614388 33.069077 1.4473851919174194 0.16304533183574677
Car 0.0 0 -1.8734850883483887 1120.686279296875 537.7430419921875 1226.590576171875 611.6036987304688 3.8096762 1.6554435 1.6670738 9.21681 3.5749354 33.557724 -1.605439305305481 0.14664819836616516
