Pedestrian 0.0 0 3.2155284881591797 408.9704284667969 172.500244140625 438.02734375 248.6698455810547 0.6412794 1.8227267 0.69156104 -4.6068406 1.8146195 17.661444 2.96037220954895 0.6620402932167053
Car 0.0 0 -1.7901450395584106 638.921875 174.66436767578125 730.2637939453125 242.10379028320312 3.910974 1.6428812 1.642079 1.8754582 1.6978651 19.726513 -1.6953569650650024 0.9697920083999634
Car 0.0 0 0.9044259786605835 0.0 199.17495727539062 182.75582885742188 375.0 3.7695756 1.5061178 1.5651249 -6.44015 1.7991188 6.9515214 0.1571950912475586 0.6844882369041443
Car 0.0 0 -1.6773422956466675 580.4999389648438 175.39718627929688 604.6995849609375 194.997314453125 3.5583007 1.490949 1.5442674 -1.4330276 1.6996161 57.2325 -1.7023757696151733 0.675049901008606
Car 0.0 0 -1.404701828956604 318.6815490722656 169.43760681152344 427.2403869628906 256.3661193847656 3.319612 1.5138414 1.5051824 -4.6228004 1.4547036 14.314457 -1.7170751094818115 0.6508837342262268
Car 0.0 0 0.17465832829475403 337.693359375 186.119140625 467.07208251953125 229.30072021484375 4.230676 1.4456916 1.6114982 -7.377611 1.9392161 25.801655 -0.10384591668844223 0.6007594466209412
Car 0.0 0 3.3535571098327637 382.31298828125 175.11553955078125 463.42803955078125 205.97279357910156 3.6222394 1.4765939 1.528551 -9.195074 1.5908163 35.48643 3.10001802444458 0.5881866812705994
Car 0.0 0 2.0984854698181152 327.1434631347656 168.7687225341797 369.1148681640625 191.5857391357422 4.120923 2.0690525 1.8792208 -24.507765 1.6989558 67.62183 1.7507858276367188 0.5666654109954834
Car 0.0 0 3.446824550628662 264.7958679199219 177.66099548339844 404.6649169921875 230.80947875976562 3.4884393 1.4610783 1.4829658 -7.9118185 1.6058033 20.825888 3.0837621688842773 0.4501969516277313
Car 0.0 0 -2.844609260559082 395.4512023925781 176.9644775390625 476.0704040527344 205.5009307861328 3.793116 1.4443893 1.5988019 -9.1014385 1.6646862 37.69277 -3.081537961959839 0.32018935680389404
Car 0.0 0 -2.116366147994995 639.2442016601562 176.15426635742188 692.3033447265625 201.10348510742188 3.813041 1.4632896 1.5297599 3.38901 1.6784042 44.90343 -2.0410356521606445 0.3073476552963257
