Pedestrian 0.0 0 -0.5126996636390686 640.501953125 169.2724609375 660.8853149414062 207.33694458007812 0.62765205 1.8032144 0.87891847 2.02939 1.0490731 34.582897 -0.45408499240875244 0.26205170154571533
Car 0.0 0 -1.2076094150543213 111.67578125 186.24087524414062 428.6172790527344 376.0 3.9129899 1.540435 1.6735541 -3.236235 1.5553875 7.703586 -1.6053178310394287 0.9632128477096558
Car 0.0 0 -1.3813118934631348 360.9033203125 190.12493896484375 465.7464599609375 268.3528137207031 3.33393 1.4666779 1.5584182 -4.090789 1.5847808 15.406871 -1.640840768814087 0.9390840530395508
Car 0.0 0 -1.6135165691375732 558.8509521484375 178.4725799560547 601.9041137695312 213.45111083984375 3.5934832 1.4099944 1.6810013 -1.2617899 1.1393082 30.834154 -1.6544156074523926 0.9201346635818481
Car 0.0 0 -1.0787158012390137 93.71377563476562 188.37608337402344 232.50747680664062 240.4034881591797 4.34897 1.3650072 1.6291401 -13.032822 1.4697315 21.34243 -1.6269316673278809 0.8602516651153564
Car 0.0 0 -0.8297640681266785 0.0 204.2815704345703 91.08796691894531 376.0 4.056804 1.4272166 1.5413883 -7.721047 1.6865114 7.667009 -1.6186739206314087 0.4726719856262207
Car 0.0 0 1.8710488080978394 297.4083557128906 178.5166473388672 377.167236328125 221.28271484375 3.6120546 1.3396134 1.5263337 -9.105473 1.1309025 24.360676 1.5133503675460815 0.46229004859924316
Car 0.0 0 1.9555871486663818 175.9693145751953 186.10720825195312 317.33807373046875 256.21575927734375 3.9954782 1.4169228 1.5128721 -8.198416 1.441216 16.624489 1.4974322319030762 0.42905646562576294
Car 0.0 0 2.4646096229553223 205.63795471191406 174.952880859375 312.61669921875 212.93960571289062 3.6272483 1.3808337 1.4906403 -13.562248 1.0089077 28.0849 2.0147337913513184 0.2017524689435959
Car 0.0 0 -1.5526472330093384 451.0331115722656 178.75384521484375 475.64019775390625 202.19903564453125 3.2986166 1.4723699 1.5167543 -9.415976 1.0676945 46.899166 -1.7507836818695068 0.18753032386302948
Car 0.0 0 -1.495784044265747 636.0497436523438 165.39083862304688 673.8136596679688 196.33995056152344 3.9640548 1.4895667 1.6311102 2.424178 0.53653675 36.671417 -1.4297747611999512 0.18568219244480133
