Pedestrian 0.0 0 -1.5018033981323242 291.9766540527344 148.2700653076172 319.59893798828125 206.52197265625 1.0863487 1.7991024 0.7373598 -9.696398 1.0401886 22.915411 -1.9020965099334717 0.4944886267185211
Pedestrian 0.0 0 -1.332909107208252 266.4337158203125 145.59889221191406 298.2586669921875 203.6613006591797 0.9254953 1.8449476 0.74623966 -10.683538 0.9792677 23.449072 -1.7604151964187622 0.4123588502407074
Pedestrian 0.0 0 1.5956215858459473 254.5906219482422 144.79168701171875 280.7158508300781 206.16973876953125 1.0249923 1.8476585 0.7073401 -10.631191 1.0032591 22.329754 1.1512763500213623 0.34666603803634644
Pedestrian 0.0 0 0.20267115533351898 631.5698852539062 170.8698272705078 646.487060546875 202.3272705078125 0.78240824 1.8528225 0.59603494 1.6935321 1.736314 42.87847 0.24214673042297363 0.28328603506088257
Pedestrian 0.0 0 0.337352991104126 431.4661865234375 176.13214111328125 457.3263244628906 220.70848083496094 0.92039245 1.810643 0.5071669 -6.8444915 1.9471095 29.652662 0.1105039119720459 0.27749088406562805
Car 0.0 0 2.0131309032440186 0.0 190.6656036376953 396.88427734375 375.0 4.0395374 1.4999784 1.6906261 -3.5041916 1.7222376 6.9461656 1.5459067821502686 0.9550648927688599
Car 0.0 0 3.243093729019165 329.9347839355469 178.3800811767578 442.3968811035156 219.55870056152344 4.466208 1.6776474 1.7121578 -9.56329 1.9253422 31.014017 2.943990707397461 0.9199384450912476
Car 0.0 0 -1.5601304769515991 494.3925476074219 183.12181091308594 525.6226806640625 213.7117462158203 3.3585083 1.4573582 1.5288795 -5.190856 2.0139062 37.31887 -1.6983383893966675 0.8759604692459106
Car 0.0 0 1.6248741149902344 507.098388671875 178.86538696289062 538.02392578125 206.9110870361328 4.09028 1.5943974 1.6555694 -5.3217545 1.9789028 44.010414 1.5045380592346191 0.44807887077331543
Car 0.0 0 -0.08191463351249695 595.4820556640625 168.36439514160156 644.5113525390625 185.9735107421875 4.4462285 1.6178421 1.7006041 0.8899292 1.2057161 67.28965 -0.06869005411863327 0.44688311219215393
Car 0.0 0 -0.1948995143175125 600.8953857421875 171.5513153076172 649.2661743164062 190.45156860351562 3.7528028 1.5323839 1.617544 1.2069696 1.4271233 59.62019 -0.17465797066688538 0.2708043158054352
Car 0.0 0 -1.454150915145874 440.06591796875 179.09788513183594 474.5193786621094 205.2856903076172 3.8566113 1.5130254 1.6487474 -9.431514 1.9169021 44.63202 -1.6624042987823486 0.2521700859069824
