Pedestrian 0.0 0 -2.4743003845214844 29.608062744140625 483.5433654785156 82.88697814941406 555.6851806640625 0.90556055 1.8269452 0.74489087 -19.496567 1.62527 32.497986 -3.01466965675354 0.31902843713760376
Pedestrian 0.0 0 -0.4550807774066925 836.6304931640625 480.81646728515625 887.67578125 565.8341674804688 1.279812 2.4576557 0.7967597 1.3469844 2.1486158 37.233273 -0.4189196527004242 0.22340884804725647
Pedestrian 0.0 0 -1.253221869468689 647.290771484375 483.7568664550781 696.551025390625 581.4970092773438 1.2289506 2.1457732 0.7543412 -3.2360473 1.9756262 28.48099 -1.3663580417633057 0.21270178258419037
Pedestrian 0.0 0 -2.408046245574951 1138.7886962890625 498.3849182128906 1191.4263916015625 575.26318359375 1.13344 2.0544872 0.8172973 9.543572 2.2465467 34.66605 -2.1394009590148926 0.1838420331478119
Pedestrian 0.0 0 -2.7394607067108154 578.219970703125 498.04656982421875 612.8579711914062 550.2932739257812 1.1582773 2.0413418 0.7248324 -8.726717 2.302479 50.086483 -2.9119620323181152 0.1746293604373932
Pedestrian 0.0 0 0.2126375436782837 4.214532852172852 486.6390686035156 61.121124267578125 564.2474975585938 1.153663 2.0187845 0.71683997 -20.699825 1.8921552 33.473385 -0.3411991000175476 0.15932407975196838
Pedestrian 0.0 0 2.7156291007995605 522.7747802734375 484.486083984375 578.8147583007812 567.943359375 1.14488 1.95284 0.6456126 -6.3356543 1.7885542 30.232048 2.5090510845184326 0.15830852091312408
Pedestrian 0.0 0 -1.4363679885864258 622.5037841796875 478.8002624511719 645.0777587890625 535.328857421875 1.1588595 2.15539 0.71321243 -7.0364037 1.6708887 48.869904 -1.5793676376342773 0.1441543847322464
Pedestrian 0.0 0 -1.8248014450073242 146.568115234375 485.6094665527344 177.52218627929688 538.1668701171875 0.760817 1.8474447 0.8136727 -23.283312 1.6401378 45.070652 -2.3016374111175537 0.13845521211624146
Pedestrian 0.0 0 0.19952809810638428 705.9947509765625 486.63995361328125 734.6617431640625 547.2841186523438 0.9075738 2.1674924 0.71294063 -3.4566395 1.9935342 45.67304 0.12398982048034668 0.13044621050357819
Pedestrian 0.0 0 0.0015142448246479034 743.596435546875 498.6050109863281 776.0969848632812 560.5263671875 1.062823 2.0216641 0.6969156 -1.8615488 2.258039 41.80315 -0.04298765957355499 0.11635264754295349
Pedestrian 0.0 0 2.2377967834472656 1256.1778564453125 487.0351257324219 1298.1905517578125 592.6005249023438 0.7653154 2.3688006 0.54207927 10.499327 2.2684534 28.84929 2.5868332386016846 0.11395162343978882
Pedestrian 0.0 0 -1.52715265750885 543.2655639648438 486.4370422363281 571.4741821289062 563.0433959960938 1.0520093 1.9609635 0.6744953 -6.737881 1.8311809 32.99011 -1.728621244430542 0.10710440576076508
Pedestrian 0.0 0 0.021133750677108765 951.0693969726562 492.6111755371094 992.4708862304688 582.46826171875 1.0254045 2.2438657 0.70837915 3.941 2.2721856 32.058594 0.14345121383666992 0.10641276091337204
Pedestrian 0.0 0 0.029912427067756653 506.2926025390625 486.305908203125 544.665771484375 555.9884033203125 1.0359991 1.9433513 0.67169255 -8.201925 1.798298 35.748787 -0.1956166923046112 0.1059793159365654
Pedestrian 0.0 0 -0.9271932244300842 1158.2366943359375 486.9866943359375 1224.5916748046875 587.2697143554688 1.6148365 2.2830274 0.64558154 8.765768 2.180117 29.571701 -0.6390202045440674 0.10510336607694626
Pedestrian 0.0 0 1.5111205577850342 658.2572631835938 493.8147888183594 691.0615844726562 579.5064697265625 0.9134668 1.9723291 0.71085846 -3.3245382 2.0273557 29.686705 1.3995977640151978 0.10415144264698029
Cyclist 0.0 0 -0.8584352135658264 3.8460710048675537 503.2923278808594 69.42931365966797 577.2222900390625 1.4306617 1.8977587 0.71706265 -20.615946 2.2167585 33.51549 -1.4098960161209106 0.6070058941841125
Cyclist 0.0 0 -0.6600240468978882 159.69671630859375 480.1038513183594 223.740234375 551.3628540039062 1.7477729 2.2263095 0.7448637 -19.964596 1.8700446 40.514786 -1.1178734302520752 0.3256385326385498
Cyclist 0.0 0 -1.1800287961959839 657.020263671875 491.546142578125 709.4961547851562 584.7256469726562 1.353392 2.0452542 0.7144266 -2.986979 2.046158 28.548065 -1.2842793464660645 0.25167316198349
Cyclist 0.0 0 -1.4691935777664185 539.2471923828125 500.7886047363281 569.250732421875 575.2183227539062 1.0561528 1.8959705 0.6607356 -6.8123503 2.1416175 32.95828 -1.6730194091796875 0.11785263568162918
Car 0.0 0 -1.3499367237091064 177.63714599609375 509.72357177734375 269.76971435546875 568.38427734375 4.1585593 1.5776517 1.6009712 -17.527004 2.1506028 37.629627 -1.7858327627182007 0.5177491307258606
Car 0.0 0 -1.8458350896835327 919.5281982421875 509.1158142089844 999.375 562.9603271484375 4.120861 1.6609102 1.6080202 4.761464 2.2839317 42.64373 -1.7346388101577759 0.2304287701845169
Car 0.0 0 -1.673675775527954 556.6220092773438 508.3676452636719 613.2457885742188 555.99267578125 3.8986137 1.558944 1.5856707 -8.262408 2.1863284 45.030216 -1.8551430702209473 0.17600584030151367
Car 0.0 0 -1.744910717010498 942.5696411132812 512.961669921875 1030.3140869140625 581.0882568359375 4.188317 1.6315416 1.6114815 4.4699135 2.2400956 33.795025 -1.6134085655212402 0.15903116762638092
Car 0.0 0 1.2832260131835938 761.3961791992188 516.8857421875 835.4248046875 568.5296630859375 3.9395356 1.6604884 1.5684782 -0.68135923 2.6028452 44.91037 1.2680556774139404 0.1590202897787094
Car 0.0 0 -1.7428849935531616 646.7523193359375 506.5473937988281 721.593994140625 561.9031372070312 3.9373236 1.5670111 1.6449718 -4.129679 2.0567684 39.119648 -1.8480608463287354 0.12220219522714615
Car 0.0 0 1.4843053817749023 681.279052734375 510.55340576171875 772.2232055664062 602.6886596679688 4.0687056 1.7812489 1.6152142 -2.0116053 2.2270308 27.503862 1.4112963676452637 0.12183909118175507
Car 0.0 0 1.6840901374816895 180.28729248046875 518.8223266601562 279.57952880859375 591.9230346679688 4.198225 1.5035925 1.6598142 -13.79477 2.1989608 29.986008 1.2529182434082031 0.11841516196727753
Car 0.0 0 -1.83107590675354 535.6402587890625 513.4881591796875 661.7573852539062 603.7576904296875 4.0749507 1.6276975 1.5523027 -4.554597 2.1179407 26.069788 -2.004038095474243 0.11324473470449448
Car 0.0 0 0.9782347679138184 0.0 503.5242614746094 69.96028900146484 567.1692504882812 3.6766894 1.5015981 1.6077827 -20.810926 1.8179796 31.885248 0.3999764919281006 0.10852093249559402
