Pedestrian 0.0 0 -0.35336923599243164 1074.4805908203125 478.552734375 1134.0411376953125 570.889404296875 0.97052896 1.798534 0.69120294 5.6952004 1.5462095 25.072868 -0.13001318275928497 0.3753715455532074
Pedestrian 0.0 0 -3.4094252586364746 1479.005859375 490.6304016113281 1524.9302978515625 553.9624633789062 1.251279 2.1693392 0.72698367 23.74698 2.1393106 43.874756 -2.9133286476135254 0.26502031087875366
Pedestrian 0.0 0 -1.469293475151062 1407.15234375 505.5086364746094 1438.5614013671875 565.803466796875 1.2826815 1.850446 0.7677195 19.144785 2.3005183 39.960827 -1.0225143432617188 0.2179369181394577
Pedestrian 0.0 0 -2.565164804458618 648.5046997070312 471.97894287109375 694.9278564453125 541.34619140625 0.98004323 1.7197727 0.6237433 -3.6394632 1.2356249 31.89522 -2.6787803173065186 0.17662060260772705
Pedestrian 0.0 0 -1.7106125354766846 561.4138793945312 498.61029052734375 585.6454467773438 551.0525512695312 1.0448933 1.9027627 0.73967093 -8.960382 2.1683078 46.72969 -1.9000622034072876 0.16025543212890625
Pedestrian 0.0 0 -1.5701019763946533 1286.78466796875 468.4109802246094 1387.1822509765625 654.0032348632812 1.674455 2.2017162 1.1171371 6.574906 1.9277225 16.010538 -1.1804388761520386 0.15387991070747375
Pedestrian 0.0 0 2.6753745079040527 992.3674926757812 479.38287353515625 1056.0443115234375 577.8191528320312 1.1134151 2.0120106 0.6997817 4.328158 1.7641951 26.385561 2.8379616737365723 0.15026019513607025
Pedestrian 0.0 0 -1.2094616889953613 441.891357421875 486.5328063964844 498.3797607421875 577.3048095703125 1.2579542 2.3019648 1.0325661 -8.94948 2.175818 32.791237 -1.475895881652832 0.15005235373973846
Pedestrian 0.0 0 3.080329418182373 681.7844848632812 502.12945556640625 702.3905639648438 542.5284423828125 0.9216117 1.8734223 0.67114645 -5.8211803 2.3745809 59.344566 2.982551097869873 0.14275068044662476
Pedestrian 0.0 0 -0.045206218957901 553.4744873046875 497.87896728515625 582.6251220703125 552.777099609375 1.047221 2.0472486 0.75903755 -9.378235 2.2903984 47.833866 -0.2388089895248413 0.14212407171726227
Pedestrian 0.0 0 -0.4991273283958435 1163.49951171875 502.61260986328125 1192.81201171875 547.0418090820312 1.2619525 2.202946 0.6360331 18.133871 2.7634268 63.465836 -0.22081637382507324 0.12934325635433197
Pedestrian 0.0 0 -2.871208667755127 629.6416625976562 496.3410949707031 654.6192016601562 540.5814208984375 0.9312755 1.920882 0.698832 -7.626504 2.1342292 55.484528 -3.007805585861206 0.12044353783130646
Pedestrian 0.0 0 0.10250985622406006 363.89886474609375 484.2450866699219 411.3669128417969 559.1344604492188 1.2554762 2.17731 0.7427068 -12.622257 1.9661772 37.320736 -0.22362351417541504 0.11968255788087845
Pedestrian 0.0 0 2.41973876953125 1034.847412109375 494.35321044921875 1074.9918212890625 559.7926635742188 0.94021416 1.807674 0.6068668 6.694704 1.8886441 35.527424 2.605992317199707 0.11871858686208725
Cyclist 0.0 0 -1.385793685913086 1016.6121826171875 504.8870544433594 1063.26513671875 606.7977294921875 1.290404 2.0235746 0.7202599 4.613035 2.3067195 26.069027 -1.2106521129608154 0.4358437657356262
Cyclist 0.0 0 -0.84403395652771 542.3765258789062 472.0163269042969 613.08447265625 580.01171875 1.4772629 2.4423769 0.8516515 -5.543647 2.0015824 29.493189 -1.029829740524292 0.30512773990631104
Cyclist 0.0 0 -1.3807604312896729 657.1134643554688 498.36590576171875 679.55517578125 540.35205078125 1.9172152 1.9505494 0.70883954 -7.0164833 2.2815666 60.13701 -1.4969102144241333 0.2366517037153244
Cyclist 0.0 0 -1.0254831314086914 376.90838623046875 492.1493835449219 425.3888244628906 563.7832641601562 1.4217478 2.072754 0.72990024 -12.25858 2.0921326 37.4333 -1.3419545888900757 0.2131435126066208
Cyclist 0.0 0 -1.3313184976577759 1174.413818359375 505.8299865722656 1195.7720947265625 546.2131958007812 1.3813275 1.9887362 0.7244038 18.554884 2.71797 63.698795 -1.0478706359863281 0.17143484950065613
Cyclist 0.0 0 -1.4713950157165527 1397.7139892578125 506.0415954589844 1427.0968017578125 571.1016235351562 1.1909118 2.0051708 0.72584164 18.85185 2.4727116 40.04027 -1.0313608646392822 0.14462344348430634
Cyclist 0.0 0 -1.3883079290390015 394.78875732421875 487.5437927246094 424.52740478515625 549.3088989257812 1.3244529 2.006329 0.70661986 -13.425092 1.8775891 41.83923 -1.6988028287887573 0.1386100947856903
Car 0.0 0 -2.1632297039031982 1497.78564453125 528.9593505859375 1600.0 581.90576171875 4.129997 1.5354657 1.5311774 24.481773 2.8345718 41.819176 -1.6335999965667725 0.414652019739151
Car 0.0 0 -2.069733142852783 1110.961669921875 509.1584167480469 1188.2779541015625 554.2412109375 4.0534744 1.8775936 1.5934156 14.842344 2.6964688 56.5925 -1.8132429122924805 0.3614085614681244
Car 0.0 0 -2.108750820159912 1253.4083251953125 513.58837890625 1348.418212890625 556.680419921875 4.1603327 1.5644664 1.6268597 19.220196 2.4816084 50.41088 -1.744493842124939 0.26921162009239197
Car 0.0 0 -1.6009286642074585 636.46435546875 510.3651123046875 678.06787109375 549.982421875 3.925222 1.5457928 1.622365 -6.7396812 2.372352 53.443287 -1.7263754606246948 0.24677209556102753
Car 0.0 0 -1.8141252994537354 1221.4757080078125 514.2855224609375 1289.430908203125 557.3033447265625 3.9810414 1.5534021 1.6180207 17.271461 2.4890075 49.96217 -1.4812946319580078 0.23785728216171265
Car 0.0 0 -1.6380200386047363 559.2164916992188 506.7530822753906 621.7185668945312 568.853271484375 4.3788505 1.7641803 1.6206814 -7.0791316 2.2668889 39.437157 -1.8156325817108154 0.19172027707099915
Car 0.0 0 -2.0752170085906982 1175.51513671875 499.9256896972656 1407.9127197265625 617.6702270507812 4.0852237 1.6125686 1.603974 7.2561812 1.7583654 19.791332 -1.723800778388977 0.1579395979642868
Car 0.0 0 -1.5020482540130615 352.4273681640625 504.32757568359375 418.9366149902344 564.3064575195312 3.7606194 1.786487 1.7620791 -13.76293 2.2185493 40.636673 -1.8286052942276 0.1574299931526184
Car 0.0 0 -1.6711211204528809 1153.38330078125 516.3348999023438 1199.8282470703125 561.0848999023438 3.2770374 1.7418967 1.5468136 15.043878 2.8149354 52.98469 -1.3944730758666992 0.12991183996200562
Car 0.0 0 1.6520717144012451 241.56558227539062 506.80267333984375 318.0028076171875 569.5531005859375 3.962145 1.5724936 1.6179129 -14.724698 2.0199258 34.91108 1.2529339790344238 0.12946869432926178
Car 0.0 0 -3.3391740322113037 1114.954345703125 518.6098022460938 1196.54052734375 550.9544067382812 3.8714375 1.6279209 1.6808957 17.745434 3.0677094 66.31421 -3.0777039527893066 0.12743106484413147
Car 0.0 0 -2.2132906913757324 1308.5224609375 498.1720886230469 1557.2122802734375 603.1322021484375 4.05982 1.5564994 1.6176531 10.142861 1.6793903 21.201809 -1.7670751810073853 0.12732845544815063
Car 0.0 0 -3.2638471126556396 1367.7392578125 525.1649169921875 1511.9896240234375 577.126953125 4.1145215 1.5841162 1.6003695 20.545853 2.7354496 41.890415 -2.8078551292419434 0.12561100721359253
Car 0.0 0 -1.4767649173736572 304.2572326660156 512.7431030273438 393.781005859375 588.8409423828125 3.8505437 1.5940484 1.6105483 -10.902702 2.1275444 29.748413 -1.8280601501464844 0.11887088418006897
