Pedestrian 0.0 0 1.9144786596298218 666.3292846679688 140.70468139648438 692.7099609375 194.13497924804688 0.8789093 1.9106536 0.7051971 2.4995434 0.76136017 26.346811 2.009066343307495 0.3968404233455658
Pedestrian 0.0 0 1.079575777053833 726.2431640625 135.21356201171875 772.3561401367188 216.14724731445312 0.9990291 1.6882502 0.57351667 2.9515445 0.90344065 15.610788 1.266440749168396 0.35782390832901
Cyclist 0.0 0 0.29461774230003357 717.1647338867188 134.81784057617188 777.316650390625 219.19969177246094 1.1477828 1.7641721 0.62839127 2.9229534 0.9693075 15.625981 0.4795379638671875 0.2755199670791626
Car 0.0 0 -1.8185157775878906 700.6804809570312 184.48275756835938 842.3367309570312 285.028564453125 3.5554328 1.4994562 1.6147403 2.6850789 1.738376 12.988072 -1.614653468132019 0.9587264060974121
Car 0.0 0 -1.3516762256622314 395.41046142578125 191.29869079589844 483.3829650878906 253.36607360839844 3.5523548 1.4065727 1.5349686 -4.478055 1.9432275 19.192814 -1.580894947052002 0.9554097056388855
Car 0.0 0 -1.6791125535964966 655.38232421875 182.36895751953125 714.8152465820312 233.46307373046875 3.3969455 1.4879795 1.5374221 2.315471 1.818799 23.351086 -1.580276608467102 0.887558102607727
Car 0.0 0 -1.4045689105987549 453.7999267578125 180.91046142578125 511.84930419921875 223.17259216308594 3.7912161 1.4949396 1.6236647 -4.927637 1.8308316 28.146433 -1.5778839588165283 0.800604522228241
Car 0.0 0 -1.7484709024429321 623.9522094726562 178.69937133789062 667.1826782226562 209.72996520996094 4.047888 1.5630548 1.6486396 1.8422916 1.898559 39.25277 -1.7015712261199951 0.6325468420982361
Car 0.0 0 1.6778661012649536 497.9042053222656 184.1841278076172 533.3802490234375 215.25889587402344 4.0412283 1.6764219 1.6482086 -5.5352473 2.37539 42.448193 1.5481977462768555 0.6016252636909485
Car 0.0 0 2.4373247623443604 0.0 187.78475952148438 96.41242980957031 375.0 4.044767 1.4781508 1.5670768 -4.6225986 1.592387 3.430976 1.5050303936004639 0.3889206051826477
