Pedestrian 0.0 0 -0.0977497398853302 552.5980834960938 153.0696563720703 629.0361328125 326.6496276855469 0.752728 1.7631497 0.61407346 -0.2156985 1.4862174 7.5289474 -0.12639112770557404 0.6681731939315796
Pedestrian 0.0 0 1.3674273490905762 838.37451171875 170.9955291748047 868.3958129882812 236.20111083984375 0.8345618 1.6070172 0.5563279 6.232944 1.3743728 17.87084 1.703012466430664 0.25834304094314575
Pedestrian 0.0 0 0.2896137237548828 55.44064712524414 197.39048767089844 100.50801849365234 259.4727783203125 0.8823015 1.7271119 0.6958585 -15.231166 2.2276492 20.40383 -0.3516343832015991 0.253129780292511
Pedestrian 0.0 0 3.210939884185791 204.2573699951172 139.18296813964844 248.0733184814453 235.11331176757812 0.7216699 1.8366416 0.6690965 -7.5241857 1.0472369 13.985306 2.717351198196411 0.23236970603466034
Pedestrian 0.0 0 1.7538557052612305 849.412353515625 127.95545196533203 908.5899658203125 242.1158905029297 1.0806676 1.832703 0.75588673 4.6199594 0.9908201 12.0040245 2.121249198913574 0.1874058097600937
Pedestrian 0.0 0 1.8291376829147339 746.5784301757812 134.29452514648438 811.7728271484375 248.43304443359375 1.0641168 1.8937262 0.8703191 3.0238059 1.12876 12.401243 2.0683016777038574 0.17046625912189484
Pedestrian 0.0 0 2.5942916870117188 807.3685913085938 189.71388244628906 879.6981201171875 284.75311279296875 1.1525215 1.8033395 0.7124733 4.6643033 1.9934014 13.979223 2.9163360595703125 0.11635026335716248
Pedestrian 0.0 0 3.0597753524780273 511.4061584472656 120.75094604492188 561.0037841796875 191.51376342773438 1.2047623 1.7504269 0.5576352 -1.7820538 0.27403897 17.86779 2.9603686332702637 0.10370688885450363
Cyclist 0.0 0 2.7304396629333496 788.0247192382812 178.3236541748047 889.0703125 273.3206787109375 1.7800996 1.8273871 0.6780651 4.5719333 1.7871554 14.018695 3.045694351196289 0.20146973431110382
Cyclist 0.0 0 1.3674273490905762 838.37451171875 170.9955291748047 868.3958129882812 236.20111083984375 0.8345618 1.6070172 0.5563279 6.232944 1.3743728 17.87084 1.703012466430664 0.19460593163967133
Cyclist 0.0 0 3.0646657943725586 519.748046875 133.8232879638672 569.8748168945312 204.705322265625 1.2149695 1.7458067 0.5748211 -1.5588945 0.5977682 17.792374 2.9772729873657227 0.18522463738918304
