Pedestrian 0.0 0 -1.631891131401062 572.65283203125 157.46176147460938 616.9419555664062 274.8395080566406 0.8901372 1.6494379 0.592341 -0.21020524 1.327363 10.398404 -1.6521035432815552 0.8910840153694153
Pedestrian 0.0 0 1.1660242080688477 834.9178466796875 177.75643920898438 874.929443359375 253.1575164794922 0.815008 1.8556544 0.68356043 6.2544246 1.7897317 17.825396 1.503475308418274 0.2674703299999237
Pedestrian 0.0 0 1.334979772567749 774.787841796875 147.86268615722656 822.2208862304688 251.84873962402344 0.7846118 1.762553 0.6319637 3.331734 1.211002 12.380151 1.5978703498840332 0.15179738402366638
Pedestrian 0.0 0 -1.7562705278396606 486.69476318359375 170.69129943847656 545.2955322265625 272.45751953125 1.0007877 1.8112261 0.9122719 -1.718952 1.6382945 13.196111 -1.88580322265625 0.12483921647071838
Pedestrian 0.0 0 2.7483363151550293 605.1013793945312 182.3909454345703 658.0612182617188 274.61627197265625 0.92944956 1.8462869 0.61347437 0.50365543 1.8882197 14.618454 2.782776117324829 0.1047925353050232
Pedestrian 0.0 0 0.8350149393081665 454.5931091308594 168.67030334472656 503.118896484375 254.25314331054688 0.81134224 1.7531661 0.63019407 -2.7136674 1.5124596 14.976041 0.655759334564209 0.10190900415182114
Pedestrian 0.0 0 0.08180903643369675 622.7630615234375 168.3033447265625 683.3510131835938 271.0650634765625 1.0594399 1.8270427 0.7018409 0.851266 1.6118362 12.990777 0.14724397659301758 0.10045986622571945
Cyclist 0.0 0 -3.7177374362945557 1009.62744140625 204.8118896484375 1128.7144775390625 293.91912841796875 1.7560745 1.6406279 0.8271652 8.889109 2.1261568 13.653604 -3.1406280994415283 0.13670614361763
Cyclist 0.0 0 -1.8821089267730713 854.4473266601562 149.1637725830078 905.1287231445312 261.6012878417969 1.1825835 1.8177407 0.45769775 4.6102915 1.3127912 12.028576 -1.5161004066467285 0.10172636061906815
Car 0.0 0 2.391094446182251 0.0 200.5122528076172 112.06993865966797 256.7236633300781 3.3146212 1.4177665 1.5567923 -16.632156 2.0586293 20.82933 1.7172707319259644 0.2229786217212677
Car 0.0 0 -3.368699312210083 695.4512329101562 200.43234252929688 886.6340942382812 270.3675537109375 4.0838175 1.5130115 1.5942998 4.2197924 2.0067735 16.612152 -3.1199421882629395 0.12535011768341064
Car 0.0 0 1.3543081283569336 48.341007232666016 197.5183563232422 129.1965789794922 242.32821655273438 3.9039083 1.4322506 1.5842651 -18.98727 2.1028578 25.909534 0.7218871116638184 0.11442108452320099
Car 0.0 0 2.0239298343658447 5.4399943351745605 167.8887176513672 96.31664276123047 206.0030517578125 4.148022 1.6230052 1.6123915 -25.194496 1.0874635 32.299244 1.3614826202392578 0.10605545341968536
