Pedestrian 0.0 0 0.4138069450855255 651.37060546875 500.375244140625 680.4807739257812 549.0418701171875 0.99873716 1.9965405 0.7127925 -6.2442737 2.3684096 52.61827 0.2956881523132324 0.24276180565357208
Pedestrian 0.0 0 -1.3005849123001099 623.120849609375 503.8085021972656 647.5919189453125 552.7557983398438 1.1064866 2.0347965 0.75623626 -7.644 2.5606952 53.543636 -1.4423887729644775 0.1391148865222931
Cyclist 0.0 0 -0.6954351663589478 0.0 487.51312255859375 36.22059631347656 558.5309448242188 1.3393666 1.9866974 0.7086138 -23.147781 1.8749676 36.172874 -1.2646923065185547 0.1710362285375595
Cyclist 0.0 0 -1.7262835502624512 1154.107421875 500.609130859375 1178.866943359375 562.6373901367188 1.6111773 2.1694515 0.6126306 12.5396385 2.5015664 45.373615 -1.4566495418548584 0.1531708985567093
Car 0.0 0 -1.10910964012146 139.42904663085938 507.8452453613281 264.27276611328125 568.7619018554688 3.942723 1.5879174 1.6032877 -17.39596 2.078627 36.05534 -1.5586427450180054 0.33930566906929016
Car 0.0 0 -1.4547007083892822 168.50953674316406 506.93023681640625 232.1288299560547 555.8201293945312 4.562387 1.7036052 1.6504706 -23.326393 2.3187587 48.085415 -1.9063600301742554 0.3222816586494446
Car 0.0 0 -1.4479568004608154 250.14065551757812 507.46368408203125 332.7532043457031 577.9241333007812 4.2352757 1.8395784 1.677528 -14.991423 2.3261497 36.353264 -1.8390913009643555 0.29480597376823425
Car 0.0 0 -1.3841086626052856 341.0464172363281 539.3688354492188 538.749755859375 716.77294921875 3.9691904 1.8103713 1.6663866 -4.620018 2.4958723 16.084888 -1.6638065576553345 0.23319508135318756
Car 0.0 0 1.212375283241272 796.0684204101562 515.9290771484375 879.6536865234375 568.3200073242188 3.648732 1.6064541 1.6377248 0.6801791 2.4680243 42.683796 1.2283092737197876 0.20875830948352814
Car 0.0 0 -2.189164161682129 1351.489990234375 509.802978515625 1600.0 622.1040649414062 4.4727554 1.6409159 1.6184695 11.130798 1.9864943 21.591898 -1.7131870985031128 0.20434285700321198
Car 0.0 0 -1.4794390201568604 656.7752685546875 510.45550537109375 706.718505859375 554.3729248046875 4.080162 1.6247565 1.618611 -5.3420706 2.4136205 50.672764 -1.584473967552185 0.19902560114860535
Car 0.0 0 -1.0927274227142334 0.0 509.13104248046875 93.09052276611328 555.8883666992188 3.8270388 1.5965178 1.5840886 -28.438723 2.2735374 46.685413 -1.6398524045944214 0.19463102519512177
Car 0.0 0 1.1022229194641113 1126.5560302734375 506.2468566894531 1363.1959228515625 625.2213745117188 4.5342994 1.6204101 1.6803917 6.6398835 1.8831077 20.202799 1.4197629690170288 0.18518173694610596
Car 0.0 0 -1.4290601015090942 596.5993041992188 513.2461547851562 650.7296142578125 555.7166137695312 3.5883515 1.6561108 1.7491446 -8.026392 2.59732 53.028996 -1.5792784690856934 0.18250440061092377
Car 0.0 0 -1.215622901916504 12.321491241455078 511.9019775390625 87.02144622802734 556.380126953125 2.9605038 1.6805913 1.6415528 -30.783947 2.526738 50.93347 -1.7592679262161255 0.15716473758220673
Car 0.0 0 -2.1314303874969482 1377.498046875 558.7507934570312 1600.0 696.6494750976562 4.0535345 1.5131525 1.6747531 9.808394 2.578733 17.993885 -1.6323601007461548 0.15607991814613342
Car 0.0 0 1.2833939790725708 848.8355712890625 510.23101806640625 996.0660400390625 615.7675170898438 3.9590402 1.6955808 1.6167907 1.8420999 2.0696533 23.197006 1.3626388311386108 0.14683426916599274
Car 0.0 0 -1.5826081037521362 717.63525390625 515.4141235351562 762.4561157226562 562.6943969726562 3.6842222 1.6440893 1.6256922 -2.9015765 2.5832 47.85099 -1.6431716680526733 0.1349463313817978
Car 0.0 0 -1.222733497619629 500.8423156738281 508.91107177734375 576.64208984375 557.231201171875 3.737075 1.6733054 1.5777287 -10.296021 2.3491557 47.221973 -1.4374083280563354 0.13117502629756927
Car 0.0 0 1.25667142868042 695.7804565429688 510.9400634765625 833.6951293945312 605.7646484375 4.0312743 1.6637686 1.5691926 -1.1159948 2.084713 25.269485 1.212536334991455 0.1287117749452591
