Pedestrian 0.0 0 -2.30393123626709 531.2492065429688 479.1479187011719 598.4970703125 618.0064086914062 0.8273913 2.1091368 0.63843954 -3.918152 1.9214114 19.739094 -2.4998812675476074 0.24965940415859222
Pedestrian 0.0 0 0.04346352815628052 378.3409423828125 464.7734069824219 446.4295349121094 615.872802734375 0.94389296 2.2142522 0.7222044 -6.056429 1.8224894 19.030405 -0.2646512985229492 0.19608516991138458
Pedestrian 0.0 0 0.18954455852508545 85.26323699951172 455.24444580078125 152.48214721679688 594.4743041992188 0.7326671 1.9101638 0.56132805 -9.7670355 1.4126589 17.754534 -0.3133869171142578 0.18740646541118622
Pedestrian 0.0 0 0.08439186960458755 583.4802856445312 495.5860595703125 614.5926513671875 543.8681030273438 1.1948175 1.9407551 0.61876696 -8.799454 2.1072247 51.325043 -0.0854029580950737 0.1756434291601181
Pedestrian 0.0 0 -2.565335988998413 371.58880615234375 476.76263427734375 425.4201354980469 557.909423828125 1.1114746 2.0933013 0.7470757 -10.938019 1.7129467 33.171963 -2.8838462829589844 0.17453376948833466
Pedestrian 0.0 0 0.2796962261199951 233.7370147705078 463.1035461425781 310.3309631347656 608.5940551757812 0.86615205 2.0683472 0.68697417 -7.894838 1.6645519 18.398897 -0.12563610076904297 0.16968756914138794
Pedestrian 0.0 0 -1.5602796077728271 154.25450134277344 468.2356262207031 208.33493041992188 604.8179321289062 0.6305242 1.9058118 0.68030596 -9.069981 1.5810919 18.103542 -2.0247316360473633 0.12568937242031097
Pedestrian 0.0 0 -3.353423595428467 1447.817138671875 493.111572265625 1494.83544921875 570.69189453125 0.93509966 1.9510874 0.72384185 16.719658 1.9926596 32.340824 -2.876281976699829 0.12297888100147247
Pedestrian 0.0 0 -1.1704678535461426 0.0 462.8399658203125 21.870092391967773 577.8245239257812 1.5329092 1.9550732 0.6775544 -14.723988 1.4676485 22.347946 -1.7530406713485718 0.11095962673425674
Cyclist 0.0 0 -1.6006031036376953 916.5113525390625 502.26812744140625 934.6253662109375 560.5195922851562 1.6909324 2.2468524 0.6626313 4.3117275 2.6792927 50.02922 -1.5146313905715942 0.7001581192016602
Cyclist 0.0 0 -1.754331350326538 979.86962890625 505.3770446777344 1003.5155639648438 561.6452026367188 1.7902976 2.4437845 0.72765535 7.7991195 3.0710442 56.361874 -1.6168286800384521 0.1621323972940445
Cyclist 0.0 0 -1.1704678535461426 0.0 462.8399658203125 21.870092391967773 577.8245239257812 1.5329092 1.9550732 0.6775544 -14.723988 1.4676485 22.347946 -1.7530406713485718 0.12229247391223907
Car 0.0 0 -1.7171293497085571 801.8527221679688 517.1829833984375 892.3446655273438 601.67529296875 4.303606 1.8409044 1.6080141 0.68651074 2.5184877 31.185677 -1.6951192617416382 0.25164729356765747
Car 0.0 0 -0.4822714328765869 1098.2742919921875 520.4591064453125 1304.7032470703125 602.0548706054688 4.2374487 1.7246046 1.5809876 8.720749 2.409164 28.77147 -0.18796932697296143 0.24192260205745697
Car 0.0 0 -2.1141531467437744 1456.859130859375 519.5380249023438 1600.0 592.0005493164062 4.0979433 1.7032729 1.6252378 18.816162 2.489428 33.444836 -1.6016855239868164 0.24049891531467438
Car 0.0 0 -1.9696731567382812 1377.223388671875 511.332763671875 1525.4122314453125 592.8309936523438 4.0762334 1.691549 1.6060909 14.612686 2.1841807 29.383791 -1.5081844329833984 0.23170487582683563
Car 0.0 0 1.1509051322937012 1104.4375 515.6940307617188 1175.80712890625 555.8574829101562 4.3649073 1.7244421 1.6006187 15.137131 2.9028602 59.414913 1.4003679752349854 0.19080409407615662
Car 0.0 0 1.505836844444275 861.126953125 507.7454833984375 949.7837524414062 596.008056640625 4.10885 1.689776 1.615709 1.8336422 2.0631013 27.058731 1.5734987258911133 0.18509720265865326
Car 0.0 0 1.3186662197113037 1003.3070068359375 515.8196411132812 1110.6177978515625 594.0358276367188 3.8275297 1.708743 1.6578531 5.785354 2.338775 30.852938 1.5040276050567627 0.18059538304805756
Car 0.0 0 1.0700101852416992 1238.244384765625 513.811279296875 1395.798583984375 596.0521240234375 4.549027 1.8310517 1.6967598 12.457302 2.4335034 31.842623 1.4429200887680054 0.15429049730300903
Car 0.0 0 -2.128574848175049 1444.89404296875 513.6986083984375 1600.0 590.821044921875 4.026691 1.6087762 1.6157836 16.59752 2.1641815 29.646248 -1.6181989908218384 0.14340513944625854
Car 0.0 0 2.287444829940796 15.187716484069824 498.965576171875 257.3706359863281 604.4744262695312 4.061846 1.7209938 1.613245 -12.244511 1.8699093 23.123785 1.800460934638977 0.14083769917488098
Car 0.0 0 -1.152606725692749 29.684301376342773 498.9532775878906 162.82034301757812 565.823486328125 3.756353 1.6016568 1.5949883 -18.496252 1.805442 32.712566 -1.6672096252441406 0.13306310772895813
Car 0.0 0 0.9817685484886169 1545.7396240234375 528.190185546875 1600.0 604.0709228515625 4.234681 1.754147 1.6572489 21.363527 2.7855728 33.47379 1.5498155355453491 0.13173933327198029
Car 0.0 0 -0.964795708656311 0.0 506.20806884765625 78.46499633789062 613.7705688476562 3.7149358 1.6874225 1.6921343 -14.911255 1.9674083 22.249012 -1.5552394390106201 0.1240324154496193
