Pedestrian 0.0 0 1.4967910051345825 843.968017578125 94.66944885253906 904.3350830078125 262.015380859375 0.62890565 1.6268008 0.52758354 2.728792 0.7840758 7.3557644 1.8520267009735107 0.2987131178379059
Pedestrian 0.0 0 -1.4154318571090698 766.1849365234375 166.48004150390625 775.7310791015625 190.72244262695312 0.7212941 1.7659886 0.5783266 12.472404 0.67242825 52.769176 -1.1833336353302002 0.14852188527584076
Car 0.0 0 -0.6418598890304565 397.5048522949219 175.19090270996094 499.96429443359375 218.3423614501953 3.4179604 1.4698422 1.5495956 -5.549404 1.2560129 26.260944 -0.8501138687133789 0.9483913779258728
Car 0.0 0 1.593805193901062 594.8823852539062 167.7400665283203 615.1622924804688 187.39442443847656 4.0047736 1.4654971 1.479748 0.3267067 0.4400884 55.581898 1.5996830463409424 0.6366578936576843
Car 0.0 0 -1.5302364826202393 562.5896606445312 170.2829132080078 589.7257080078125 194.2512969970703 3.691286 1.4572093 1.5723395 -1.5606276 0.7759901 45.520706 -1.564507007598877 0.6175498962402344
Car 0.0 0 2.2629220485687256 327.3810729980469 180.21554565429688 400.1333923339844 208.6259765625 3.8324883 1.4238453 1.5793414 -12.525994 1.3603503 38.07048 1.9450573921203613 0.4378873109817505
Car 0.0 0 -0.00047534704208374023 5.432244300842285 166.93359375 123.08021545410156 204.35194396972656 4.13371 1.5761861 1.6696805 -23.96369 0.96357596 32.16097 -0.6408441066741943 0.19616295397281647
Car 0.0 0 -2.2897720336914062 0.0 200.87442016601562 40.991485595703125 301.761474609375 4.0882015 1.4866419 1.6443617 -11.9575815 1.8345629 11.898794 -3.077634334564209 0.18480540812015533
Car 0.0 0 0.36333727836608887 0.0 190.36167907714844 96.4308853149414 222.68028259277344 3.4402018 1.4279306 1.6192211 -26.013609 1.8603781 33.706093 -0.293956458568573 0.16934221982955933
Car 0.0 0 -2.2033803462982178 365.20428466796875 162.4262237548828 417.890380859375 185.2803192138672 4.5105586 1.7518208 1.6750206 -16.686 0.290325 57.09602 -2.4877068996429443 0.15293513238430023
Car 0.0 0 1.528318166732788 420.3294982910156 174.25563049316406 456.46270751953125 207.84600830078125 3.6739395 1.4646538 1.4683874 -7.606163 1.1497318 33.28482 1.3036582469940186 0.15208494663238525
