Car 0.0 0 -2.791923999786377 271.8078918457031 175.6526641845703 423.2135009765625 233.66795349121094 3.434103 1.4676384 1.5966368 -6.925178 1.54532 19.130056 -3.1392533779144287 0.9203072786331177
Car 0.0 0 -2.3454432487487793 727.3684692382812 176.4620361328125 820.091552734375 217.49571228027344 3.4128816 1.4625405 1.5435238 6.2213655 1.6117011 27.898088 -2.126030206680298 0.9040331840515137
Car 0.0 0 0.6036925315856934 0.0 177.3065948486328 358.1250305175781 304.39471435546875 4.1965966 1.5285683 1.5569795 -5.7909307 1.5940967 9.648703 0.06314277648925781 0.9014347791671753
Car 0.0 0 -1.788496732711792 624.7633666992188 175.4213409423828 666.6821899414062 203.8174285888672 3.3932562 1.5003526 1.6341591 1.9135058 1.6504092 40.258743 -1.7410023212432861 0.8985835313796997
Car 0.0 0 0.7862056493759155 0.0 160.68040466308594 183.2149200439453 355.20367431640625 4.0731854 1.6574378 1.7234259 -6.7652273 1.5540706 7.0502973 0.0214385986328125 0.8083218336105347
Car 0.0 0 3.390207290649414 299.4482727050781 180.55162048339844 447.3863525390625 237.32565307617188 3.8412464 1.575228 1.6990099 -6.917207 1.8127687 21.255281 3.075582265853882 0.8077248930931091
Car 0.0 0 3.6254615783691406 57.977577209472656 178.49159240722656 344.7211608886719 277.0568542480469 3.8794346 1.5180155 1.5799353 -6.7081203 1.619026 12.042473 3.1172306537628174 0.7866602540016174
Car 0.0 0 -2.3644649982452393 931.0249633789062 189.05734252929688 1242.0 375.0 3.779965 1.5685816 1.5998968 2.8696673 1.6758604 2.8628561 -1.577878713607788 0.7218588590621948
Car 0.0 0 -1.547780990600586 612.6588745117188 173.63015747070312 637.4441528320312 196.96250915527344 4.0413175 1.5413147 1.6216513 1.0446558 1.5975114 49.852394 -1.5268291234970093 0.6122190952301025
Car 0.0 0 3.3206663131713867 417.2181091308594 174.77911376953125 506.65185546875 205.4334716796875 4.123613 1.4821478 1.6876725 -7.3474674 1.5806372 35.886486 3.118715524673462 0.587641179561615
