Car 0.0 0 -1.2448606491088867 306.59088134765625 176.80662536621094 400.710205078125 229.65780639648438 4.0142207 1.5625908 1.6667461 -8.135117 1.3151006 23.265512 -1.5812362432479858 0.9698047041893005
Car 0.0 0 -1.3769742250442505 422.9126281738281 183.5945587158203 508.95208740234375 244.0435791015625 3.7197933 1.5317061 1.6645044 -3.8939586 1.4917597 20.072906 -1.5685850381851196 0.964043140411377
Car 0.0 0 -1.1085269451141357 0.0 190.815673828125 413.1789245605469 376.0 4.235855 1.4728858 1.6688521 -3.1862118 1.5402333 6.377451 -1.5718591213226318 0.9590505361557007
Car 0.0 0 -1.602452039718628 569.8628540039062 179.96412658691406 613.9396362304688 221.11056518554688 3.4181905 1.63345 1.7374033 -0.75514036 1.4261023 30.28919 -1.6273778676986694 0.9583045244216919
Car 0.0 0 -1.4689877033233643 499.3332824707031 181.59698486328125 545.3167724609375 216.6614532470703 4.226669 1.4734927 1.6319903 -3.8092575 1.3225569 32.329975 -1.5862712860107422 0.9238468408584595
Car 0.0 0 -1.4548877477645874 386.1015930175781 188.3380889892578 435.2228698730469 224.9241485595703 3.6087437 1.407786 1.5626447 -8.165756 1.5469892 29.88273 -1.7216355800628662 0.8070697784423828
Car 0.0 0 2.188331127166748 1.2298836708068848 186.72825622558594 187.66905212402344 252.85400390625 4.190617 1.416113 1.5551629 -12.335731 1.4586755 17.586742 1.5766513347625732 0.7004634737968445
Car 0.0 0 2.099682092666626 117.84527587890625 188.90536499023438 291.41680908203125 263.6321105957031 3.9837277 1.4245133 1.5289783 -8.73384 1.5176507 15.910072 1.5976450443267822 0.6218156814575195
Car 0.0 0 1.9706690311431885 193.56307983398438 179.99595642089844 289.9147644042969 225.85629272460938 3.918415 1.4482006 1.5411867 -12.486294 1.2845004 24.703728 1.5026775598526 0.5826201438903809
Car 0.0 0 -0.8692560195922852 0.0 189.6416778564453 197.5787353515625 308.75408935546875 3.4255552 1.4497513 1.5515794 -7.9450297 1.52718 10.632205 -1.511001706123352 0.5461066961288452
Car 0.0 0 -1.4340198040008545 465.0450134277344 181.3568115234375 497.08123779296875 204.9029083251953 3.5654233 1.4877052 1.6033953 -8.306611 1.2450219 47.226845 -1.6081264019012451 0.44955307245254517
