Cyclist 0.0 0 1.4799846410751343 672.0616455078125 168.67027282714844 683.871826171875 196.11923217773438 1.6908212 1.7448809 0.6080588 4.3619823 1.4792869 46.71022 1.5730985403060913 0.6728302240371704
Car 0.0 0 -1.3034617900848389 403.4831848144531 183.46029663085938 567.7117919921875 296.588623046875 3.8493474 1.4238293 1.5672425 -1.8198895 1.6219536 11.452235 -1.4610552787780762 0.9656814336776733
Car 0.0 0 2.185553789138794 0.0 193.799560546875 410.2665710449219 375.0 3.7962685 1.5629001 1.5981959 -2.7344522 1.750209 4.4895444 1.6384910345077515 0.9001602530479431
Car 0.0 0 1.688818097114563 587.740234375 168.91404724121094 638.6904296875 211.9871368408203 4.064516 1.7288247 1.7273638 0.16510725 1.5710446 31.080677 1.694130301475525 0.8871264457702637
Car 0.0 0 -1.7316838502883911 740.6990966796875 181.3003387451172 819.8594970703125 248.5492401123047 2.8800588 1.5483167 1.5114446 4.2290463 1.7822886 18.468426 -1.5065768957138062 0.867911696434021
Car 0.0 0 -2.0721731185913086 883.166015625 198.60693359375 1242.0 375.0 3.6646628 1.47974 1.570379 2.5662768 1.6753312 3.5516834 -1.446471095085144 0.8025780320167542
Car 0.0 0 -1.6292741298675537 738.2479248046875 183.63783264160156 795.505859375 235.67869567871094 3.6198032 1.4837656 1.5758902 4.9381323 1.8604257 23.267673 -1.4201456308364868 0.775216817855835
Car 0.0 0 0.26912790536880493 425.7540588378906 170.06004333496094 546.49267578125 213.796630859375 3.89521 1.472177 1.539027 -4.3307858 1.3784904 25.242914 0.09921765327453613 0.674862265586853
Car 0.0 0 1.7074456214904785 613.7785034179688 173.9823455810547 654.3421020507812 205.12440490722656 4.0393834 1.5845705 1.6571096 1.3164147 1.6492474 38.995907 1.7411905527114868 0.5539221167564392
Car 0.0 0 1.5270304679870605 708.4014892578125 176.53857421875 732.6843872070312 198.9059600830078 4.5268593 1.6182125 1.6355044 8.408216 1.9129478 55.30642 1.6779048442840576 0.4777897000312805
