Pedestrian 0.0 0 -2.233431339263916 1062.4725341796875 535.1948852539062 1122.30517578125 616.1995239257812 1.411417 2.0965607 0.9502647 7.3358607 3.9426575 34.624454 -2.0246493816375732 0.31164515018463135
Pedestrian 0.0 0 -3.16947078704834 1384.989013671875 498.9499816894531 1430.1590576171875 584.6859741210938 0.9330578 1.934226 0.64171904 13.470832 2.6173275 29.066545 -2.735489845275879 0.1931874006986618
Pedestrian 0.0 0 -1.0381712913513184 158.32095336914062 484.7113952636719 256.0467529296875 692.2353515625 0.70653963 2.2725368 0.73208016 -6.984457 2.4433584 14.152483 -1.4966171979904175 0.15542057156562805
Pedestrian 0.0 0 2.721317768096924 1219.8599853515625 503.4305114746094 1273.3529052734375 602.2527465820312 0.96346545 2.1720245 0.63665247 9.430207 2.933111 28.145233 3.044617176055908 0.14268843829631805
Cyclist 0.0 0 -1.07212233543396 932.2930908203125 519.3497314453125 978.7382202148438 590.8148803710938 1.4917902 2.1369803 0.8459559 4.0715938 3.726952 39.496773 -0.9693984985351562 0.16857770085334778
Car 0.0 0 -1.4175939559936523 596.1617431640625 534.6094360351562 682.7713623046875 610.4619750976562 4.1849065 1.6846663 1.6630715 -4.9312143 3.5208662 33.498257 -1.563752293586731 0.36145034432411194
Car 0.0 0 -1.256656289100647 156.57737731933594 540.9113159179688 273.7724304199219 618.0150146484375 4.0050845 1.718108 1.6852427 -16.435211 3.7548954 33.877666 -1.7083406448364258 0.3393075466156006
Car 0.0 0 -0.7762396931648254 0.0 538.6546020507812 36.73255920410156 676.7335815429688 4.134841 1.7247865 1.6919161 -14.95434 2.9390364 19.981056 -1.4187326431274414 0.33173587918281555
Car 0.0 0 1.179658055305481 807.1969604492188 534.5548095703125 922.4098510742188 612.798583984375 4.171075 1.7691137 1.6811762 0.9698831 3.652036 34.28502 1.2079393863677979 0.27844905853271484
Car 0.0 0 -1.5058228969573975 532.492919921875 534.3945922851562 608.5867919921875 608.605712890625 4.5030446 1.6080942 1.6995957 -6.788451 3.454244 33.563545 -1.7053873538970947 0.2499942183494568
Car 0.0 0 -1.3131622076034546 352.3062438964844 540.0366821289062 460.55926513671875 617.7636108398438 4.2177505 1.711452 1.7290314 -11.187634 3.7130568 33.637314 -1.634248971939087 0.23460432887077332
Car 0.0 0 -1.425487995147705 446.78662109375 534.8753662109375 535.5011596679688 615.7589111328125 4.6886744 1.8408002 1.7116438 -9.240513 3.7706528 34.832222 -1.6848012208938599 0.2083175927400589
Car 0.0 0 -1.3945226669311523 81.83838653564453 537.9464721679688 174.8841094970703 606.5803833007812 3.954636 1.581066 1.6096619 -19.545918 3.6068983 35.21283 -1.9012572765350342 0.16598430275917053
Car 0.0 0 -2.3487131595611572 1544.7490234375 532.21923828125 1600.0 675.6529541015625 4.297025 1.6545855 1.6519511 13.011106 2.6940155 18.667315 -1.7400039434432983 0.16273632645606995
Car 0.0 0 -1.1563563346862793 393.3769226074219 0.0 1600.0 900.0 4.045704 1.6330673 1.6396773 -0.48711133 1.8098904 1.3314164 -1.507089376449585 0.16245801746845245
Car 0.0 0 -2.156517267227173 1156.4005126953125 524.8262329101562 1315.185546875 607.072265625 4.1540246 1.6543361 1.6261282 9.809789 3.0813165 30.378862 -1.844172477722168 0.15378376841545105
