Pedestrian 0.0 0 1.4548090696334839 851.1895751953125 134.76434326171875 871.9126586914062 179.03208923339844 0.94604605 1.8092979 0.7053058 10.665056 -0.060838714 29.470638 1.802034616470337 0.7305347919464111
Pedestrian 0.0 0 0.13334786891937256 460.52825927734375 163.05313110351562 473.67169189453125 189.258056640625 0.8538572 1.8603737 0.57131 -9.842467 0.62305427 50.501133 -0.05913519114255905 0.4851513206958771
Pedestrian 0.0 0 -2.8216052055358887 590.2705078125 159.21133422851562 604.60009765625 184.04269409179688 0.925299 1.8070266 0.549465 -0.5466732 0.25908804 51.850975 -2.8321480751037598 0.46989738941192627
Pedestrian 0.0 0 -2.969094753265381 668.8427734375 153.30691528320312 683.053466796875 178.1577606201172 0.97802895 1.825742 0.49097168 5.264985 -0.17348157 52.378212 -2.868912696838379 0.4507185220718384
Pedestrian 0.0 0 1.0831358432769775 908.1673583984375 128.650634765625 942.8610229492188 181.81190490722656 1.0063834 1.7815391 0.68926275 10.93782 0.04550302 24.21365 1.507420301437378 0.43286147713661194
Pedestrian 0.0 0 -0.34992972016334534 793.0751953125 143.17337036132812 814.4197998046875 177.670654296875 0.90739197 1.832849 0.73485583 10.674674 -0.15239489 38.027565 -0.07626382261514664 0.3970905542373657
Pedestrian 0.0 0 2.6109747886657715 743.1195678710938 153.1814422607422 757.970703125 178.15359497070312 0.91595954 1.8020965 0.5319344 10.6061535 -0.17095035 51.493084 2.8141064643859863 0.3930046856403351
Pedestrian 0.0 0 -1.272173523902893 242.85983276367188 160.5123748779297 257.1596984863281 185.6754913330078 0.9585311 1.79889 0.6720198 -25.631966 0.37128022 51.069683 -1.7373414039611816 0.3793059289455414
Cyclist 0.0 0 -0.0981498509645462 611.4263916015625 160.8862762451172 636.611083984375 186.2110595703125 1.760334 1.8087543 0.59661466 1.3694819 0.4091856 50.85428 -0.0712268278002739 0.8656266927719116
Cyclist 0.0 0 3.0617904663085938 561.0083618164062 162.27337646484375 585.3267211914062 186.21311950683594 1.7854197 1.7862931 0.5803843 -2.3876219 0.42755947 53.151325 3.016899347305298 0.425665020942688
Cyclist 0.0 0 -1.8159618377685547 1120.91015625 17.34846305847168 1224.0 304.3652038574219 1.6517371 1.7922097 0.5165803 4.302163 0.7751667 5.2672796 -1.131077766418457 0.3844369053840637
Cyclist 0.0 0 1.4788129329681396 795.996337890625 143.42079162597656 811.85302734375 177.67108154296875 1.121384 1.8065511 0.71869123 10.676558 -0.15315497 38.007244 1.7526638507843018 0.1357560008764267
Cyclist 0.0 0 1.0831358432769775 908.1673583984375 128.650634765625 942.8610229492188 181.81190490722656 1.0063834 1.7815391 0.68926275 10.93782 0.04550302 24.21365 1.507420301437378 0.13131341338157654
Cyclist 0.0 0 1.030250072479248 669.5136108398438 152.72691345214844 682.2596435546875 178.1805419921875 0.995972 1.8611698 0.49657422 5.2536597 -0.17231649 52.352474 1.1302669048309326 0.12794576585292816
Cyclist 0.0 0 -1.272173523902893 242.85983276367188 160.5123748779297 257.1596984863281 185.6754913330078 0.9585311 1.79889 0.6720198 -25.631966 0.37128022 51.069683 -1.7373414039611816 0.11487645655870438
Car 0.0 0 -1.4797236919403076 531.3372802734375 171.5612030029297 561.9937744140625 194.70486450195312 3.9634686 1.4413973 1.6368126 -3.7551186 0.88603395 46.01989 -1.561141014099121 0.8993076682090759
Car 0.0 0 2.6131958961486816 861.4823608398438 142.39797973632812 968.3497314453125 176.8565216064453 4.151109 1.4822875 1.582105 13.816952 -0.16698724 31.65516 3.024752616882324 0.7668362855911255
Car 0.0 0 1.3514988422393799 738.1073608398438 156.98196411132812 771.66357421875 179.5361328125 4.0498905 1.6248167 1.6175175 11.226837 -0.07397637 53.14012 1.5597057342529297 0.5186198353767395
Car 0.0 0 2.842940330505371 779.484130859375 149.9365692138672 859.3291625976562 175.9910430908203 4.3616505 1.5499417 1.6983012 13.054581 -0.27976245 43.215313 3.1363062858581543 0.4501630365848541
Car 0.0 0 1.3172013759613037 678.1965942382812 152.38067626953125 717.0747680664062 177.65350341796875 3.9111986 1.5994425 1.6390938 6.1409745 -0.1971456 47.245316 1.4464572668075562 0.4248923063278198
Car 0.0 0 -1.5417068004608154 557.4127197265625 169.2567901611328 579.2991333007812 189.0026092529297 3.6064358 1.484601 1.5976025 -2.8103058 0.6405372 54.975296 -1.5927817821502686 0.40281638503074646
Car 0.0 0 1.5715526342391968 1104.6395263671875 152.07151794433594 1140.5059814453125 180.42967224121094 3.866262 1.4834521 1.5319713 28.533554 -0.0027028024 39.004677 2.2031354904174805 0.40098118782043457
Car 0.0 0 -1.1587159633636475 298.1943359375 163.18345642089844 346.52996826171875 188.19444274902344 3.9949496 1.6602987 1.6468242 -19.500725 0.5121002 48.954456 -1.5377941131591797 0.39582857489585876
Car 0.0 0 -1.634037971496582 513.2088012695312 169.32464599609375 534.8121337890625 187.6136932373047 3.5644925 1.4712306 1.5570964 -6.740559 0.57347864 58.76407 -1.748244285583496 0.3818829655647278
Car 0.0 0 0.4876224100589752 222.5873565673828 164.80413818359375 284.1524658203125 183.0728302001953 4.5508156 1.5692391 1.6799812 -30.598639 0.22219233 61.629635 0.026784896850585938 0.37572211027145386
