Pedestrian 0.0 0 -1.6644554138183594 514.570556640625 164.1920928955078 540.7371826171875 215.2765655517578 0.88320494 1.6488404 0.7773015 -2.465485 1.0912937 23.69214 -1.7681455612182617 0.7594307661056519
Pedestrian 0.0 0 2.40812611579895 219.93028259277344 161.91995239257812 301.0426025390625 296.7498779296875 0.7450302 1.7302881 0.6502813 -4.6309566 1.480348 9.684223 1.9620734453201294 0.7154672145843506
Pedestrian 0.0 0 -2.381457805633545 386.4015808105469 186.47096252441406 477.6269226074219 325.92095947265625 0.90464044 1.7397166 0.7631232 -2.2935448 1.81103 9.55541 -2.6170272827148438 0.5594422221183777
Pedestrian 0.0 0 1.9342374801635742 430.0802917480469 177.33441162109375 484.8817443847656 276.61700439453125 0.7404838 1.7042378 0.7412182 -2.585895 1.6340134 12.753582 1.7341910600662231 0.4705052077770233
Pedestrian 0.0 0 2.9462952613830566 395.5749206542969 185.92355346679688 451.6911926269531 301.02752685546875 0.68358964 1.6245111 0.6824462 -2.6811924 1.6940587 10.625114 2.699110984802246 0.43088796734809875
Pedestrian 0.0 0 1.8693821430206299 705.8192138671875 175.1139678955078 736.5191650390625 238.47113037109375 0.7242775 1.7345481 0.6665423 3.3301086 1.5608711 20.136253 2.0332775115966797 0.3945588171482086
Pedestrian 0.0 0 2.596116304397583 725.4505615234375 176.94932556152344 767.7015991210938 247.25765991210938 0.77246356 1.6521388 0.64989984 3.459283 1.5464079 17.31442 2.793311834335327 0.2053077220916748
Pedestrian 0.0 0 1.1636433601379395 0.0 105.39427185058594 83.88750457763672 300.429443359375 0.8123571 1.811882 0.6098874 -5.7475133 1.1062338 7.1299167 0.4851865768432617 0.1867743730545044
Cyclist 0.0 0 -1.8616313934326172 642.28271484375 165.3506622314453 662.7008666992188 202.4059600830078 1.8065292 1.6602124 0.43556887 2.3301594 0.93760616 33.11044 -1.7913718223571777 0.38295283913612366
Cyclist 0.0 0 0.192735955119133 695.53271484375 153.26925659179688 733.062744140625 188.4894561767578 1.6920388 1.6740814 0.69722533 5.453291 0.3331312 34.75765 0.3483619689941406 0.1839582622051239
Car 0.0 0 -2.039796829223633 804.9622802734375 112.37150573730469 1226.307373046875 374.0 3.7839441 1.7533457 1.5827144 3.1548054 1.3113348 6.510871 -1.5885900259017944 0.8922012448310852
Car 0.0 0 -2.7862796783447266 462.24053955078125 184.29444885253906 528.7824096679688 208.9911651611328 3.6076407 1.4193411 1.515841 -6.2698884 1.5903494 42.648453 -2.9322474002838135 0.24436907470226288
Car 0.0 0 -0.24769502878189087 530.2171020507812 167.4754180908203 603.7315063476562 194.17636108398438 4.5600495 1.7077291 1.7472088 -2.2754462 0.81145966 47.440357 -0.29562264680862427 0.2086993306875229
