Pedestrian 0.0 0 -1.8399403095245361 1479.73583984375 509.0959167480469 1503.9544677734375 554.8706665039062 1.1778846 2.213932 0.7675054 33.29001 3.0899584 62.416195 -1.3499659299850464 0.2331325262784958
Pedestrian 0.0 0 -1.9638243913650513 1327.007080078125 480.44183349609375 1404.5379638671875 603.3762817382812 1.4162914 2.1597607 0.80804247 9.94202 1.9653623 22.963263 -1.555236577987671 0.23008489608764648
Pedestrian 0.0 0 -1.3988896608352661 1330.244873046875 487.936767578125 1391.212646484375 624.3560180664062 1.2606671 2.1958067 0.7284325 9.084099 2.1383388 21.111195 -0.9925403594970703 0.22834531962871552
Pedestrian 0.0 0 -2.3886961936950684 39.7391242980957 480.728759765625 105.50267791748047 606.0143432617188 0.8622976 2.193244 0.5556637 -13.228569 2.0045595 22.535822 -2.9195034503936768 0.21139560639858246
Pedestrian 0.0 0 -0.1612100899219513 619.1217651367188 500.9263610839844 652.9601440429688 553.3663940429688 1.1536169 1.9241412 0.67472595 -6.7104464 2.2784224 47.139038 -0.30261436104774475 0.19181397557258606
Pedestrian 0.0 0 -3.001669406890869 871.8134765625 492.762939453125 901.9430541992188 542.1681518554688 1.0255297 1.799874 0.6516089 2.5996122 1.8464794 46.577297 -2.9459145069122314 0.18051210045814514
Pedestrian 0.0 0 -0.9614357948303223 1438.27734375 483.09686279296875 1522.6163330078125 609.2382202148438 1.029736 1.8767811 0.6751145 10.16133 1.7516502 19.378975 -0.4784999489784241 0.13823021948337555
Pedestrian 0.0 0 -0.23447871208190918 288.8474426269531 486.1019592285156 342.2511901855469 568.7786865234375 1.1258376 2.0412464 0.66487414 -12.596733 1.9077965 31.862408 -0.6109681725502014 0.1327398121356964
Pedestrian 0.0 0 -1.061341643333435 782.2182006835938 495.5882873535156 817.0676879882812 556.7491455078125 1.2622894 2.1261597 0.70816886 -0.5833591 2.273011 44.84513 -1.0743491649627686 0.12872710824012756
Pedestrian 0.0 0 -0.25028014183044434 838.2805786132812 499.85552978515625 872.3345947265625 554.4235229492188 1.1146826 2.016998 0.79122645 1.4599297 2.3332963 47.47341 -0.21953724324703217 0.12436685711145401
Pedestrian 0.0 0 -1.501992106437683 1458.6385498046875 503.99444580078125 1491.264892578125 580.1500244140625 1.1516285 2.0444858 0.72011644 18.156094 2.3953106 34.900215 -1.0222928524017334 0.12184976786375046
Pedestrian 0.0 0 -2.8930821418762207 686.6233520507812 490.61138916015625 717.5013427734375 552.9632568359375 0.8796594 2.0488327 0.6818869 -3.7860453 2.0194006 42.019623 -2.9829413890838623 0.11935967952013016
Cyclist 0.0 0 -1.0464909076690674 775.9862670898438 505.9241943359375 819.60888671875 566.7695922851562 1.9321944 2.0945737 0.675869 -0.64579135 2.6192684 45.081673 -1.0608148574829102 0.28540360927581787
Cyclist 0.0 0 -0.76007080078125 299.47784423828125 492.6331481933594 361.4983825683594 574.69482421875 1.3101628 2.0256846 0.7475809 -12.277304 2.054838 32.034203 -1.1260600090026855 0.20990844070911407
Cyclist 0.0 0 -1.3936585187911987 1489.1549072265625 504.8381042480469 1522.589111328125 572.0331420898438 1.5377257 2.0864787 0.677543 22.035522 2.5209017 40.457485 -0.8949253559112549 0.1692170351743698
Cyclist 0.0 0 -2.287717580795288 1533.374755859375 493.4599304199219 1583.5157470703125 548.7155151367188 1.638733 1.9943149 0.6847378 27.317533 2.0675719 46.63837 -1.7578561305999756 0.14153225719928741
Car 0.0 0 -1.4882292747497559 646.246826171875 502.7068176269531 709.6019287109375 557.5736694335938 3.938372 1.5722173 1.61994 -4.220436 1.9355055 39.09014 -1.5957794189453125 0.2520205080509186
Car 0.0 0 -1.2818467617034912 0.0 504.00537109375 65.60173797607422 612.4735717773438 3.572203 1.7291923 1.670256 -14.831884 1.9713832 22.589634 -1.8628331422805786 0.24457262456417084
Car 0.0 0 -0.9392267465591431 174.4894561767578 503.0733947753906 346.878662109375 580.9905395507812 3.8324518 1.5751967 1.5500091 -12.276682 1.8518131 28.247536 -1.3492095470428467 0.19825616478919983
Car 0.0 0 -1.7165790796279907 702.2523193359375 508.4475402832031 768.0731811523438 563.5144653320312 3.8892324 1.5979102 1.5258783 -2.6119378 2.1615891 40.077763 -1.7816587686538696 0.18108566105365753
Car 0.0 0 -1.9708530902862549 1381.26123046875 522.0442504882812 1457.5106201171875 562.777099609375 3.8822782 1.6202691 1.6199265 26.281698 3.001588 55.31061 -1.5272696018218994 0.17676955461502075
Car 0.0 0 -2.316622257232666 1440.5526123046875 518.2295532226562 1544.5775146484375 557.5584106445312 4.215076 1.5759358 1.631489 29.85325 2.8058774 56.04326 -1.827172040939331 0.14552025496959686
Car 0.0 0 -1.418777585029602 443.0054931640625 513.3919067382812 526.7305908203125 579.9467163085938 4.1551847 1.6242265 1.5859784 -8.948139 2.2569404 34.465942 -1.6727921962738037 0.14510028064250946
Car 0.0 0 -2.3332290649414062 1367.5487060546875 524.3623657226562 1498.2354736328125 579.836669921875 3.5754328 1.5190767 1.5757364 18.87665 2.5792975 38.923462 -1.881678819656372 0.12673881649971008
Car 0.0 0 -1.9025498628616333 1376.052001953125 517.1043701171875 1482.9461669921875 585.0491333007812 3.2794669 1.6437954 1.5696917 16.224133 2.3588197 33.65524 -1.4533500671386719 0.12401454895734787
Car 0.0 0 1.628528356552124 315.71173095703125 515.1322021484375 387.6993103027344 581.1852416992188 4.1089845 1.6400306 1.6391095 -12.858505 2.3382375 35.223637 1.2785065174102783 0.12381530553102493
Car 0.0 0 -2.323986768722534 1306.3741455078125 516.7071533203125 1400.9765625 557.0540161132812 3.8985093 1.6364167 1.6321083 23.753746 2.7949917 56.112534 -1.9235371351242065 0.1176295056939125
Car 0.0 0 -2.1474900245666504 1458.0545654296875 518.539306640625 1549.875244140625 558.3397827148438 4.28268 1.6791826 1.6669334 31.758104 2.9774723 58.621582 -1.651004672050476 0.11723219603300095
