Pedestrian 0.0 0 -1.8067009449005127 1476.0396728515625 505.8516540527344 1501.940673828125 557.6560668945312 1.2791171 1.9484786 0.59727514 25.868238 2.5080826 48.71093 -1.3185181617736816 0.29205819964408875
Pedestrian 0.0 0 0.24666829407215118 708.978271484375 503.0726318359375 731.8226318359375 539.8834228515625 1.0272549 1.8706602 0.7137651 -4.9235253 2.468943 65.07224 0.17114973068237305 0.22671033442020416
Pedestrian 0.0 0 -1.3437345027923584 469.9590759277344 507.00543212890625 504.11163330078125 584.0526123046875 1.2713236 1.9877392 0.6053883 -8.719794 2.406501 33.574802 -1.597833275794983 0.21708396077156067
Pedestrian 0.0 0 -2.924109935760498 720.1393432617188 489.91845703125 755.9271850585938 552.0967407226562 0.9489593 1.8877618 0.7920902 -2.3994474 1.839531 38.913944 -2.985692262649536 0.1916588991880417
Pedestrian 0.0 0 -3.2525124549865723 1231.481689453125 500.75225830078125 1254.474609375 538.6917724609375 0.9678778 1.7946956 0.72698116 20.410547 2.2403462 60.58791 -2.9275777339935303 0.1820158064365387
Pedestrian 0.0 0 -1.5424569845199585 459.7668151855469 494.39263916015625 491.21978759765625 574.758544921875 1.2591093 2.2408617 0.82947725 -9.697447 2.3246655 36.07132 -1.8050881624221802 0.17774514853954315
Pedestrian 0.0 0 0.09378909319639206 934.1980590820312 503.1417236328125 958.358154296875 544.5252075195312 1.0345173 1.8622013 0.6886376 5.9229136 2.3960671 57.67214 0.19613003730773926 0.17754773795604706
Pedestrian 0.0 0 -3.2223877906799316 1426.4765625 503.46710205078125 1451.6517333984375 548.7706298828125 0.8876254 1.8752741 0.80529267 26.17835 2.3831754 53.24283 -2.7654194831848145 0.16885678470134735
Pedestrian 0.0 0 -2.65104603767395 361.3541259765625 491.4647521972656 398.38641357421875 550.2705688476562 0.8999536 1.8925868 0.7321577 -14.189692 1.891225 41.190605 -2.982802391052246 0.1641203910112381
Pedestrian 0.0 0 -0.603892982006073 0.0 498.7545166015625 39.609989166259766 571.71826171875 1.1568172 2.049671 0.7258645 -23.112787 2.2617466 36.38386 -1.169827938079834 0.14889827370643616
Pedestrian 0.0 0 -0.16595563292503357 972.42626953125 493.0555419921875 1014.884033203125 567.2728271484375 1.0106124 1.934009 0.67179924 4.668092 1.9752315 33.3652 -0.02694893628358841 0.14824841916561127
Pedestrian 0.0 0 -0.16556844115257263 902.4992065429688 502.7856750488281 929.0167846679688 544.8565063476562 1.1193104 1.9205372 0.7010285 4.5866456 2.4443927 58.42328 -0.08722197264432907 0.14411693811416626
Pedestrian 0.0 0 -3.3131160736083984 1174.52880859375 478.9483337402344 1237.4393310546875 593.0992431640625 0.99017227 2.0521111 0.73418915 7.1267133 1.8263403 23.193275 -3.014998435974121 0.14075373113155365
Pedestrian 0.0 0 -3.4902563095092773 1593.8057861328125 481.2729797363281 1600.0 560.2468872070312 1.0130529 1.9133341 0.76609117 19.8432 1.6653887 31.165676 -2.9232873916625977 0.13947683572769165
Pedestrian 0.0 0 -3.5822181701660156 1592.5948486328125 476.27276611328125 1600.0 583.8880615234375 1.0190897 1.9091614 0.63413286 14.703333 1.6388958 22.848017 -3.010406255722046 0.13668066263198853
Cyclist 0.0 0 -1.8124568462371826 1483.5244140625 516.409423828125 1547.8876953125 632.19482421875 1.7861096 2.154879 0.70098764 13.746063 2.663895 24.932741 -1.3085963726043701 0.8303569555282593
Cyclist 0.0 0 -0.8104155659675598 176.3836212158203 484.63299560546875 246.96131896972656 564.5829467773438 1.8894297 2.27059 0.76932704 -17.634596 2.075365 36.983856 -1.2553467750549316 0.2759455442428589
Cyclist 0.0 0 -1.4375020265579224 549.724609375 499.3794860839844 588.2010498046875 601.0693359375 1.3172326 2.2549388 0.69138676 -5.6264715 2.4385872 28.865269 -1.6300100088119507 0.2220136523246765
Cyclist 0.0 0 -1.6843221187591553 1464.947021484375 502.7144775390625 1490.5916748046875 556.3453979492188 1.4018656 2.1295278 0.76870835 26.8451 2.591493 51.409126 -1.203084111213684 0.1934845894575119
Cyclist 0.0 0 -1.4311636686325073 600.7700805664062 504.11083984375 626.5438842773438 560.6494750976562 1.7944698 2.0287688 0.6961834 -7.470063 2.5030248 46.749218 -1.5896142721176147 0.16103903949260712
Cyclist 0.0 0 -0.552491307258606 0.0 495.3756408691406 49.12788391113281 565.1624755859375 1.2284558 1.9575303 0.7033295 -22.820194 2.0705976 36.30786 -1.1136174201965332 0.13941915333271027
Car 0.0 0 1.4511548280715942 675.5366821289062 499.3757629394531 769.0782470703125 582.4253540039062 4.315849 1.7837018 1.6906058 -2.2914348 1.9837365 29.913101 1.3747011423110962 0.28141871094703674
Car 0.0 0 -1.8312098979949951 943.0887451171875 512.6159057617188 995.7426147460938 543.9968872070312 4.370778 1.483362 1.6180832 7.8425035 2.608145 65.20372 -1.71150803565979 0.2742857336997986
Car 0.0 0 -2.402111530303955 1472.567138671875 517.5159912109375 1576.32568359375 558.138427734375 3.8732696 1.6149318 1.5998963 30.754276 2.7897375 55.113003 -1.8931301832199097 0.23821721971035004
Car 0.0 0 -1.406994342803955 190.96693420410156 502.4587097167969 287.5394287109375 571.6697387695312 4.01741 1.613403 1.6033944 -14.657328 1.9117239 32.349304 -1.8324196338653564 0.23376311361789703
Car 0.0 0 -1.1176159381866455 445.8550720214844 505.5644836425781 545.55419921875 559.9363403320312 3.9560318 1.621512 1.544052 -10.294343 2.0992591 40.94532 -1.3639276027679443 0.2046910524368286
Car 0.0 0 -1.6310365200042725 1295.6807861328125 516.6737060546875 1345.01220703125 561.8189086914062 3.5342693 1.6338415 1.5942156 19.828299 2.6639712 49.90969 -1.2528741359710693 0.2013055384159088
Car 0.0 0 -1.8405650854110718 1366.9083251953125 521.4564819335938 1422.9527587890625 559.3798217773438 3.513213 1.6640649 1.5475382 27.538774 3.1353984 60.35909 -1.4125266075134277 0.19461052119731903
Car 0.0 0 -2.3396201133728027 1356.9661865234375 530.131591796875 1532.8919677734375 615.6159057617188 3.465073 1.7840594 1.8565525 14.852321 2.7613688 30.110596 -1.8813798427581787 0.19362521171569824
Car 0.0 0 -0.8854141235351562 0.0 501.2068176269531 11.527469635009766 570.5213623046875 3.6100512 1.6340017 1.534264 -22.490732 1.8951067 32.23235 -1.4946411848068237 0.16849304735660553
Car 0.0 0 -1.831416368484497 1065.8634033203125 520.0306396484375 1221.36474609375 631.2386474609375 4.117639 1.7886182 1.7750008 5.9487042 2.3645358 23.500217 -1.583490252494812 0.15623432397842407
Car 0.0 0 -2.0011162757873535 1379.26171875 518.448974609375 1472.2545166015625 566.7284545898438 3.8125882 1.6029503 1.6030623 22.12052 2.6247187 46.109066 -1.5538049936294556 0.1430867314338684
Car 0.0 0 -1.8700555562973022 869.1453857421875 502.7869873046875 976.8729858398438 573.2908935546875 3.809662 1.6031953 1.6097634 2.5817518 1.9017143 31.481537 -1.7882301807403564 0.13904185593128204
Car 0.0 0 1.2274831533432007 853.7455444335938 515.3229370117188 907.8364868164062 548.9352416992188 3.8564174 1.6075951 1.5908107 3.3071344 2.8800397 65.58691 1.2778642177581787 0.13813482224941254
