Pedestrian 0.0 0 3.204634189605713 521.4298095703125 158.54664611816406 539.2522583007812 194.06100463867188 0.89711493 1.8531135 0.60494804 -4.1004705 0.46267292 37.82792 3.0966577529907227 0.5807579755783081
Car 0.0 0 -1.3467937707901 397.17608642578125 182.77589416503906 483.7994079589844 238.06399536132812 3.507575 1.3855357 1.574276 -4.538887 1.3255246 19.76609 -1.5725107192993164 0.9705870151519775
Car 0.0 0 -1.1742439270019531 154.8076629638672 187.3221893310547 387.65484619140625 311.88616943359375 4.0631013 1.4655956 1.5914397 -4.6702003 1.5037088 10.570035 -1.5902862548828125 0.9700186848640442
Car 0.0 0 -1.272834300994873 335.6764831542969 180.61441040039062 403.9020690917969 222.1446533203125 3.4033425 1.4980873 1.5593942 -9.109222 1.3332405 27.644127 -1.5911465883255005 0.9369834661483765
Car 0.0 0 -1.3796601295471191 437.0791931152344 177.90914916992188 498.1101379394531 218.80406188964844 3.8125663 1.4767861 1.6252972 -5.390344 1.2140656 27.86167 -1.5707671642303467 0.9160445332527161
Car 0.0 0 -1.5729968547821045 575.8362426757812 176.7792205810547 610.83984375 209.67257690429688 3.6684523 1.524882 1.6233416 -0.74500227 1.1349118 35.17389 -1.5941742658615112 0.8857632279396057
Car 0.0 0 -1.0035455226898193 57.807518005371094 178.29470825195312 215.62815856933594 241.8921661376953 3.777641 1.4892645 1.657637 -12.108971 1.3283267 18.724121 -1.5776004791259766 0.8459739089012146
Car 0.0 0 -1.3681094646453857 418.3973388671875 169.8531036376953 462.0633850097656 198.800537109375 3.5464685 1.4699616 1.5850033 -8.900337 0.69097483 38.29298 -1.5964820384979248 0.7988591194152832
Car 0.0 0 -1.2806144952774048 337.015380859375 182.02371215820312 391.300048828125 213.22061157226562 3.6014268 1.5048232 1.6493129 -12.332336 1.3519846 36.500126 -1.6064434051513672 0.7191552519798279
Car 0.0 0 -0.846703052520752 0.0 194.1527557373047 107.71636962890625 358.5632019042969 4.070061 1.4995772 1.6074189 -8.369613 1.6362605 8.838185 -1.6048777103424072 0.6482090353965759
