Pedestrian 0.0 0 0.13994237780570984 772.0735473632812 163.05438232421875 791.9447631835938 195.3953399658203 1.0483247 1.8412359 0.51146024 10.179083 0.8494062 40.682686 0.3851156234741211 0.35572901368141174
Pedestrian 0.0 0 0.7475586533546448 138.0485076904297 160.78077697753906 206.97879028320312 290.9293518066406 0.6899501 1.761569 0.46229345 -6.073262 1.4963388 9.858713 0.1954357624053955 0.3503006100654602
Pedestrian 0.0 0 -0.20092123746871948 998.0657348632812 150.3602294921875 1063.5509033203125 275.5213928222656 0.7189919 1.6851816 0.36171618 5.846341 1.2810482 9.80429 0.3367764949798584 0.32066237926483154
Pedestrian 0.0 0 2.3755271434783936 966.1099243164062 155.17068481445312 1010.0444946289062 221.39256286621094 0.8079247 1.7212852 0.6408919 10.140835 1.0644963 18.790083 2.8704209327697754 0.21520181000232697
Pedestrian 0.0 0 1.8943628072738647 276.587158203125 176.90777587890625 317.78485107421875 258.5200500488281 0.6558684 1.6249366 0.594976 -6.3138514 1.5550425 14.425757 1.4818021059036255 0.20821106433868408
Cyclist 0.0 0 -0.09860652685165405 772.2445068359375 164.48965454101562 795.2323608398438 196.37513732910156 1.2327758 1.8183479 0.5552309 10.271942 0.9067024 40.682117 0.14871692657470703 0.1326976865530014
Car 0.0 0 -0.3742287755012512 853.2108154296875 158.3149871826172 999.7993774414062 204.77525329589844 4.1894293 1.5096906 1.6710796 10.74609 0.79035103 23.905594 0.048227548599243164 0.9282087087631226
Car 0.0 0 1.5192362070083618 436.44488525390625 171.89112854003906 467.9392395019531 200.96780395507812 3.7774682 1.6178794 1.6009811 -8.984416 1.1402587 41.369102 1.3053802251815796 0.8470672965049744
Car 0.0 0 -0.7939919233322144 0.0 208.03318786621094 297.1001281738281 370.0 3.7778413 1.4896605 1.5691483 -3.1580877 1.6964788 3.356535 -1.5489376783370972 0.8206048607826233
Car 0.0 0 1.8419456481933594 378.88330078125 172.06568908691406 418.52764892578125 195.91343688964844 3.9342291 1.5469183 1.580346 -13.90108 1.0011457 47.83496 1.5591301918029785 0.6026947498321533
Car 0.0 0 1.9369161128997803 264.65234375 179.9198760986328 337.63970947265625 215.26817321777344 4.482816 1.5983738 1.7560099 -14.61495 1.5736035 34.238876 1.5334774255752563 0.5202800035476685
