Pedestrian 0.0 0 0.20715762674808502 565.1181030273438 169.95645141601562 579.75048828125 198.07864379882812 0.84624016 1.7786388 0.5023438 -2.074313 1.1131356 45.029438 0.16112446784973145 0.4883812367916107
Pedestrian 0.0 0 3.2591803073883057 447.2745666503906 171.14410400390625 463.8982849121094 199.7843017578125 0.9527983 1.752715 0.48040396 -9.203995 1.1815114 43.547176 3.050889015197754 0.2796695828437805
Pedestrian 0.0 0 0.2994565963745117 453.5841979980469 172.31930541992188 471.31024169921875 201.5503387451172 0.98152184 1.8352349 0.5477664 -9.014444 1.3229659 44.707996 0.1004948616027832 0.21596340835094452
Pedestrian 0.0 0 -0.48326706886291504 1138.4620361328125 138.69033813476562 1195.9794921875 230.9724578857422 0.71700805 1.7809184 0.54713786 11.06071 0.97568196 13.975321 0.18623614311218262 0.20206116139888763
Pedestrian 0.0 0 0.4498524069786072 504.2510070800781 166.5030517578125 520.8726196289062 196.26673889160156 0.88749844 1.8789841 0.5778356 -5.8900743 0.9966985 45.044872 0.31982994079589844 0.19296345114707947
Cyclist 0.0 0 -3.1656441688537598 644.3545532226562 168.48800659179688 674.167724609375 197.6641845703125 1.8390527 1.8052714 0.5822621 3.3730738 1.0633832 44.082386 -3.089275598526001 0.9004452228546143
Cyclist 0.0 0 -1.2522131204605103 387.3887023925781 177.61346435546875 407.2554016113281 211.9384002685547 1.7300565 1.6844347 0.4415147 -10.4497 1.5442196 35.564 -1.5379979610443115 0.8178258538246155
Cyclist 0.0 0 -0.26438695192337036 586.9664306640625 169.2503204345703 616.6455078125 196.5686798095703 1.8712978 1.7915498 0.6237185 -0.2125471 1.0551174 46.912846 -0.26891759037971497 0.7593038082122803
Car 0.0 0 -1.4907371997833252 519.5445556640625 176.16995239257812 553.815185546875 203.71951293945312 3.669716 1.4492843 1.5969163 -3.7375188 1.2229084 39.037292 -1.586188554763794 0.8569057583808899
Car 0.0 0 -0.5878826379776001 932.236328125 139.5491943359375 1066.3050537109375 187.67904663085938 3.8617609 1.6351712 1.6764816 13.856808 0.24543732 25.009882 -0.08193287253379822 0.793428897857666
Car 0.0 0 2.767423152923584 825.08203125 162.9877471923828 901.5153198242188 192.4310302734375 3.361366 1.4835135 1.5591272 13.261697 0.60257787 36.441628 3.116441249847412 0.3553428053855896
Car 0.0 0 -3.4512577056884766 821.8013916015625 162.86070251464844 881.2881469726562 181.93113708496094 4.071162 1.4624747 1.6296679 19.183823 0.11100459 55.083683 -3.1161277294158936 0.19621562957763672
Car 0.0 0 0.9202608466148376 955.3186645507812 159.88543701171875 1108.2750244140625 219.3771514892578 3.9149468 1.4836998 1.5695322 11.6373 0.9711759 19.663782 1.4546394348144531 0.17568524181842804
