Pedestrian 0.0 0 -1.234078049659729 525.6157836914062 471.7806701660156 613.1311645507812 587.5045776367188 1.3616865 1.8796321 1.0545127 -4.1357 1.5592288 21.319572 -1.4256843328475952 0.6321244835853577
Pedestrian 0.0 0 -3.0923280715942383 926.1365356445312 474.2978820800781 962.857421875 551.5309448242188 0.9510045 2.0516057 0.64675224 3.4494646 1.5944636 34.031807 -2.9913129806518555 0.22388644516468048
Pedestrian 0.0 0 -0.10294944047927856 1444.063720703125 469.33367919921875 1523.2398681640625 612.8322143554688 0.9954418 2.1239636 0.73169875 10.138323 1.7957687 19.269428 0.38138699531555176 0.16589666903018951
Pedestrian 0.0 0 -0.6763167381286621 1420.83935546875 497.8914489746094 1475.4920654296875 571.24072265625 1.0895778 1.9038341 0.7036164 16.665543 2.0745792 33.410057 -0.21361508965492249 0.1491195261478424
Pedestrian 0.0 0 0.25772151350975037 384.2425231933594 478.08843994140625 452.20367431640625 601.252197265625 0.8968052 1.9727038 0.75046223 -6.489161 1.7577786 20.679697 -0.04634162783622742 0.1467224657535553
Pedestrian 0.0 0 -0.8799349069595337 1407.9923095703125 497.10601806640625 1456.18505859375 564.3485107421875 1.087294 1.8716456 0.6943641 17.446281 2.0326734 35.881256 -0.42736971378326416 0.1364346444606781
Pedestrian 0.0 0 -3.3292202949523926 1176.84033203125 490.90557861328125 1226.128662109375 573.679931640625 0.9950291 1.9301785 0.7372732 9.102258 1.916152 29.950882 -3.0341837406158447 0.13018009066581726
Pedestrian 0.0 0 0.11099876463413239 436.3668518066406 478.11138916015625 493.0711975097656 585.8863525390625 0.9689212 2.01702 0.7008376 -6.6871796 1.7663183 24.124014 -0.1594117134809494 0.11742153018712997
Pedestrian 0.0 0 -1.1935484409332275 512.3316650390625 503.2003479003906 562.7857055664062 589.0048828125 1.1091832 1.9520495 0.7986236 -6.5022116 2.2309015 29.589025 -1.4098610877990723 0.10772937536239624
Pedestrian 0.0 0 -2.1125078201293945 1088.0029296875 464.308349609375 1140.21728515625 571.9895629882812 0.7422404 2.2343192 0.8065031 6.2874327 1.6699629 26.75408 -1.8816879987716675 0.10691621899604797
Pedestrian 0.0 0 -1.3676384687423706 1020.238525390625 493.61468505859375 1067.3568115234375 597.447265625 1.3048738 2.2236023 0.7740185 5.02136 2.2712834 27.900688 -1.1895720958709717 0.1064530536532402
Cyclist 0.0 0 -0.9045966267585754 583.1826782226562 499.7687072753906 660.7914428710938 592.7203979492188 1.964855 2.127301 0.78276855 -4.6153297 2.3312645 30.217432 -1.0561625957489014 0.4867710769176483
Cyclist 0.0 0 1.9750229120254517 1433.648193359375 492.6078186035156 1477.3082275390625 553.166259765625 1.4719297 1.7847631 0.6446226 19.219364 1.8184793 38.070015 2.4425370693206787 0.11616122722625732
Car 0.0 0 -1.4117182493209839 470.2254638671875 518.3286743164062 587.3663940429688 615.6270751953125 3.4454603 1.7141433 1.7267941 -5.606589 2.2824287 25.060183 -1.6318187713623047 0.2225189357995987
Car 0.0 0 -2.2682464122772217 1202.78857421875 503.50982666015625 1386.327880859375 590.353271484375 4.089156 1.7364848 1.535263 10.495213 2.0235965 28.109861 -1.9109108448028564 0.19303180277347565
Car 0.0 0 1.3771142959594727 823.8020629882812 516.7643432617188 918.6654663085938 593.4561157226562 4.1867785 1.7081385 1.5981413 1.3090159 2.3868365 31.839947 1.4182034730911255 0.16421779990196228
Car 0.0 0 -1.4788429737091064 498.2987976074219 513.6196899414062 578.7100219726562 588.8834228515625 3.9864075 1.728297 1.6417294 -7.0360146 2.3299723 32.380486 -1.6928086280822754 0.1548808366060257
Car 0.0 0 -1.8240973949432373 1269.765625 508.1803283691406 1384.0086669921875 578.7374267578125 3.9940963 1.5564593 1.6364521 12.407905 1.992133 31.006748 -1.4434462785720825 0.1530199646949768
Car 0.0 0 -1.0877459049224854 255.29376220703125 517.1019287109375 473.9902038574219 632.6790771484375 3.9950466 1.604425 1.6682452 -7.1891065 2.06333 20.607958 -1.4233967065811157 0.1083683967590332
Car 0.0 0 -2.0749144554138184 1083.469970703125 522.2982788085938 1213.041259765625 599.6988525390625 3.339934 1.7491361 1.7599057 8.294897 2.5697467 31.915361 -1.8206372261047363 0.1067425012588501
Car 0.0 0 -1.1483982801437378 322.22900390625 503.753173828125 467.8500061035156 580.163330078125 3.9386058 1.5543778 1.6233914 -9.358614 1.8493458 28.460472 -1.4660890102386475 0.10342979431152344
