Pedestrian 0.0 0 -1.06951904296875 682.57763671875 140.2408447265625 706.8228759765625 190.0049285888672 0.46676546 1.8274506 0.7682846 3.1148663 0.63017946 26.906294 -0.9542648792266846 0.6608158349990845
Pedestrian 0.0 0 1.7328224182128906 350.9238586425781 166.59368896484375 358.4532775878906 185.55775451660156 0.851525 1.7819375 0.5420043 -24.171051 1.1940527 68.26283 1.3925104141235352 0.49010685086250305
Pedestrian 0.0 0 -1.8463466167449951 877.6741333007812 127.21375274658203 919.4811401367188 216.47140502929688 0.6263461 1.7367752 0.62499654 5.6913867 0.84906507 14.380107 -1.4694817066192627 0.4737112820148468
Pedestrian 0.0 0 0.06792789697647095 897.98388671875 111.23768615722656 943.4382934570312 219.44410705566406 0.6581317 1.7271465 0.47449705 5.064147 0.74401015 11.874886 0.47103333473205566 0.4273114800453186
Cyclist 0.0 0 1.7328224182128906 350.9238586425781 166.59368896484375 358.4532775878906 185.55775451660156 0.851525 1.7819375 0.5420043 -24.171051 1.1940527 68.26283 1.3925104141235352 0.10090150684118271
Car 0.0 0 1.9183937311172485 273.196044921875 189.03846740722656 377.96868896484375 244.73843383789062 3.8383625 1.4111006 1.6664 -8.319788 1.9337188 21.34201 1.54668390750885 0.9529154300689697
Car 0.0 0 -1.5801913738250732 569.0588989257812 178.60427856445312 612.60205078125 222.9563751220703 4.5350647 1.6365093 1.6440836 -0.85304374 1.8904072 29.513704 -1.6090866327285767 0.9453546404838562
Car 0.0 0 1.8351361751556396 366.0508728027344 185.72579956054688 433.9053649902344 227.95147705078125 4.205762 1.5661452 1.6797593 -8.723444 2.142472 30.166626 1.5536396503448486 0.9111806750297546
Car 0.0 0 2.2170090675354004 0.0 188.6728973388672 186.9510955810547 335.4583435058594 4.3313375 1.6187694 1.691358 -8.3533325 1.8996067 10.607773 1.5499534606933594 0.8136105537414551
Car 0.0 0 -1.6050689220428467 628.642578125 164.87803649902344 650.2115478515625 184.4613494873047 4.0973067 1.581697 1.6564461 2.4068062 0.93785566 60.327423 -1.5651943683624268 0.796241283416748
Car 0.0 0 1.7606056928634644 425.9732360839844 183.33546447753906 469.2740783691406 211.96080017089844 4.026196 1.467972 1.6431729 -9.09531 2.086716 40.52903 1.5398484468460083 0.6372547149658203
Car 0.0 0 1.226996660232544 661.2225952148438 165.2405242919922 702.7706909179688 188.75582885742188 4.2182093 1.6367569 1.6753209 5.1548896 1.1071872 52.46868 1.3249293565750122 0.6052613854408264
