Pedestrian 0.0 0 -1.7894173860549927 303.46514892578125 452.8857727050781 348.00933837890625 559.5902709960938 0.9567755 2.1956956 0.6826345 -10.3249855 1.4009709 26.646893 -2.1590793132781982 0.3236237168312073
Pedestrian 0.0 0 -3.43400502204895 1471.7669677734375 498.66192626953125 1522.172119140625 576.798828125 0.9527263 1.9268785 0.6958065 17.054806 2.1086943 31.745857 -2.941019296646118 0.18494853377342224
Pedestrian 0.0 0 -1.0883828401565552 1216.3372802734375 480.9345703125 1280.068115234375 592.0497436523438 1.4906356 2.2663982 0.64814895 9.0723095 2.0507526 26.579107 -0.7594504952430725 0.15944863855838776
Pedestrian 0.0 0 -1.471656322479248 1173.2763671875 510.8351135253906 1189.4149169921875 551.5716552734375 1.2589165 2.1745396 0.7238322 19.894796 3.2386293 69.00291 -1.190950870513916 0.15884123742580414
Pedestrian 0.0 0 -3.091036081314087 954.9793701171875 498.0983581542969 979.5293579101562 544.5425415039062 0.9294796 1.8155773 0.6924156 5.969099 2.078228 50.04488 -2.9723219871520996 0.1513753980398178
Pedestrian 0.0 0 -1.0191993713378906 912.692138671875 503.76947021484375 942.1197509765625 552.0643310546875 1.1975024 1.9162363 0.65654355 4.5025573 2.4192052 51.268517 -0.9316010475158691 0.1408356875181198
Pedestrian 0.0 0 -1.6790602207183838 1162.6668701171875 483.7279052734375 1219.12890625 589.9207763671875 1.1123141 2.1059031 0.9859269 7.6029644 1.9516351 25.749216 -1.3919486999511719 0.13911966979503632
Pedestrian 0.0 0 -1.4891078472137451 1229.6400146484375 502.2674255371094 1250.3551025390625 551.4652709960938 1.2162166 1.8989513 0.67662144 16.69166 2.3286183 49.8765 -1.1661639213562012 0.12379235774278641
Pedestrian 0.0 0 -1.0266953706741333 166.12208557128906 440.0802307128906 248.9671630859375 544.9132690429688 0.92589986 1.7968464 0.97043085 -10.663969 0.9153862 22.21404 -1.4742603302001953 0.11701332032680511
Pedestrian 0.0 0 0.01232513040304184 942.21484375 499.8010559082031 977.3607788085938 573.5354614257812 0.9235476 1.9415661 0.63514686 3.8340886 2.1653938 33.80377 0.12526440620422363 0.10777992010116577
Pedestrian 0.0 0 -3.1672263145446777 1244.765625 497.3780517578125 1287.1737060546875 588.22607421875 0.88059974 2.0067306 0.8149834 10.134746 2.1415854 28.565378 -2.826289653778076 0.10511647909879684
Pedestrian 0.0 0 2.738126754760742 1282.6009521484375 466.3612365722656 1347.5740966796875 561.9849243164062 1.0331146 1.8923259 0.6692825 10.000662 1.3947065 25.410744 3.113069534301758 0.10313543677330017
Cyclist 0.0 0 -1.1753957271575928 400.2597961425781 490.32342529296875 450.36077880859375 567.7301635742188 1.8311756 2.0506213 0.6478169 -10.630599 2.019265 34.49185 -1.474363923072815 0.5675066709518433
Cyclist 0.0 0 -1.1856590509414673 1201.23291015625 495.02227783203125 1273.800048828125 608.204345703125 1.9224523 2.3062835 0.7955931 8.946758 2.3835742 26.856241 -0.8640868663787842 0.3584863543510437
Cyclist 0.0 0 -1.4415587186813354 1233.37109375 507.023193359375 1255.8350830078125 555.3089599609375 1.1295639 1.8619651 0.69901943 16.887589 2.4816885 49.92053 -1.115354299545288 0.15293355286121368
Cyclist 0.0 0 -1.238196611404419 920.7022094726562 504.20849609375 946.9918823242188 550.2236328125 1.1396182 1.8210936 0.7250161 4.7535186 2.3408759 51.157326 -1.145543098449707 0.10796999931335449
Car 0.0 0 -2.212224245071411 1417.0277099609375 517.0917358398438 1512.78369140625 556.23046875 4.237974 1.6054558 1.6266788 29.163412 2.803641 57.083393 -1.7399016618728638 0.5134036540985107
Car 0.0 0 -2.0329322814941406 898.6914672851562 513.1875610351562 1009.1329956054688 572.0138549804688 4.157909 1.5958223 1.6256713 4.0827594 2.2885466 38.23204 -1.926546573638916 0.2369966208934784
Car 0.0 0 1.2984567880630493 194.35972595214844 533.8279418945312 333.25701904296875 630.9110717773438 3.8199823 1.6921886 1.6204277 -11.308679 2.62098 25.801811 0.8853833675384521 0.17992660403251648
Car 0.0 0 -2.1031270027160645 1395.3975830078125 511.27435302734375 1559.6451416015625 594.7509155273438 3.8287933 1.7094778 1.5797777 14.924238 2.189747 28.814583 -1.6252301931381226 0.15942710638046265
Car 0.0 0 -1.6539231538772583 859.2373657226562 516.0225830078125 925.3818359375 575.2568359375 4.02767 1.575453 1.6155916 2.1935685 2.338781 37.398792 -1.5953367948532104 0.14281083643436432
Car 0.0 0 -2.2550230026245117 1312.411376953125 517.6480102539062 1401.8626708984375 557.2161865234375 3.9091256 1.6425667 1.6253691 24.479752 2.8719425 57.45459 -1.8522452116012573 0.134179025888443
Car 0.0 0 -2.3340723514556885 1487.0362548828125 509.2674560546875 1600.0 586.8417358398438 4.3248434 1.5977764 1.6294568 17.869146 2.042423 29.418621 -1.7882225513458252 0.1212335079908371
Car 0.0 0 -1.9521228075027466 1468.1082763671875 513.5833740234375 1539.5670166015625 550.0926513671875 3.8516598 1.5740228 1.6070372 31.992233 2.6379952 59.029823 -1.455467700958252 0.1104474663734436
Car 0.0 0 1.0547661781311035 949.2044677734375 492.7222595214844 1110.290771484375 575.7759399414062 3.9567943 1.6135302 1.6090246 4.417345 1.6412946 26.800365 1.2181215286254883 0.10901602357625961
Car 0.0 0 1.7850637435913086 693.3320922851562 523.6231079101562 772.6526489257812 585.6527709960938 3.8011413 1.6697237 1.6086245 -2.4541364 2.688147 38.15954 1.7208396196365356 0.10300349444150925
Car 0.0 0 -2.2607457637786865 1180.821533203125 512.970947265625 1256.493408203125 546.9227294921875 3.7335436 1.5647248 1.5651402 19.958096 2.665907 62.94814 -1.953715443611145 0.10039374232292175
