Pedestrian 0.0 0 0.0007832273840904236 952.020263671875 506.3763427734375 970.5445556640625 541.4595336914062 0.9590954 1.8174667 0.6882748 7.596259 2.6010253 66.33917 0.11479306221008301 0.17883341014385223
Pedestrian 0.0 0 -1.5130293369293213 621.7617797851562 481.7665100097656 675.1975708007812 596.7576904296875 0.9909923 1.9896427 0.88239235 -2.961805 1.8211055 22.438812 -1.6442654132843018 0.15787261724472046
Pedestrian 0.0 0 -2.3931541442871094 707.9908447265625 502.7336730957031 737.1109008789062 549.5950317382812 1.1138006 2.1023433 0.7471039 -4.275038 2.6200564 57.761284 -2.467031717300415 0.13189242780208588
Pedestrian 0.0 0 -3.0809526443481445 754.7578735351562 496.7938537597656 775.2489624023438 544.8140869140625 0.75998855 1.8706853 0.77090144 -2.0133939 2.0802805 49.814407 -3.1213486194610596 0.12955477833747864
Pedestrian 0.0 0 -1.712998867034912 920.4194946289062 497.7431640625 960.1002807617188 606.272216796875 0.6788352 2.1292665 0.6978623 2.4663088 2.255309 25.24173 -1.6156004667282104 0.11147300899028778
Pedestrian 0.0 0 -1.2326749563217163 663.7125244140625 495.296142578125 690.8055419921875 546.4690551757812 1.1823323 2.0774546 0.7602483 -5.7214622 2.2355325 52.17247 -1.3419028520584106 0.10059130936861038
Cyclist 0.0 0 -1.0255696773529053 694.4095458984375 509.78961181640625 735.0894775390625 566.9680786132812 1.7904845 2.0073242 0.63649714 -3.6772604 2.6850817 46.004986 -1.1053318977355957 0.3244287669658661
Cyclist 0.0 0 -1.1639220714569092 661.17529296875 506.52008056640625 689.071044921875 556.2482299804688 1.2016064 2.0077536 0.72699094 -5.8151355 2.634909 52.22278 -1.274817705154419 0.19696295261383057
Cyclist 0.0 0 -1.8625335693359375 1532.9959716796875 497.04742431640625 1582.9205322265625 572.7598876953125 1.4903723 1.8323045 0.6732365 18.473148 1.9739304 31.569427 -1.3330976963043213 0.19183647632598877
Cyclist 0.0 0 -1.0376534461975098 675.0159912109375 502.3808898925781 707.8604736328125 555.6476440429688 1.3658876 2.4078755 0.94404125 -5.7509036 2.916337 58.399563 -1.1358120441436768 0.11968326568603516
Car 0.0 0 -1.8571178913116455 780.9978637695312 509.441650390625 837.3036499023438 545.6011352539062 3.9908247 1.6093113 1.6332878 -0.37797683 2.4984412 60.638165 -1.8633511066436768 0.24498629570007324
Car 0.0 0 -1.5964993238449097 783.3750610351562 513.2020263671875 825.2098388671875 554.0116577148438 4.1202607 1.5267731 1.599318 -0.5222503 2.4479687 51.686226 -1.6066032648086548 0.19087602198123932
Car 0.0 0 -1.1981468200683594 529.273193359375 511.192626953125 603.736572265625 553.7445068359375 4.0168943 1.6233864 1.6723803 -10.281805 2.4710379 52.406258 -1.3918802738189697 0.18722936511039734
Car 0.0 0 -1.3845669031143188 817.3311767578125 505.7952575683594 903.8843383789062 573.4041137695312 3.9491794 1.6434416 1.5970072 1.2423259 2.0482216 33.775013 -1.3478010892868042 0.17369301617145538
Car 0.0 0 -0.9832944869995117 599.5512084960938 511.8143005371094 673.5156860351562 554.4808349609375 3.6002607 1.8630004 1.7129778 -8.363582 2.8440611 59.18825 -1.1236698627471924 0.1619124859571457
Car 0.0 0 -1.5958943367004395 388.416015625 511.7865295410156 482.9153137207031 608.0213012695312 3.8142016 1.561226 1.5479412 -7.0961924 1.9698496 23.464294 -1.8895745277404785 0.14557592570781708
Car 0.0 0 -1.352402687072754 622.4666748046875 510.4127502441406 685.2186889648438 560.8867797851562 3.3447325 1.6831135 1.5339798 -5.766057 2.3847735 45.265884 -1.4791022539138794 0.13474015891551971
Car 0.0 0 -1.7112144231796265 718.1637573242188 511.9224853515625 759.1802978515625 550.5061645507812 2.9167058 1.8184857 1.642647 -3.8785448 2.8592415 62.967113 -1.7727330923080444 0.13009941577911377
Car 0.0 0 1.3145109415054321 726.5908203125 509.3798828125 817.6210327148438 575.4338989257812 3.9549766 1.68366 1.5979234 -1.2995268 2.2153916 35.55317 1.2779755592346191 0.12271952629089355
Car 0.0 0 -1.748469352722168 638.5133666992188 512.8087158203125 694.55224609375 558.0966796875 4.389247 1.753264 1.5997475 -6.3732524 2.6933014 53.554356 -1.866917610168457 0.11055106669664383
Car 0.0 0 -1.8112444877624512 1067.4384765625 503.21856689453125 1205.947021484375 597.8767700195312 4.200975 1.6067941 1.586075 5.987829 1.8492968 24.120146 -1.5679134130477905 0.10777634382247925
Car 0.0 0 -1.8786983489990234 1436.1429443359375 520.0403442382812 1529.249755859375 582.7811279296875 3.1966283 1.7038016 1.5506418 19.752195 2.59069 37.654526 -1.3955934047698975 0.10703987628221512
