Pedestrian 0.0 0 0.9093517065048218 230.84933471679688 128.8929443359375 302.4268493652344 237.0416717529297 0.96683866 1.7269611 0.60900426 -5.678573 0.90453404 11.772901 0.4599294662475586 0.7511120438575745
Pedestrian 0.0 0 -1.6151851415634155 481.33551025390625 143.53402709960938 497.7032775878906 182.63072204589844 0.65058684 1.8933973 0.76229894 -5.6755795 0.10462831 34.63304 -1.7776188850402832 0.7407567501068115
Pedestrian 0.0 0 2.6011312007904053 506.8275451660156 149.14132690429688 530.61328125 191.99179077148438 0.8013997 1.7874552 0.61008114 -3.6798875 0.48085046 29.975718 2.47898006439209 0.7274696230888367
Pedestrian 0.0 0 -1.9519014358520508 615.8407592773438 138.26512145996094 714.7077026367188 336.9969177246094 0.91525614 1.7054121 0.6148876 0.4864739 1.3446779 6.591755 -1.878234624862671 0.7060803174972534
Pedestrian 0.0 0 1.3058574199676514 772.1930541992188 140.5262908935547 939.669677734375 370.0 0.560535 1.6140821 0.66915715 1.1828442 1.429714 3.5845382 1.624591588973999 0.6871507167816162
Pedestrian 0.0 0 0.6538006663322449 630.2431030273438 134.6573028564453 664.3606567382812 195.51255798339844 0.8125772 1.8566941 0.6897195 1.2902727 0.45959115 22.093641 0.712134599685669 0.6249592304229736
Pedestrian 0.0 0 0.0403718426823616 515.83154296875 141.20733642578125 543.230712890625 205.60902404785156 0.7561371 1.8113147 0.6353289 -2.1866758 0.70777196 20.223352 -0.06733598560094833 0.5923241376876831
Pedestrian 0.0 0 -1.5718557834625244 407.7602844238281 157.12954711914062 419.18731689453125 184.8020782470703 0.7535319 1.7242317 0.68887335 -12.059499 0.26940432 44.504135 -1.8364759683609009 0.5873396992683411
Pedestrian 0.0 0 0.7936667203903198 885.7230834960938 119.31935119628906 1011.5572509765625 307.109375 0.90672153 1.7644258 0.71963906 3.4154232 1.1912864 7.1844115 1.2374361753463745 0.5561255812644958
Pedestrian 0.0 0 -1.6104387044906616 426.7062072753906 144.29229736328125 441.0354919433594 180.30517578125 1.0022191 1.8595808 0.690045 -8.993803 -0.008971337 37.08753 -1.8483481407165527 0.5337387323379517
Pedestrian 0.0 0 -1.450307011604309 549.494873046875 144.77598571777344 568.5786743164062 189.7490692138672 0.8719643 1.8069927 0.6790597 -1.893628 0.37311625 28.857824 -1.5158323049545288 0.532396137714386
Pedestrian 0.0 0 -2.946646213531494 533.1641235351562 149.2643280029297 545.7604370117188 180.24241638183594 0.61185247 1.7631427 0.62227035 -3.7675076 -0.0135332225 40.58388 -3.0392134189605713 0.529512345790863
Pedestrian 0.0 0 0.484147846698761 271.2334289550781 126.12316131591797 306.865234375 199.13607788085938 0.59465647 1.7572803 0.58428663 -7.773962 0.45013544 17.322428 0.06230878829956055 0.526703417301178
Pedestrian 0.0 0 -1.8504180908203125 356.601318359375 146.9696044921875 374.1415100097656 184.2698516845703 0.6705642 1.8099597 0.65697 -11.800966 0.18436852 34.766678 -2.1776485443115234 0.5231207013130188
Pedestrian 0.0 0 -1.3604093790054321 488.3294982910156 144.61276245117188 504.40289306640625 180.7990264892578 0.7662947 1.868052 0.685335 -5.678227 0.01685628 36.897453 -1.5131036043167114 0.48950597643852234
Pedestrian 0.0 0 -2.7467470169067383 503.90618896484375 151.46047973632812 518.9044799804688 183.04022216796875 0.6296897 1.7798717 0.6921048 -5.335649 0.14455752 40.26118 -2.878505229949951 0.4563182592391968
Pedestrian 0.0 0 -2.012296676635742 307.02349853515625 138.8269500732422 341.10772705078125 201.04432678222656 0.7474618 1.7483033 0.6549985 -8.125027 0.578868 20.357409 -2.392043352127075 0.456052303314209
Pedestrian 0.0 0 1.2039811611175537 748.3134155273438 155.01039123535156 834.7191772460938 338.0440979003906 0.8241376 1.6483073 0.5379941 1.7213615 1.4204617 6.803431 1.4517942667007446 0.45182275772094727
Pedestrian 0.0 0 -1.1831276416778564 110.2588119506836 135.8172149658203 170.95123291015625 240.59786987304688 0.71581745 1.6918268 0.6261672 -7.7962217 0.9720159 11.823155 -1.7660845518112183 0.4319889545440674
Pedestrian 0.0 0 -1.9881706237792969 293.86199951171875 130.57164001464844 326.12371826171875 190.03591918945312 0.7963218 1.7561101 0.6310613 -8.955665 0.28318128 21.378502 -2.384871482849121 0.42360857129096985
Pedestrian 0.0 0 2.055988311767578 26.213674545288086 125.17562866210938 70.39607238769531 197.55532836914062 0.85552454 1.8134955 0.55994475 -14.341507 0.4289211 18.18186 1.3881256580352783 0.4059433341026306
Pedestrian 0.0 0 -1.9646549224853516 377.3976745605469 144.74398803710938 395.70098876953125 178.58340454101562 0.6862182 1.8279812 0.7527056 -11.984531 -0.10502984 38.751114 -2.2645938396453857 0.3923740088939667
Cyclist 0.0 0 -1.4021421670913696 53.842933654785156 123.83780670166016 88.24958038330078 192.939453125 1.6466771 1.8030266 0.48224035 -14.58279 0.32616264 19.285463 -2.0495705604553223 0.506275475025177
Cyclist 0.0 0 0.3926834166049957 327.88348388671875 148.36782836914062 357.9423522949219 181.34759521484375 1.3723689 1.7541541 0.64221513 -14.073465 0.046491563 37.948753 0.0375521183013916 0.3704424500465393
Cyclist 0.0 0 -2.266777515411377 232.725830078125 132.69906616210938 307.1407470703125 240.74566650390625 1.0256294 1.7242512 0.6003635 -5.619647 0.96307945 11.764751 -2.7124006748199463 0.1448700726032257
Car 0.0 0 -2.326871395111084 12.488249778747559 149.68414306640625 120.86188507080078 183.25006103515625 4.166477 1.5232803 1.6447233 -25.288408 0.12626396 33.23412 -2.977322816848755 0.4626810848712921
Car 0.0 0 3.117335796356201 64.40983581542969 142.6363067626953 195.6991424560547 182.65318298339844 4.1846814 1.4669338 1.6229613 -18.601479 0.080448456 27.782995 2.527355194091797 0.4044479429721832
