Car 0.0 0 -1.5728622674942017 443.7378845214844 178.80934143066406 499.7350769042969 232.56024169921875 3.3794868 1.6673485 1.7194868 -4.6066084 1.4697555 24.117203 -1.7615981101989746 0.9731859564781189
Car 0.0 0 -1.6804852485656738 539.6201171875 179.0157928466797 617.692138671875 244.37904357910156 3.9270005 1.6249387 1.7154694 -0.9496922 1.4719396 19.940683 -1.7280751466751099 0.9652770757675171
Car 0.0 0 -1.2175406217575073 88.24615478515625 192.1038055419922 287.1448974609375 295.80023193359375 4.012237 1.4378688 1.6207802 -6.979783 1.5776352 12.354389 -1.7317997217178345 0.9643251895904541
Car 0.0 0 -1.3312551975250244 254.8784942626953 185.26071166992188 351.2015380859375 241.89122009277344 4.2743626 1.4674891 1.5928872 -8.739154 1.4700671 20.863266 -1.727928638458252 0.9548866152763367
Car 0.0 0 -1.4373522996902466 348.1643371582031 184.76629638671875 397.9320373535156 218.9635772705078 4.0493846 1.4439312 1.6129363 -10.568399 1.4260873 32.48573 -1.7518775463104248 0.9356692433357239
Car 0.0 0 -1.2789983749389648 228.03097534179688 163.26283264160156 301.26629638671875 212.37535095214844 4.4717526 1.969629 1.643467 -14.790862 1.0903533 31.159754 -1.7221843004226685 0.9138000011444092
Car 0.0 0 -1.1578677892684937 135.01426696777344 181.32672119140625 265.3211669921875 235.1885528564453 4.7652354 1.4797012 1.7139387 -12.408999 1.3739939 22.199032 -1.6675856113433838 0.8227904438972473
Car 0.0 0 -1.509730577468872 411.6559753417969 176.25054931640625 436.5896301269531 197.31475830078125 4.0156584 1.5857483 1.6500558 -14.346526 0.9119681 56.23982 -1.7594993114471436 0.7087341547012329
Car 0.0 0 -1.2726683616638184 342.0819091796875 181.34133911132812 377.2177429199219 202.06307983398438 3.5099158 1.5200963 1.5578994 -18.788637 1.2370142 54.510033 -1.6045979261398315 0.664774477481842
Car 0.0 0 -0.9840745329856873 0.0 170.70579528808594 91.7961196899414 283.2554931640625 4.025599 1.7394722 1.6622523 -11.600066 1.5163506 13.211931 -1.7046006917953491 0.5634294152259827
