Pedestrian 0.0 0 -0.4479013681411743 286.4937438964844 460.6141662597656 356.6367492675781 649.087158203125 0.6741571 2.5577567 0.7021301 -6.903201 2.1385105 17.672428 -0.8202953338623047 0.37003064155578613
Pedestrian 0.0 0 2.904602527618408 1075.184326171875 501.5639953613281 1111.7769775390625 564.921142578125 1.1891191 2.3329945 0.7439484 10.313571 2.710399 47.14001 3.1199944019317627 0.3103123605251312
Pedestrian 0.0 0 3.083794355392456 860.7360229492188 499.75384521484375 888.8846435546875 561.2067260742188 0.96094334 2.1695416 0.7658245 2.0854084 2.4664257 45.202534 3.129896402359009 0.2300017923116684
Pedestrian 0.0 0 -0.7017000913619995 217.8210906982422 454.77703857421875 292.04205322265625 634.3350219726562 0.65058655 2.449343 0.70116985 -7.850648 1.9483104 17.720903 -1.118731141090393 0.22037190198898315
Pedestrian 0.0 0 -1.2222472429275513 433.8193664550781 487.44464111328125 476.5179443359375 552.5084228515625 1.9690683 2.128423 0.747862 -12.084045 1.9955271 42.436752 -1.4996590614318848 0.193418487906456
Pedestrian 0.0 0 -2.9289743900299072 1253.7003173828125 495.658447265625 1285.176513671875 552.0264282226562 0.98888224 2.137263 0.8219072 17.434126 2.2989616 48.71776 -2.5853147506713867 0.16699710488319397
Pedestrian 0.0 0 0.10734658688306808 505.3082580566406 495.73919677734375 536.7830200195312 544.91943359375 1.2359291 2.0764263 0.7247335 -12.577829 2.2582648 53.97854 -0.12158378213644028 0.16118310391902924
Pedestrian 0.0 0 -2.6740784645080566 358.8701171875 468.2574462890625 407.0083923339844 556.4085693359375 1.0935588 2.560848 0.807647 -12.744876 1.8854315 37.265434 -3.0036110877990723 0.16117961704730988
Pedestrian 0.0 0 -1.7869144678115845 413.1654968261719 483.2117919921875 444.3738098144531 558.67822265625 1.0774896 2.3383057 0.7256719 -12.208193 2.081278 39.887035 -2.083930015563965 0.1481010615825653
Pedestrian 0.0 0 -2.019599676132202 1415.1038818359375 502.09564208984375 1472.930908203125 590.2298583984375 1.3631873 2.1722314 0.7991085 15.878134 2.446055 32.06398 -1.5597981214523315 0.146451935172081
Pedestrian 0.0 0 -0.8572921752929688 505.2164306640625 494.1395568847656 544.344482421875 552.6790771484375 1.326709 2.0869691 0.6817844 -10.572165 2.184058 45.96135 -1.0833823680877686 0.1420689970254898
Pedestrian 0.0 0 -2.6365368366241455 383.8469543457031 460.9997253417969 468.6743469238281 624.2736206054688 0.9883746 2.2402744 0.5610081 -5.461231 1.8216844 17.75238 -2.9349822998046875 0.14115852117538452
Pedestrian 0.0 0 -0.776053786277771 459.783203125 466.34393310546875 531.181396484375 642.738037109375 0.786368 2.436549 0.6020212 -4.5506964 2.0889676 17.985521 -1.02387273311615 0.13369041681289673
Cyclist 0.0 0 -1.2222472429275513 433.8193664550781 487.44464111328125 476.5179443359375 552.5084228515625 1.9690683 2.128423 0.747862 -12.084045 1.9955271 42.436752 -1.4996590614318848 0.42239120602607727
Cyclist 0.0 0 2.2836456298828125 407.5944519042969 474.47216796875 514.8926391601562 610.3380737304688 2.0571108 2.2734056 0.61923975 -6.2045093 1.9883658 22.252924 2.0117335319519043 0.3593950569629669
Cyclist 0.0 0 -1.2440979480743408 512.3720092773438 492.15509033203125 544.421142578125 546.22314453125 1.9745731 2.1681492 0.68088967 -11.768489 2.1951892 51.825363 -1.467391014099121 0.24418535828590393
Cyclist 0.0 0 -1.9673542976379395 1035.8883056640625 485.82452392578125 1093.862060546875 572.8941040039062 2.06603 2.3326828 0.83957595 6.8545012 2.1804419 35.025124 -1.7740944623947144 0.23688934743404388
Cyclist 0.0 0 -0.8993650078773499 510.96124267578125 497.8744201660156 550.4300537109375 554.5062866210938 1.3445531 2.0088558 0.7120866 -10.332783 2.2432225 45.853706 -1.1210052967071533 0.13937796652317047
Cyclist 0.0 0 -1.1483434438705444 516.3716430664062 500.1513977050781 544.5621337890625 547.7876586914062 1.3038088 1.9991238 0.70207036 -12.205677 2.3733265 54.112984 -1.3701900243759155 0.1331784874200821
Car 0.0 0 -1.8596727848052979 1286.2244873046875 521.4215698242188 1361.2860107421875 567.8931884765625 3.8592057 1.5817227 1.5852288 19.041471 2.7547216 47.664703 -1.4796079397201538 0.5989135503768921
Car 0.0 0 1.4685392379760742 664.9004516601562 518.5870361328125 771.5142211914062 619.8348388671875 4.046403 1.7467645 1.6940243 -2.0237741 2.330138 25.138603 1.3882077932357788 0.4987492859363556
Car 0.0 0 1.172004222869873 1391.0887451171875 525.3916625976562 1600.0 688.3582763671875 3.5020607 1.7106501 1.5963467 8.650882 2.1841133 15.87331 1.6709970235824585 0.20810669660568237
Car 0.0 0 -0.9041128754615784 0.0 510.0491027832031 108.88851928710938 582.5424194335938 3.709846 1.6771624 1.6108459 -19.984005 2.1772208 32.220943 -1.459265947341919 0.1976114958524704
Car 0.0 0 -1.9466934204101562 1448.8072509765625 519.0669555664062 1600.0 629.4981689453125 3.6831298 1.6561456 1.624382 12.449869 2.1748357 21.897097 -1.4297105073928833 0.19400843977928162
Car 0.0 0 -2.0773181915283203 1408.928466796875 518.0692138671875 1530.7381591796875 579.8513793945312 4.2404966 1.8110621 1.6597289 21.117336 2.7184052 41.11413 -1.6028283834457397 0.19072438776493073
Car 0.0 0 -1.7627530097961426 675.1704711914062 511.19952392578125 725.9912109375 547.75927734375 4.0686784 1.5885235 1.6317214 -5.475111 2.5485432 59.55725 -1.8544255495071411 0.17201505601406097
Car 0.0 0 -0.443347692489624 0.0 0.0 1600.0 900.0 4.0004454 1.6456864 1.6856321 -3.949917 1.653946 1.8103538 -1.584386944770813 0.15724125504493713
Car 0.0 0 0.9807530045509338 1458.7000732421875 511.60400390625 1600.0 579.4956665039062 4.0072885 1.6151308 1.6511147 18.90276 2.177966 33.407375 1.495665431022644 0.15662352740764618
Car 0.0 0 -2.025747776031494 920.7110595703125 511.95501708984375 997.9387817382812 556.3133544921875 3.8848708 1.6812109 1.606847 5.8302917 2.555254 52.03322 -1.9141638278961182 0.15592695772647858
Car 0.0 0 -0.949898362159729 143.39927673339844 521.564208984375 277.82171630859375 586.5530395507812 3.8291368 1.7900293 1.8264788 -18.47342 2.7598999 38.818935 -1.394070029258728 0.1378939151763916
Car 0.0 0 0.9202231168746948 1096.1544189453125 513.30859375 1242.041748046875 585.9230346679688 4.0917654 1.8446622 1.8674402 9.875449 2.4990633 35.766766 1.1896181106567383 0.13431891798973083
