Pedestrian 0.0 0 -1.8945847749710083 835.6763916015625 169.67808532714844 857.2237548828125 211.05838012695312 1.2794019 1.7381891 0.49469748 10.091999 1.6051428 30.94743 -1.5793570280075073 0.17877589166164398
Cyclist 0.0 0 -1.8945847749710083 835.6763916015625 169.67808532714844 857.2237548828125 211.05838012695312 1.2794019 1.7381891 0.49469748 10.091999 1.6051428 30.94743 -1.5793570280075073 0.2518887221813202
Car 0.0 0 2.0401477813720703 195.95811462402344 191.20005798339844 290.41973876953125 233.7012176513672 4.2088847 1.4903516 1.6836302 -14.761708 2.2873433 29.222532 1.572390079498291 0.9110135436058044
Car 0.0 0 1.8679267168045044 299.1866760253906 194.55081176757812 344.4601745605469 220.0883026123047 4.119031 1.4911883 1.6553919 -19.077372 2.9943502 47.85316 1.4885718822479248 0.2836068272590637
Car 0.0 0 1.93511962890625 320.3720703125 190.6352081298828 362.8822326660156 214.423828125 4.0527415 1.6609046 1.7323678 -20.591505 3.0779054 55.44887 1.5795438289642334 0.2001943141222
Car 0.0 0 0.2250342071056366 535.413330078125 184.69122314453125 595.8408203125 207.14292907714844 4.0700574 1.5450865 1.7400322 -3.2099261 2.4196744 52.096283 0.163496732711792 0.16905827820301056
Car 0.0 0 2.2841532230377197 0.0 207.23008728027344 84.83125305175781 248.55267333984375 3.4274614 1.4396847 1.6878461 -23.851738 2.9422407 29.78305 1.6088945865631104 0.16356627643108368
Car 0.0 0 -1.715658187866211 906.0103759765625 168.34242248535156 991.7417602539062 224.6823272705078 4.4894423 1.553657 1.7364374 10.282863 1.4296016 22.29347 -1.2834882736206055 0.1494927853345871
Car 0.0 0 1.0827640295028687 669.9075927734375 183.1788787841797 732.3452758789062 212.1714630126953 4.21751 1.4636372 1.6679941 4.9831166 2.0732322 40.30531 1.2057740688323975 0.1407131850719452
Car 0.0 0 1.4620208740234375 621.3800048828125 184.50828552246094 648.134033203125 207.97340393066406 3.71672 1.6170052 1.5835761 1.7764655 2.512955 53.53212 1.4951937198638916 0.14038462936878204
Car 0.0 0 2.560896873474121 107.02287292480469 204.44573974609375 203.65345764160156 237.2881622314453 4.037102 1.4538505 1.7771119 -24.127855 3.2315545 38.385624 1.9997382164001465 0.12197347730398178
