Pedestrian 0.0 0 -1.3841545581817627 178.49990844726562 129.2981414794922 214.36228942871094 200.12684631347656 0.74647623 1.7753928 0.67452526 -10.669162 0.68397915 18.546772 -1.9061819314956665 0.5616312026977539
Pedestrian 0.0 0 -1.4246755838394165 281.0558166503906 158.0956268310547 300.2943115234375 199.23728942871094 0.49628568 1.916309 0.7643636 -15.05932 1.229247 33.94678 -1.8422075510025024 0.5351336002349854
Pedestrian 0.0 0 -1.499442458152771 388.0995178222656 139.7032928466797 407.32147216796875 188.15196228027344 1.0439056 1.833981 0.6419014 -8.241372 0.57944834 27.88902 -1.7867711782455444 0.3379059433937073
Pedestrian 0.0 0 -2.827740430831909 875.2979736328125 117.78809356689453 976.2099609375 224.0415802001953 1.5683727 1.8184055 0.60179883 5.657055 0.87637424 13.089536 -2.419802665710449 0.3165038228034973
Pedestrian 0.0 0 -1.1819006204605103 265.8350830078125 146.3889923095703 291.3784484863281 194.41383361816406 0.804064 1.8052574 0.6290193 -12.6834345 0.81079423 27.53502 -1.6135585308074951 0.31006327271461487
Pedestrian 0.0 0 1.6513640880584717 367.5434265136719 116.68289184570312 395.6517333984375 186.1087646484375 1.3462802 1.9177599 0.6639495 -6.5734806 0.36649603 20.659054 1.343304991722107 0.11910822987556458
Cyclist 0.0 0 1.4425299167633057 1151.4942626953125 62.445003509521484 1242.0 336.8885498046875 1.6724898 1.7049241 0.5386005 4.371687 1.0193889 5.3315363 2.1293282508850098 0.7746835350990295
Cyclist 0.0 0 0.7294393181800842 26.857421875 76.05287170410156 143.39434814453125 192.64239501953125 1.6371158 1.9656563 0.62834 -9.168726 0.3339828 12.555408 0.09869122505187988 0.5252063870429993
Cyclist 0.0 0 1.7592717409133911 373.49530029296875 120.10314178466797 406.5489807128906 186.41078186035156 1.7814904 1.8670728 0.6104954 -6.4999685 0.38208604 21.2327 1.4622005224227905 0.4146272838115692
Cyclist 0.0 0 -2.8160994052886963 872.027587890625 124.17155456542969 975.3763427734375 229.04229736328125 1.6114696 1.7914749 0.6009803 5.615639 0.96020555 13.084658 -2.410695791244507 0.3774161636829376
Car 0.0 0 1.773077368736267 387.7039794921875 187.9847869873047 501.6222229003906 267.1497497558594 4.367926 1.5460057 1.7703679 -3.8009014 1.9516528 17.12623 1.5546826124191284 0.9575290083885193
Car 0.0 0 1.7404909133911133 458.4754943847656 174.20724487304688 524.4332275390625 227.5419158935547 4.0281873 1.7292601 1.6408827 -4.145028 1.7812673 25.515205 1.5794445276260376 0.9504384994506836
Car 0.0 0 1.4333544969558716 709.5155029296875 155.18527221679688 753.0667724609375 187.1287078857422 3.5885456 1.4192278 1.5277352 5.599895 0.634575 33.86857 1.5972139835357666 0.6298478841781616
Car 0.0 0 1.774972915649414 632.0344848632812 162.19998168945312 656.0548095703125 179.77517700195312 3.7434978 1.6427674 1.5849452 3.2864866 0.6472858 69.45004 1.8222591876983643 0.48267772793769836
Car 0.0 0 1.3871349096298218 499.2281188964844 162.6294708251953 528.0463256835938 183.96847534179688 4.137495 1.7180396 1.6544136 -8.112403 0.8952033 60.313084 1.2534325122833252 0.41103464365005493
Car 0.0 0 1.9245346784591675 641.3056640625 160.5016632080078 680.183349609375 182.22938537597656 4.0255656 1.5864788 1.6578104 3.8720677 0.684914 54.85684 1.9950027465820312 0.3051566779613495
