Pedestrian 0.0 0 -0.3737718462944031 1133.3193359375 66.24064636230469 1242.0 316.39459228515625 0.84354067 1.8534037 0.65693045 4.763075 1.0638578 5.786124 0.31494975090026855 0.5171456336975098
Pedestrian 0.0 0 -2.537440538406372 267.4948425292969 132.86976623535156 296.6675720214844 192.0313720703125 0.56326604 1.7818433 0.6159459 -10.077775 0.5779465 22.081219 -2.9656004905700684 0.3229430913925171
Car 0.0 0 -1.7251948118209839 666.2723999023438 191.80072021484375 748.2548828125 259.3646545410156 3.808079 1.595592 1.6627926 2.5479193 2.1729465 20.044157 -1.5987576246261597 0.959582507610321
Car 0.0 0 1.7978885173797607 303.7269592285156 193.6806182861328 501.9689636230469 336.8633728027344 4.5234103 1.4870613 1.6934624 -2.7379982 1.8548543 10.441454 1.5414385795593262 0.9579504132270813
Car 0.0 0 1.6608238220214844 535.2097778320312 189.40928649902344 574.5521240234375 223.00811767578125 4.020221 1.5403855 1.6626624 -2.8163736 2.438234 37.091286 1.585038423538208 0.8459424376487732
Car 0.0 0 -2.4301037788391113 0.0 0.0 1242.0 375.0 3.8858778 1.455333 1.5842793 2.4345295 1.5551057 1.5295612 -1.4202604293823242 0.6163880825042725
Car 0.0 0 1.3707382678985596 638.283935546875 194.3590850830078 689.6259765625 231.14122009277344 3.8893743 1.4514133 1.5780194 2.3535287 2.4920912 32.87224 1.4422125816345215 0.6115448474884033
Car 0.0 0 1.4567023515701294 558.4727783203125 188.86155700683594 586.395263671875 212.59031677246094 3.676628 1.5761987 1.6149374 -2.79375 2.7845452 52.500023 1.4035382270812988 0.5425778031349182
Car 0.0 0 1.468135118484497 663.2123413085938 167.59271240234375 686.9891967773438 186.52166748046875 4.3292284 1.6284945 1.6676348 5.740959 1.1762135 64.24817 1.557254433631897 0.5072665810585022
Car 0.0 0 1.5213881731033325 622.0140991210938 190.76727294921875 647.2674560546875 213.03982543945312 4.082471 1.4679163 1.6440251 1.7440102 2.8329422 52.91089 1.554337501525879 0.3859002888202667
Car 0.0 0 1.6684826612472534 526.946533203125 164.4398651123047 550.4669799804688 182.1528778076172 4.6321554 1.5674413 1.7043726 -6.5193763 0.82322526 66.163345 1.5702651739120483 0.36327266693115234
