Pedestrian 0.0 0 0.2559552788734436 926.493896484375 481.55499267578125 954.9111938476562 529.730712890625 1.003357 1.9979547 0.849071 5.2193456 1.5852188 53.093227 0.3539457321166992 0.3265649974346161
Pedestrian 0.0 0 -2.913405418395996 649.4195556640625 490.6310729980469 685.1591186523438 551.5103149414062 0.99517167 1.9269508 0.7329794 -4.760427 1.8992229 40.504112 -3.03039813041687 0.14785762131214142
Pedestrian 0.0 0 -0.5872794389724731 892.9696044921875 502.1546630859375 920.369873046875 546.9871826171875 1.0543799 2.0037153 0.65166605 4.09738 2.4909024 57.40216 -0.5160200595855713 0.141926109790802
Pedestrian 0.0 0 -2.7562947273254395 980.7192993164062 488.3907775878906 1014.3690795898438 544.2727661132812 0.95574 1.9065986 0.70551586 6.2637863 1.8002757 43.753365 -2.6140997409820557 0.12873993813991547
Pedestrian 0.0 0 -1.9487812519073486 1062.1795654296875 483.5346374511719 1094.751953125 545.5735473632812 0.9004558 1.9663032 0.74385417 8.410562 1.7136188 40.64648 -1.7447409629821777 0.1261393427848816
Pedestrian 0.0 0 -2.091700792312622 921.0640258789062 488.237548828125 948.1500244140625 534.8668212890625 1.0143641 1.8994343 0.699388 4.873852 1.7662507 52.19382 -1.9985909461975098 0.1213463619351387
Pedestrian 0.0 0 0.020875513553619385 901.5590209960938 503.0435485839844 921.65869140625 544.03076171875 0.982805 2.0209453 0.7934662 4.755767 2.6000912 63.13376 0.09606194496154785 0.11959601193666458
Pedestrian 0.0 0 -2.6867802143096924 938.8607788085938 495.0829772949219 972.037353515625 547.1332397460938 1.0473703 1.9772838 0.7501818 5.3623514 2.116727 48.787632 -2.5773074626922607 0.1131146028637886
Pedestrian 0.0 0 -3.08833646774292 753.1500854492188 497.52264404296875 783.548583984375 555.6116333007812 1.0241907 2.0094576 0.7287612 -1.6703335 2.221456 44.258286 -3.126059055328369 0.10923808068037033
Cyclist 0.0 0 -1.013948678970337 862.14794921875 508.1868591308594 894.6790771484375 553.5615844726562 1.9524066 2.2440593 0.73019934 3.1671891 3.105371 64.38519 -0.9647970199584961 0.5978375673294067
Cyclist 0.0 0 -1.0323868989944458 900.0779418945312 505.8344421386719 928.0758056640625 548.9157104492188 1.2753028 1.918657 0.71743065 4.453083 2.5786767 57.612568 -0.9552466869354248 0.18806543946266174
Cyclist 0.0 0 -1.5490161180496216 911.4019775390625 507.9982604980469 928.2259521484375 557.9012451171875 1.3809012 2.105114 0.693218 4.470491 2.8258176 54.62286 -1.4673552513122559 0.1703210175037384
Cyclist 0.0 0 -1.451708436012268 815.6448974609375 500.1297607421875 835.3017578125 545.8228759765625 1.4425596 1.9702632 0.6972369 0.40978748 2.3543625 55.65337 -1.4443453550338745 0.1358793079853058
Cyclist 0.0 0 -1.0587478876113892 617.6761474609375 511.6470947265625 657.225830078125 572.334228515625 1.3757377 1.9277277 0.698874 -5.8524504 2.6000035 41.50525 -1.1988294124603271 0.10879853367805481
Car 0.0 0 1.4689388275146484 432.971435546875 540.967529296875 615.9029541015625 686.3316650390625 4.3703985 1.286285 1.6606073 -3.616423 1.9685807 15.133152 1.234364628791809 0.4984384775161743
Car 0.0 0 -1.7011189460754395 676.4232177734375 507.1348571777344 746.0806884765625 564.6947631835938 3.996269 1.5948617 1.5923238 -3.2302628 2.0944583 38.363625 -1.785122036933899 0.2036985605955124
Car 0.0 0 -1.8787727355957031 784.9737548828125 512.5764770507812 846.2567138671875 550.9320068359375 3.5637827 1.5315369 1.639741 -0.06316361 2.4732025 54.65376 -1.879928469657898 0.14388547837734222
Car 0.0 0 1.180054783821106 743.7866821289062 517.8170776367188 845.0372314453125 581.3695068359375 3.8608842 1.702438 1.6701473 -0.7092992 2.5308008 37.769478 1.1612772941589355 0.12837572395801544
Car 0.0 0 -1.0992939472198486 29.937631607055664 527.7736206054688 354.3618469238281 716.2443237304688 4.2450657 1.7839285 1.6443415 -7.1024756 2.2736843 14.957292 -1.5426201820373535 0.12450238317251205
Car 0.0 0 1.4731897115707397 582.6333618164062 511.2430114746094 644.6611938476562 564.0021362304688 3.4011853 1.5580448 1.6390587 -6.5370965 2.2202349 40.63842 1.313696026802063 0.10935762524604797
Car 0.0 0 -1.305457353591919 927.7717895507812 517.8746948242188 989.4730834960938 562.8494262695312 3.8054004 1.7478145 1.6590767 6.0744843 2.909548 53.7227 -1.1928644180297852 0.10605691373348236
Car 0.0 0 1.270064353942871 816.8822021484375 513.3118896484375 872.9359741210938 550.759033203125 4.0271163 1.6888313 1.6113156 1.3594126 2.789761 61.784214 1.2920633554458618 0.103960782289505
Car 0.0 0 -1.1900615692138672 520.9920654296875 510.2625732421875 572.4254760742188 541.7288818359375 3.3715775 1.5756809 1.5307069 -14.303058 2.599565 67.3435 -1.399341344833374 0.10014668852090836
