Pedestrian 0.0 0 0.8501573204994202 976.255615234375 104.53394317626953 1041.8953857421875 218.3833770751953 0.7205515 1.802479 0.62079495 6.4845543 0.72118485 11.839968 1.3512202501296997 0.6595949530601501
Pedestrian 0.0 0 -0.9599712491035461 1013.20654296875 102.33763885498047 1081.7650146484375 224.39596557617188 0.7028575 1.7751795 0.590613 6.553671 0.7499686 10.903776 -0.4187830090522766 0.5637057423591614
Pedestrian 0.0 0 0.0992538332939148 751.5581665039062 149.4083709716797 769.3633422851562 180.3863525390625 1.0151807 1.8624437 0.47703782 9.092901 0.45321396 43.75681 0.30414319038391113 0.4906013607978821
Pedestrian 0.0 0 -0.29319414496421814 819.8369140625 147.91708374023438 839.2993774414062 179.6734161376953 0.9679391 1.8625798 0.597149 12.93137 0.40033168 42.616287 0.001413106918334961 0.4453694820404053
Pedestrian 0.0 0 3.3209385871887207 168.14710998535156 164.76234436035156 188.17588806152344 191.0941619873047 1.2104166 1.9222018 0.41334245 -31.789082 1.3318746 53.075665 2.781299591064453 0.37911257147789
Pedestrian 0.0 0 0.520336389541626 246.33175659179688 162.64019775390625 266.00604248046875 190.44056701660156 1.0940696 1.8656595 0.48914567 -23.909388 1.1805768 48.698063 0.06393718719482422 0.37529072165489197
Cyclist 0.0 0 -2.006909132003784 799.884521484375 108.004150390625 853.095458984375 181.6807861328125 1.6859392 1.8262867 0.67078257 5.5540466 0.21915485 18.765923 -1.71915864944458 0.4746001064777374
Car 0.0 0 -3.0291175842285156 869.7616577148438 178.51791381835938 960.0925903320312 215.86534118652344 3.6118603 1.5840769 1.5887663 13.749651 1.8531644 32.655144 -2.630592107772827 0.8969160914421082
Car 0.0 0 2.005358934402466 251.32107543945312 186.15467834472656 310.5380859375 212.69607543945312 4.5133815 1.5204273 1.6795771 -20.856945 2.407964 45.861977 1.5785400867462158 0.8238772749900818
Car 0.0 0 3.4137754440307617 129.274169921875 168.50469970703125 193.6691436767578 190.8211212158203 3.7584956 1.6142209 1.620719 -33.22302 1.2999791 53.49227 2.857999324798584 0.45117372274398804
Car 0.0 0 -2.434561252593994 743.77685546875 150.65208435058594 822.4150390625 181.64260864257812 4.2719846 1.6696376 1.6977571 9.758134 0.4738507 41.09632 -2.2014331817626953 0.34064579010009766
Car 0.0 0 2.317084789276123 1190.308349609375 102.7401123046875 1242.0 203.3754425048828 3.833841 1.5722371 1.6156605 12.2565155 0.47719774 12.143334 3.107121467590332 0.2987726032733917
Car 0.0 0 0.6371607184410095 1145.2650146484375 134.08230590820312 1242.0 174.27809143066406 3.926346 1.6525817 1.661027 26.076061 0.058906674 31.768482 1.3244657516479492 0.2916186451911926
Car 0.0 0 1.394526481628418 841.3700561523438 146.5115966796875 905.4456787109375 190.7868194580078 3.5918412 1.420796 1.465402 9.015459 0.5758239 25.045135 1.7400541305541992 0.28561997413635254
Car 0.0 0 -1.6325973272323608 745.4485473632812 157.43746948242188 776.5186157226562 185.12486267089844 4.146298 1.6678691 1.6613098 9.47058 0.7395458 45.632454 -1.4279619455337524 0.28448691964149475
