Pedestrian 0.0 0 0.2054004669189453 1135.9822998046875 487.5941162109375 1194.4691162109375 585.3401489257812 1.0773324 2.0647545 0.7997977 7.5396423 1.9820987 27.353163 0.4743621349334717 0.41539493203163147
Pedestrian 0.0 0 0.3925139904022217 137.05178833007812 480.4476623535156 195.23776245117188 567.4769287109375 1.202915 2.317566 0.7427221 -17.518105 2.0230556 34.14346 -0.081537626683712 0.18825939297676086
Pedestrian 0.0 0 -1.259533166885376 1012.299560546875 507.5307922363281 1042.0216064453125 565.74169921875 1.2027427 2.0588946 0.72873396 7.64466 2.648285 45.880352 -1.094428300857544 0.15297269821166992
Pedestrian 0.0 0 3.149714469909668 741.8268432617188 499.26593017578125 768.2691040039062 546.8807373046875 1.036003 1.8624146 0.68636775 -2.4148147 2.1710782 50.017067 3.1014721393585205 0.14314158260822296
Pedestrian 0.0 0 -1.6551768779754639 362.7791748046875 473.2518615722656 401.7091064453125 563.0955200195312 1.0771914 2.1466155 0.8109435 -10.600019 1.7104473 30.914572 -1.9854955673217773 0.14246445894241333
Pedestrian 0.0 0 -0.044008947908878326 759.1142578125 481.77117919921875 807.3522338867188 552.67919921875 1.5707697 2.3307242 0.71164256 -1.1022176 2.0107071 42.0368 -0.07022324204444885 0.13801664113998413
Pedestrian 0.0 0 -2.837128162384033 667.7572021484375 498.04937744140625 708.4112548828125 559.22607421875 1.2207075 2.0823724 0.772657 -4.4207263 2.3108013 43.716206 -2.937908887863159 0.1367196887731552
Pedestrian 0.0 0 -1.6238784790039062 373.0603332519531 489.3316955566406 401.1258239746094 563.0546875 0.9078271 2.1675167 0.74606574 -12.810943 2.1035576 37.79359 -1.9506945610046387 0.13603730499744415
Pedestrian 0.0 0 -1.6850790977478027 1275.3428955078125 498.8305358886719 1302.8326416015625 567.9911499023438 1.3684605 2.422158 0.7693501 16.893354 2.6883206 45.269665 -1.3279123306274414 0.13475048542022705
Pedestrian 0.0 0 -0.009695842862129211 1047.599365234375 500.8376159667969 1075.1715087890625 550.7333374023438 1.1492573 2.106717 0.81557506 10.478527 2.5095034 54.1647 0.18140029907226562 0.1213914304971695
Pedestrian 0.0 0 -1.0194414854049683 536.0770263671875 498.73565673828125 580.8385009765625 577.4269409179688 1.1619716 2.2404637 0.7841 -7.4969053 2.4547522 36.862164 -1.2200818061828613 0.11852972209453583
Cyclist 0.0 0 -1.7692443132400513 705.275390625 494.4490051269531 732.8123168945312 545.1475219726562 1.9639542 1.9421383 0.7032387 -3.822778 2.0599513 49.67474 -1.8460490703582764 0.3356190025806427
Cyclist 0.0 0 -1.8044118881225586 1362.8717041015625 498.7502746582031 1402.137451171875 566.8685302734375 1.5379891 2.0903976 0.7936604 17.81333 2.3231697 39.869114 -1.3842262029647827 0.16181126236915588
Cyclist 0.0 0 -1.1918301582336426 1020.2052612304688 503.9566650390625 1050.503173828125 559.5609741210938 1.2298009 1.965502 0.6717852 7.9237227 2.4224072 45.778393 -1.020439624786377 0.14412657916545868
Cyclist 0.0 0 -1.6102540493011475 1088.9542236328125 529.728515625 1123.947509765625 625.122802734375 1.3525313 2.0437968 0.71297115 6.508491 2.9244325 28.448326 -1.3853418827056885 0.13676410913467407
Car 0.0 0 -1.1172384023666382 0.0 508.2842712402344 156.0004119873047 590.5275268554688 3.7868347 1.6961343 1.6078056 -16.726368 2.104221 28.858002 -1.642529845237732 0.27517038583755493
Car 0.0 0 -1.0799480676651 0.0 497.19342041015625 86.23854064941406 568.0529174804688 3.5529902 1.6404251 1.5802144 -19.838228 1.7898074 31.44035 -1.6428359746932983 0.260160356760025
Car 0.0 0 0.877234935760498 1354.3597412109375 522.891845703125 1578.3536376953125 615.594482421875 4.062986 1.5313023 1.6309731 12.440675 2.193169 24.545185 1.3463457822799683 0.22846505045890808
Car 0.0 0 -1.9302586317062378 1519.46435546875 523.1304321289062 1600.0 617.5944213867188 3.8420591 1.55223 1.591456 14.985835 2.2077658 24.213436 -1.3760536909103394 0.16194646060466766
Car 0.0 0 -1.4124315977096558 165.5301055908203 511.1921691894531 273.1430969238281 589.3141479492188 3.8560507 1.5765599 1.6073455 -13.429262 2.0545793 28.677872 -1.8503824472427368 0.15414126217365265
Car 0.0 0 -2.117360830307007 1033.1973876953125 508.8023376464844 1119.0880126953125 551.3526000976562 3.7326076 1.5573776 1.617305 10.216557 2.2683766 50.03198 -1.9159295558929443 0.14150889217853546
Car 0.0 0 1.4288699626922607 932.9255981445312 509.19879150390625 1007.4297485351562 572.9232177734375 3.7087767 1.6749979 1.6004794 4.3453507 2.2068455 36.199066 1.548338770866394 0.1405051350593567
Car 0.0 0 1.2961097955703735 911.9569091796875 522.8104248046875 1053.7059326171875 628.4368896484375 3.9396932 1.7635764 1.6941541 3.1132722 2.419094 24.4466 1.4227778911590576 0.13156768679618835
Car 0.0 0 -0.8017827272415161 209.5195770263672 504.5790100097656 439.48699951171875 611.0243530273438 3.8609672 1.758633 1.8072811 -9.02602 2.0239778 23.576523 -1.1674084663391113 0.13002124428749084
Car 0.0 0 -2.0028717517852783 1118.65771484375 511.19158935546875 1247.5225830078125 581.327392578125 4.318855 1.6802415 1.6436046 9.707549 2.2417724 33.867153 -1.7237200736999512 0.12607018649578094
Car 0.0 0 0.9143815040588379 1270.943603515625 528.7481079101562 1383.8287353515625 582.2252807617188 4.073598 1.720848 1.6554579 18.479904 3.1372151 45.98005 1.296534538269043 0.11286454647779465
Car 0.0 0 1.3792017698287964 1067.723876953125 510.69805908203125 1137.74755859375 561.0799560546875 4.083914 1.6073502 1.6226069 9.905224 2.3060362 44.04129 1.6004283428192139 0.11286050081253052
Car 0.0 0 -2.344068765640259 1407.367919921875 538.2445068359375 1558.54345703125 608.2262573242188 3.631512 1.6863213 1.63636 18.40242 3.0555537 35.1272 -1.8615005016326904 0.11186989396810532
