Pedestrian 0.0 0 -2.5141680240631104 514.2921752929688 158.35824584960938 536.1743774414062 193.8383026123047 0.8698128 1.7107134 0.61085176 -4.0655665 0.41688022 35.136124 -2.6293647289276123 0.7528287172317505
Car 0.0 0 -1.3381527662277222 364.1254577636719 182.67489624023438 465.7772216796875 246.65359497070312 3.5565405 1.3555956 1.5363544 -4.4866967 1.3028914 17.024458 -1.5958377122879028 0.9787424802780151
Car 0.0 0 -1.0703200101852417 0.0 193.51486206054688 327.0835876464844 371.1255187988281 3.946091 1.4090579 1.5427876 -4.621766 1.5242523 7.8808994 -1.6007179021835327 0.9492074847221375
Car 0.0 0 -1.612247347831726 573.2017822265625 177.72117614746094 610.882080078125 209.78106689453125 3.5794654 1.45873 1.6529044 -0.83347327 1.118859 34.54431 -1.636370301246643 0.9074798226356506
Car 0.0 0 -1.2510114908218384 306.69451904296875 183.05654907226562 389.6789245605469 229.06004333496094 3.8658752 1.4866816 1.594824 -9.020712 1.4180366 25.178972 -1.5950291156768799 0.8753291368484497
Car 0.0 0 -1.3674256801605225 416.361572265625 179.9435272216797 488.2329406738281 226.25540161132812 4.20489 1.4906992 1.6458218 -5.3946486 1.3221287 25.243246 -1.577965259552002 0.8551468253135681
Car 0.0 0 -1.0550897121429443 105.38186645507812 184.52989196777344 297.59173583984375 261.5030212402344 4.4291897 1.4197732 1.5937406 -8.504346 1.4082546 15.4805975 -1.5574376583099365 0.852567195892334
Car 0.0 0 -0.9599595069885254 0.0 175.6431427001953 154.60423278808594 246.2575225830078 3.7699246 1.3936248 1.6024392 -12.134093 1.2058349 16.095306 -1.6059457063674927 0.749546229839325
Car 0.0 0 -2.912121057510376 431.1339111328125 163.2406005859375 491.7423095703125 187.5591278076172 3.7486968 1.6196755 1.6685883 -9.914757 0.15721047 48.7619 -3.1127164363861084 0.6776221394538879
Car 0.0 0 -1.5343964099884033 403.7941589355469 169.6066131591797 440.8324890136719 202.16241455078125 3.6216218 1.5102266 1.631299 -9.086035 0.78726995 35.28653 -1.7864148616790771 0.566998302936554
Car 0.0 0 2.6833419799804688 675.4938354492188 161.05731201171875 744.5866088867188 188.10565185546875 3.9050872 1.6205546 1.646723 6.2928553 0.17427799 44.457214 2.8239564895629883 0.5057183504104614
