Pedestrian 0.0 0 0.5534639358520508 270.781005859375 149.16343688964844 347.7317810058594 289.8869934082031 0.72657096 1.7008427 0.5172187 -3.7426739 1.3237765 8.851806 0.15344572067260742 0.7546275854110718
Pedestrian 0.0 0 1.173581838607788 846.25927734375 90.36875915527344 906.0585327148438 200.9171142578125 0.8272025 1.8190614 0.6823296 4.5632706 0.33761275 12.05484 1.5354547500610352 0.49727460741996765
Pedestrian 0.0 0 1.7290834188461304 621.89794921875 138.26980590820312 650.134033203125 206.6630096435547 0.73527086 1.7062576 0.6141927 0.76124036 0.6543037 18.055737 1.77121901512146 0.48780450224876404
Pedestrian 0.0 0 -0.2828068733215332 908.954345703125 94.29222106933594 973.8763427734375 208.5128631591797 0.8557359 1.8471876 0.54578996 5.540045 0.45468038 11.766024 0.15725088119506836 0.3636261522769928
Pedestrian 0.0 0 1.6346890926361084 519.1432495117188 113.41483306884766 551.8801879882812 201.96849060058594 0.82162476 1.8148577 0.6387396 -1.4969233 0.44160944 14.907698 1.5346118211746216 0.3514384329319
Pedestrian 0.0 0 -3.681917905807495 1098.6962890625 93.95301055908203 1193.470947265625 208.02865600585938 1.0759441 1.8031454 0.59089506 8.753233 0.4367895 11.523413 -3.0322983264923096 0.3498981297016144
Pedestrian 0.0 0 -3.323082685470581 767.900146484375 99.14124298095703 835.9664916992188 207.4620361328125 1.0341703 1.8347181 0.7015399 3.3819218 0.4583263 12.364536 -3.0560948848724365 0.3329889476299286
Pedestrian 0.0 0 0.38679784536361694 561.3740844726562 123.95275115966797 607.1289672851562 215.0749969482422 0.7802021 1.8403602 0.60814494 -0.4679195 0.6999243 14.695716 0.3549680709838867 0.32138291001319885
Pedestrian 0.0 0 0.01969332993030548 704.4542846679688 122.4920654296875 738.1280517578125 191.62240600585938 0.8399485 1.7402636 0.6044979 2.9552598 0.28158522 18.166933 0.1809532642364502 0.2853838801383972
Pedestrian 0.0 0 -0.23969793319702148 1164.7509765625 111.85844421386719 1224.0 219.85577392578125 0.7391467 1.7903056 0.583569 10.110955 0.65406346 12.140457 0.4547441005706787 0.26532217860221863
Cyclist 0.0 0 3.584109306335449 154.59027099609375 104.22212219238281 261.1857604980469 194.2786865234375 1.8132708 1.7455575 0.47283646 -7.885159 0.26870286 13.999334 3.07114839553833 0.46271753311157227
Cyclist 0.0 0 -3.4377448558807373 795.6153564453125 97.92963409423828 876.8426513671875 205.07852172851562 1.2117025 1.8278213 0.66159177 3.9917977 0.42092517 12.396437 -3.12621808052063 0.33860117197036743
Cyclist 0.0 0 -3.707271099090576 1087.691162109375 83.59034729003906 1184.84912109375 200.90455627441406 1.1089728 1.8505816 0.60931444 8.570822 0.32352924 11.493801 -3.0665335655212402 0.22863592207431793
Cyclist 0.0 0 -0.26597651839256287 928.4806518554688 86.97532653808594 1008.4417114257812 204.77215576171875 1.0837364 1.8965471 0.5089304 5.970936 0.39243904 11.737874 0.20459866523742676 0.20074176788330078
Cyclist 0.0 0 1.6477301120758057 518.3782958984375 110.61100006103516 552.6688232421875 202.70013427734375 0.87617683 1.8838995 0.6570724 -1.4953719 0.4557808 14.904921 1.5477373600006104 0.1387995183467865
Cyclist 0.0 0 2.7412712574005127 865.2384033203125 98.32750701904297 938.5228881835938 211.56617736816406 1.0086299 1.8526073 0.51464605 4.908266 0.5099009 11.823251 3.1347579956054688 0.1294843852519989
Car 0.0 0 -1.8231343030929565 651.004150390625 138.0626678466797 741.858642578125 200.29287719726562 3.6108801 1.5393661 1.5923574 2.3630211 0.49120557 19.379015 -1.7017961740493774 0.38573554158210754
Car 0.0 0 -1.386330008506775 580.0532836914062 151.40025329589844 629.965087890625 189.0751953125 3.9848557 1.6589475 1.6433289 0.046912644 0.37906155 33.238617 -1.3849185705184937 0.24850240349769592
