Pedestrian 0.0 0 1.824885606765747 328.74615478515625 156.04214477539062 347.6319274902344 193.50335693359375 0.89856404 1.7493932 0.63270295 -12.906949 0.9646578 34.172714 1.4637521505355835 0.6115418076515198
Pedestrian 0.0 0 -0.39006561040878296 769.7319946289062 161.7484130859375 785.702880859375 190.18771362304688 0.768706 1.7500709 0.66854 10.376508 1.0670238 44.79058 -0.16241437196731567 0.40261492133140564
Pedestrian 0.0 0 2.3683671951293945 428.1413879394531 158.59571838378906 447.5170593261719 194.72964477539062 0.71241975 1.831916 0.6560926 -8.877869 1.1094084 37.053997 2.133207321166992 0.3845156729221344
Pedestrian 0.0 0 -3.6865391731262207 1188.2242431640625 134.76344299316406 1225.755126953125 205.4715576171875 0.466904 1.8129175 0.68703014 15.557524 0.8366542 18.87064 -2.9970781803131104 0.3269267976284027
Pedestrian 0.0 0 3.0734217166900635 640.02392578125 161.38656616210938 651.2252807617188 183.0397186279297 0.9335715 1.8577983 0.46714726 3.044862 0.8742731 62.146305 3.122377634048462 0.3053075075149536
Pedestrian 0.0 0 1.0113431215286255 1010.1529541015625 113.41282653808594 1056.091796875 188.9969024658203 0.84014004 1.7668539 0.59296054 10.080281 0.37771457 17.29318 1.5390979051589966 0.2594047486782074
Cyclist 0.0 0 -1.8815054893493652 815.8178100585938 152.52577209472656 866.3832397460938 233.12478637695312 1.9289016 1.8373368 0.5926782 5.4945927 1.3742919 17.41137 -1.5758216381072998 0.9225265979766846
Cyclist 0.0 0 1.142704963684082 756.0852661132812 157.66188049316406 777.4939575195312 184.6477508544922 1.8290668 1.7073618 0.6485259 10.085462 0.74653363 46.61071 1.355796456336975 0.2573243975639343
Car 0.0 0 -1.5958616733551025 580.3277587890625 178.09083557128906 666.4173583984375 258.5649719238281 4.3975406 1.5756391 1.7219565 0.18662511 1.7127063 16.622734 -1.5846350193023682 0.8778067827224731
Car 0.0 0 2.2418534755706787 0.0 0.0 294.8708190917969 375.0 4.001272 1.5008582 1.610067 -3.636313 0.8774242 4.41818 1.5532242059707642 0.617922842502594
Car 0.0 0 -1.4105830192565918 690.2142944335938 159.64468383789062 722.4710693359375 182.684326171875 4.292067 1.6350045 1.70932 7.1574736 0.69796634 53.50249 -1.2775943279266357 0.4044683575630188
Car 0.0 0 -1.6800885200500488 590.2733764648438 170.06214904785156 613.2269897460938 188.11721801757812 3.6716607 1.5196604 1.5970981 -0.7653428 1.2850348 62.6468 -1.6923047304153442 0.402785062789917
Car 0.0 0 -1.6668579578399658 629.9799194335938 165.1712188720703 652.8858032226562 183.71701049804688 4.1319013 1.592993 1.6379988 2.7389426 0.93343765 64.08047 -1.6241416931152344 0.32373857498168945
Car 0.0 0 -0.12036818265914917 656.563232421875 168.80487060546875 727.1300659179688 196.5531463623047 3.7230618 1.5083078 1.5932527 4.467718 1.2885686 40.03152 -0.009223122149705887 0.27418437600135803
