Pedestrian 0.0 0 1.868135690689087 544.3778076171875 167.34376525878906 568.7760009765625 217.420166015625 0.99464 1.7989968 0.63161147 -1.660729 1.2914845 26.360676 1.8052185773849487 0.6663228869438171
Pedestrian 0.0 0 1.9456374645233154 351.20355224609375 150.3532257080078 463.57562255859375 360.9713134765625 0.884438 1.6157864 0.62641233 -1.6358247 1.3782355 5.981567 1.6786870956420898 0.530852198600769
Pedestrian 0.0 0 0.6115655899047852 979.1808471679688 98.98307037353516 1238.0 374.0 0.76381344 1.7057998 0.65250826 2.156594 1.4022554 3.1239023 1.215787410736084 0.4252116084098816
Pedestrian 0.0 0 -3.3996939659118652 923.5469970703125 153.88494873046875 1073.852294921875 374.0 0.72914165 1.6476225 0.63508296 2.5470357 1.4805609 4.772765 -2.909482002258301 0.40314781665802
Pedestrian 0.0 0 -3.544861316680908 964.5394897460938 157.09323120117188 1052.6280517578125 313.6393127441406 0.65184623 1.6645994 0.63642126 4.4585557 1.406435 7.9865236 -3.035698652267456 0.3936336636543274
Pedestrian 0.0 0 2.0926012992858887 692.493896484375 156.81092834472656 725.4231567382812 216.2712860107422 0.8167227 1.7651892 0.67415637 3.2458756 1.0333765 21.85187 2.240062952041626 0.3586190640926361
Pedestrian 0.0 0 -3.371150493621826 976.2269897460938 141.80625915527344 1007.2619018554688 215.64308166503906 0.53471375 1.7734467 0.6455462 9.539728 0.8212608 17.63245 -2.875218152999878 0.28894734382629395
Pedestrian 0.0 0 -1.990269660949707 886.5610961914062 201.41299438476562 979.4820556640625 363.8453674316406 0.729516 1.6224512 0.6516185 3.4503 1.8455126 7.628722 -1.5655232667922974 0.19427020847797394
Cyclist 0.0 0 -1.986079454421997 883.5301513671875 197.60711669921875 979.7870483398438 364.64019775390625 0.8563929 1.6611085 0.6352999 3.442595 1.8438097 7.6545634 -1.5634382963180542 0.15395061671733856
Cyclist 0.0 0 -1.465989589691162 485.46246337890625 164.75509643554688 529.684814453125 262.6272888183594 1.6285658 1.7301246 0.6627094 -1.7814788 1.4353921 13.518362 -1.59701669216156 0.1503574401140213
Car 0.0 0 1.9725760221481323 179.66041564941406 141.0587615966797 488.72991943359375 327.444580078125 4.453654 1.6352612 1.7246603 -2.7846236 1.2818314 8.594002 1.6592313051223755 0.28241199254989624
Car 0.0 0 1.6609810590744019 667.6376953125 154.53468322753906 701.9856567382812 182.37249755859375 4.321452 1.615266 1.7070932 5.15428 0.05140785 43.968155 1.777675986289978 0.25320449471473694
Car 0.0 0 -1.5304806232452393 517.1295166015625 160.08258056640625 545.3641357421875 187.20111083984375 3.9647639 1.754584 1.7409562 -4.688659 0.369566 48.50209 -1.6268503665924072 0.14747974276542664
