Pedestrian 0.0 0 0.8441386222839355 31.514995574951172 125.83073425292969 83.03361511230469 200.84701538085938 0.8810138 1.8825196 0.6191931 -14.207538 0.70283747 18.490952 0.1889960765838623 0.6350506544113159
Pedestrian 0.0 0 0.3440026044845581 0.0 195.32765197753906 32.51686477661133 259.3805847167969 0.85835093 1.7414948 0.7013882 -17.061617 2.3930252 20.426626 -0.3518737554550171 0.527755618095398
Pedestrian 0.0 0 -2.856626272201538 734.9282836914062 140.09877014160156 776.9961547851562 223.14785766601562 0.8072901 1.8354521 0.579464 3.2678528 1.1118929 16.38761 -2.6597981452941895 0.5029941201210022
Pedestrian 0.0 0 0.49767225980758667 161.87025451660156 128.8134765625 197.2290802001953 188.78941345214844 0.7177792 1.8147824 0.6340904 -13.260841 0.48253995 22.161589 -0.041548240929841995 0.4511856734752655
Pedestrian 0.0 0 -2.5455996990203857 186.69683837890625 142.5387725830078 225.4085235595703 202.3830108642578 0.8384926 1.7807018 0.5819759 -12.241472 0.87901163 21.792263 -3.0574076175689697 0.28912967443466187
Pedestrian 0.0 0 -1.0584381818771362 192.08102416992188 135.06724548339844 238.8541717529297 199.23410034179688 1.5302318 1.7093073 0.44580564 -10.952345 0.70308375 19.985447 -1.559756875038147 0.16923846304416656
Pedestrian 0.0 0 -1.1695972681045532 0.0 100.18058776855469 85.01758575439453 234.7423095703125 1.6362962 1.8384823 0.5646996 -8.535387 0.8459219 10.719324 -1.8420546054840088 0.11268399655818939
Cyclist 0.0 0 -1.0584381818771362 192.08102416992188 135.06724548339844 238.8541717529297 199.23410034179688 1.5302318 1.7093073 0.44580564 -10.952345 0.70308375 19.985447 -1.559756875038147 0.3597097396850586
Cyclist 0.0 0 -1.1693334579467773 0.0 98.52520751953125 87.97055053710938 235.5111541748047 1.781549 1.8595723 0.5739814 -8.5309 0.8509234 10.727132 -1.8411797285079956 0.35466504096984863
Cyclist 0.0 0 -1.220628261566162 170.022216796875 127.90474700927734 207.1717071533203 191.71817016601562 1.2744527 1.91022 0.5908686 -13.040195 0.5650467 22.275814 -1.7502411603927612 0.3417852222919464
Cyclist 0.0 0 -1.9549610614776611 771.227294921875 120.159423828125 822.8693237304688 209.96615600585938 1.6087054 1.814004 0.4932717 3.9156442 0.7499852 15.401835 -1.7060030698776245 0.27957239747047424
Cyclist 0.0 0 3.51767635345459 0.0 190.6897430419922 35.17158126831055 254.64947509765625 0.85661393 1.7478261 0.7280112 -17.025803 2.2659066 20.461857 2.823681116104126 0.11130072921514511
Car 0.0 0 -1.5679572820663452 400.7961730957031 168.17445373535156 445.9639587402344 209.7943115234375 3.3942962 1.5589765 1.6506596 -7.5023484 1.3840503 28.873358 -1.8221720457077026 0.8899672627449036
Car 0.0 0 1.7888069152832031 385.5034484863281 161.92236328125 419.8282775878906 182.0747528076172 4.213744 1.4852374 1.6587133 -15.874305 0.6799306 55.328583 1.5094025135040283 0.4133738577365875
Car 0.0 0 1.5863184928894043 410.55902099609375 161.12841796875 445.43212890625 190.77720642089844 4.440038 1.4885697 1.707308 -9.729529 0.9002241 38.58 1.3392788171768188 0.38553085923194885
Car 0.0 0 -2.2831082344055176 344.7025451660156 157.19818115234375 409.0277099609375 182.35958862304688 3.7763815 1.4499831 1.5820565 -14.016675 0.5481387 43.232758 -2.5966291427612305 0.33149152994155884
Car 0.0 0 1.419600486755371 403.070556640625 158.26092529296875 436.5780029296875 183.4981689453125 4.026862 1.6758924 1.6553652 -13.26684 0.70718944 50.087822 1.160674810409546 0.3051547110080719
Car 0.0 0 -2.014178991317749 496.1346740722656 159.93736267089844 540.61376953125 182.35971069335938 4.582988 1.7408922 1.7727152 -7.488413 0.73839 58.425198 -2.1416549682617188 0.3028002679347992
