Pedestrian 0.0 0 2.9047300815582275 546.8041381835938 173.88693237304688 560.766357421875 200.21009826660156 0.8228243 1.7124984 0.4808921 -3.7189987 1.781116 47.322254 2.8263025283813477 0.5557236671447754
Pedestrian 0.0 0 -1.733773112297058 685.4053344726562 163.80844116210938 701.7175903320312 199.67160034179688 0.9252953 1.8416235 0.7005872 4.304534 1.3774793 37.528404 -1.6195714473724365 0.2569520175457001
Pedestrian 0.0 0 1.6485575437545776 522.22265625 175.91517639160156 539.5355224609375 214.39657592773438 1.724141 1.6839623 0.6478009 -3.6026936 1.8262672 32.58289 1.5384347438812256 0.21814456582069397
Cyclist 0.0 0 1.7088112831115723 537.3737182617188 176.44424438476562 557.0249633789062 214.78805541992188 1.7614874 1.7063266 0.6665142 -2.9151437 1.876209 33.170464 1.6211527585983276 0.8000286221504211
Cyclist 0.0 0 1.6514053344726562 522.3161010742188 175.88157653808594 540.1842041015625 214.57179260253906 1.7551377 1.6928277 0.66584015 -3.586472 1.8336769 32.592613 1.5418068170547485 0.6296728849411011
Car 0.0 0 1.864638090133667 335.7197570800781 184.95721435546875 453.38690185546875 262.1347351074219 3.925147 1.5917926 1.6470734 -5.1062264 1.9182456 17.467253 1.5802314281463623 0.9624677300453186
Car 0.0 0 -1.7650160789489746 689.0697021484375 174.99183654785156 809.6868286132812 270.7117614746094 3.5063899 1.6119872 1.606486 2.5070286 1.6590494 13.993896 -1.5877450704574585 0.9467756152153015
Car 0.0 0 1.716750144958496 467.51580810546875 182.69505310058594 516.7097778320312 217.4497528076172 4.2438316 1.4434985 1.6404012 -5.4091873 1.9272883 33.308067 1.55575692653656 0.852917492389679
Car 0.0 0 -1.4993594884872437 631.8331909179688 176.3935546875 658.7449340820312 199.3997344970703 3.8502 1.6464444 1.7532583 2.6614175 1.9229395 54.27128 -1.450359582901001 0.7484418153762817
Car 0.0 0 -0.7690560221672058 0.0 222.7119903564453 157.27169799804688 375.0 3.8304965 1.4894019 1.6020387 -4.3888435 1.8896496 3.8304656 -1.6222848892211914 0.5632143616676331
Car 0.0 0 1.5178135633468628 517.3604125976562 181.71665954589844 542.7723999023438 206.63455200195312 4.248737 1.6694456 1.5954602 -5.840061 2.3377275 52.14875 1.4062896966934204 0.2334037721157074
