Pedestrian 0.0 0 -1.3507531881332397 697.8867797851562 177.4615478515625 720.8087768554688 223.3177947998047 1.0121295 1.6649964 0.64282894 3.6665113 1.8408899 26.899708 -1.2152849435806274 0.7332475781440735
Pedestrian 0.0 0 1.0435220003128052 744.7095336914062 137.79208374023438 775.7767333984375 202.69422912597656 0.739736 1.8546442 0.5954603 4.3336163 0.85307264 21.061382 1.2464510202407837 0.559924840927124
Pedestrian 0.0 0 -2.999314069747925 750.5206909179688 158.96102905273438 762.4810791015625 190.41798400878906 0.59367573 1.7971325 0.62773097 8.417017 1.0037864 41.61384 -2.799741744995117 0.5267601609230042
Pedestrian 0.0 0 -1.3035475015640259 447.32568359375 146.55287170410156 470.1613464355469 192.56271362304688 0.79649377 1.7317138 0.66875964 -5.8174996 0.7421526 27.57178 -1.5114922523498535 0.49377575516700745
Pedestrian 0.0 0 1.7718969583511353 564.0873413085938 159.46823120117188 577.1067504882812 187.44708251953125 0.8396271 1.8387352 0.7101941 -2.642339 0.95939624 47.882824 1.7167694568634033 0.3878137171268463
Pedestrian 0.0 0 -3.338369131088257 762.9710693359375 162.6912078857422 774.1845703125 187.53990173339844 0.6788336 1.8086276 0.69602805 11.589757 1.0692806 52.869194 -3.1225669384002686 0.3600667417049408
Pedestrian 0.0 0 1.0141253471374512 1050.4771728515625 72.41221618652344 1129.9114990234375 207.8897247314453 0.74494636 1.7996722 0.609795 6.557145 0.46576965 9.9622135 1.5962446928024292 0.3007719814777374
Pedestrian 0.0 0 -0.0837986022233963 784.1902465820312 161.8966064453125 794.985595703125 181.27023315429688 0.94230366 1.8038337 0.48317453 16.778072 0.7839732 67.491455 0.15985774993896484 0.2950340509414673
Cyclist 0.0 0 -2.153067111968994 828.732666015625 132.4585723876953 871.1533813476562 182.07371520996094 1.8574134 1.7716798 0.5582674 8.8226 0.32957986 26.731592 -1.8342798948287964 0.33655864000320435
Cyclist 0.0 0 1.9221203327178955 608.9110107421875 161.572509765625 622.7985229492188 184.550048828125 1.7971493 1.7835917 0.5099415 0.44418347 0.9082433 56.936234 1.9299216270446777 0.3054714798927307
Cyclist 0.0 0 -1.3507531881332397 697.8867797851562 177.4615478515625 720.8087768554688 223.3177947998047 1.0121295 1.6649964 0.64282894 3.6665113 1.8408899 26.899708 -1.2152849435806274 0.3029108941555023
Car 0.0 0 1.8138725757598877 544.883544921875 183.58360290527344 603.3084106445312 222.43263244628906 4.1568375 1.5589824 1.6645625 -1.5747782 2.0734146 32.367355 1.7652575969696045 0.8951490521430969
Car 0.0 0 1.8124855756759644 623.7479858398438 183.54605102539062 659.3306274414062 208.23348999023438 3.6567104 1.5315611 1.5583091 2.1252358 2.2790658 48.443565 1.856327772140503 0.8656378984451294
Car 0.0 0 0.8830927014350891 932.3344116210938 196.4422149658203 1242.0 375.0 3.5461237 1.4381504 1.5187758 2.9332058 1.6062399 3.3298101 1.6052504777908325 0.8346372842788696
Car 0.0 0 1.8260769844055176 478.2397766113281 179.002197265625 559.0427856445312 234.56356811523438 4.2343774 1.7152876 1.7557776 -3.096375 1.9473635 24.976854 1.702736496925354 0.8344464898109436
Car 0.0 0 1.2229883670806885 823.8987426757812 150.1512908935547 895.536865234375 189.7200469970703 3.4379346 1.4150399 1.4876999 9.402271 0.60351396 27.533155 1.5520609617233276 0.4450312554836273
Car 0.0 0 1.5568883419036865 780.32763671875 163.87518310546875 798.6771240234375 180.94688415527344 3.6852846 1.5872929 1.6489944 17.139956 0.75281703 69.066246 1.8001409769058228 0.3360119163990021
Car 0.0 0 1.3203167915344238 694.7068481445312 175.01943969726562 763.4437866210938 218.64527893066406 4.3513756 1.6098055 1.6880734 4.65937 1.7042059 29.088757 1.4791452884674072 0.3093623220920563
Car 0.0 0 1.832980751991272 603.9592895507812 172.01119995117188 636.407470703125 194.0037841796875 3.84484 1.6414622 1.5729665 0.800251 1.5789155 55.914818 1.8472917079925537 0.3000991940498352
