Car 0.0 0 -1.8660898208618164 756.683837890625 192.38807678222656 981.672607421875 348.6618347167969 3.4157116 1.4146371 1.5253066 2.795759 1.6966007 8.67894 -1.5544546842575073 0.9777771234512329
Car 0.0 0 0.6931870579719543 0.0 182.8483123779297 295.4134216308594 329.00048828125 3.823995 1.5570775 1.594123 -6.126802 1.69213 8.768145 0.08329582214355469 0.9308654069900513
Car 0.0 0 -0.3790610730648041 830.1177368164062 172.0679168701172 1089.6029052734375 260.219482421875 4.141103 1.5685587 1.661143 6.4643455 1.554929 13.788127 0.05934453010559082 0.9157733917236328
Car 0.0 0 3.614556074142456 113.18978118896484 181.56129455566406 357.5564880371094 266.3714294433594 3.8189025 1.4945874 1.5517153 -7.0088215 1.6691092 13.651049 3.1402244567871094 0.9092937111854553
Car 0.0 0 0.852440357208252 0.0 189.4159698486328 239.48963928222656 375.0 4.006826 1.5749298 1.6542066 -5.7380767 1.7471675 6.418744 0.12297439575195312 0.9069932103157043
Car 0.0 0 3.3687353134155273 338.31689453125 180.31275939941406 467.1517333984375 230.43624877929688 3.6968045 1.5229658 1.5942901 -6.5958877 1.7711107 23.076578 3.090332269668579 0.88199782371521
Car 0.0 0 0.5465835332870483 45.654476165771484 179.79530334472656 373.828125 299.6910400390625 4.1994777 1.6814278 1.6369976 -6.0709934 1.7978058 11.139885 0.04760408401489258 0.8616921901702881
Car 0.0 0 1.4918320178985596 635.1658935546875 178.31529235839844 670.4017944335938 208.02145385742188 4.061824 1.6384802 1.7517427 2.4430556 1.9767901 42.597534 1.5491212606430054 0.812407374382019
Car 0.0 0 -2.732948064804077 272.2010498046875 181.05978393554688 439.845458984375 244.91448974609375 3.750872 1.5369813 1.5460352 -6.488063 1.7580769 18.501993 -3.070218086242676 0.7586406469345093
Car 0.0 0 3.4951817989349365 202.28692626953125 183.4700164794922 418.27166748046875 258.5450134277344 4.104911 1.5431074 1.6288153 -6.5506124 1.7914695 15.966067 3.105841875076294 0.7163430452346802
