Pedestrian 0.0 0 -1.3532898426055908 983.0232543945312 505.07867431640625 1012.81103515625 560.3319702148438 1.1678361 1.8910187 0.79973525 6.368687 2.3738508 44.367565 -1.2107199430465698 0.2265578806400299
Pedestrian 0.0 0 -0.4154096245765686 1408.4822998046875 462.36737060546875 1485.0123291015625 586.748779296875 0.9171455 1.9570353 0.63698345 10.0787325 1.4985468 20.265285 0.04610753059387207 0.22317850589752197
Pedestrian 0.0 0 -1.4297552108764648 1034.0623779296875 499.6592712402344 1080.1732177734375 590.5347290039062 1.1490154 1.8513216 0.797319 5.0650387 2.0268347 26.59277 -1.2415428161621094 0.21304813027381897
Pedestrian 0.0 0 -0.8004348874092102 750.529541015625 511.3681640625 787.6293334960938 559.9581909179688 1.4114214 1.8935553 0.69975626 -1.88602 2.7010598 50.73094 -0.8375946879386902 0.17624272406101227
Pedestrian 0.0 0 -3.4831037521362305 1235.453125 465.5317077636719 1327.3992919921875 621.9378662109375 1.0507798 2.0769997 0.5196418 6.2648287 1.7320584 17.082481 -3.13159441947937 0.16743053495883942
Pedestrian 0.0 0 -0.5259602069854736 642.8861694335938 492.8288269042969 676.2183837890625 545.6100463867188 1.1654304 2.1655345 0.7309116 -6.5125685 2.2211406 52.634785 -0.6490657925605774 0.1618807017803192
Pedestrian 0.0 0 -2.998136520385742 626.2908325195312 484.3367004394531 653.5385131835938 540.5354614257812 0.93726486 2.1342423 0.7350474 -6.744866 1.8619354 48.464268 -3.136420249938965 0.15909351408481598
Pedestrian 0.0 0 -1.8236324787139893 653.6744384765625 499.2286376953125 676.5615844726562 547.9064331054688 0.90904325 1.9328609 0.71060044 -6.0912404 2.2472687 51.01377 -1.9424736499786377 0.1499742865562439
Pedestrian 0.0 0 -3.2787294387817383 1192.433837890625 483.56488037109375 1245.175048828125 586.2051391601562 0.8894309 1.9698759 0.73719496 7.8558044 1.8174493 24.743767 -2.971308469772339 0.14977826178073883
Pedestrian 0.0 0 -3.484398126602173 1448.6259765625 498.89453125 1483.6107177734375 551.929931640625 0.9837451 1.9627541 0.7094108 24.317133 2.2416818 47.399937 -3.0103886127471924 0.1414967030286789
Pedestrian 0.0 0 -1.8223034143447876 1052.60595703125 488.2348327636719 1104.709228515625 587.9417724609375 1.3535993 2.215255 0.8510117 5.960484 2.1425526 28.833136 -1.618451476097107 0.13734738528728485
Pedestrian 0.0 0 -0.9206536412239075 758.8972778320312 501.7778015136719 790.3088989257812 545.653076171875 1.3538325 1.9144028 0.72619665 -1.8504903 2.377799 56.37637 -0.9534657001495361 0.12773746252059937
Cyclist 0.0 0 -0.9176592826843262 754.6408081054688 508.01654052734375 790.692626953125 553.122802734375 1.7574089 1.9551566 0.6782487 -1.9369041 2.7032664 56.473965 -0.9519431591033936 0.32304948568344116
Cyclist 0.0 0 -0.7989287972450256 732.8153686523438 505.6483459472656 783.0662231445312 570.5734252929688 1.765155 2.2042127 0.7316394 -2.0316029 2.708866 44.291172 -0.8447659015655518 0.29152601957321167
Cyclist 0.0 0 -0.9536494612693787 652.592529296875 502.2915344238281 685.194580078125 550.69287109375 1.3182061 1.9755065 0.7192426 -6.1361613 2.4313126 52.77439 -1.0694012641906738 0.22507059574127197
Cyclist 0.0 0 -1.030189037322998 627.2073364257812 500.9217834472656 660.1566772460938 553.0146484375 1.3606988 2.0007854 0.676655 -6.7630153 2.3757052 49.673496 -1.165506362915039 0.21494363248348236
Car 0.0 0 -1.3662669658660889 291.1847839355469 507.4205627441406 392.6142883300781 580.4478149414062 3.9897065 1.7072432 1.6627133 -12.133942 2.143472 32.618187 -1.7224042415618896 0.25917956233024597
Car 0.0 0 -2.122274875640869 1472.9566650390625 518.1226806640625 1600.0 604.7428588867188 3.9770153 1.6298534 1.6166967 15.9052 2.2407942 27.065222 -1.5909768342971802 0.23962825536727905
Car 0.0 0 -2.2430641651153564 1476.4171142578125 514.8050537109375 1594.297119140625 563.3178100585938 3.8772757 1.5778259 1.5848638 25.573904 2.4466088 45.185955 -1.728042483329773 0.2114587128162384
Car 0.0 0 -1.574583888053894 757.132568359375 520.9475708007812 829.2142944335938 603.1201171875 4.4451423 1.6266204 1.5189103 -0.5358245 2.3507962 28.912273 -1.5931144952774048 0.1975121647119522
Car 0.0 0 -1.1971678733825684 401.8168640136719 506.23468017578125 527.586669921875 586.4046020507812 3.9846075 1.7696719 1.5918788 -8.450177 2.1516252 30.7788 -1.4651113748550415 0.19314594566822052
Car 0.0 0 0.7526190876960754 1328.5145263671875 509.9009094238281 1525.7525634765625 591.682373046875 3.951743 1.6244756 1.5672551 13.499361 2.065475 28.237318 1.1985677480697632 0.19118563830852509
Car 0.0 0 1.3368473052978516 852.5874633789062 520.5533447265625 984.2951049804688 619.7754516601562 4.1426044 1.6749737 1.6434485 1.9032884 2.294254 24.826113 1.4133623838424683 0.16539694368839264
Car 0.0 0 -1.1557040214538574 520.7115478515625 510.8232116699219 600.4051513671875 559.9942016601562 3.714589 1.7125822 1.5717515 -9.569302 2.4695973 47.649002 -1.3538966178894043 0.14775924384593964
Car 0.0 0 -1.4349753856658936 958.4096069335938 513.9940795898438 1020.3941040039062 564.3958740234375 3.513524 1.6054293 1.6690607 6.0465164 2.4201262 43.96536 -1.2983037233352661 0.12710697948932648
