Pedestrian 0.0 0 -2.119683027267456 1515.583984375 532.6441040039062 1594.6365966796875 626.0248413085938 1.5726295 2.067538 0.90433806 17.207798 3.0528266 29.536634 -1.5921621322631836 0.4457402527332306
Pedestrian 0.0 0 -3.0779502391815186 1007.3154296875 480.9951477050781 1048.7877197265625 540.2118530273438 1.1567496 1.7197468 0.7872798 6.240784 1.4144646 37.29364 -2.912144660949707 0.3312198221683502
Pedestrian 0.0 0 -2.8768808841705322 551.4273681640625 507.0382080078125 577.7774658203125 548.2667236328125 1.0816053 1.9049743 0.6216343 -11.746358 2.6343179 59.123875 -3.073000907897949 0.2887430489063263
Pedestrian 0.0 0 -3.6856026649475098 1587.9449462890625 483.6907043457031 1600.0 565.6736450195312 1.0158439 1.8217171 0.73854214 18.110367 1.6480322 28.5209 -3.119854688644409 0.2770443856716156
Pedestrian 0.0 0 -1.7647134065628052 1011.0118408203125 489.02960205078125 1054.9639892578125 567.6770629882812 1.4921807 2.1358237 0.9318769 6.002348 2.0685432 35.149414 -1.5955781936645508 0.26697298884391785
Pedestrian 0.0 0 -3.0352797508239746 1177.91015625 506.26800537109375 1199.0167236328125 547.6707153320312 0.91293937 1.9901214 0.7527776 18.154898 2.716156 61.768044 -2.7494096755981445 0.21378761529922485
Pedestrian 0.0 0 -2.751617193222046 678.7171630859375 497.02447509765625 703.2330322265625 537.4564819335938 0.93894786 1.8570522 0.6932315 -5.8115735 2.1150892 58.761116 -2.850198268890381 0.19662635028362274
Pedestrian 0.0 0 -3.354203224182129 1473.48974609375 500.97247314453125 1508.1470947265625 551.7647705078125 1.1250545 2.0299737 0.6554314 27.295694 2.4165845 51.257565 -2.8648791313171387 0.194854736328125
Pedestrian 0.0 0 -1.0423882007598877 450.56463623046875 494.5606994628906 491.42169189453125 559.9398803710938 1.2046263 2.0278597 0.7390447 -10.903474 2.1259935 40.02119 -1.3083751201629639 0.19393597543239594
Pedestrian 0.0 0 -2.9605185985565186 960.4619750976562 494.9883117675781 1002.387451171875 584.50537109375 0.84260076 2.0153039 0.68378735 3.7853262 2.0962718 29.00065 -2.8307268619537354 0.18956708908081055
Pedestrian 0.0 0 0.03533008694648743 1000.81396484375 503.3439636230469 1024.8779296875 552.3722534179688 0.93078053 1.9449011 0.7161708 7.901711 2.424653 50.888897 0.18937373161315918 0.1857234388589859
Pedestrian 0.0 0 -0.21658673882484436 882.0512084960938 502.51605224609375 907.3472900390625 541.3237915039062 1.1916013 2.0032985 0.7139503 4.08931 2.5815167 66.07072 -0.15477265417575836 0.1830032616853714
Pedestrian 0.0 0 0.17053818702697754 536.6207885742188 500.4659729003906 565.0287475585938 542.3770141601562 1.2250664 1.9817907 0.701607 -12.658924 2.4118176 60.4153 -0.03600551187992096 0.17179827392101288
Pedestrian 0.0 0 0.6264216303825378 488.3626403808594 491.85931396484375 541.515625 581.6299438476562 1.0274976 2.1970012 0.77778816 -7.504459 2.2059317 31.553988 0.392930269241333 0.16368870437145233
Pedestrian 0.0 0 -1.2793487310409546 490.3690490722656 509.9384460449219 521.2919311523438 577.3529663085938 0.9762539 1.9834685 0.6488832 -9.319038 2.5444393 38.04021 -1.5195958614349365 0.16324767470359802
Pedestrian 0.0 0 -1.8943830728530884 1392.425048828125 487.9981994628906 1434.916259765625 577.81103515625 1.4330037 2.5743153 0.7049803 17.4659 2.4737406 37.052185 -1.4538871049880981 0.1573263555765152
Pedestrian 0.0 0 -0.6357141733169556 971.03173828125 481.721435546875 1021.3009033203125 560.077880859375 1.3617762 2.3235316 0.6813718 5.4235883 2.033355 38.176582 -0.49459266662597656 0.15515603125095367
Pedestrian 0.0 0 -1.0163915157318115 522.204345703125 497.7583312988281 550.9444580078125 545.35595703125 1.1908551 2.0272171 0.6906609 -12.09577 2.3010135 54.791306 -1.2336673736572266 0.1449129283428192
Pedestrian 0.0 0 -0.4834268093109131 1093.216796875 489.46417236328125 1154.5465087890625 581.9471435546875 1.2137382 2.1850114 0.7699314 7.3887672 2.1367455 30.441319 -0.2453100085258484 0.1320112943649292
Pedestrian 0.0 0 -0.8437438607215881 431.1140441894531 500.1011657714844 476.04718017578125 572.06591796875 1.1750338 2.1241791 0.69965094 -10.940331 2.3881981 38.224518 -1.1225039958953857 0.13150623440742493
Pedestrian 0.0 0 -1.0273208618164062 707.6416625976562 499.3132019042969 744.1060791015625 549.5541381835938 1.7686708 2.0590374 0.7145618 -3.784495 2.39249 53.14718 -1.0984086990356445 0.12454983592033386
Cyclist 0.0 0 -0.9781436324119568 705.1320190429688 508.07000732421875 743.3854370117188 558.3953247070312 1.8374102 2.0551393 0.6993085 -3.8649154 2.7652786 53.326912 -1.0504930019378662 0.4433956742286682
Cyclist 0.0 0 -1.3927061557769775 969.6256713867188 504.4664306640625 1004.74462890625 581.345458984375 1.463656 2.258178 0.8056146 5.1763577 2.6584504 38.29538 -1.25835120677948 0.41709259152412415
Cyclist 0.0 0 -0.9641538858413696 526.2461547851562 501.63446044921875 557.8762817382812 546.814453125 1.3902566 1.9170477 0.66486794 -11.869795 2.361833 54.850224 -1.1772713661193848 0.3488906919956207
Cyclist 0.0 0 -1.3713600635528564 543.5352172851562 492.90875244140625 564.6334228515625 534.779541015625 1.652311 1.8976096 0.6358182 -12.058192 1.9630275 58.277805 -1.5753898620605469 0.1833832859992981
Cyclist 0.0 0 -1.0185450315475464 358.0052795410156 489.16729736328125 410.4288330078125 571.4485473632812 1.2497679 2.0535164 0.7158209 -11.006794 1.995122 32.295067 -1.3470181226730347 0.15865881741046906
Cyclist 0.0 0 -1.5421724319458008 1338.1790771484375 512.5369262695312 1364.9498291015625 573.0780639648438 1.5692565 2.0207865 0.8074028 18.504725 2.7621782 43.76519 -1.142151117324829 0.15019407868385315
Cyclist 0.0 0 -1.251677393913269 891.8098754882812 505.55517578125 911.7388305664062 542.8884887695312 1.2563013 1.9148356 0.67948544 4.4732623 2.657041 66.198975 -1.1842069625854492 0.1493510901927948
Car 0.0 0 -2.1619338989257812 1271.0360107421875 516.03564453125 1360.1693115234375 557.0299682617188 3.92375 1.5949192 1.6108633 21.175203 2.6785731 53.860207 -1.7873456478118896 0.2347462922334671
Car 0.0 0 1.4308236837387085 800.3045654296875 510.5798034667969 906.514404296875 607.9423828125 4.299912 1.8433474 1.6740671 0.70869833 2.2848144 27.082054 1.4569863080978394 0.21104949712753296
Car 0.0 0 0.5093775987625122 1305.9114990234375 571.5240478515625 1600.0 804.3717651367188 4.266241 1.4988574 2.1215312 7.19894 2.4175644 12.163049 1.043797492980957 0.20513764023780823
Car 0.0 0 -1.6282455921173096 643.1297607421875 507.9341125488281 698.8662719726562 559.4039306640625 4.4106946 1.6238835 1.6580178 -5.062996 2.2213838 43.74842 -1.7434628009796143 0.1947454810142517
Car 0.0 0 -1.653361439704895 753.343505859375 511.431640625 802.4829711914062 552.5573120117188 4.1805286 1.4875835 1.5997318 -1.5550985 2.30953 50.076023 -1.6844061613082886 0.19022715091705322
Car 0.0 0 1.136849045753479 903.39306640625 508.8138732910156 1066.0816650390625 606.5433959960938 3.9543827 1.6708533 1.5967706 3.1575904 2.035135 24.53033 1.2648669481277466 0.1697741150856018
Car 0.0 0 1.464918613433838 628.742431640625 505.7124938964844 697.988525390625 565.2577514648438 3.9911702 1.5822169 1.5790259 -4.4896145 2.0186458 36.78557 1.3434710502624512 0.15465889871120453
Car 0.0 0 -2.2075088024139404 1310.1961669921875 519.0061645507812 1481.7603759765625 599.4253540039062 4.415147 1.8056358 1.6828101 14.681534 2.5591352 32.366142 -1.78165864944458 0.15288379788398743
Car 0.0 0 0.9248605370521545 1433.1490478515625 532.0533447265625 1600.0 614.74560546875 3.9258626 1.5155922 1.6159515 15.249328 2.4547863 27.280224 1.4345784187316895 0.14804941415786743
Car 0.0 0 -1.433936595916748 682.4046020507812 503.3382873535156 787.863037109375 594.2615356445312 4.2744226 1.7234948 1.6440109 -1.6288912 1.9940784 26.769913 -1.4947094917297363 0.14639803767204285
Car 0.0 0 -2.0821800231933594 1212.075927734375 508.5032043457031 1384.42919921875 593.005126953125 4.1953163 1.6098425 1.599415 10.220636 2.0043871 27.203806 -1.7227903604507446 0.14526718854904175
Car 0.0 0 0.9475445747375488 1076.9246826171875 519.8735961914062 1231.346435546875 597.2901000976562 4.1469636 1.6959903 1.5941415 8.328068 2.453404 31.593151 1.2052850723266602 0.13573157787322998
Car 0.0 0 -1.8758400678634644 1003.8414916992188 513.6412353515625 1082.419677734375 562.6858520507812 3.8999 1.5321496 1.5486883 7.723345 2.326776 43.43155 -1.6998517513275146 0.1337847113609314
