Pedestrian 0.0 0 -1.3334660530090332 782.2185668945312 158.43206787109375 815.4678344726562 224.29258728027344 0.9487405 1.8385701 0.7230886 5.3844023 1.4363239 20.728638 -1.0793259143829346 0.6531601548194885
Pedestrian 0.0 0 3.251099109649658 197.753662109375 177.45689392089844 212.48275756835938 200.08694458007812 1.0514065 1.9005156 0.40179935 -34.32964 2.2934313 61.14292 2.7394957542419434 0.26899707317352295
Pedestrian 0.0 0 1.6669813394546509 137.42196655273438 176.61688232421875 163.52923583984375 231.9309539794922 0.64684004 1.7536854 0.6553565 -14.922722 1.8782113 23.369524 1.098694086074829 0.15627798438072205
Pedestrian 0.0 0 -1.2468914985656738 1189.7042236328125 139.85850524902344 1238.0126953125 231.42250061035156 0.532019 1.8105829 0.6164632 12.222069 1.158489 14.666868 -0.5521661639213562 0.12257274240255356
Car 0.0 0 1.945704698562622 288.1904602050781 186.4324951171875 373.7167663574219 228.71978759765625 4.3596497 1.475015 1.6942705 -11.035812 2.0577428 28.756453 1.5792690515518188 0.8653467297554016
Car 0.0 0 -1.7100698947906494 593.3077392578125 176.26565551757812 626.5789794921875 201.13662719726562 3.7455916 1.4940174 1.6021366 -0.0756029 1.7204661 45.846905 -1.7117189168930054 0.676348865032196
Car 0.0 0 2.224370241165161 0.0 177.38873291015625 114.50112915039062 242.19845581054688 3.5962715 1.6114018 1.6468916 -15.822639 1.7488635 20.00151 1.5550967454910278 0.2341495007276535
Car 0.0 0 1.157364845275879 736.4310302734375 186.51632690429688 823.2279663085938 236.1608428955078 3.6702511 1.4895895 1.5250162 5.6609488 1.9938257 24.662958 1.3829891681671143 0.17864708602428436
Car 0.0 0 2.200117588043213 383.6165466308594 182.10568237304688 444.908935546875 208.9813232421875 4.3111935 1.639148 1.7213408 -12.959185 2.2837691 47.922523 1.9360147714614868 0.15987098217010498
Car 0.0 0 2.104726552963257 125.55171966552734 186.3860626220703 227.87936401367188 228.57920837402344 3.787061 1.3734151 1.5132345 -15.88247 1.9082171 26.597305 1.5664082765579224 0.12543748319149017
Car 0.0 0 -1.8592612743377686 0.0 201.39991760253906 29.126909255981445 231.99456787109375 3.9573224 1.4524555 1.6814604 -33.543743 3.0807981 39.363316 -2.5650064945220947 0.12017834186553955
