Pedestrian 0.0 0 0.050470396876335144 735.5244750976562 155.3570556640625 754.2518920898438 205.7458038330078 0.63282216 1.7970678 0.7290771 4.8504395 1.1734134 26.158154 0.23381543159484863 0.2799297869205475
Pedestrian 0.0 0 -0.2858991324901581 901.0499267578125 100.84310150146484 1009.5330810546875 203.48147583007812 1.7107663 1.8189002 0.51309997 6.2229395 0.543121 13.169889 0.1555178165435791 0.1544918566942215
Cyclist 0.0 0 0.1163305789232254 747.9010620117188 131.07725524902344 791.1791381835938 177.3607940673828 1.5904617 1.7739534 0.63119113 6.1967497 0.17309421 28.210234 0.33255958557128906 0.5607104897499084
Cyclist 0.0 0 -0.19628959894180298 896.8037109375 92.97412109375 1008.34326171875 193.4400634765625 1.77837 1.7917897 0.6322293 6.2645726 0.36750627 13.385288 0.24144768714904785 0.4228614866733551
Cyclist 0.0 0 0.06021755933761597 866.7548828125 117.2528076171875 937.8370971679688 184.49005126953125 1.7473402 1.7554827 0.5854379 7.8369207 0.3041608 19.474562 0.4428069591522217 0.33951643109321594
Cyclist 0.0 0 0.9359346628189087 781.3043212890625 117.46399688720703 828.9083251953125 181.62620544433594 1.5161694 1.7737656 0.52008724 5.5429025 0.24286556 20.744875 1.1970291137695312 0.33004966378211975
Car 0.0 0 -1.5094832181930542 591.1170654296875 171.16998291015625 627.6830444335938 201.06814575195312 4.473306 1.5735294 1.7700529 -0.013533885 1.4852585 40.257984 -1.5098193883895874 0.7868021726608276
Car 0.0 0 -2.784897804260254 319.8565673828125 166.484619140625 410.9560852050781 199.93641662597656 4.437305 1.8075736 1.7722276 -13.523399 1.4637611 39.9384 -3.11138653755188 0.6556693315505981
Car 0.0 0 2.8014328479766846 713.0009765625 164.21429443359375 757.6972045898438 180.41461181640625 3.7772877 1.4798377 1.5825905 11.607481 0.69099224 67.004036 2.972965955734253 0.5606080889701843
Car 0.0 0 0.38331151008605957 155.43133544921875 154.76333618164062 255.90176391601562 187.82443237304688 3.8089466 1.5101565 1.5977615 -19.015198 0.68417335 33.988712 -0.12676282227039337 0.3171728849411011
Car 0.0 0 1.8506169319152832 233.17861938476562 164.58074951171875 280.6407470703125 188.50393676757812 4.2460704 1.5066557 1.7109568 -23.290163 0.9859743 47.67826 1.3962228298187256 0.28204822540283203
