Pedestrian 0.0 0 -1.85212242603302 98.53675842285156 379.6933898925781 348.23577880859375 900.0 0.5786425 1.7494794 0.635663 -2.023138 1.4057862 4.319772 -2.290125846862793 0.3309147357940674
Pedestrian 0.0 0 -2.179608106613159 1102.69873046875 505.12213134765625 1152.9091796875 574.1690673828125 1.3246201 1.9871869 0.8372366 9.220461 2.3988156 37.51943 -1.9386318922042847 0.3006563186645508
Pedestrian 0.0 0 -2.911114454269409 990.1990356445312 500.70025634765625 1020.1162109375 549.8944702148438 1.1051135 2.015877 0.67055887 7.8472857 2.4014819 52.60364 -2.763028860092163 0.26864001154899597
Pedestrian 0.0 0 -0.8211382627487183 793.6190185546875 468.74114990234375 868.904541015625 656.5560302734375 0.7579481 2.5456002 0.731188 0.21012466 2.237036 17.6913 -0.8092615604400635 0.23497895896434784
Pedestrian 0.0 0 -1.9796183109283447 399.01654052734375 477.54388427734375 436.64031982421875 551.8123779296875 0.8216234 2.238984 0.8412737 -12.196652 1.8180337 38.76479 -2.284444570541382 0.19153694808483124
Pedestrian 0.0 0 -0.2503562569618225 722.17041015625 500.5811462402344 747.45947265625 541.7023315429688 1.1387599 2.0795078 0.76049256 -4.1707544 2.547792 64.818115 -0.3146131634712219 0.178865447640419
Pedestrian 0.0 0 -3.115222454071045 1143.796630859375 503.5962219238281 1198.6683349609375 578.6763916015625 1.5070058 2.1233783 0.7054056 10.248737 2.4776785 36.55578 -2.841881036758423 0.17844392359256744
Cyclist 0.0 0 -0.9471148252487183 731.3146362304688 498.7701110839844 763.5354614257812 538.09765625 1.8645536 1.9703101 0.685632 -3.5135512 2.34737 64.77579 -1.0013034343719482 0.45470067858695984
Cyclist 0.0 0 -1.1206797361373901 732.268310546875 498.0205993652344 760.2308349609375 543.370849609375 1.5041664 2.0566943 0.7054939 -3.2282853 2.3618543 58.502052 -1.1758062839508057 0.32800108194351196
Cyclist 0.0 0 -0.9516273736953735 706.1695556640625 508.00433349609375 742.5244140625 554.1370239257812 1.745571 1.8799767 0.62502587 -3.8505547 2.5843813 53.165836 -1.0239264965057373 0.2302137017250061
Cyclist 0.0 0 -1.3629045486450195 1087.4232177734375 496.1864318847656 1135.9228515625 596.29248046875 1.469795 2.2535918 0.81115514 6.8732724 2.3654115 29.425442 -1.1334362030029297 0.21334044635295868
Cyclist 0.0 0 -1.2084461450576782 450.3580627441406 493.0693664550781 488.16571044921875 550.2114868164062 1.838615 1.9553746 0.6677282 -12.13479 2.011235 44.334812 -1.4756107330322266 0.19360120594501495
Car 0.0 0 -2.544804096221924 1346.053466796875 545.9719848632812 1600.0 900.0 4.5635257 1.7273592 1.5966954 3.156522 1.9492874 2.7952693 -1.6987837553024292 0.5668984651565552
Car 0.0 0 -1.8557666540145874 893.2297973632812 519.8446044921875 992.3411865234375 590.870849609375 3.9207828 1.6786157 1.575496 3.2928066 2.4781144 33.65706 -1.7582429647445679 0.48919162154197693
Car 0.0 0 1.3114062547683716 774.639892578125 512.4074096679688 836.8619384765625 551.9956665039062 4.344852 1.583373 1.6603568 -0.50616664 2.5360456 55.41064 1.3022717237472534 0.3660021424293518
Car 0.0 0 -1.914230227470398 1000.2611083984375 519.0771484375 1074.6396484375 562.6610107421875 4.1217995 1.5501451 1.5912993 8.668273 2.6847286 49.95004 -1.7424026727676392 0.3596988320350647
Car 0.0 0 -0.7159602642059326 0.0 501.7371826171875 49.76099395751953 658.9188232421875 3.960678 1.6894523 1.6375697 -11.966214 1.8356917 15.994925 -1.3582607507705688 0.2533218562602997
Car 0.0 0 -0.6157944202423096 0.0 0.0 1600.0 900.0 3.8470545 1.6903301 1.6584408 -2.6852744 1.7383873 1.707269 -1.6202703714370728 0.19898580014705658
Car 0.0 0 1.25801420211792 896.54638671875 513.7833862304688 960.6470947265625 556.2816162109375 3.6269233 1.6010165 1.5635012 4.544292 2.5443623 51.687424 1.3457074165344238 0.19762735068798065
Car 0.0 0 1.411084532737732 770.9260864257812 498.06475830078125 938.8734741210938 651.7033081054688 3.857625 1.879294 1.7300056 0.4207635 1.9814084 17.692087 1.4348626136779785 0.19619369506835938
Car 0.0 0 1.4658315181732178 470.4267272949219 517.088623046875 649.0696411132812 693.859619140625 4.4586062 1.6966033 1.6089709 -3.2127726 2.0516725 15.209042 1.2576510906219482 0.190189391374588
Car 0.0 0 -1.5770922899246216 967.3946533203125 512.0099487304688 1009.7284545898438 555.9697875976562 3.9624457 1.590362 1.5848039 6.761725 2.430226 49.810062 -1.4421669244766235 0.18833546340465546
