Pedestrian 0.0 0 -2.8075544834136963 1371.0513916015625 497.07403564453125 1436.630859375 625.912353515625 0.7404866 2.2102263 1.1183047 10.3383875 2.709471 22.429108 -2.375643253326416 0.2794460654258728
Pedestrian 0.0 0 0.5018022656440735 621.6685791015625 526.4571533203125 647.8131103515625 569.3182373046875 1.0793959 2.0644307 0.70055884 -9.525088 4.891867 62.21114 0.34987306594848633 0.25740522146224976
Pedestrian 0.0 0 -0.36054354906082153 996.5087280273438 524.4356079101562 1041.897705078125 596.4701538085938 1.0279534 1.8516456 0.6504098 5.111211 3.316081 33.269478 -0.20810475945472717 0.16389432549476624
Car 0.0 0 -1.4841984510421753 406.292236328125 539.6114501953125 488.7370300292969 616.9515991210938 4.3241425 1.5797462 1.6378291 -9.602813 3.4842663 31.984991 -1.775865077972412 0.6906707882881165
Car 0.0 0 -1.449211835861206 260.5645446777344 535.8087158203125 317.6970520019531 583.6357421875 3.8643131 1.588291 1.611048 -21.149857 4.2936845 49.41088 -1.8536549806594849 0.29449328780174255
Car 0.0 0 -1.6060307025909424 513.0519409179688 541.3416748046875 582.6594848632812 623.571533203125 4.648028 1.7484932 1.6389662 -7.478129 3.7882898 33.356937 -1.8265694379806519 0.28413066267967224
Car 0.0 0 -1.5193092823028564 630.83935546875 536.0400390625 670.579345703125 577.794677734375 4.366189 1.6842624 1.6563505 -8.372375 4.9605665 59.891636 -1.6582012176513672 0.22284246981143951
Car 0.0 0 -1.379232406616211 121.3237533569336 537.6575317382812 221.1562957763672 616.9332275390625 3.8306844 1.7098371 1.5953177 -16.974249 3.5825722 32.606403 -1.859208345413208 0.22189699113368988
Car 0.0 0 -0.7701958417892456 193.0805206298828 534.5428466796875 380.6397705078125 621.8453369140625 4.180093 1.7158216 1.6438156 -12.885091 3.38715 30.188429 -1.1736088991165161 0.20879657566547394
Car 0.0 0 -1.153550386428833 151.254150390625 545.8467407226562 289.645751953125 624.5949096679688 3.9634542 1.6039209 1.6478785 -15.075271 3.626021 31.387726 -1.6013075113296509 0.1922890990972519
Car 0.0 0 -2.1747374534606934 1282.109375 537.2409057617188 1600.0 719.0062866210938 4.311111 1.9250137 1.7567625 8.192149 2.970893 17.21423 -1.7305598258972168 0.15606456995010376
Car 0.0 0 -1.6079400777816772 1082.5361328125 526.0060424804688 1216.4654541015625 670.5841064453125 3.2643108 1.7053279 1.6917495 4.5409803 2.5861297 17.924381 -1.3598194122314453 0.14528173208236694
Car 0.0 0 -1.84392249584198 953.3287963867188 533.0028076171875 1036.010009765625 591.8859252929688 4.0514393 1.6255492 1.6618961 5.47208 3.8073082 41.251286 -1.7120400667190552 0.13927310705184937
Car 0.0 0 -1.2291890382766724 354.2296142578125 531.1265258789062 487.2355041503906 614.463134765625 3.8277097 1.5107623 1.575303 -8.806212 2.9470828 27.492775 -1.5391732454299927 0.13717283308506012
Car 0.0 0 -1.9894590377807617 850.8971557617188 531.4322509765625 934.0504760742188 584.5147094726562 3.9250424 1.6544406 1.5919106 2.371345 4.0177536 46.066536 -1.9380278587341309 0.1344929337501526
Car 0.0 0 -0.9725393652915955 0.0 549.8325805664062 203.62252807617188 667.588623046875 3.7738068 1.668559 1.6810808 -12.982045 3.2154207 22.328041 -1.4991875886917114 0.13431578874588013
Car 0.0 0 -1.254691243171692 417.8755187988281 532.8619995117188 480.83636474609375 574.02685546875 3.9898083 1.643656 1.6385444 -17.472136 4.6652884 58.190876 -1.5463825464248657 0.13009874522686005
Car 0.0 0 0.8679227232933044 1207.6351318359375 524.1870727539062 1344.00244140625 586.40380859375 4.438772 1.6847028 1.6612428 14.397453 3.5360782 40.422264 1.2100892066955566 0.1273176372051239
Car 0.0 0 1.249579906463623 1178.6624755859375 544.14306640625 1263.3475341796875 599.0711059570312 4.217193 1.6690137 1.7122811 14.387311 4.513112 45.924107 1.553179383277893 0.11008346825838089
Car 0.0 0 -1.7117047309875488 1027.418701171875 538.9555053710938 1094.8720703125 599.2867431640625 3.9819062 1.6538231 1.6215479 7.6205735 4.02207 40.993885 -1.527907371520996 0.10694409906864166
