Pedestrian 0.0 0 -2.0164265632629395 1256.98095703125 494.79852294921875 1332.68603515625 601.7813720703125 1.5079253 2.0986812 0.8703369 9.682864 2.1674721 25.679989 -1.655852198600769 0.8015016317367554
Pedestrian 0.0 0 -0.1496300995349884 82.68131256103516 460.4494934082031 183.0289306640625 591.3803100585938 1.2595488 1.9579616 0.837854 -10.603026 1.4935215 19.651447 -0.6444183588027954 0.5194418430328369
Pedestrian 0.0 0 -1.2842798233032227 514.6129150390625 471.62847900390625 580.2172241210938 588.3410034179688 1.462884 2.2183125 0.8800718 -5.2540607 1.8404874 24.833847 -1.4927737712860107 0.39908143877983093
Pedestrian 0.0 0 -2.865841865539551 710.6978149414062 494.04681396484375 737.9285278320312 539.8690795898438 0.93882304 1.8518116 0.7538709 -3.7505968 1.9564121 51.695007 -2.938267469406128 0.2840765714645386
Pedestrian 0.0 0 -1.1819343566894531 0.0 455.443603515625 46.13266372680664 567.4747924804688 1.2143995 2.0385284 0.80042595 -15.112646 1.3823143 23.712458 -1.749350666999817 0.2332337498664856
Pedestrian 0.0 0 -1.4480583667755127 357.25372314453125 489.6549072265625 384.8696594238281 554.1852416992188 0.9608661 1.9326047 0.67874825 -13.517917 1.8771344 38.469448 -1.785974144935608 0.18035739660263062
Pedestrian 0.0 0 -1.396956443786621 854.093505859375 461.3690185546875 913.15673828125 678.171142578125 0.7483686 2.8459299 0.67523384 0.914364 2.4503117 17.064734 -1.3434255123138428 0.1780959665775299
Pedestrian 0.0 0 0.2291465401649475 381.4220886230469 493.8119812011719 423.38763427734375 557.8629150390625 1.1951014 2.122322 0.7585771 -13.856655 2.2003155 42.42311 -0.08655881136655807 0.16638872027397156
Pedestrian 0.0 0 -3.1618475914001465 1254.1854248046875 496.7565002441406 1281.6346435546875 548.9337158203125 0.9090902 1.839894 0.72308165 16.129313 2.029443 45.241756 -2.8193817138671875 0.16329164803028107
Pedestrian 0.0 0 -3.2788238525390625 1259.940673828125 486.98681640625 1308.45849609375 575.361572265625 0.9668866 2.026455 0.7491937 10.894354 1.9228042 29.508934 -2.9251580238342285 0.1599825769662857
Pedestrian 0.0 0 -0.013441883027553558 713.5503540039062 496.1106262207031 742.1016845703125 556.029541015625 0.9589639 2.0158932 0.6697228 -3.0088918 2.1736994 43.037937 -0.08324085921049118 0.15499907732009888
Pedestrian 0.0 0 -0.5344145894050598 1278.221435546875 498.5664978027344 1322.4644775390625 559.52294921875 1.1832559 2.0103772 0.71235317 16.172935 2.2488084 42.32238 -0.16940177977085114 0.1468593031167984
Pedestrian 0.0 0 -1.3290776014328003 401.0758972167969 483.1880187988281 435.64678955078125 556.4644775390625 1.0824906 2.0502472 0.69845617 -11.302158 1.8174819 35.995872 -1.633314609527588 0.14396296441555023
Pedestrian 0.0 0 -0.011189699172973633 406.68701171875 487.80767822265625 443.304443359375 554.1193237304688 1.0475132 1.9769381 0.69461393 -11.818333 1.8666489 38.246357 -0.31088775396347046 0.14142972230911255
Pedestrian 0.0 0 2.8730058670043945 439.2951965332031 489.15618896484375 473.0430908203125 553.0272216796875 0.892501 2.0322087 0.70064074 -11.609277 1.9574103 40.82513 2.5959532260894775 0.13890761137008667
Pedestrian 0.0 0 0.049451980739831924 709.0953369140625 507.4546813964844 746.0192260742188 581.8795166015625 0.9626565 1.9880769 0.79264474 -2.404374 2.426495 34.409252 -0.0203104205429554 0.13560305535793304
Pedestrian 0.0 0 -0.5044500231742859 1428.37451171875 428.6268310546875 1563.55322265625 578.2811889648438 1.151876 1.6223534 0.64976513 7.5297375 0.94068927 14.061045 -0.012804689817130566 0.13172399997711182
Pedestrian 0.0 0 -2.808974266052246 367.1490783691406 492.5810852050781 403.5787353515625 556.6870727539062 0.8816518 2.013467 0.79975766 -13.669614 2.0478923 40.191586 -3.136812448501587 0.13106513023376465
Pedestrian 0.0 0 -2.2368321418762207 0.0 453.9618835449219 76.95215606689453 657.0669555664062 0.92557144 2.1522994 0.7368556 -8.799258 1.7544339 13.922217 -2.8004708290100098 0.13040727376937866
Pedestrian 0.0 0 -3.468625545501709 1321.1724853515625 485.8932800292969 1348.9996337890625 525.8068237304688 0.98265177 1.8839339 0.9174928 24.683052 1.618961 60.26347 -3.079883098602295 0.12963475286960602
Pedestrian 0.0 0 0.05427277088165283 330.56719970703125 491.654052734375 366.3514404296875 560.5750122070312 0.94120044 1.9850187 0.7356705 -13.648454 1.9893658 36.96692 -0.2994096577167511 0.12570296227931976
Pedestrian 0.0 0 0.23836305737495422 382.1582336425781 487.88262939453125 425.727294921875 562.4169921875 1.0008596 2.0375917 0.7331965 -11.396435 1.9385082 35.02446 -0.07621706277132034 0.12487727403640747
Pedestrian 0.0 0 -3.049051284790039 1219.1307373046875 504.1452941894531 1239.021240234375 543.0685424804688 0.9265541 2.0114262 0.72990537 21.612665 2.678239 66.29979 -2.7339296340942383 0.12399595230817795
Pedestrian 0.0 0 -2.794278383255005 323.885498046875 484.56024169921875 391.5942687988281 593.213134765625 1.1731691 2.2866395 0.750629 -9.775787 2.1404412 27.027683 -3.141334056854248 0.12339410930871964
Pedestrian 0.0 0 -1.9149984121322632 1426.5078125 422.8743591308594 1518.6025390625 571.8209838867188 1.3344814 2.0796282 0.78216124 9.506889 1.1213623 18.395163 -1.4379897117614746 0.12097377330064774
Pedestrian 0.0 0 -2.892725944519043 596.46044921875 485.2296447753906 657.0316162109375 585.97265625 1.2556316 2.3216825 0.74720365 -4.425302 2.1770153 29.620089 -3.0410311222076416 0.12049511820077896
Pedestrian 0.0 0 0.9282011985778809 965.0968017578125 467.7009582519531 1037.5836181640625 633.9392700195312 0.8244902 2.186469 0.5967829 2.5016649 1.8733561 17.161398 1.0729544162750244 0.11887837946414948
Cyclist 0.0 0 -1.073781967163086 552.1249389648438 475.10052490234375 629.6170654296875 580.4309692382812 2.0668426 2.1817544 0.7504625 -4.8379703 1.8419187 27.330898 -1.2489818334579468 0.2560199201107025
Cyclist 0.0 0 -1.5056548118591309 1297.01513671875 503.879638671875 1322.2232666015625 563.0579223632812 1.2754976 1.9367864 0.7062244 16.552465 2.3588958 42.478638 -1.1340889930725098 0.14381985366344452
Car 0.0 0 -1.98630690574646 1080.7584228515625 515.3807373046875 1158.3155517578125 560.409912109375 3.7785325 1.6229972 1.5694485 11.865006 2.5988593 49.766277 -1.7522615194320679 0.36711016297340393
Car 0.0 0 -1.8962974548339844 1007.4285278320312 515.4765014648438 1083.2867431640625 563.1882934570312 4.1625843 1.6642479 1.6105028 8.722406 2.6241465 48.538837 -1.7184956073760986 0.33673492074012756
Car 0.0 0 0.5611783266067505 1580.6600341796875 507.07061767578125 1600.0 764.4899291992188 4.5814996 1.7542579 1.7472088 9.553256 1.9241325 11.374594 1.259765863418579 0.25512757897377014
Car 0.0 0 -2.238246202468872 1333.7867431640625 517.562744140625 1427.6732177734375 554.3233642578125 4.3505893 1.5395794 1.6220465 26.05683 2.793119 58.619244 -1.819967269897461 0.22647185623645782
Car 0.0 0 -2.078209638595581 1121.79345703125 515.01806640625 1236.2982177734375 574.0746459960938 4.0317307 1.6461686 1.6474489 11.138646 2.413168 39.16374 -1.8011140823364258 0.22151817381381989
Car 0.0 0 -1.604603886604309 1090.546142578125 517.1790771484375 1122.5361328125 550.961181640625 3.390466 1.6718535 1.5406932 15.388466 3.0715494 67.237076 -1.3796101808547974 0.17081227898597717
Car 0.0 0 -1.76882004737854 729.5113525390625 508.4142761230469 793.1199951171875 551.9210815429688 4.349003 1.570523 1.6735045 -2.2098951 2.2665567 49.824036 -1.8131450414657593 0.1649392694234848
Car 0.0 0 1.4416261911392212 642.343994140625 509.12237548828125 794.9060668945312 658.8987426757812 4.020268 1.8298723 1.64927 -1.5045196 2.1115777 18.113997 1.3587579727172852 0.14425146579742432
Car 0.0 0 1.6170812845230103 382.39239501953125 527.9235229492188 534.65625 690.11767578125 4.075895 1.7266601 1.6969242 -4.5747848 2.2674928 16.6332 1.348678469657898 0.1337987333536148
Car 0.0 0 -1.8341803550720215 1224.587646484375 512.6114501953125 1312.9140625 566.7643432617188 4.0237775 1.5355502 1.6023375 14.0734215 2.2297823 39.590733 -1.4926384687423706 0.13078536093235016
Car 0.0 0 -1.7428818941116333 583.4331665039062 505.2138671875 669.1419067382812 571.47021484375 4.462586 1.6984091 1.6509141 -5.436968 2.1118882 35.824936 -1.8934974670410156 0.12617714703083038
Car 0.0 0 -1.4221479892730713 27.729530334472656 499.7619934082031 146.87806701660156 577.1415405273438 4.102688 1.5511308 1.6898282 -16.05743 1.7486079 28.077614 -1.9416452646255493 0.11938710510730743
