Pedestrian 0.0 0 -3.4919610023498535 857.7443237304688 126.95045471191406 911.2830810546875 215.87722778320312 0.9009704 1.8223844 0.5781085 5.675733 0.88203645 15.077187 -3.1319239139556885 0.6016380190849304
Pedestrian 0.0 0 -3.6330623626708984 1028.146728515625 75.1347427368164 1152.73486328125 268.8701171875 0.8011038 1.8015501 0.65221834 4.6206737 0.8932143 7.0667586 -3.053978204727173 0.5115969777107239
Pedestrian 0.0 0 3.3430557250976562 393.75018310546875 142.00267028808594 422.2271728515625 186.86412048339844 1.0399526 1.8430858 0.60704213 -8.42956 0.5759494 29.981327 3.0689713954925537 0.5082775950431824
Pedestrian 0.0 0 -1.2275418043136597 369.8653869628906 141.74232482910156 396.8343200683594 194.8852996826172 0.94730943 1.8657806 0.6405847 -8.145313 0.77384853 25.814861 -1.533182978630066 0.4793095290660858
Pedestrian 0.0 0 -1.300336480140686 302.46295166015625 164.1871337890625 322.8017883300781 200.9048614501953 0.6207539 1.8064338 0.7983131 -14.809652 1.3804003 35.85174 -1.6920679807662964 0.38525328040122986
Pedestrian 0.0 0 -1.6884890794754028 386.25750732421875 135.4517059326172 414.9735107421875 196.18983459472656 1.7814621 1.8243616 0.6549448 -6.624016 0.7012853 22.617544 -1.9733924865722656 0.11678530275821686
Pedestrian 0.0 0 -2.089966058731079 933.6531982421875 85.57829284667969 1033.474609375 211.17263793945312 1.817725 1.7703761 0.5172747 5.6273723 0.5404968 11.088596 -1.6203428506851196 0.10192294418811798
Cyclist 0.0 0 1.155945062637329 923.5927734375 83.11386108398438 1006.4379272460938 201.85623168945312 1.8060044 1.7540665 0.49446547 5.587509 0.42877993 11.566967 1.6059468984603882 0.5984511375427246
Cyclist 0.0 0 -1.6884890794754028 386.25750732421875 135.4517059326172 414.9735107421875 196.18983459472656 1.7814621 1.8243616 0.6549448 -6.624016 0.7012853 22.617544 -1.9733924865722656 0.44518181681632996
Cyclist 0.0 0 2.246671199798584 390.30255126953125 139.8466033935547 423.2897033691406 184.40708923339844 1.3697507 1.8013947 0.59064776 -8.454519 0.46740136 29.911829 1.9712086915969849 0.41825076937675476
Cyclist 0.0 0 0.5709520578384399 110.25895690917969 94.14682006835938 210.28636169433594 185.3166046142578 1.629369 1.7989018 0.6332104 -9.106844 0.24626146 14.560542 0.01203155517578125 0.4093625247478485
Cyclist 0.0 0 -3.486497640609741 855.2890625 123.8802261352539 914.5296020507812 213.1898193359375 1.0290382 1.8287543 0.5498425 5.6747184 0.8262973 15.054769 -3.1260287761688232 0.14260035753250122
Cyclist 0.0 0 -0.5705186128616333 1005.318115234375 77.04116821289062 1135.6517333984375 264.2635803222656 0.9196891 1.816364 0.62946683 4.5880075 0.8871806 7.316873 -0.010450175032019615 0.1015934944152832
Car 0.0 0 1.766405463218689 408.2787170410156 187.64065551757812 508.6796569824219 256.0841979980469 4.3483615 1.5154866 1.7717164 -3.9070249 1.951889 19.095076 1.564582109451294 0.9573974013328552
Car 0.0 0 1.7374604940414429 465.0694885253906 176.51123046875 524.9956665039062 226.2014617919922 3.824399 1.7341655 1.6320566 -4.3273606 1.8830571 27.381428 1.580716848373413 0.923956036567688
Car 0.0 0 2.497694253921509 0.0 214.25465393066406 210.82325744628906 375.0 3.6436334 1.5078833 1.5788202 -3.3190677 1.7627449 2.5956945 1.590600848197937 0.7392020225524902
Car 0.0 0 1.7634495496749878 527.87158203125 176.89242553710938 565.0384521484375 202.47532653808594 3.8871605 1.483791 1.5692729 -3.9040828 1.7444928 44.49736 1.675936222076416 0.7111262083053589
Car 0.0 0 -2.1308200359344482 696.5531616210938 153.94444274902344 761.789794921875 188.55426025390625 3.6038122 1.6560457 1.5737624 5.9281545 0.7515994 36.48819 -1.969759464263916 0.46383777260780334
Car 0.0 0 1.7744638919830322 504.2806091308594 164.84732055664062 531.415283203125 183.56890869140625 3.936817 1.6168509 1.6392237 -8.202046 0.92572886 64.33688 1.6476619243621826 0.4055715799331665
