Pedestrian 0.0 0 -1.230291724205017 930.1324462890625 512.5479736328125 958.7490844726562 556.779541015625 1.5228628 2.0278182 0.88596004 6.055181 3.0354905 59.77233 -1.1293320655822754 0.4195629954338074
Pedestrian 0.0 0 -2.884718894958496 985.6270141601562 497.48419189453125 1014.5919799804688 551.3151245117188 0.87289363 1.9121118 0.74017256 6.6228256 2.1297822 45.608585 -2.7405166625976562 0.22034208476543427
Pedestrian 0.0 0 -1.9254313707351685 614.1488647460938 499.4757995605469 637.6332397460938 545.4020385742188 0.91491663 1.8885609 0.6945138 -7.9458013 2.2246401 52.84261 -2.0746805667877197 0.17186476290225983
Pedestrian 0.0 0 -0.09963281452655792 977.9230346679688 505.4954528808594 998.223876953125 546.1512451171875 0.93303126 2.0043736 0.7409657 8.555704 2.7054977 63.08854 0.03515911102294922 0.1717163473367691
Pedestrian 0.0 0 -1.532517433166504 1480.9140625 502.4016418457031 1506.4130859375 555.51806640625 1.2836354 1.8593248 0.75707054 24.277767 2.2561357 45.381336 -1.0412847995758057 0.16210468113422394
Pedestrian 0.0 0 -0.29489633440971375 1068.6480712890625 496.60498046875 1105.0316162109375 553.7050170898438 1.0472057 1.9322054 0.74203485 9.255438 2.1083426 43.342 -0.08451195806264877 0.15967926383018494
Cyclist 0.0 0 -1.300403356552124 1508.285400390625 506.26580810546875 1538.636962890625 568.6307983398438 1.9228039 2.802404 0.7327114 32.557606 3.492723 58.293816 -0.791050910949707 0.5164483785629272
Cyclist 0.0 0 -1.4312632083892822 1470.73291015625 506.0832214355469 1497.1395263671875 564.8525390625 1.5162677 2.053014 0.63325584 23.95955 2.5851965 45.437344 -0.946007251739502 0.3159555196762085
Cyclist 0.0 0 -1.3330001831054688 587.2613525390625 492.1202697753906 614.7056274414062 542.1555786132812 1.8664799 1.9499296 0.65368646 -8.546083 1.9747615 50.330696 -1.5011945962905884 0.22272776067256927
Car 0.0 0 -1.8217263221740723 882.2177734375 511.91021728515625 972.7378540039062 574.0901489257812 4.2398024 1.6606666 1.6635345 3.2243388 2.3009212 37.51262 -1.7359836101531982 0.458554744720459
Car 0.0 0 -2.021044969558716 973.87158203125 511.08636474609375 1051.0975341796875 549.2959594726562 4.3937535 1.5563599 1.6425447 8.670126 2.4633472 56.324238 -1.8683114051818848 0.36202067136764526
Car 0.0 0 -2.4423484802246094 1509.9716796875 509.3009338378906 1600.0 645.2914428710938 4.001331 1.678711 1.6411546 12.319605 1.9666725 18.345148 -1.850975751876831 0.32258549332618713
Car 0.0 0 -1.9288791418075562 895.3445434570312 511.5933532714844 963.731201171875 553.4719848632812 4.0120935 1.6546539 1.6109507 4.8054442 2.5491028 54.245827 -1.840523362159729 0.2873498797416687
Car 0.0 0 1.063692569732666 1060.8134765625 510.85882568359375 1186.67822265625 578.9005737304688 4.009482 1.6744579 1.5799512 8.297679 2.2348132 34.527756 1.2995392084121704 0.27821871638298035
Car 0.0 0 -1.4629290103912354 429.5855407714844 513.1760864257812 519.41748046875 588.6119995117188 4.236103 1.6425847 1.6721071 -8.306707 2.2122512 31.072508 -1.7241533994674683 0.259225994348526
Car 0.0 0 -1.4886035919189453 564.48583984375 508.9161682128906 644.223876953125 584.2578735351562 4.0343375 1.6889251 1.6178764 -5.1930532 2.1494608 31.425076 -1.6523754596710205 0.2438371330499649
Car 0.0 0 -2.010526180267334 806.3261108398438 511.8229064941406 870.253173828125 547.219970703125 4.118239 1.6655097 1.6497126 1.0801438 2.7333298 64.34791 -1.9937418699264526 0.22611016035079956
Car 0.0 0 -1.1470624208450317 177.7755584716797 507.276611328125 302.79443359375 573.4185180664062 3.807301 1.622589 1.6154797 -15.315055 2.0681791 33.880028 -1.5716097354888916 0.22465160489082336
Car 0.0 0 -2.2731239795684814 1567.4302978515625 518.0449829101562 1600.0 623.2484741210938 4.2028594 1.5645424 1.6077918 15.304177 2.0730448 22.097147 -1.667391061782837 0.20985186100006104
Car 0.0 0 -2.4359469413757324 1475.6854248046875 522.9523315429688 1581.951904296875 563.4136352539062 3.8831017 1.579565 1.6209868 30.773724 2.9926734 54.809006 -1.9243385791778564 0.19522646069526672
Car 0.0 0 2.0356507301330566 195.96580505371094 507.9487609863281 304.0141906738281 566.9214477539062 3.585207 1.6765504 1.5825206 -17.296524 2.204643 38.84917 1.616776943206787 0.181936576962471
Car 0.0 0 -1.9903149604797363 1390.468017578125 516.5492553710938 1470.443359375 556.1737670898438 4.0101314 1.5790735 1.6341896 26.640265 2.7080145 55.062637 -1.5396970510482788 0.17524562776088715
Car 0.0 0 -2.0932869911193848 1364.1614990234375 518.8384399414062 1432.4488525390625 553.623046875 3.3602233 1.6216092 1.6558468 29.158054 3.0305862 63.536697 -1.6630427837371826 0.1632460206747055
Car 0.0 0 -1.4287745952606201 545.6688232421875 510.95709228515625 604.3844604492188 557.4014282226562 3.9443629 1.6653059 1.6915797 -9.306374 2.4502325 49.099224 -1.6160945892333984 0.15912044048309326
