Car 0.0 0 -1.8411980867385864 698.1467895507812 190.4871063232422 821.3349609375 271.3262939453125 3.546563 1.396842 1.5951011 2.9367085 1.8108523 15.0935135 -1.649031400680542 0.9620835185050964
Car 0.0 0 3.32607364654541 279.08837890625 175.57225036621094 443.343505859375 237.18238830566406 3.9828928 1.5727477 1.6821254 -6.69094 1.651292 19.633001 2.997617721557617 0.91813063621521
Car 0.0 0 0.5687938928604126 0.0 180.81842041015625 318.77471923828125 299.92486572265625 3.9433446 1.5033458 1.605452 -6.3927016 1.6231695 10.016119 0.0007293224334716797 0.911069929599762
Car 0.0 0 -0.2509361207485199 777.8587036132812 189.6558380126953 898.0347900390625 239.6758270263672 3.260634 1.448932 1.542477 6.9358835 1.9890139 22.32289 0.05031466484069824 0.9021878242492676
Car 0.0 0 0.4572691023349762 112.41812896728516 191.72386169433594 396.6231384277344 287.52691650390625 4.154308 1.513347 1.5847272 -6.0665402 1.8621626 12.516708 0.005956172943115234 0.8705594539642334
Car 0.0 0 -2.7483582496643066 206.8607177734375 179.19027709960938 426.3230895996094 263.9564208984375 3.852426 1.6255195 1.5721571 -5.938107 1.7626139 14.761221 -3.130826473236084 0.8382260799407959
Car 0.0 0 0.6812375783920288 0.0 190.99351501464844 266.55157470703125 349.8487854003906 4.3489614 1.4598466 1.599724 -6.240979 1.6722945 7.6233315 -0.004783235490322113 0.8344829082489014
Car 0.0 0 2.8725955486297607 694.6749267578125 179.2327880859375 798.3042602539062 215.25572204589844 4.3256173 1.5662192 1.7000538 6.110592 1.8653476 32.76301 3.056985855102539 0.7726131677627563
Car 0.0 0 3.300044536590576 437.6434020996094 178.13108825683594 524.8021240234375 212.4622802734375 4.3570333 1.7760004 1.7839257 -6.8590293 2.0650487 38.539722 3.123915672302246 0.6956793665885925
Car 0.0 0 3.9653868675231934 0.0 199.22889709472656 104.43714141845703 375.0 3.8961473 1.4688916 1.5931709 -6.568961 1.7088357 5.690999 3.1084985733032227 0.6344841718673706
