Pedestrian 0.0 0 -1.6349296569824219 622.4844970703125 166.40928649902344 631.2413330078125 186.22117614746094 0.5832491 1.7943882 0.76029986 1.5130489 1.2110393 65.654816 -1.6118881702423096 0.4249076247215271
Pedestrian 0.0 0 -1.6690895557403564 272.3240966796875 156.953369140625 292.49493408203125 200.78932189941406 0.9978442 1.7281345 0.6427774 -13.2295685 1.1016456 29.035093 -2.0966243743896484 0.38519877195358276
Pedestrian 0.0 0 -0.3243122398853302 474.0890808105469 170.19248962402344 483.8104248046875 191.10479736328125 0.6515367 1.7613817 0.60688686 -11.138025 1.5375686 61.193348 -0.5043549537658691 0.37257471680641174
Pedestrian 0.0 0 1.578582525253296 238.32334899902344 152.500244140625 256.7782897949219 198.25790405273438 1.1433731 1.8321913 0.6638615 -14.880111 1.0175605 29.548044 1.1120667457580566 0.3118463158607483
Pedestrian 0.0 0 -0.39905402064323425 919.8457641601562 158.3580780029297 940.55810546875 177.88815307617188 1.749401 1.8465321 0.4746953 30.365267 0.47632715 68.47065 0.018363475799560547 0.10190121829509735
Cyclist 0.0 0 1.7652345895767212 450.08837890625 167.44686889648438 465.6806945800781 193.80958557128906 1.7328439 1.6709101 0.6649081 -9.846895 1.3285556 46.600338 1.5569926500320435 0.5021178722381592
Cyclist 0.0 0 1.9253427982330322 0.0 143.9283447265625 39.65635681152344 197.04354858398438 2.0236776 1.8014704 0.5779132 -20.990095 0.82077765 25.5198 1.2370307445526123 0.4098816215991974
Cyclist 0.0 0 -0.329624742269516 920.577880859375 157.5699920654297 941.3505249023438 177.2862548828125 1.7396653 1.8630507 0.48018432 30.446976 0.4191753 68.49375 0.08866429328918457 0.3849695324897766
Car 0.0 0 -0.9965364933013916 466.6300964355469 167.11013793945312 511.9357604980469 187.55636596679688 4.0914974 1.5872238 1.6480135 -9.715675 1.1416909 58.21435 -1.1619071960449219 0.52094566822052
Car 0.0 0 -1.555713176727295 582.607666015625 170.24159240722656 602.0686645507812 188.55503845214844 3.4652216 1.4773753 1.5664278 -1.4671715 1.2669857 59.94476 -1.5801836252212524 0.36696740984916687
Car 0.0 0 2.399285316467285 404.9063415527344 169.1822509765625 448.5365295410156 186.0430450439453 3.9089122 1.525926 1.5811138 -17.094664 1.1939851 67.36555 2.150771141052246 0.3550952970981598
Car 0.0 0 -1.6177136898040771 697.126953125 149.75814819335938 736.4957275390625 187.0579833984375 2.5637052 1.4749095 1.48611 4.3447175 0.56201154 29.876389 -1.4733028411865234 0.33182886242866516
Car 0.0 0 2.2357139587402344 942.997314453125 160.51654052734375 991.184814453125 180.00404357910156 4.1589494 1.7019881 1.658173 31.986546 0.6248239 64.66023 2.695101737976074 0.2849331200122833
Car 0.0 0 -1.0183724164962769 652.4937133789062 173.34930419921875 708.1347045898438 199.1412353515625 3.8136141 1.5021625 1.6273009 4.3053145 1.5341806 44.108486 -0.9210731983184814 0.2847157418727875
Car 0.0 0 -1.1607460975646973 940.3922729492188 161.46473693847656 975.8820190429688 179.31968688964844 3.718025 1.6117128 1.6189501 32.30251 0.58399606 66.95507 -0.7112363576889038 0.2797324061393738
Car 0.0 0 -1.081754207611084 243.68783569335938 164.72718811035156 333.1495666503906 205.00733947753906 4.306414 1.6221839 1.7142289 -13.84703 1.2952548 31.264778 -1.4986844062805176 0.276841938495636
