Pedestrian 0.0 0 -3.0239484310150146 1205.373046875 183.09791564941406 1238.4493408203125 234.27627563476562 0.83905995 1.809262 0.7360431 22.249708 2.1907728 26.286238 -2.3215250968933105 0.49582064151763916
Cyclist 0.0 0 1.7789039611816406 905.1048583984375 172.2587432861328 928.022216796875 214.2454833984375 1.839249 1.6788694 0.50266826 12.607741 1.6554254 29.746517 2.17979097366333 0.4208335876464844
Car 0.0 0 -1.2896913290023804 808.1388549804688 182.67698669433594 936.076904296875 265.9392395019531 3.7782989 1.4984426 1.5813141 5.6544156 1.7361978 15.443694 -0.9387187957763672 0.9710516929626465
Car 0.0 0 2.0149238109588623 605.9735107421875 178.09767150878906 835.8206176757812 326.7999267578125 3.697055 1.5562108 1.5749573 1.6001565 1.641042 9.653996 2.1791810989379883 0.9574055075645447
Car 0.0 0 -0.7945544719696045 249.39659118652344 170.12916564941406 676.191162109375 375.0 3.3352652 1.4939332 1.5760525 -1.0178041 1.4783405 6.0395207 -0.9615097045898438 0.9415474534034729
Car 0.0 0 -1.7333195209503174 1149.787109375 205.35357666015625 1242.0 375.0 3.3626938 1.4547126 1.5236481 6.01524 1.8368654 6.6478176 -0.9978344440460205 0.9238011837005615
Car 0.0 0 1.7221416234970093 957.8184814453125 177.9753875732422 1017.7169799804688 219.11683654785156 4.0914927 1.6578767 1.740646 16.64442 1.8991523 31.775581 2.2046566009521484 0.8725753426551819
Car 0.0 0 -1.5487751960754395 1122.8046875 193.7849884033203 1202.399169921875 258.4376525878906 3.3317122 1.4240968 1.5347027 14.386875 2.0222223 18.82339 -0.8961794376373291 0.7226872444152832
Car 0.0 0 0.3525746464729309 811.8284912109375 171.81614685058594 916.9581298828125 209.68768310546875 3.631616 1.4143001 1.5496237 10.035257 1.3758991 28.695328 0.688997745513916 0.7102282643318176
Car 0.0 0 1.4762330055236816 1103.884033203125 185.31536865234375 1140.4278564453125 209.03160095214844 4.0606894 1.4798928 1.6611836 35.038956 2.3724022 49.480286 2.0924010276794434 0.5533567070960999
Car 0.0 0 0.25670698285102844 907.9196166992188 171.51136779785156 982.2256469726562 198.71168518066406 3.7122326 1.5479907 1.6309187 19.847939 1.4719378 42.871162 0.6902918815612793 0.528853178024292
