Car 0.0 0 -1.848588228225708 722.490966796875 181.59632873535156 926.1472778320312 311.89971923828125 4.2802873 1.457972 1.619092 2.7712603 1.6118983 10.515877 -1.590915560722351 0.9623101949691772
Car 0.0 0 -1.6660603284835815 648.60400390625 175.57366943359375 689.6673583984375 208.5610809326172 3.546116 1.4322969 1.5535754 2.648559 1.5653098 33.40581 -1.5869414806365967 0.9401329755783081
Car 0.0 0 0.3450417220592499 276.8229675292969 175.73068237304688 452.3149108886719 241.39956665039062 3.8861446 1.5748796 1.5830336 -6.1495943 1.6511246 18.202623 0.01923966407775879 0.9317265152931213
Car 0.0 0 -1.7383657693862915 673.5354614257812 172.522705078125 752.5858764648438 236.39723205566406 3.4351914 1.5786892 1.5478361 2.655467 1.5708592 19.5724 -1.6035151481628418 0.9110219478607178
Car 0.0 0 -2.1158254146575928 834.9169311523438 183.80615234375 1242.0 375.0 4.03686 1.5555946 1.6285765 2.7315352 1.6532725 4.38029 -1.558235764503479 0.9040263891220093
Car 0.0 0 -2.391324043273926 0.0 186.4261016845703 206.26739501953125 347.8691101074219 4.05624 1.424101 1.5158535 -6.5785074 1.576389 7.284574 -3.1258347034454346 0.8643811941146851
Car 0.0 0 0.20378725230693817 388.0880432128906 176.69273376464844 506.03802490234375 214.86497497558594 4.3224545 1.4589167 1.6116551 -6.429554 1.615865 28.586966 -0.017443504184484482 0.772837221622467
Car 0.0 0 0.490192174911499 318.2536926269531 184.73849487304688 470.74896240234375 239.0109100341797 3.9898298 1.4472361 1.4983433 -6.2428885 1.8098646 20.862104 0.19942784309387207 0.7715874910354614
Car 0.0 0 0.9327221512794495 0.0 184.8133544921875 67.6886215209961 375.0 3.957515 1.5682602 1.595398 -6.178396 1.6607057 4.7260146 0.014911174774169922 0.6241277456283569
Car 0.0 0 0.22065599262714386 429.5183410644531 178.27833557128906 524.64404296875 213.98069763183594 3.7550917 1.4735254 1.562869 -5.68516 1.7125399 30.889618 0.038645267486572266 0.540959894657135
