Pedestrian 0.0 0 -2.6946229934692383 533.7002563476562 492.5478210449219 566.3193969726562 541.149169921875 1.0083894 1.8422189 0.72419083 -10.19278 1.8824594 48.494816 -2.9017903804779053 0.29962846636772156
Pedestrian 0.0 0 -2.890822410583496 700.119873046875 475.1287841796875 755.9034423828125 578.6486206054688 0.9756099 2.046098 0.7000395 -1.7688742 1.7223762 25.463375 -2.9601783752441406 0.24901531636714935
Pedestrian 0.0 0 -0.16692593693733215 1350.7359619140625 497.28399658203125 1392.3243408203125 571.4105224609375 0.89069164 1.9032341 0.6918872 14.474372 2.0559258 33.02908 0.24609804153442383 0.17163869738578796
Pedestrian 0.0 0 0.0034443531185388565 772.4109497070312 495.1221008300781 803.3246459960938 554.8086547851562 0.9472556 1.827015 0.6549157 -0.8765146 1.9397087 39.142376 -0.018944889307022095 0.17097142338752747
Pedestrian 0.0 0 -0.814281702041626 1088.7667236328125 504.27459716796875 1114.7618408203125 544.70751953125 1.1148106 2.0050676 0.7041034 14.379914 2.6542153 63.785973 -0.5925484299659729 0.16057713329792023
Pedestrian 0.0 0 -1.622582197189331 1359.5963134765625 501.7873840332031 1382.4769287109375 559.8221435546875 1.2855797 2.0347254 0.6852046 19.872496 2.4089615 45.37944 -1.2098205089569092 0.14729051291942596
Pedestrian 0.0 0 -2.603563070297241 398.1554260253906 488.14935302734375 453.80645751953125 575.7351684570312 1.0449444 2.076989 0.7499941 -9.400293 1.997365 30.519629 -2.902350425720215 0.13927872478961945
Cyclist 0.0 0 -1.2637478113174438 1097.2451171875 507.3780822753906 1118.4066162109375 546.744384765625 1.1804985 1.9494578 0.71830183 14.728269 2.759699 63.96202 -1.0374269485473633 0.25500231981277466
Cyclist 0.0 0 -1.1362504959106445 574.392578125 477.2554626464844 624.529052734375 555.5800170898438 1.7548615 2.1496832 0.72069895 -6.0966744 1.7585363 35.699116 -1.3053981065750122 0.23513256013393402
Cyclist 0.0 0 -1.5506823062896729 1356.6700439453125 510.48187255859375 1376.711669921875 568.7186279296875 1.6484025 2.026981 0.62767464 19.794579 2.7223778 45.53219 -1.140592336654663 0.2075270116329193
Cyclist 0.0 0 -1.9422950744628906 1293.241943359375 492.3155212402344 1340.4666748046875 568.06103515625 1.3114473 1.983792 0.7481812 13.363651 2.0058136 33.839214 -1.5661790370941162 0.14539334177970886
Car 0.0 0 -2.093109130859375 1194.354736328125 514.1071166992188 1269.906494140625 552.0108642578125 4.1861444 1.6986496 1.6168317 20.17474 2.837609 61.60865 -1.7766485214233398 0.3436654806137085
Car 0.0 0 1.2283782958984375 1353.041259765625 518.9241333007812 1434.171875 567.6260986328125 3.9510636 1.7822909 1.7246332 23.041039 2.9237711 50.684837 1.6550463438034058 0.3212096691131592
Car 0.0 0 -1.672415852546692 734.7611083984375 511.27301025390625 772.9055786132812 546.24755859375 3.9856963 1.659217 1.5431045 -3.2089367 2.6988623 64.52441 -1.7221070528030396 0.2958160638809204
Car 0.0 0 -2.1187705993652344 1585.121337890625 518.7359619140625 1600.0 560.9627075195312 4.208375 1.6291577 1.623736 34.66393 2.8298986 53.72272 -1.5457504987716675 0.2710566520690918
Car 0.0 0 -1.9644553661346436 1125.85107421875 514.6146240234375 1190.1513671875 550.8978881835938 3.919826 1.6067748 1.5935186 16.342714 2.7523532 60.73676 -1.7016063928604126 0.20126137137413025
Car 0.0 0 -1.8938672542572021 1247.931640625 515.265869140625 1331.42626953125 562.7714233398438 4.004005 1.5262439 1.5687046 16.658503 2.403655 44.741665 -1.537442684173584 0.18881148099899292
Car 0.0 0 -2.121246814727783 1399.123046875 514.9785766601562 1517.3985595703125 567.62109375 4.0352726 1.5784214 1.6136688 21.150993 2.3935332 41.902176 -1.6537898778915405 0.1761881411075592
Car 0.0 0 -2.1379764080047607 1457.13720703125 515.801025390625 1563.0616455078125 563.3340454101562 4.0465198 1.6720141 1.657684 26.622278 2.646838 48.74214 -1.638066053390503 0.173650324344635
Car 0.0 0 -2.334951639175415 1479.2467041015625 516.9556274414062 1600.0 567.3628540039062 3.9352365 1.5380434 1.6142918 24.598051 2.4417946 42.870007 -1.814033031463623 0.16106225550174713
Car 0.0 0 -1.6259113550186157 1142.6282958984375 513.36962890625 1192.564697265625 561.1743774414062 3.342846 1.6615018 1.6198405 13.134315 2.5122113 47.47284 -1.3559931516647339 0.15774761140346527
Car 0.0 0 -1.6909210681915283 1091.63525390625 514.1779174804688 1135.770263671875 549.6006469726562 3.9253492 1.5552942 1.5830475 14.115071 2.6703415 60.250122 -1.4607967138290405 0.15671002864837646
Car 0.0 0 -2.2272863388061523 1348.0380859375 505.34613037109375 1533.9228515625 578.7574462890625 4.4415073 1.5956191 1.6762317 15.023091 1.9572948 30.75341 -1.7728796005249023 0.15200209617614746
Car 0.0 0 -1.650327444076538 267.296630859375 508.55877685546875 374.3236389160156 618.0466918945312 3.5136402 1.8404219 1.5939547 -9.369653 2.187066 23.816666 -2.0251376628875732 0.14740432798862457
Car 0.0 0 -2.308955430984497 1527.2100830078125 520.6307373046875 1600.0 565.1689453125 4.1590085 1.6104935 1.617061 30.804653 2.8306632 50.861843 -1.7643892765045166 0.14691831171512604
Car 0.0 0 -1.5611369609832764 661.923828125 510.5387268066406 694.609375 545.1551513671875 3.9954777 1.6383954 1.5983093 -6.98332 2.6354303 64.27871 -1.6693538427352905 0.1429712176322937
