Pedestrian 0.0 0 -2.830162763595581 753.2559204101562 504.6324157714844 805.1630249023438 601.686767578125 0.94156796 2.0059998 0.67875063 -1.0045604 2.756207 26.672386 -2.8678078651428223 0.21380135416984558
Pedestrian 0.0 0 -3.072171449661255 1035.4215087890625 510.976318359375 1065.003173828125 572.702392578125 0.9501186 2.0594125 0.69554716 7.651824 3.4763818 42.853275 -2.895474910736084 0.2105688452720642
Pedestrian 0.0 0 -1.4104523658752441 319.221923828125 539.0400390625 357.5203552246094 612.5039672851562 1.4408298 2.2335372 0.9323043 -15.731253 4.504573 40.39941 -1.781781554222107 0.19698001444339752
Pedestrian 0.0 0 1.5503506660461426 1060.8826904296875 467.74627685546875 1261.710693359375 900.0 0.7091838 1.821823 0.63337195 1.1697947 1.8146513 4.433208 1.808341145515442 0.19004517793655396
Pedestrian 0.0 0 -0.961377739906311 0.0 490.6684875488281 89.87763977050781 667.8602905273438 1.1184461 2.1807425 0.8033828 -10.229104 2.45656 16.129704 -1.5265498161315918 0.1746486872434616
Pedestrian 0.0 0 -2.78812575340271 642.299072265625 476.7732238769531 765.0377807617188 693.0977172851562 0.9791832 1.9813647 0.71863014 -1.1641059 2.0488162 11.976203 -2.8850228786468506 0.16985689103603363
Pedestrian 0.0 0 -2.9658775329589844 1060.667724609375 506.262451171875 1103.432373046875 599.1316528320312 0.8222295 2.0024204 0.69931406 5.6842165 2.823003 27.861475 -2.764622449874878 0.1600751280784607
Pedestrian 0.0 0 -2.64801287651062 446.83538818359375 504.9107666015625 507.2684326171875 591.31982421875 1.1127969 1.9815882 0.8437312 -8.278191 2.8243372 29.695816 -2.919877052307129 0.1578081250190735
Pedestrian 0.0 0 -1.5163350105285645 1490.8140869140625 525.0438232421875 1540.790771484375 629.9237060546875 1.2182122 2.1326444 0.87888306 14.86536 3.3526719 27.011066 -1.013228178024292 0.14837072789669037
Pedestrian 0.0 0 -3.0578954219818115 1022.483642578125 515.7577514648438 1050.488037109375 572.3955078125 0.928748 1.9667437 0.72171515 7.4948997 3.617577 44.71903 -2.891839027404785 0.1482463777065277
Pedestrian 0.0 0 -3.416166067123413 1400.206787109375 502.66375732421875 1448.1915283203125 582.1411743164062 0.9837689 2.034562 0.69534254 15.660566 2.9024866 32.847427 -2.9712769985198975 0.1360424906015396
Pedestrian 0.0 0 -0.0831434577703476 698.2376708984375 506.8505554199219 750.382080078125 610.1700439453125 1.0949335 2.2209775 0.67349863 -2.2626758 3.047153 27.653883 -0.16478286683559418 0.13470159471035004
Pedestrian 0.0 0 1.016068935394287 1232.748779296875 391.68438720703125 1498.884033203125 900.0 0.6321766 1.8099517 0.5859467 1.807591 1.5656792 4.265653 1.416884422302246 0.13266542553901672
Cyclist 0.0 0 -0.670648455619812 156.77398681640625 503.3418273925781 251.20860290527344 611.1085205078125 1.9234117 2.3287206 0.6940242 -14.245454 3.120519 28.720041 -1.1310997009277344 0.3340243101119995
Cyclist 0.0 0 -1.4070206880569458 1334.9295654296875 504.548583984375 1373.7166748046875 571.9054565429688 1.6133082 2.003854 0.8644943 16.48621 3.1083431 39.120728 -1.0081872940063477 0.12734760344028473
Car 0.0 0 -1.2668441534042358 356.2351379394531 543.9169921875 450.23779296875 614.69873046875 4.3082643 1.9450412 1.7062594 -13.81809 4.500509 41.132515 -1.5909396409988403 0.4951612055301666
Car 0.0 0 -1.7629036903381348 1126.2796630859375 534.2803344726562 1209.4447021484375 605.46875 4.087421 1.8166839 1.6688734 10.243701 3.8674073 37.860207 -1.4986640214920044 0.49045276641845703
Car 0.0 0 -0.809211015701294 69.06897735595703 549.5137329101562 270.3906555175781 653.3621826171875 4.058475 1.9047523 1.7301409 -14.817476 3.8544073 28.522783 -1.2883336544036865 0.26764538884162903
Car 0.0 0 -1.5346813201904297 623.6248779296875 534.7244262695312 672.9602661132812 590.3969116210938 3.912771 1.7125555 1.6221669 -6.405548 4.157863 45.290173 -1.6751829385757446 0.24615277349948883
Car 0.0 0 -1.1672449111938477 556.1021728515625 527.5135498046875 693.03271484375 622.5233154296875 3.8330603 1.7321548 1.5646425 -4.3227544 3.083199 27.37219 -1.3238763809204102 0.22904427349567413
Car 0.0 0 -1.9178751707077026 1052.9927978515625 534.9983520507812 1147.9586181640625 601.6992797851562 3.646093 1.7197703 1.6653252 8.233929 3.789062 37.957573 -1.704260230064392 0.2134101837873459
Car 0.0 0 -1.7245019674301147 761.2682495117188 518.9967041015625 874.1517944335938 620.3223266601562 4.1055007 1.6576344 1.6061844 -0.26062635 2.7097857 24.737967 -1.735037088394165 0.20446236431598663
Car 0.0 0 -1.2549347877502441 0.0 530.849853515625 229.41690063476562 747.6617431640625 4.2004676 1.6562103 1.6700411 -7.6531715 2.3986423 13.051939 -1.785266637802124 0.1782984435558319
Car 0.0 0 -1.3215205669403076 675.9866943359375 535.7158203125 742.4093627929688 588.708984375 3.327568 1.6075615 1.5549916 -4.096292 4.0164146 44.14712 -1.4140429496765137 0.17825284600257874
Car 0.0 0 -2.4120852947235107 1452.9127197265625 517.9476928710938 1600.0 623.7882690429688 3.6737618 1.8734454 1.7291187 15.135778 2.946534 26.01529 -1.8851532936096191 0.17300042510032654
Car 0.0 0 -0.29990947246551514 698.7459716796875 540.3228759765625 833.8831176757812 595.951904296875 4.198493 1.6157895 1.556814 -1.9973209 4.0269046 41.497406 -0.3480035662651062 0.17157328128814697
Car 0.0 0 -2.0833916664123535 1258.0155029296875 526.8815307617188 1424.1524658203125 621.6585083007812 4.6834497 1.9178344 1.6696904 12.458787 3.422175 30.695492 -1.6978237628936768 0.1683592051267624
Car 0.0 0 -1.9829109907150269 984.2192993164062 527.4732055664062 1135.733154296875 626.390380859375 3.953192 1.6609685 1.5792302 4.6616073 2.9317749 25.588736 -1.8027129173278809 0.15790638327598572
Car 0.0 0 -0.633670449256897 0.0 546.69873046875 23.90532875061035 718.81884765625 3.5428507 1.6375675 1.589536 -12.162642 2.707409 15.551295 -1.2973999977111816 0.15340949594974518
Car 0.0 0 1.052666425704956 1107.66015625 536.5272216796875 1250.186767578125 620.0874633789062 3.933554 1.6878984 1.6273015 8.555517 3.4339154 30.766714 1.323891043663025 0.15027771890163422
