Pedestrian 0.0 0 1.7401131391525269 255.55906677246094 158.711669921875 292.815673828125 223.558837890625 1.0437813 1.8152547 0.81165946 -9.715903 1.4197292 20.805738 1.303227186203003 0.16728447377681732
Pedestrian 0.0 0 2.5021297931671143 760.1759033203125 154.9335174560547 796.20458984375 213.5516357421875 0.97332853 1.906481 0.6434747 5.5366416 1.3239979 23.954163 2.729275703430176 0.16518117487430573
Pedestrian 0.0 0 1.829993486404419 311.55242919921875 161.2374725341797 349.08355712890625 218.7010955810547 1.1756318 1.8232235 0.8704846 -9.148098 1.4550084 23.523094 1.4590938091278076 0.1506851464509964
Car 0.0 0 -1.9505600929260254 757.1700439453125 176.2257080078125 1021.7030639648438 337.3902587890625 3.6407719 1.4851937 1.5895971 2.943805 1.5343449 8.581562 -1.6201006174087524 0.9640920162200928
Car 0.0 0 -1.6722551584243774 671.3992309570312 178.0253143310547 739.5738525390625 229.13331604003906 3.6285162 1.3764353 1.6446574 2.7301264 1.5450076 21.634203 -1.5467238426208496 0.9523358941078186
Car 0.0 0 -1.1989445686340332 95.51061248779297 180.77955627441406 435.18682861328125 375.0 4.2194657 1.5421659 1.7138633 -3.24454 1.6508114 7.724566 -1.5965970754623413 0.9501928091049194
Car 0.0 0 -2.28890323638916 944.7518920898438 153.94789123535156 1242.0 375.0 3.6127696 1.52762 1.6142397 3.204313 1.4829544 3.5362298 -1.5527071952819824 0.9131110906600952
Car 0.0 0 -1.6879252195358276 625.9097900390625 172.27207946777344 659.2146606445312 198.61688232421875 4.1731176 1.6416595 1.6870148 2.0481315 1.605755 47.10239 -1.6444700956344604 0.8239951729774475
Car 0.0 0 -1.7726572751998901 601.3782958984375 171.97857666015625 635.186279296875 197.3312225341797 4.174901 1.7795175 1.6656617 0.5348239 1.7184293 52.850346 -1.7625380754470825 0.1976199448108673
Car 0.0 0 1.9422730207443237 178.6148223876953 207.32278442382812 371.1165466308594 322.4409484863281 4.2491612 1.4684783 1.578716 -5.643097 2.1766925 12.654875 1.5228148698806763 0.1478237509727478
