Pedestrian 0.0 0 1.8317452669143677 222.36453247070312 177.94610595703125 246.74777221679688 221.3896484375 1.1005033 1.8082343 0.6627563 -16.049038 2.0301461 30.781609 1.3511371612548828 0.3017214238643646
Pedestrian 0.0 0 -0.6646689176559448 801.50537109375 182.2730255126953 822.1517333984375 214.5614471435547 0.89583766 1.8642904 0.7544388 11.847156 2.4260235 42.481113 -0.39269858598709106 0.19637443125247955
Pedestrian 0.0 0 -0.2743834853172302 1128.5150146484375 124.74006652832031 1242.0 350.81475830078125 1.0180782 1.8205899 0.6605787 5.18206 1.4334841 6.314598 0.41282129287719727 0.17794179916381836
Pedestrian 0.0 0 1.353247880935669 777.783447265625 177.41357421875 791.2713623046875 207.81869506835938 0.84456265 1.8065977 0.6203419 10.467267 2.0840962 43.42573 1.5897743701934814 0.16493485867977142
Cyclist 0.0 0 1.3481816053390503 513.5819702148438 174.8577117919922 529.3045043945312 199.5555419921875 1.7321682 1.6614033 0.706277 -6.127566 1.8021616 49.62067 1.2253154516220093 0.5489327311515808
Cyclist 0.0 0 -0.016109555959701538 249.30862426757812 168.60833740234375 279.85101318359375 195.83468627929688 1.8576849 1.8196132 0.57549864 -23.433924 1.5362208 48.891994 -0.46306028962135315 0.3488944172859192
Cyclist 0.0 0 1.8072545528411865 226.671142578125 177.84141540527344 250.19578552246094 221.4772186279297 1.1266189 1.8205132 0.65043116 -15.927886 2.0385685 30.86746 1.330881953239441 0.17477886378765106
Car 0.0 0 -1.527939796447754 583.7606811523438 178.72610473632812 620.4951782226562 210.93878173828125 3.7389903 1.4188671 1.5921931 -0.3668881 1.714323 34.36343 -1.5386160612106323 0.9418814182281494
Car 0.0 0 -1.5124701261520386 538.2857666015625 178.30494689941406 570.5459594726562 204.72340393066406 3.5247245 1.4224578 1.6428677 -3.1810977 1.7487055 41.35783 -1.5892354249954224 0.9148669242858887
Car 0.0 0 1.3935316801071167 667.2169799804688 178.28439331054688 691.3716430664062 196.2076873779297 3.9475856 1.5813712 1.5533031 6.376236 2.1006851 66.92009 1.4885262250900269 0.4469895362854004
Car 0.0 0 1.342250943183899 555.1358032226562 182.1908416748047 589.9513549804688 206.93064880371094 3.8234866 1.5739853 1.553058 -2.6386957 2.2415273 49.503975 1.2889986038208008 0.250758558511734
Car 0.0 0 2.0672502517700195 308.6188049316406 182.5869598388672 349.3406066894531 201.0998077392578 3.916275 1.4970821 1.6203333 -24.32829 2.3686588 62.539528 1.6962566375732422 0.2135634422302246
Car 0.0 0 1.6602058410644531 821.3058471679688 195.3021697998047 854.7648315429688 221.46827697753906 4.0485606 1.5271535 1.7743176 15.210631 3.093137 48.11038 1.9664225578308105 0.18299701809883118
Car 0.0 0 2.111299514770508 920.0528564453125 190.3321533203125 985.6256713867188 218.91297912597656 4.3283362 1.5579082 1.5622276 20.63226 2.6553252 43.437515 2.5547373294830322 0.17449846863746643
Car 0.0 0 1.7641420364379883 404.66510009765625 180.0258331298828 438.1058349609375 204.1073455810547 4.3156714 1.6790066 1.6153004 -14.045635 2.2362518 53.820454 1.5088636875152588 0.1635138988494873
