Pedestrian 0.0 0 0.8400375843048096 972.9830932617188 105.42784118652344 1040.92626953125 218.3478546142578 0.80124205 1.8229163 0.6220217 6.5946016 0.7347847 12.106741 1.338806390762329 0.8230803608894348
Pedestrian 0.0 0 -1.8564764261245728 951.3299560546875 118.35006713867188 993.7997436523438 194.4769744873047 1.0112692 1.860815 0.69751126 9.0781765 0.52890134 18.193407 -1.393643856048584 0.7121543288230896
Pedestrian 0.0 0 -1.7085012197494507 934.5813598632812 134.98861694335938 966.9442749023438 201.1498565673828 0.6880437 1.8019146 0.7252968 9.429353 0.77100134 20.084602 -1.2695649862289429 0.683772623538971
Pedestrian 0.0 0 3.1018223762512207 6.602572441101074 162.47366333007812 23.962099075317383 201.4376220703125 0.6146191 1.8435189 0.6982932 -28.560865 1.3527473 34.600777 2.4117605686187744 0.6556098461151123
Pedestrian 0.0 0 -2.542928695678711 1171.4290771484375 67.95479583740234 1242.0 238.82217407226562 0.5942027 1.7495313 0.6234103 6.519054 0.675814 7.755333 -1.8439232110977173 0.40145108103752136
Pedestrian 0.0 0 2.606820583343506 815.7378540039062 116.54718017578125 853.8165283203125 184.466064453125 0.7645839 1.74521 0.57782865 5.837692 0.29873604 18.90761 2.9062838554382324 0.39883989095687866
Cyclist 0.0 0 2.5202112197875977 764.27783203125 125.7723617553711 815.0266723632812 179.13568115234375 1.7088412 1.8492576 0.61679494 6.3325515 0.21804419 25.604076 2.76267147064209 0.7358146905899048
Cyclist 0.0 0 0.9458045959472656 940.6358642578125 119.4422836303711 987.3671875 175.85374450683594 1.5359161 1.7638322 0.56356126 11.394948 0.09415202 23.3625 1.3996003866195679 0.4694806635379791
Car 0.0 0 1.9050158262252808 388.56475830078125 178.80186462402344 432.3307800292969 206.53651428222656 3.616772 1.6856904 1.6232165 -12.840855 2.0847385 46.505444 1.635613203048706 0.8589143753051758
Car 0.0 0 1.910244107246399 405.675048828125 183.68724060058594 460.4931640625 214.49481201171875 3.8177671 1.4500736 1.5728315 -9.121047 2.0406091 37.32776 1.6705899238586426 0.7165509462356567
Car 0.0 0 -2.262310266494751 695.9231567382812 159.8949432373047 761.1439208984375 192.56008911132812 3.7699835 1.7696955 1.6346117 6.6672993 1.0679721 41.127274 -2.1015946865081787 0.6708492636680603
Car 0.0 0 -1.6220780611038208 584.5125122070312 178.2838134765625 612.0244750976562 202.58145141601562 3.8272924 1.5430762 1.6541365 -0.8567288 1.92447 48.6649 -1.6396808624267578 0.6321178078651428
Car 0.0 0 1.6148275136947632 461.7366638183594 180.5919952392578 493.57794189453125 210.5251922607422 3.9726534 1.601947 1.6412805 -7.649798 2.0725644 41.767242 1.4336822032928467 0.5380552411079407
Car 0.0 0 1.6740392446517944 486.34759521484375 181.17095947265625 508.48834228515625 198.86209106445312 4.178921 1.5879539 1.6688235 -10.735144 2.4070146 68.89424 1.5194616317749023 0.5117735862731934
Car 0.0 0 -3.228801965713501 675.3399047851562 160.50558471679688 732.69873046875 182.82142639160156 3.9626522 1.5781556 1.6459967 6.7026815 0.70524454 51.92761 -3.1004343032836914 0.4681592285633087
Car 0.0 0 -1.7535480260849 803.8992309570312 142.96298217773438 884.3168334960938 201.168212890625 3.4539137 1.53 1.5793159 6.5935283 0.74463356 20.775494 -1.4462321996688843 0.44751954078674316
Car 0.0 0 -2.7800941467285156 715.2171020507812 154.5445098876953 802.298583984375 190.3435516357422 3.8274853 1.660831 1.637551 7.196499 0.8117538 35.18578 -2.57834792137146 0.40524810552597046
