Pedestrian 0.0 0 -2.0703864097595215 860.0138549804688 105.2345199584961 942.2036743164062 256.5660400390625 0.7990896 1.767488 0.6266935 3.500723 0.97807896 8.859554 -1.6940807104110718 0.6931536197662354
Pedestrian 0.0 0 -0.046278029680252075 395.9656066894531 156.3269500732422 418.3321533203125 191.59234619140625 1.0711553 1.7718738 0.5089781 -10.346065 0.94184667 36.660797 -0.32133540511131287 0.48829323053359985
Pedestrian 0.0 0 0.7940887808799744 287.03753662109375 178.82591247558594 302.5916748046875 206.35614013671875 0.80048114 1.7756959 0.51776457 -20.603392 2.1690857 47.094627 0.3816874027252197 0.41954299807548523
Cyclist 0.0 0 -0.24709546566009521 268.17333984375 162.18246459960938 296.7623596191406 187.17491149902344 1.8163755 1.7913396 0.544423 -23.85047 1.0268124 52.492924 -0.6735658645629883 0.5679348111152649
Cyclist 0.0 0 -1.0345635414123535 396.100341796875 155.87229919433594 417.0964050292969 191.69363403320312 1.1144974 1.7885841 0.53245556 -10.357747 0.9410335 36.63117 -1.3101277351379395 0.3312436044216156
Car 0.0 0 2.066537380218506 127.14712524414062 195.82565307617188 262.67852783203125 253.07656860351562 4.498143 1.4518716 1.6933997 -12.709733 2.2369792 22.38002 1.5500513315200806 0.9334728717803955
Car 0.0 0 1.8092575073242188 343.150146484375 185.16575622558594 393.83526611328125 217.887451171875 4.2142525 1.600917 1.6553202 -13.047845 2.3054972 39.099697 1.4871705770492554 0.8559685945510864
Car 0.0 0 1.5618517398834229 571.6041259765625 177.92431640625 613.6765747070312 219.20033264160156 4.7684917 1.7611825 1.8312405 -0.8787832 2.015989 33.79217 1.535852074623108 0.769342839717865
Car 0.0 0 -0.826507568359375 226.7306671142578 158.08651733398438 302.3301086425781 186.18832397460938 4.1512437 1.5668336 1.6307064 -20.269133 0.7438216 42.450703 -1.2719730138778687 0.6349442601203918
Car 0.0 0 1.5479798316955566 500.0317077636719 163.96041870117188 519.7625122070312 183.15220642089844 4.064928 1.6767251 1.6680695 -9.088213 0.9000791 65.1758 1.4094316959381104 0.49832797050476074
Car 0.0 0 -1.7698752880096436 915.6600952148438 166.5659637451172 960.743896484375 196.75660705566406 3.6924536 1.623938 1.6130257 18.457626 1.2860653 40.788322 -1.3449257612228394 0.4872437119483948
Car 0.0 0 1.3401579856872559 1072.5325927734375 155.9561004638672 1113.9737548828125 178.01405334472656 4.2004766 1.5813665 1.6531651 36.06486 0.37029058 53.98202 1.9291455745697021 0.48312240839004517
Car 0.0 0 0.202924907207489 228.5274200439453 167.17355346679688 298.63421630859375 189.3095245361328 4.3715587 1.576911 1.6831392 -25.286047 1.1726084 52.74272 -0.2441256046295166 0.4693499505519867
