Pedestrian 0.0 0 -0.29060861468315125 767.8828125 144.9665985107422 805.8695678710938 214.6173095703125 0.83725137 1.8116157 0.60292333 4.624246 1.0866224 19.087645 -0.05292419344186783 0.4578043520450592
Pedestrian 0.0 0 -0.7249847650527954 1148.2740478515625 123.12884521484375 1242.0 281.8743591308594 0.8348121 1.7694021 0.64120495 6.8527956 1.2155157 8.37638 -0.03929859772324562 0.44121021032333374
Pedestrian 0.0 0 -1.641410231590271 748.0774536132812 161.07073974609375 769.7289428710938 214.07801818847656 0.98450804 1.7309448 0.6375348 4.918631 1.3465223 24.08859 -1.4399898052215576 0.3764585554599762
Pedestrian 0.0 0 -0.2665266692638397 886.0934448242188 157.37054443359375 947.8079833984375 258.298828125 0.9049411 1.7924083 0.6163622 5.5390034 1.517792 13.176027 0.13142848014831543 0.28204765915870667
Pedestrian 0.0 0 3.352108955383301 229.9755096435547 165.59823608398438 267.83392333984375 258.38262939453125 0.5118844 1.6494035 0.5684117 -6.632033 1.5207775 13.163619 2.885413646697998 0.22171612083911896
Pedestrian 0.0 0 2.046550989151001 1015.3617553710938 102.38712310791016 1135.0792236328125 312.43023681640625 0.7815126 1.8078712 0.6492601 4.249385 1.2017106 6.685061 2.6127748489379883 0.19416745007038116
Pedestrian 0.0 0 0.8794761896133423 32.7485237121582 135.90560913085938 147.65896606445312 305.6588134765625 0.93106073 1.8386534 0.60793555 -5.966332 1.4388111 8.222833 0.2517871856689453 0.18788087368011475
Cyclist 0.0 0 2.8542494773864746 764.8890380859375 144.73023986816406 809.24072265625 215.613037109375 1.0179642 1.8448973 0.57315725 4.628745 1.1132661 19.088413 3.0921473503112793 0.10090567916631699
Car 0.0 0 1.8297650814056396 394.03125 184.63185119628906 520.6099243164062 271.59417724609375 4.0115666 1.5747879 1.6962894 -3.1954558 1.8644719 15.670592 1.6286087036132812 0.9537129998207092
Car 0.0 0 -1.6862844228744507 670.9904174804688 173.41624450683594 764.2850952148438 248.32138061523438 3.6027157 1.4470234 1.576558 2.1869256 1.461098 15.781695 -1.5485877990722656 0.9525579214096069
Car 0.0 0 1.6395658254623413 613.2711181640625 171.59628295898438 635.70166015625 191.3031768798828 3.6896918 1.5874293 1.6179934 1.2095023 1.4864751 60.027958 1.6597120761871338 0.6723223328590393
Car 0.0 0 1.8586536645889282 581.6361694335938 170.6554718017578 611.6603393554688 190.86363220214844 3.4186587 1.7100984 1.7200097 -1.1564962 1.5244074 62.93337 1.840279221534729 0.26850229501724243
