Pedestrian 0.0 0 -0.6381723284721375 0.0 484.93511962890625 71.93791961669922 580.6676635742188 1.2637954 1.9720342 0.97875947 -16.710873 1.8366563 26.854918 -1.1948024034500122 0.5937570333480835
Pedestrian 0.0 0 -3.466092109680176 1597.4979248046875 496.1236877441406 1600.0 587.063232421875 1.0459152 1.9643213 0.7103925 17.907288 2.067658 27.874998 -2.8950681686401367 0.2972027361392975
Pedestrian 0.0 0 -0.6197405457496643 72.60041046142578 494.5508728027344 119.83993530273438 556.927734375 1.3256644 2.2088153 0.6914265 -25.95496 2.3203635 45.664497 -1.1365883350372314 0.2316931039094925
Pedestrian 0.0 0 -1.784725308418274 544.3031616210938 489.7641296386719 567.7020874023438 541.9714965820312 1.0341709 2.075163 0.71900827 -10.475212 2.0058835 50.95649 -1.9874725341796875 0.22003622353076935
Pedestrian 0.0 0 0.044240474700927734 713.301513671875 502.0638427734375 739.1375122070312 545.6746215820312 1.1683745 2.011332 0.74669546 -4.190062 2.506263 58.984287 -0.026677317917346954 0.1935819685459137
Pedestrian 0.0 0 0.4679501950740814 352.38177490234375 495.6614990234375 391.1538391113281 555.9644775390625 1.0918384 2.1316438 0.7384843 -15.882613 2.2815633 45.263824 0.13048291206359863 0.1706090271472931
Pedestrian 0.0 0 0.5160060524940491 56.65617752075195 481.69598388671875 110.29826354980469 551.330078125 1.1448337 2.031486 0.75548196 -21.591452 1.7452588 37.32864 -0.008391027338802814 0.16878119111061096
Pedestrian 0.0 0 3.034101963043213 875.8557739257812 490.8425598144531 921.1395263671875 571.1006469726562 1.0850091 2.0143118 0.6275439 2.0804906 1.997633 32.12114 3.0987818241119385 0.16618739068508148
Pedestrian 0.0 0 -0.07563230395317078 527.2058715820312 488.30377197265625 556.3172607421875 549.8883056640625 0.95216095 2.1503365 0.7251872 -9.692053 2.038486 44.702568 -0.2891397476196289 0.1619979739189148
Pedestrian 0.0 0 -3.05949330329895 737.8850708007812 497.3667907714844 757.3330078125 540.6156616210938 0.8154886 1.9221188 0.6990065 -3.073647 2.1863353 56.742203 -3.1136090755462646 0.1345120519399643
Pedestrian 0.0 0 -2.151292562484741 876.01220703125 470.6590881347656 929.4490356445312 596.3375854492188 0.68773025 2.1024802 0.63844967 1.4745799 1.7537138 21.642155 -2.0832631587982178 0.12834858894348145
Cyclist 0.0 0 -1.3736522197723389 1100.897216796875 500.0657958984375 1130.818603515625 557.0118408203125 1.4438986 2.00478 0.7817553 10.804924 2.318824 45.64945 -1.1412360668182373 0.37713804841041565
Cyclist 0.0 0 -0.9559822082519531 541.6373291015625 500.8873596191406 576.2742309570312 550.0824584960938 1.4001682 1.9863515 0.7246387 -10.603496 2.378976 52.220882 -1.1563096046447754 0.12877613306045532
Car 0.0 0 -1.750305414199829 709.1094360351562 510.11492919921875 771.0667724609375 557.4573364257812 3.9641082 1.6251806 1.6228894 -2.8850362 2.3506713 47.257313 -1.811279296875 0.35811588168144226
Car 0.0 0 -0.76385897397995 0.0 510.0440979003906 92.48580169677734 614.732421875 3.9665437 1.6758338 1.605275 -15.439557 2.0452802 23.129894 -1.35244882106781 0.34712857007980347
Car 0.0 0 -1.2203779220581055 62.67412567138672 507.6849670410156 216.16867065429688 591.489013671875 5.3469377 1.894965 1.7221241 -17.185991 2.3450801 32.469585 -1.707185983657837 0.21718820929527283
Car 0.0 0 1.768375039100647 346.056640625 509.6935729980469 420.92779541015625 562.4373779296875 4.2811265 1.6443766 1.6048615 -14.712348 2.2973769 43.24496 1.4404487609863281 0.2117568701505661
Car 0.0 0 -1.764192819595337 801.7857666015625 506.2549133300781 879.13232421875 563.036376953125 3.919468 1.5885946 1.6278505 0.68238634 2.061988 38.579075 -1.746506690979004 0.18520823121070862
Car 0.0 0 -2.0414981842041016 1495.49267578125 518.5377197265625 1600.0 578.2991943359375 4.060212 1.6513677 1.6163523 22.689342 2.5267997 38.942245 -1.513940453529358 0.17312093079090118
Car 0.0 0 -1.7210322618484497 895.5484619140625 509.44158935546875 995.3551025390625 592.0900268554688 4.086738 1.666521 1.6326029 2.8307486 2.099936 28.522377 -1.6221096515655518 0.16867269575595856
Car 0.0 0 -2.106064558029175 999.978271484375 505.416748046875 1118.4532470703125 564.807373046875 4.1163845 1.6419976 1.6400976 7.2632732 2.0866022 38.26491 -1.918480634689331 0.16816402971744537
Car 0.0 0 1.703880786895752 105.64907836914062 508.3533935546875 180.2939453125 561.328369140625 4.2564073 1.6108239 1.643104 -22.38988 2.2030587 42.24009 1.2164735794067383 0.16691845655441284
Car 0.0 0 -1.8471908569335938 1334.3236083984375 512.7459716796875 1415.2720947265625 569.6284790039062 3.7124298 1.7449815 1.5108972 18.568296 2.486003 42.242657 -1.4330503940582275 0.15793433785438538
Car 0.0 0 -1.3728338479995728 236.60513305664062 502.3768615722656 342.3044128417969 584.2784423828125 3.0633757 1.7269279 1.6439217 -11.913335 1.9884291 28.805449 -1.7649914026260376 0.15723948180675507
Car 0.0 0 -1.7076985836029053 942.6294555664062 511.3614501953125 1001.5360717773438 561.4329223632812 4.1399636 1.741493 1.652471 5.8308816 2.523222 47.780228 -1.5862635374069214 0.15327179431915283
Car 0.0 0 -1.746118426322937 746.0133666992188 505.96685791015625 823.61328125 564.0640258789062 4.2542114 1.6073556 1.6294044 -1.0126635 2.0714986 38.40334 -1.7724814414978027 0.14650176465511322
Car 0.0 0 -1.479798436164856 888.5282592773438 513.3200073242188 957.1607666015625 574.2650146484375 4.0650287 1.6015307 1.6278971 3.1605842 2.2750187 36.957623 -1.394486904144287 0.1438514143228531
Car 0.0 0 -0.621589720249176 1412.5230712890625 521.366455078125 1600.0 632.4469604492188 4.0000777 1.6664094 1.6989161 12.070709 2.1758556 20.579096 -0.09111715853214264 0.13954131305217743
Car 0.0 0 -1.691499948501587 700.7041625976562 503.9049987792969 794.5234985351562 579.32177734375 4.2657175 1.5757769 1.6668428 -1.6685965 1.8860362 29.445848 -1.7481060028076172 0.1368257850408554
Car 0.0 0 -1.7862818241119385 951.6829223632812 512.0150146484375 1033.8333740234375 571.1353759765625 3.9856517 1.570002 1.5615945 5.107887 2.2039495 37.099876 -1.6494626998901367 0.1344149261713028
