Pedestrian 0.0 0 -1.0492355823516846 971.7352294921875 127.79200744628906 1064.5701904296875 272.71533203125 0.98642457 1.817628 0.67464656 5.369644 1.2528186 9.589376 -0.538779616355896 0.8940656185150146
Pedestrian 0.0 0 -0.6347045302391052 892.411376953125 143.3769073486328 978.7219848632812 274.35723876953125 0.8835341 1.7680187 0.6679896 4.5170956 1.3704844 10.15784 -0.216274693608284 0.5213996767997742
Pedestrian 0.0 0 2.321068525314331 849.6519165039062 133.64328002929688 918.048828125 243.3556365966797 0.79273045 1.7232313 0.693587 4.42723 1.1077137 11.817438 2.6795194149017334 0.3515836298465729
Pedestrian 0.0 0 1.0561367273330688 561.0885620117188 151.67955017089844 583.9300537109375 201.5059814453125 0.6563978 1.8226904 0.6026669 -1.4395101 1.04847 26.83046 1.0025360584259033 0.3268187642097473
Pedestrian 0.0 0 -0.4417620599269867 825.3800048828125 135.27432250976562 880.6608276367188 221.84474182128906 0.914967 1.7496022 0.5998601 4.9702554 0.99046874 14.932375 -0.12044569849967957 0.280598521232605
Pedestrian 0.0 0 -1.031768560409546 967.9609985351562 130.3999786376953 995.798828125 182.9588165283203 0.5843286 1.9041537 0.7133905 13.662034 0.3664453 26.595083 -0.557217001914978 0.26682567596435547
Pedestrian 0.0 0 -0.2894352674484253 850.8139038085938 137.97286987304688 903.1000366210938 237.08602905273438 0.7247392 1.721271 0.6221423 4.69513 1.115858 12.860451 0.06061267852783203 0.2634947896003723
Pedestrian 0.0 0 -3.070215940475464 572.5457763671875 155.81898498535156 585.6934814453125 195.6414794921875 0.6139565 1.9666946 0.6009262 -1.5735294 1.1257522 35.940327 -3.1139698028564453 0.223638653755188
Pedestrian 0.0 0 -1.5177104473114014 1061.515625 123.84564208984375 1127.282470703125 271.1181640625 0.8560489 1.8053439 0.66887873 6.2549987 1.2049316 9.385297 -0.9298455715179443 0.22066453099250793
Pedestrian 0.0 0 0.4464001953601837 309.2196960449219 159.0867462158203 398.5229797363281 310.5599060058594 0.84644616 1.7241486 0.5356933 -3.0659223 1.5678 8.519319 0.1009519100189209 0.14079469442367554
Cyclist 0.0 0 1.4897220134735107 811.1510620117188 123.19046020507812 847.6196899414062 221.78948974609375 1.4860874 1.722107 0.52066433 3.9977608 0.8550534 13.380374 1.7800573110580444 0.17907722294330597
Cyclist 0.0 0 2.0276851654052734 152.19940185546875 143.0304412841797 355.4056701660156 375.0 1.6483842 1.5828713 0.59325224 -2.4235308 1.4095348 5.0259566 1.578376293182373 0.15178856253623962
Cyclist 0.0 0 -0.4306386411190033 885.4094848632812 140.02191162109375 974.1292114257812 271.8609924316406 0.9727416 1.8037512 0.62444896 4.445181 1.3549181 10.190505 -0.019313056021928787 0.10334035754203796
Car 0.0 0 -1.8968429565429688 550.7520751953125 164.51515197753906 614.5833129882812 202.36013793945312 3.792952 1.5634383 1.6799763 -1.3129505 1.2193047 31.876764 -1.9380080699920654 0.21467456221580505
