Pedestrian 0.0 0 1.1462037563323975 174.9147186279297 158.77767944335938 251.52651977539062 300.318603515625 0.7838521 1.7417785 0.5983049 -5.1970725 1.5689155 9.350231 0.6389009952545166 0.3250866234302521
Pedestrian 0.0 0 -2.3724076747894287 127.53935241699219 155.81268310546875 239.51109313964844 317.48370361328125 0.9236504 1.7461249 0.6202844 -4.8868623 1.5624285 8.198091 -2.9099528789520264 0.19339358806610107
Car 0.0 0 -1.8954033851623535 752.31787109375 164.9732208251953 1075.561279296875 367.9253234863281 4.274531 1.529039 1.6397517 2.6582308 1.4700233 7.580777 -1.5581458806991577 0.9506617784500122
Car 0.0 0 -1.6991618871688843 656.4125366210938 174.19696044921875 715.6167602539062 217.44107055664062 3.502595 1.359251 1.5513473 2.4718375 1.4086232 24.55911 -1.598851203918457 0.9114122986793518
Car 0.0 0 -0.8101586103439331 0.0 196.0533447265625 299.84185791015625 375.0 3.8436935 1.4587193 1.6135387 -3.0003386 1.6204495 3.0858135 -1.581513524055481 0.8381128907203674
Car 0.0 0 -1.4831087589263916 658.3458251953125 174.60760498046875 704.7383422851562 212.8376007080078 3.5539732 1.4909798 1.6288509 3.0054164 1.5693741 30.208824 -1.3839470148086548 0.36019980907440186
Car 0.0 0 -0.5179769396781921 778.9512939453125 208.97023010253906 885.0001220703125 252.09088134765625 3.3535588 1.4212759 1.8142512 8.267617 2.8427935 27.135096 -0.22222885489463806 0.24351464211940765
Car 0.0 0 1.4614927768707275 663.2273559570312 172.74903869628906 700.2256469726562 199.16261291503906 4.1209764 1.4186946 1.6325257 3.9708242 1.4134152 40.82205 1.5584592819213867 0.23235884308815002
Car 0.0 0 -1.2946723699569702 715.6246948242188 172.7832794189453 758.9801025390625 199.61529541015625 3.7991855 1.5244641 1.5720705 7.602306 1.5208045 43.04379 -1.1198573112487793 0.2177121788263321
Car 0.0 0 -1.1670764684677124 685.4124145507812 166.88775634765625 735.2266235351562 192.78457641601562 4.119599 1.5736582 1.6642885 6.415434 1.2114687 46.03635 -1.0286123752593994 0.16506928205490112
