Pedestrian 0.0 0 -3.2302284240722656 774.6080932617188 156.22293090820312 793.3980712890625 187.56114196777344 0.9956439 1.7841046 0.60960096 10.274195 0.4033796 40.62759 -2.982534408569336 0.5969240665435791
Pedestrian 0.0 0 3.522416830062866 116.74881744384766 160.08026123046875 138.03041076660156 195.5183563232422 0.66544384 1.7247909 0.6766512 -23.52572 0.7323901 34.80863 2.928077459335327 0.5945635437965393
Pedestrian 0.0 0 3.587233304977417 124.89143371582031 98.28324127197266 201.01747131347656 235.02774047851562 0.6853709 1.8319764 0.65183115 -6.177321 0.73218393 9.830613 3.026210069656372 0.5354588627815247
Pedestrian 0.0 0 2.5679144859313965 788.067626953125 161.18438720703125 806.639404296875 195.33139038085938 0.7682626 1.8067095 0.57558185 10.27028 0.7861359 37.795643 2.833239793777466 0.46584972739219666
Pedestrian 0.0 0 -0.05769038200378418 998.8284301757812 107.85125732421875 1061.440673828125 239.1150360107422 0.7153214 1.7501699 0.46217927 5.8267384 0.7831998 9.792208 0.47907280921936035 0.46549877524375916
Pedestrian 0.0 0 -1.7815122604370117 975.7661743164062 123.51771545410156 1008.6405639648438 192.93527221679688 0.79533756 1.8031842 0.6130553 10.267613 0.32460588 18.829716 -1.2822940349578857 0.443334698677063
Pedestrian 0.0 0 1.718766689300537 0.0 133.01564025878906 30.76868438720703 194.9706268310547 0.68848735 1.7944362 0.6880716 -17.546745 0.42068934 20.946898 1.021470069885254 0.3831683397293091
Pedestrian 0.0 0 0.34299182891845703 248.42153930664062 156.47994995117188 267.86578369140625 188.70138549804688 0.7481744 1.6886787 0.6550628 -18.365412 0.4312364 37.41816 -0.11328117549419403 0.34286001324653625
Pedestrian 0.0 0 -3.0244059562683105 724.3642578125 154.9638214111328 736.9763793945312 177.57676696777344 0.9269991 1.7742972 0.5346262 9.961176 -0.23177624 55.963768 -2.848257541656494 0.3186294436454773
Pedestrian 0.0 0 3.194451332092285 0.0 160.9885711669922 25.91897201538086 193.3855438232422 1.5096081 1.8803568 0.6776788 -35.201874 0.7492684 41.75852 2.4940431118011475 0.2813309133052826
Cyclist 0.0 0 1.0506806373596191 874.5142211914062 155.56500244140625 909.4461669921875 192.038818359375 2.0718029 1.6722585 0.57527786 13.548546 0.53049165 33.477226 1.4352401494979858 0.7512353658676147
Cyclist 0.0 0 3.194451332092285 0.0 160.9885711669922 25.91897201538086 193.3855438232422 1.5096081 1.8803568 0.6776788 -35.201874 0.7492684 41.75852 2.4940431118011475 0.4879186749458313
Cyclist 0.0 0 -3.247413158416748 774.0975341796875 156.12457275390625 793.3274536132812 187.35275268554688 1.0140995 1.7785804 0.5860788 10.257262 0.3916781 40.626163 -3.0001025199890137 0.18140146136283875
Cyclist 0.0 0 -1.697606086730957 991.3294677734375 134.5619659423828 1021.994384765625 203.55450439453125 0.8729517 1.7341204 0.5811794 10.339855 0.58106637 18.280598 -1.1828503608703613 0.1495952010154724
Cyclist 0.0 0 1.228944182395935 725.6878662109375 154.70159912109375 736.1510009765625 177.62928771972656 0.90460485 1.7941874 0.54226017 9.972313 -0.22789824 55.938557 1.4053634405136108 0.10969218611717224
Car 0.0 0 1.1385823488235474 433.2530212402344 173.0526580810547 514.9369506835938 210.2773895263672 4.5336237 1.4722772 1.6832813 -5.7093096 1.1792253 30.294436 0.9523065090179443 0.9616991281509399
Car 0.0 0 -0.8094556927680969 0.0 214.4647674560547 296.5125427246094 370.0 3.9771135 1.4506116 1.606054 -3.1536903 1.7060326 3.2850602 -1.5744537115097046 0.7902491092681885
Car 0.0 0 -1.8419585227966309 706.6435546875 160.3109893798828 740.065185546875 181.0260009765625 4.0988364 1.6295747 1.6476583 9.634671 0.042618185 57.74104 -1.676621675491333 0.40359658002853394
Car 0.0 0 2.737478017807007 834.7039794921875 147.17640686035156 908.6305541992188 175.11203002929688 4.2493987 1.8110042 1.8061049 17.766792 -0.36608982 47.212112 3.0974042415618896 0.32897695899009705
