Car 0.0 0 -1.2793400287628174 346.1905822753906 186.1533660888672 429.1068115234375 233.62713623046875 3.9174833 1.4856615 1.6438402 -7.439954 1.521354 24.531048 -1.5738098621368408 0.9595917463302612
Car 0.0 0 -1.403219223022461 455.5763244628906 181.20606994628906 533.8325805664062 238.35552978515625 4.047732 1.5156351 1.6083211 -3.252186 1.4104291 21.096083 -1.556175708770752 0.9565998911857605
Car 0.0 0 -1.1672784090042114 161.5404510498047 182.9619598388672 429.3626403808594 335.6992492675781 3.639633 1.4751669 1.6318743 -3.531469 1.454531 8.775566 -1.5498697757720947 0.948621928691864
Car 0.0 0 -1.395322561264038 421.4437561035156 181.41806030273438 470.7980041503906 211.9613494873047 3.7820873 1.3767055 1.6646204 -7.6855993 1.2066625 34.324303 -1.6156005859375 0.9192972183227539
Car 0.0 0 -1.5803200006484985 583.5263061523438 176.47216796875 620.5510864257812 211.71054077148438 3.3722894 1.5851432 1.6663901 -0.32357916 1.192961 34.034534 -1.589827060699463 0.9075809121131897
Car 0.0 0 -0.9453701376914978 2.7766706943511963 188.18783569335938 187.8011016845703 256.7607727050781 3.714314 1.363875 1.5215265 -11.448881 1.4402318 16.32318 -1.557026982307434 0.8997994661331177
Car 0.0 0 -1.022840976715088 130.36959838867188 186.98495483398438 319.8172302246094 271.6812744140625 3.7536137 1.4712272 1.6349566 -7.5259547 1.5127838 14.49247 -1.5018099546432495 0.8582316637039185
Car 0.0 0 -1.231999158859253 314.4728088378906 183.00611877441406 374.7419128417969 214.46701049804688 3.6911187 1.402125 1.5277888 -12.362105 1.3047808 33.88748 -1.5817962884902954 0.7866433262825012
Car 0.0 0 2.081799268722534 140.88623046875 179.14816284179688 259.7312316894531 233.01785278320312 3.686234 1.4988846 1.5277203 -12.2724 1.3311908 21.841671 1.5698808431625366 0.5683079361915588
Car 0.0 0 2.3369345664978027 0.0 186.6565399169922 89.50138854980469 367.8041687011719 3.8382049 1.4485567 1.5717115 -7.7536664 1.4690317 7.7113113 1.548797607421875 0.5496487617492676
