Pedestrian 0.0 0 -1.520153522491455 585.9775390625 503.0482482910156 630.5089111328125 628.727294921875 1.5899516 2.3162165 0.7636226 -3.9810328 2.5454834 24.325031 -1.6823753118515015 0.49228978157043457
Pedestrian 0.0 0 -2.0234427452087402 1480.909912109375 474.1517028808594 1556.19775390625 577.172607421875 1.1853039 1.860739 0.7808814 13.006007 1.5472702 23.48626 -1.5177090167999268 0.2037278413772583
Pedestrian 0.0 0 -2.6020498275756836 436.2198486328125 493.5540466308594 479.5958251953125 556.8026123046875 1.13715 1.9982712 0.7009423 -11.465334 2.064567 40.52922 -2.877737045288086 0.2024814933538437
Pedestrian 0.0 0 -0.20287653803825378 411.17889404296875 494.8456115722656 446.375244140625 560.5296630859375 0.8649715 1.887978 0.66906756 -11.307784 1.9867135 36.95284 -0.4998341202735901 0.1998082846403122
Pedestrian 0.0 0 0.40651261806488037 574.6356811523438 494.7304992675781 615.6912841796875 567.2906494140625 0.9269055 2.0474927 0.7756093 -6.3268194 2.1410275 36.263252 0.23378205299377441 0.1888226568698883
Pedestrian 0.0 0 0.1524142324924469 1103.860595703125 488.75921630859375 1141.7255859375 570.5496215820312 0.8565076 2.0840602 0.6926847 7.929731 2.0140436 32.75208 0.3899569511413574 0.17981964349746704
Pedestrian 0.0 0 -3.248274564743042 960.9530639648438 495.72674560546875 1001.7525024414062 561.646240234375 1.2183819 2.0818048 0.7531212 5.264681 2.217833 40.435017 -3.1188018321990967 0.17067274451255798
Pedestrian 0.0 0 -1.1009001731872559 1280.6953125 421.9870300292969 1457.673583984375 554.5917358398438 0.07638657 1.6685127 2.3817735 7.3056617 0.79376936 16.87589 -0.6923527717590332 0.16888150572776794
Pedestrian 0.0 0 -1.2805027961730957 999.2186279296875 498.2528991699219 1028.790771484375 556.2928466796875 1.1981494 2.028825 0.7286179 7.050769 2.272926 45.128185 -1.1255171298980713 0.1680763214826584
Pedestrian 0.0 0 -3.316720724105835 1304.726806640625 501.179443359375 1330.4786376953125 542.6581420898438 0.9499221 1.8258815 0.75448704 22.333735 2.26041 56.428867 -2.939852714538574 0.16605082154273987
Pedestrian 0.0 0 -0.010028630495071411 1001.9368286132812 504.24462890625 1021.8426513671875 543.4384155273438 0.98456955 1.9544585 0.65895367 9.852954 2.600203 63.805958 0.14318180084228516 0.1595102697610855
Pedestrian 0.0 0 -0.5230259895324707 425.885498046875 470.8667907714844 487.99932861328125 569.404296875 1.1536763 2.131903 0.6477427 -7.9509454 1.6853416 28.038837 -0.7993411421775818 0.15598483383655548
Pedestrian 0.0 0 0.44771575927734375 1148.77587890625 488.85113525390625 1202.775390625 587.9722290039062 0.8329217 2.0748272 0.8330796 7.6929884 2.019232 27.09688 0.7243435382843018 0.1456909030675888
Pedestrian 0.0 0 -3.1275954246520996 1028.630126953125 480.0262756347656 1055.326171875 534.6376342773438 0.9069268 1.8845361 0.48912814 7.848599 1.4883547 44.02769 -2.951183557510376 0.14534008502960205
Pedestrian 0.0 0 0.49958565831184387 667.9940185546875 487.3484191894531 726.706298828125 583.5849609375 1.0423466 2.083727 0.7867136 -2.6244633 1.9936826 27.98788 0.40608763694763184 0.1451272815465927
Pedestrian 0.0 0 -3.1308605670928955 1010.3406982421875 499.5226135253906 1033.7655029296875 544.2700805664062 0.9810848 1.8925191 0.73766744 8.804685 2.2381992 54.168545 -2.9697272777557373 0.14320042729377747
Pedestrian 0.0 0 3.3215181827545166 443.43975830078125 486.2705078125 484.2051696777344 549.2072143554688 1.0600051 1.8348707 0.6330512 -10.37057 1.6822022 37.284954 3.050231695175171 0.14281103014945984
Pedestrian 0.0 0 -2.9880921840667725 791.295166015625 499.2380065917969 815.2275390625 539.818115234375 1.051406 1.9231584 0.6931384 -0.6197586 2.295617 60.595005 -2.998319625854492 0.1407952755689621
Pedestrian 0.0 0 -0.5164265036582947 0.0 442.51617431640625 92.3271255493164 603.7086791992188 1.4738673 2.1715078 0.75178975 -11.174875 1.5115262 17.88758 -1.0748302936553955 0.14008647203445435
Pedestrian 0.0 0 -3.408991813659668 1330.509765625 504.7320251464844 1366.4720458984375 559.7044677734375 1.0219276 1.9055414 0.6781543 18.693693 2.3743978 44.49491 -3.0112524032592773 0.13938875496387482
Pedestrian 0.0 0 -1.7261841297149658 1313.9183349609375 505.9967346191406 1338.1890869140625 556.458740234375 1.4010912 2.0126927 0.7109336 20.808947 2.6130774 51.711956 -1.3436095714569092 0.13871681690216064
Pedestrian 0.0 0 -1.339422583580017 1232.6708984375 505.3916931152344 1260.9508056640625 565.4655151367188 1.2462307 2.0886447 0.6852549 15.325939 2.5905497 45.068897 -1.011634111404419 0.1315079927444458
Pedestrian 0.0 0 -2.550366163253784 535.1201171875 494.0166015625 583.6286010742188 585.5205078125 0.8909564 2.1450305 0.70756453 -6.1253824 2.205882 30.211462 -2.7504048347473145 0.12994961440563202
Pedestrian 0.0 0 -0.6752598285675049 1426.1846923828125 494.4911804199219 1484.307861328125 577.244873046875 1.1549697 2.1422 0.7406401 16.795881 2.2217999 33.299446 -0.20810705423355103 0.12974831461906433
Pedestrian 0.0 0 -3.3310985565185547 1183.356689453125 502.9710998535156 1204.533447265625 539.2825317382812 0.95981455 1.9002389 0.6876404 19.951096 2.509464 66.91028 -3.0413153171539307 0.12839169800281525
Pedestrian 0.0 0 -1.5427829027175903 637.306884765625 479.6286926269531 686.3112182617188 565.9039916992188 1.2589742 1.9393654 1.0840787 -3.5415072 1.6723536 29.144604 -1.6637051105499268 0.12685206532478333
Pedestrian 0.0 0 -0.8712092041969299 472.7701416015625 497.4593505859375 530.738037109375 590.8395385742188 1.2452034 2.2435343 0.7661699 -7.751269 2.3938189 31.247189 -1.1143639087677002 0.1222851425409317
Pedestrian 0.0 0 -2.6515989303588867 409.62091064453125 486.0024108886719 452.4750671386719 562.2399291992188 0.83347005 2.0035918 0.7579642 -10.256625 1.8589242 33.735107 -2.9467525482177734 0.1215108186006546
Cyclist 0.0 0 -1.5481367111206055 1330.62255859375 501.6609802246094 1357.029296875 577.9205932617188 1.6802204 2.331781 0.7295624 16.620699 2.6588967 39.88285 -1.1532847881317139 0.7205585837364197
Cyclist 0.0 0 -1.0805352926254272 700.3984375 504.689208984375 751.833740234375 590.7916870117188 1.4464809 2.2813916 0.8182074 -2.4555418 2.6505249 34.635715 -1.151313066482544 0.3108068108558655
Cyclist 0.0 0 -1.2524889707565308 1013.847900390625 506.1558837890625 1046.1639404296875 560.858154296875 1.4655277 1.8861448 0.7068372 7.5866218 2.4150817 44.91472 -1.0851566791534424 0.28397127985954285
Cyclist 0.0 0 -0.8784077167510986 431.2115783691406 494.93133544921875 497.0588073730469 591.157470703125 1.4392688 2.0863163 0.64791834 -7.8561354 2.1649785 28.303032 -1.1491637229919434 0.21461553871631622
Cyclist 0.0 0 -1.5797520875930786 1171.634033203125 512.0565795898438 1187.9083251953125 562.794189453125 1.8370676 2.2482605 0.69841665 16.609482 3.2034564 57.887917 -1.3003336191177368 0.20018832385540009
Cyclist 0.0 0 -1.7261841297149658 1313.9183349609375 505.9967346191406 1338.1890869140625 556.458740234375 1.4010912 2.0126927 0.7109336 20.808947 2.6130774 51.711956 -1.3436095714569092 0.1458018273115158
Cyclist 0.0 0 -0.8162974119186401 482.22845458984375 492.9034118652344 542.1156616210938 579.7135009765625 1.3427111 2.079132 0.70104736 -7.4610815 2.1142704 31.112284 -1.051664113998413 0.1377343237400055
Cyclist 0.0 0 -1.3864647150039673 371.47943115234375 476.95245361328125 409.5478820800781 548.552001953125 1.8302447 1.8780291 0.6484618 -11.472876 1.4962672 34.168972 -1.7104055881500244 0.13550923764705658
Cyclist 0.0 0 -0.9851088523864746 478.5938720703125 500.0424499511719 608.001953125 688.3407592773438 2.116896 2.551857 0.7973977 -3.9223595 2.6834655 18.396187 -1.1951791048049927 0.12524202466011047
Car 0.0 0 -1.5491517782211304 1201.588623046875 517.5322265625 1256.189208984375 571.1344604492188 4.0279584 1.7245907 1.7578099 14.71763 2.6957138 45.06479 -1.2334840297698975 0.23521357774734497
Car 0.0 0 1.3195743560791016 776.5082397460938 497.9950866699219 885.73486328125 575.29150390625 4.2669253 1.7421142 1.6725969 0.28523573 1.9135721 31.195742 1.3287174701690674 0.21920199692249298
Car 0.0 0 1.2069053649902344 829.47412109375 506.601806640625 949.0550537109375 576.53125 4.6011057 1.7059007 1.707597 1.8918188 2.1451762 34.403183 1.2618396282196045 0.1876620352268219
Car 0.0 0 -1.8568670749664307 1124.16455078125 517.7959594726562 1183.0877685546875 559.0338134765625 3.4845867 1.6742468 1.5704894 14.7247505 2.8613863 55.425743 -1.5971988439559937 0.1850096732378006
Car 0.0 0 0.8787423968315125 1283.6170654296875 519.4255981445312 1422.6435546875 582.2139892578125 3.93479 1.6168171 1.5363383 15.41945 2.4698331 36.58836 1.277585744857788 0.1677822321653366
Car 0.0 0 -1.9598891735076904 1019.7139892578125 510.4631042480469 1096.6834716796875 552.6160278320312 4.1629314 1.5976732 1.6567358 9.912843 2.4118407 52.18789 -1.7721800804138184 0.1537487506866455
Car 0.0 0 -2.433791160583496 1583.390380859375 510.8863525390625 1600.0 600.1383056640625 4.2894893 1.6405649 1.6679277 18.561663 2.0819042 26.555944 -1.8237605094909668 0.13637618720531464
Car 0.0 0 1.55483877658844 1179.743408203125 521.7766723632812 1273.1690673828125 619.8282470703125 4.0043716 1.6813898 1.634384 8.116224 2.3351724 25.199507 1.8664262294769287 0.1308128982782364
Car 0.0 0 -1.889561414718628 1046.0609130859375 509.4627685546875 1124.2464599609375 556.0264892578125 4.0230675 1.5827928 1.6411676 9.867026 2.2752576 46.749737 -1.681553602218628 0.1237446740269661
