Pedestrian 0.0 0 -1.9435806274414062 874.7013549804688 126.74970245361328 912.44580078125 195.46412658691406 0.76643044 1.7322199 0.66937774 7.240818 0.5703361 18.570024 -1.5717942714691162 0.4308912456035614
Pedestrian 0.0 0 1.3733978271484375 734.2110595703125 172.1343231201172 778.724609375 273.6153564453125 0.77496225 1.7517276 0.63332385 2.5431094 1.7396625 12.8402405 1.568925142288208 0.4119838774204254
Pedestrian 0.0 0 -0.6620725989341736 755.05810546875 149.27249145507812 772.2837524414062 180.03517150878906 0.6933376 1.7401037 0.6775685 8.753186 0.40656358 41.267704 -0.45306283235549927 0.3011431396007538
Pedestrian 0.0 0 -3.411515474319458 934.5052490234375 114.30823516845703 971.6961669921875 189.73129272460938 0.64726996 1.70693 0.56398433 7.86494 0.3823151 16.65966 -2.970440149307251 0.2817649245262146
Pedestrian 0.0 0 0.07092255353927612 780.280517578125 140.90109252929688 801.30322265625 183.01065063476562 0.8432998 1.8041444 0.6455307 7.8173733 0.43550974 31.348473 0.3153083324432373 0.2774566113948822
Cyclist 0.0 0 1.2358970642089844 764.8588256835938 145.70712280273438 786.9583740234375 180.85047912597656 1.7348957 1.772978 0.57199925 8.525753 0.40377933 37.29237 1.4606536626815796 0.5221551656723022
Cyclist 0.0 0 -2.240546226501465 1060.99951171875 91.76283264160156 1163.19970703125 209.36959838867188 1.6240741 1.7327831 0.40345535 7.861851 0.5383677 11.4520645 -1.6389377117156982 0.3462759852409363
Cyclist 0.0 0 1.146486759185791 779.4752807617188 140.39210510253906 802.693603515625 182.92282104492188 0.9313248 1.8163131 0.6508622 7.815819 0.4303558 31.327543 1.3909826278686523 0.1591707319021225
Car 0.0 0 1.932816743850708 301.8509216308594 183.74440002441406 355.45159912109375 211.88931274414062 4.0571227 1.5190102 1.6124285 -16.550987 2.1923623 42.55045 1.5618520975112915 0.8971860408782959
Car 0.0 0 1.735891580581665 413.58514404296875 179.73519897460938 442.7540283203125 199.7783966064453 3.746301 1.4381438 1.5642895 -13.854544 1.9817101 55.025455 1.4892343282699585 0.6648281216621399
Car 0.0 0 2.1611127853393555 278.9835205078125 174.2281494140625 321.8365783691406 191.93421936035156 4.211846 1.5958825 1.6201295 -28.965475 1.7292038 67.59452 1.7562659978866577 0.4488259553909302
Car 0.0 0 1.0762513875961304 689.8646850585938 162.64459228515625 724.5916137695312 181.07579040527344 3.7878652 1.6785855 1.6257142 9.078143 0.7491402 67.768875 1.2094160318374634 0.37201085686683655
Car 0.0 0 1.4669322967529297 720.2460327148438 163.72921752929688 748.8759765625 187.00534057617188 3.9638028 1.5946292 1.6025896 8.815375 0.9698547 51.459522 1.6365925073623657 0.37043070793151855
