Pedestrian 0.0 0 0.09487554430961609 280.1038818359375 138.55389404296875 309.34698486328125 191.0137481689453 0.9010194 1.8546314 0.7381674 -11.394779 0.6423661 25.997524 -0.318208247423172 0.605544924736023
Pedestrian 0.0 0 -1.7217837572097778 512.0718383789062 162.91278076171875 529.1185302734375 202.96786499023438 0.72782934 1.756767 0.64900786 -4.018865 1.3211154 32.081505 -1.846405029296875 0.5194858908653259
Pedestrian 0.0 0 -1.9016190767288208 325.4574890136719 158.71571350097656 340.2807922363281 186.31149291992188 0.7138421 1.7749914 0.7057223 -18.049183 0.86595887 46.90762 -2.268937587738037 0.4829815924167633
Pedestrian 0.0 0 -1.3519505262374878 314.1902160644531 160.30654907226562 329.71063232421875 190.36148071289062 0.9699301 1.7217343 0.64216727 -16.741562 1.003296 41.861744 -1.7323923110961914 0.4452056586742401
Pedestrian 0.0 0 -2.73498272895813 481.5064392089844 175.23614501953125 501.69891357421875 209.11514282226562 0.92755187 1.8084334 0.5669302 -6.426115 1.9386814 38.953526 -2.8984789848327637 0.42601969838142395
Pedestrian 0.0 0 1.2085773944854736 889.77880859375 105.38465881347656 941.4176025390625 218.01747131347656 0.6147974 1.811321 0.60504425 4.985059 0.7266609 11.918254 1.6047346591949463 0.41769665479660034
Pedestrian 0.0 0 1.2961370944976807 748.9569702148438 133.61761474609375 781.9269409179688 190.74256896972656 1.8022187 1.6542567 0.49844483 4.6318955 0.5183855 21.807417 1.5054267644882202 0.1308041512966156
Cyclist 0.0 0 1.2784156799316406 746.86669921875 132.97354125976562 781.90478515625 191.8292999267578 1.8545564 1.7050939 0.51911134 4.606649 0.55008584 21.84661 1.4862346649169922 0.5743117928504944
Car 0.0 0 -1.765761137008667 667.52587890625 179.2674560546875 785.7376098632812 262.2093200683594 4.0722246 1.4182708 1.5686857 2.1667721 1.567979 14.727693 -1.6196867227554321 0.9600079655647278
Car 0.0 0 -1.7788162231445312 635.3204345703125 175.67860412597656 699.5177001953125 225.3657684326172 4.0035048 1.7128059 1.6013592 2.0378358 1.8278296 27.197994 -1.7040300369262695 0.9340795874595642
Car 0.0 0 -2.635258436203003 156.34689331054688 187.8546600341797 325.98699951171875 252.49681091308594 3.4647126 1.5140318 1.5908749 -9.242014 1.9095926 18.15048 -3.106229782104492 0.9305871725082397
Car 0.0 0 -1.5267841815948486 498.8472595214844 177.03184509277344 546.9014892578125 221.6341552734375 4.3071604 1.595209 1.6901377 -3.4019036 1.7729895 28.428255 -1.6458841562271118 0.9028982520103455
Car 0.0 0 -1.0868346691131592 0.0 184.87127685546875 361.0455322265625 375.0 4.117376 1.455426 1.6154499 -3.4781363 1.5875925 5.8110194 -1.6261810064315796 0.838654637336731
Car 0.0 0 -1.5329087972640991 623.59765625 173.0127716064453 653.3833618164062 200.43421936035156 3.6524844 1.5900916 1.6692364 1.7305062 1.6004902 43.744305 -1.4933698177337646 0.8018795847892761
Car 0.0 0 -1.6541107892990112 498.8199462890625 174.64468383789062 541.1904907226562 210.11141967773438 3.6819313 1.5474817 1.6493483 -4.2846174 1.6362557 33.65094 -1.7807546854019165 0.5178940892219543
