Pedestrian 0.0 0 -1.0448411703109741 140.5902099609375 474.9338684082031 202.78688049316406 571.3390502929688 1.3686249 2.450135 0.8698864 -16.725813 2.0289268 32.893364 -1.5152544975280762 0.31410375237464905
Pedestrian 0.0 0 -1.1423667669296265 906.1388549804688 489.80950927734375 932.7583618164062 541.0838012695312 0.6451399 2.033886 0.873732 4.133908 1.9665482 50.729412 -1.0610570907592773 0.2502308189868927
Pedestrian 0.0 0 -0.6577931046485901 294.7341003417969 504.8573303222656 390.5147399902344 619.0206909179688 1.7471541 2.3322954 0.87502265 -10.1059065 2.6279454 27.072693 -1.015061855316162 0.2416316419839859
Pedestrian 0.0 0 -3.018155336380005 1082.2593994140625 504.28094482421875 1108.883056640625 547.8682861328125 1.139299 2.0198374 0.74532455 13.134077 2.6259046 59.544678 -2.801056385040283 0.21288800239562988
Pedestrian 0.0 0 -2.3529317378997803 766.6045532226562 495.85003662109375 794.6917724609375 546.4418334960938 0.8064987 1.8611783 0.67381436 -1.3279308 2.0248358 47.200798 -2.3810579776763916 0.2082727998495102
Pedestrian 0.0 0 -2.6325950622558594 674.9951782226562 496.4652099609375 701.62939453125 541.9783325195312 0.84659034 1.8368903 0.70332956 -5.2229767 2.0412607 51.709885 -2.7332589626312256 0.15667112171649933
Car 0.0 0 0.11802348494529724 0.0 494.07183837890625 132.22377014160156 633.0521240234375 4.274913 1.7844076 1.5110725 -12.152741 1.8241513 17.97268 -0.47653546929359436 0.32800912857055664
Car 0.0 0 -1.7839570045471191 678.0802001953125 508.2318115234375 747.6329345703125 558.0131225585938 3.8979964 1.5692661 1.5846908 -3.5907419 2.1704195 43.4247 -1.8664581775665283 0.23400138318538666
Car 0.0 0 1.2695680856704712 901.2293701171875 514.1558837890625 1019.3465576171875 594.4981689453125 3.9711294 1.6556834 1.6080513 3.2579873 2.2188087 29.385324 1.3799883127212524 0.2234029620885849
Car 0.0 0 -2.2820701599121094 1299.7625732421875 511.7025451660156 1453.2227783203125 586.9849243164062 3.8567805 1.795848 1.5553015 14.674263 2.3614035 33.393223 -1.8680338859558105 0.21772979199886322
Car 0.0 0 1.0150513648986816 1274.718017578125 509.5940856933594 1432.36474609375 582.8645629882812 4.3062463 1.6450039 1.6039947 13.365265 2.1312966 31.796925 1.412961483001709 0.21721741557121277
Car 0.0 0 -1.6510009765625 1114.22265625 515.6810302734375 1162.5362548828125 559.4672241210938 3.6834314 1.6030476 1.5732166 12.797895 2.6034672 50.46225 -1.402624487876892 0.2003699094057083
Car 0.0 0 -1.7344400882720947 799.3472900390625 516.2117919921875 891.1707153320312 595.062744140625 4.324655 1.7910767 1.6601126 0.66934645 2.4679632 32.440105 -1.7138097286224365 0.18865737318992615
Car 0.0 0 1.1558655500411987 831.3296508789062 512.8524780273438 925.793701171875 567.7881469726562 3.924809 1.6207101 1.6151499 1.9657649 2.3497443 41.1319 1.2036209106445312 0.18414059281349182
Car 0.0 0 -1.8556560277938843 1325.0650634765625 517.0809326171875 1403.0072021484375 565.8237915039062 3.9112554 1.6168131 1.5689646 19.91231 2.5905194 46.18125 -1.4485647678375244 0.17897698283195496
Car 0.0 0 -2.2597358226776123 1208.527099609375 516.2236328125 1317.514404296875 564.2776489257812 4.1157985 1.6334686 1.6036714 16.695211 2.604169 47.528145 -1.921929955482483 0.1714724749326706
Car 0.0 0 -0.7223774790763855 256.94940185546875 529.434326171875 437.0793762207031 605.2078247070312 3.6097965 1.529985 1.8800513 -10.902577 2.478675 29.64265 -1.0748212337493896 0.1713666170835495
Car 0.0 0 -1.5238306522369385 744.9571533203125 512.23583984375 794.4668579101562 561.4981689453125 3.9309478 1.5973383 1.5601715 -1.6049409 2.3612826 44.698975 -1.559720754623413 0.17097468674182892
Car 0.0 0 1.4343388080596924 797.777099609375 496.0393981933594 896.3253784179688 577.5210571289062 3.9495602 1.6660843 1.6609429 0.61238545 1.7742996 28.18057 1.4560661315917969 0.17034265398979187
Car 0.0 0 -0.7612454891204834 0.0 0.0 1600.0 900.0 3.9205537 1.6223484 1.6188303 -3.9512272 1.4629266 2.0941215 -1.8446890115737915 0.1651197224855423
