Pedestrian 0.0 0 2.4031927585601807 1161.5325927734375 101.60968017578125 1237.7880859375 206.95208740234375 0.8000167 1.7721871 0.6331211 10.169422 0.36680472 12.426757 3.089022397994995 0.44025832414627075
Cyclist 0.0 0 0.9607130289077759 811.597900390625 131.25570678710938 848.1150512695312 177.2128448486328 1.6351407 1.8180554 0.6073427 9.095082 -0.33823937 29.608807 1.2587392330169678 0.5048556327819824
Car 0.0 0 -1.6469594240188599 556.1898803710938 168.6852264404297 598.4132080078125 204.48428344726562 3.3994083 1.4443043 1.540974 -1.386742 0.77851796 30.778679 -1.6919842958450317 0.9419456124305725
Car 0.0 0 -1.671247959136963 631.3602294921875 166.18826293945312 668.9374389648438 197.01010131835938 3.6201513 1.5522695 1.6209059 2.1672654 0.5951287 38.043358 -1.614341139793396 0.9401766657829285
Car 0.0 0 -1.6117618083953857 599.5667114257812 167.18865966796875 617.6575317382812 183.5635986328125 3.623388 1.5015314 1.563186 0.05218984 -0.15968111 68.12632 -1.6109957695007324 0.6385872960090637
Car 0.0 0 -1.1523613929748535 535.3035888671875 165.4400634765625 566.0592041015625 182.4170379638672 3.678561 1.5811918 1.6150376 -5.5013247 -0.27769873 69.612305 -1.2312254905700684 0.5614228844642639
Car 0.0 0 1.7867822647094727 514.32958984375 159.88816833496094 548.4947509765625 183.10382080078125 4.1394634 1.6184921 1.6406256 -5.5638957 -0.15986663 52.650093 1.6814961433410645 0.47297707200050354
Car 0.0 0 1.4053075313568115 654.7835083007812 160.08749389648438 688.6563720703125 184.3076629638672 4.069851 1.56848 1.6341867 4.274408 -0.06315638 48.798157 1.492678165435791 0.4643287658691406
Car 0.0 0 -1.7836828231811523 542.8526611328125 162.51278686523438 583.83203125 190.3611602783203 3.7673562 1.5710298 1.656701 -2.7032495 0.29140607 42.587734 -1.8470726013183594 0.37304508686065674
Car 0.0 0 1.4383796453475952 519.7342529296875 161.15444946289062 546.552001953125 180.7689208984375 4.1422567 1.5134357 1.6385573 -6.1377225 -0.37545013 58.668022 1.3341410160064697 0.3722330331802368
Car 0.0 0 -0.6665452122688293 735.6710815429688 156.03453063964844 802.2152099609375 182.63671875 3.6268282 1.4960356 1.5555812 9.439046 -0.15558797 42.19515 -0.44646868109703064 0.36645200848579407
Car 0.0 0 1.4546897411346436 500.2744140625 167.8638458251953 536.272705078125 194.94525146484375 4.0944 1.4919996 1.603422 -5.273346 0.5371634 41.779804 1.3291361331939697 0.3628445565700531
Car 0.0 0 2.1547036170959473 147.2787628173828 156.56100463867188 226.76983642578125 185.1219024658203 3.9262257 1.3715672 1.5841328 -21.31076 -0.0038977638 36.534958 1.6266556978225708 0.35577237606048584
