Car 0.0 0 -1.362114429473877 402.02301025390625 180.64749145507812 483.03759765625 233.78756713867188 3.9159164 1.4278511 1.5527279 -4.824389 1.306237 21.2804 -1.5850518941879272 0.9579700827598572
Car 0.0 0 -1.182350993156433 230.15896606445312 192.4443817138672 419.1280822753906 298.1579895019531 3.5347009 1.3859918 1.5451685 -4.333497 1.5203017 11.452808 -1.544080376625061 0.955116331577301
Car 0.0 0 -1.4226138591766357 469.8880920410156 179.860107421875 518.8613891601562 214.71710205078125 3.6847682 1.3949714 1.5330943 -4.80198 1.1817728 30.612751 -1.578208088874817 0.8893541693687439
Car 0.0 0 -1.6089653968811035 574.5441284179688 175.46331787109375 609.7401733398438 206.96974182128906 3.6887062 1.5513511 1.6756763 -0.88444275 1.0722827 37.28474 -1.632682204246521 0.8534208536148071
Car 0.0 0 -1.1819982528686523 232.72254943847656 175.90200805664062 349.50909423828125 237.9825439453125 3.637657 1.5367323 1.6537374 -8.542324 1.307314 19.627022 -1.5925041437149048 0.8462235331535339
Car 0.0 0 -1.433455467224121 457.86932373046875 169.2408447265625 488.8975830078125 191.78273010253906 3.8493407 1.5057292 1.6102041 -9.320599 0.43978867 49.974003 -1.617845892906189 0.8090860247612
Car 0.0 0 -1.3276574611663818 351.9286804199219 181.00086975097656 412.9879150390625 219.69065856933594 3.4869895 1.4216924 1.4890143 -8.800145 1.2679459 28.19587 -1.6301847696304321 0.7952883839607239
Car 0.0 0 -0.9618075489997864 0.0 156.75437927246094 183.0821533203125 249.73794555664062 4.601017 1.8880597 1.729307 -12.2283 1.3112751 16.907818 -1.5879569053649902 0.7464599609375
Car 0.0 0 -0.8866947293281555 0.0 205.41941833496094 113.7256088256836 366.6862487792969 4.0549355 1.4266099 1.5932078 -8.295758 1.7376482 8.948943 -1.6342335939407349 0.6497057676315308
Car 0.0 0 0.15105867385864258 483.7238464355469 164.3507537841797 527.8772583007812 182.08255004882812 3.6969821 1.5534693 1.6244558 -9.077186 -0.28188938 64.09981 0.010383844375610352 0.6311015486717224
