Pedestrian 0.0 0 0.027536675333976746 482.9060974121094 490.70184326171875 535.9273071289062 595.8397216796875 1.0554792 2.1537776 0.63070744 -6.3785243 2.1372814 26.361269 -0.20986616611480713 0.28312787413597107
Pedestrian 0.0 0 0.8463148474693298 751.132568359375 489.14361572265625 778.0805053710938 540.5353393554688 0.72991437 1.8972706 0.6957416 -1.9279978 1.8100166 47.257584 0.8055398464202881 0.21650485694408417
Pedestrian 0.0 0 -3.445405960083008 1414.454833984375 500.9414367675781 1462.8658447265625 565.9342041015625 1.2346368 2.0704997 0.7578178 20.115948 2.3790467 40.949223 -2.9887897968292236 0.20147298276424408
Pedestrian 0.0 0 -2.8332815170288086 678.0216064453125 487.3485107421875 717.95263671875 558.7084350585938 0.9616167 1.9871728 0.6735698 -3.3305187 1.871369 35.697895 -2.926309585571289 0.191659614443779
Pedestrian 0.0 0 -2.7646875381469727 365.29010009765625 476.5845031738281 427.6354064941406 588.1868896484375 0.9487531 2.098906 0.67301506 -8.0079975 1.8182579 24.180542 -3.0844945907592773 0.17118863761425018
Pedestrian 0.0 0 -1.4007506370544434 643.7561645507812 503.57684326171875 675.4505004882812 574.6871948242188 1.0527283 2.0268986 0.74711573 -4.549151 2.3830454 36.825233 -1.523661494255066 0.15145926177501678
Pedestrian 0.0 0 -0.7477408647537231 1434.9998779296875 494.7591552734375 1500.6300048828125 582.5509033203125 1.1786482 2.00815 0.7293951 15.18033 2.0852544 29.515787 -0.2727091312408447 0.1468062400817871
Pedestrian 0.0 0 -3.58355712890625 1569.8206787109375 480.7042236328125 1600.0 576.678955078125 0.947468 1.8847317 0.7067402 15.710536 1.6725874 25.274672 -3.027412176132202 0.14299172163009644
Pedestrian 0.0 0 -2.7584197521209717 480.7108459472656 493.09832763671875 529.6798095703125 565.7713623046875 1.126331 1.9660995 0.6912255 -8.518893 2.0102334 34.702263 -2.9991447925567627 0.1382940113544464
Pedestrian 0.0 0 -2.616422414779663 420.1568298339844 488.3807067871094 475.7259521484375 587.3145141601562 0.90901303 2.0963955 0.72509384 -7.9335313 2.0301485 27.296253 -2.899275064468384 0.1326218843460083
Pedestrian 0.0 0 3.0948266983032227 489.572998046875 477.6712341308594 541.4802856445312 584.1847534179688 0.9977328 2.1286368 0.65456903 -6.1212564 1.8521327 25.761354 2.861539125442505 0.12978576123714447
Pedestrian 0.0 0 -0.8155508637428284 1471.6181640625 499.0604248046875 1521.6544189453125 573.7310180664062 0.987422 1.9362981 0.6674344 17.945173 2.138378 33.408447 -0.3226308524608612 0.12795208394527435
Pedestrian 0.0 0 0.042515598237514496 706.5753784179688 497.5320129394531 733.8177490234375 548.5372314453125 1.0053806 1.9213456 0.65610427 -3.647538 2.151968 48.131317 -0.03312287479639053 0.1271175742149353
Pedestrian 0.0 0 -2.8344175815582275 504.9193420410156 494.2618103027344 545.8160400390625 559.3643188476562 1.0619782 1.9758818 0.69698983 -8.921288 2.0612612 38.8598 -3.0600833892822266 0.12486740201711655
Pedestrian 0.0 0 -0.26164621114730835 677.6747436523438 491.6114196777344 728.8212890625 592.1624145507812 0.95379996 2.131373 0.6885602 -2.4424438 2.1336644 27.332355 -0.35077038407325745 0.12303881347179413
Pedestrian 0.0 0 -1.4334003925323486 665.3864135742188 473.1918640136719 699.4550170898438 582.7501831054688 0.89088106 2.23724 0.5873494 -2.7754097 1.8632331 26.315615 -1.5384782552719116 0.12196420133113861
Pedestrian 0.0 0 0.15355134010314941 488.2367858886719 489.8267822265625 529.3970336914062 559.6491088867188 1.0562154 1.9805906 0.67150706 -8.80705 1.9329281 36.30248 -0.08445235341787338 0.11774487048387527
Pedestrian 0.0 0 -1.5190186500549316 738.11376953125 491.03839111328125 769.8335571289062 582.3411254882812 0.9944065 2.0606673 0.6767387 -1.4242249 2.0500886 29.080683 -1.5679545402526855 0.11292590945959091
Pedestrian 0.0 0 0.13077153265476227 803.6558837890625 496.61688232421875 854.9080810546875 596.513671875 1.0698917 2.2003703 0.65875584 0.29629534 2.3163254 28.337109 0.14122724533081055 0.11043434590101242
Pedestrian 0.0 0 -0.6785926818847656 1467.084228515625 493.0932312011719 1515.859375 556.7324829101562 1.0944015 1.8934033 0.7084291 20.33629 1.9417505 38.1517 -0.18886560201644897 0.10681040585041046
Cyclist 0.0 0 -1.095597743988037 472.5884704589844 482.0465393066406 526.0187377929688 560.1749267578125 1.8268034 2.0582995 0.63930583 -8.574052 1.8090603 34.32615 -1.3403711318969727 0.25840044021606445
Cyclist 0.0 0 -1.5927399396896362 1461.63525390625 502.2272033691406 1498.1431884765625 584.0250244140625 1.1664224 1.8644621 0.7334477 15.569729 2.1219356 29.731203 -1.110325813293457 0.19966985285282135
Cyclist 0.0 0 -2.19973087310791 1456.160400390625 492.18560791015625 1504.88525390625 556.2614135742188 1.3795139 1.9230999 0.62901103 20.314032 1.9442536 38.752464 -1.7169113159179688 0.11147025972604752
Cyclist 0.0 0 -0.2411445677280426 728.2040405273438 509.2478942871094 779.3262939453125 565.1728515625 1.8387607 2.1037347 0.7359448 -2.4026213 2.7938235 48.645584 -0.29049479961395264 0.10686040669679642
Cyclist 0.0 0 -1.0856149196624756 495.2982482910156 498.9742736816406 533.5358276367188 568.8523559570312 1.0943632 1.9770386 0.6371149 -8.709571 2.1962557 36.569714 -1.319422721862793 0.10423783212900162
Car 0.0 0 1.9813275337219238 320.2301940917969 508.2630615234375 518.5194702148438 640.8298950195312 3.661743 1.8930956 1.7269 -6.285371 2.1894987 20.485739 1.6836284399032593 0.22534039616584778
Car 0.0 0 -1.816044807434082 1015.65185546875 518.9844970703125 1100.1654052734375 575.26708984375 3.873522 1.5544703 1.6533059 7.3582945 2.4413414 38.893715 -1.629064917564392 0.211045503616333
Car 0.0 0 -1.8918170928955078 1334.675048828125 516.7637329101562 1473.678955078125 611.3692626953125 3.4128017 1.7051754 1.5374435 11.766854 2.2503917 25.557505 -1.4603424072265625 0.1890256404876709
Car 0.0 0 -1.7221442461013794 664.2613525390625 512.2967529296875 745.2582397460938 577.9585571289062 4.052742 1.6694605 1.6792986 -3.2034063 2.2917638 35.739906 -1.811536431312561 0.15656566619873047
Car 0.0 0 -1.3026474714279175 612.4112548828125 508.2735900878906 698.97509765625 565.3280639648438 3.860088 1.6036144 1.6638308 -4.860505 2.1443872 38.816727 -1.4272159337997437 0.14655816555023193
Car 0.0 0 -1.422070026397705 391.3599853515625 509.9462585449219 479.1470947265625 581.098876953125 3.3598163 1.6120536 1.5978203 -9.382028 2.094934 31.388683 -1.712515950202942 0.1216440424323082
