Pedestrian 0.0 0 1.4036768674850464 804.060791015625 130.80380249023438 836.5299682617188 202.0063018798828 0.8732948 1.7601225 0.65196395 5.2764397 0.7210015 18.304401 1.6843291521072388 0.5151428580284119
Pedestrian 0.0 0 1.6515710353851318 693.3558349609375 153.30615234375 706.2318725585938 187.06138610839844 0.84433883 1.8514631 0.64433265 4.9524493 0.7796283 40.051983 1.77459716796875 0.3971770405769348
Pedestrian 0.0 0 1.1517095565795898 675.1795654296875 151.8743133544922 687.3328247070312 179.57135009765625 0.87124854 1.9499604 0.55241436 5.0348353 0.4732801 51.296383 1.249548077583313 0.3689860701560974
Pedestrian 0.0 0 1.8274844884872437 252.68743896484375 125.9058837890625 294.5591735839844 207.9846649169922 0.8224434 1.7766895 0.6604531 -7.534168 0.76080155 16.079836 1.3893139362335205 0.3553467094898224
Cyclist 0.0 0 1.922929048538208 372.23291015625 139.41270446777344 405.3216247558594 193.0155792236328 1.6580077 1.7347479 0.52334934 -7.4439416 0.65284604 24.190184 1.6243996620178223 0.4104575514793396
Car 0.0 0 1.3361737728118896 690.4208374023438 185.39190673828125 849.06396484375 292.5055847167969 3.9184053 1.4393647 1.6703488 2.4258375 1.6854249 12.147909 1.5332729816436768 0.9687960147857666
Car 0.0 0 -1.6528372764587402 647.4381103515625 177.65773010253906 690.2577514648438 212.7689971923828 3.5550766 1.4378747 1.5838056 2.5017955 1.6619039 31.813137 -1.5743584632873535 0.9356251955032349
Car 0.0 0 1.768640398979187 422.5596618652344 179.93516540527344 537.22265625 261.49029541015625 4.3306003 1.5360417 1.6828674 -2.793128 1.7164216 16.153692 1.597423791885376 0.9146256446838379
Car 0.0 0 1.6462360620498657 525.3234252929688 178.4351806640625 566.80810546875 216.3837127685547 3.511124 1.5361297 1.5444034 -2.7802997 1.7937336 31.488972 1.5581700801849365 0.8815993070602417
Car 0.0 0 1.3989007472991943 685.2728271484375 179.08428955078125 771.841796875 246.5926513671875 3.3805811 1.458405 1.5007718 2.743008 1.6254824 17.602234 1.5534902811050415 0.7233046293258667
Car 0.0 0 1.4835847616195679 777.4655151367188 161.75485229492188 814.7745971679688 191.98251342773438 3.5300882 1.4744878 1.5446484 9.474947 0.93343556 37.060482 1.7338849306106567 0.4448176622390747
Car 0.0 0 -2.9709808826446533 501.4673767089844 164.9805450439453 547.293212890625 183.02369689941406 3.7971056 1.5698755 1.6236515 -7.5558887 0.88518953 63.686275 -3.089071273803711 0.42894718050956726
Car 0.0 0 1.8301118612289429 504.56005859375 159.9888916015625 541.5540771484375 184.2034454345703 4.211263 1.7216247 1.7013978 -6.42382 0.8072893 53.50129 1.7106153964996338 0.4047228991985321
Car 0.0 0 -1.2792189121246338 304.8981628417969 142.01463317871094 390.3810729980469 198.16697692871094 3.3877394 1.5990688 1.5691161 -8.04548 0.72120404 22.27914 -1.6257671117782593 0.37926605343818665
