Pedestrian 0.0 0 -1.47500741481781 862.64111328125 485.8215637207031 894.205078125 569.417236328125 1.1173519 2.0197568 0.6726796 1.5375546 1.8823887 31.19934 -1.4257656335830688 0.4191442131996155
Pedestrian 0.0 0 -2.9457833766937256 864.1895751953125 461.755126953125 925.3348388671875 611.5049438476562 0.9738129 2.6144717 0.6782801 1.4033836 2.0950348 22.562414 -2.8836634159088135 0.30693748593330383
Pedestrian 0.0 0 -0.27253952622413635 1043.35546875 512.314208984375 1065.0821533203125 548.234619140625 0.97583824 1.8663155 0.68172157 12.515581 2.9672089 66.62349 -0.08684829622507095 0.2204686999320984
Pedestrian 0.0 0 -3.2252256870269775 1146.575439453125 503.9438781738281 1176.1287841796875 553.7542724609375 1.0678165 1.9388157 0.73183423 13.613311 2.4341142 49.97864 -2.959294557571411 0.2108171433210373
Pedestrian 0.0 0 -1.6478080749511719 1222.32568359375 505.16278076171875 1245.1292724609375 570.9942626953125 1.1286287 2.2136052 0.6583892 14.323854 2.689099 43.47028 -1.3295032978057861 0.19205354154109955
Pedestrian 0.0 0 -3.4150640964508057 1221.6405029296875 496.98260498046875 1257.4345703125 556.1646728515625 1.0462068 2.0509956 0.6685168 14.806021 2.2441494 44.31453 -3.0926127433776855 0.18076199293136597
Pedestrian 0.0 0 -3.2396183013916016 1081.0123291015625 500.7957458496094 1113.071044921875 556.41162109375 1.0973341 2.054627 0.81336075 10.505612 2.405816 47.411743 -3.021559000015259 0.15600848197937012
Pedestrian 0.0 0 -0.7702298164367676 1053.2044677734375 502.43994140625 1084.0325927734375 548.3720703125 1.1926076 2.1473749 0.83473414 11.995651 2.6729074 60.201416 -0.5735472440719604 0.1513858437538147
Pedestrian 0.0 0 -3.1251072883605957 1215.048095703125 495.0734558105469 1266.8770751953125 584.3687133789062 1.1896225 2.1442804 0.7814871 10.406402 2.2332413 31.023035 -2.8014609813690186 0.1412353366613388
Pedestrian 0.0 0 -3.035700798034668 864.2957153320312 497.815673828125 887.2946166992188 541.1787109375 0.93636143 1.8799751 0.70683056 2.6088479 2.15828 55.44762 -2.988684892654419 0.13509570062160492
Cyclist 0.0 0 -1.5549734830856323 1020.5848999023438 494.6938781738281 1034.67041015625 533.9403686523438 1.9013473 2.0621743 0.71263313 11.304489 2.2350614 67.7045 -1.3895316123962402 0.5750584006309509
Cyclist 0.0 0 -1.4504371881484985 428.44061279296875 489.5721740722656 452.9184265136719 543.7286376953125 1.7795395 2.0913653 0.7148321 -14.772919 2.0166447 49.842304 -1.738581657409668 0.2150358110666275
Cyclist 0.0 0 -1.534423589706421 1228.35888671875 502.2131652832031 1252.178955078125 560.2158203125 1.4517812 2.1277702 0.79621744 15.934838 2.5369265 47.579338 -1.2112538814544678 0.19427765905857086
Cyclist 0.0 0 -2.077587127685547 833.0154418945312 479.2381896972656 889.4011840820312 560.9849853515625 1.849375 2.0784705 0.6609311 1.1622303 1.7665249 33.173435 -2.0425665378570557 0.14793722331523895
Car 0.0 0 -1.9477832317352295 918.3867797851562 516.3078002929688 1011.9622192382812 569.8284912109375 4.006406 1.5484413 1.6266838 4.7304497 2.3889306 40.77315 -1.8322808742523193 0.5104297399520874
Car 0.0 0 -1.4288303852081299 610.3226318359375 511.2667541503906 662.016357421875 552.8589477539062 3.7492106 1.579902 1.5747207 -7.3230605 2.4168243 51.76346 -1.5693693161010742 0.25027215480804443
Car 0.0 0 -0.8814140558242798 40.26204299926758 504.4517517089844 169.8605499267578 557.6184692382812 3.6889822 1.5595865 1.5873703 -22.410604 1.9890406 40.05818 -1.3914846181869507 0.23217754065990448
Car 0.0 0 -2.28352689743042 1193.6741943359375 514.3016357421875 1397.539794921875 606.1538696289062 4.0128875 1.6244638 1.6213057 9.573827 2.1247935 25.63413 -1.9260897636413574 0.2309752255678177
Car 0.0 0 -1.775644302368164 1024.97607421875 510.8604431152344 1092.549072265625 561.3355712890625 3.749583 1.6250298 1.5780869 8.396057 2.3279226 44.1072 -1.5875390768051147 0.20526593923568726
Car 0.0 0 -1.7302156686782837 784.00048828125 525.0154418945312 868.5089721679688 598.9915771484375 3.491369 1.6741917 1.6083735 0.20034482 2.5746229 32.183 -1.723990559577942 0.20054024457931519
Car 0.0 0 0.9965300559997559 1232.333984375 513.2728271484375 1365.2471923828125 580.6166381835938 3.8253183 1.6679587 1.5741631 13.13861 2.299636 34.717854 1.3583128452301025 0.1725795716047287
Car 0.0 0 1.401207447052002 970.2869873046875 496.8915100097656 1080.58740234375 582.2188720703125 4.2471433 1.6661612 1.6248 4.3886395 1.7905656 27.128857 1.561588168144226 0.16154056787490845
Car 0.0 0 -1.4219937324523926 363.7814636230469 502.7423095703125 440.22320556640625 563.613037109375 4.380823 1.7351717 1.6130184 -12.766919 2.1036465 39.24038 -1.7365435361862183 0.15968424081802368
Car 0.0 0 -2.00653076171875 1080.8291015625 512.1246948242188 1177.1689453125 566.4423828125 3.9445264 1.6318719 1.5570617 10.233688 2.3449836 41.71638 -1.7659655809402466 0.15071655809879303
Car 0.0 0 -1.213695764541626 152.9666290283203 507.6687316894531 263.8606262207031 567.0171508789062 4.137769 1.5977463 1.5991074 -17.851183 2.1020555 37.38603 -1.6591678857803345 0.14925029873847961
Car 0.0 0 -0.9766988158226013 0.0 503.0776672363281 22.823816299438477 580.5807495117188 3.8138516 1.5679777 1.5960064 -19.585215 1.842348 28.112064 -1.585195541381836 0.13676755130290985
Car 0.0 0 -2.184739589691162 1288.55615234375 510.11846923828125 1406.3970947265625 561.6199340820312 4.2230287 1.6425056 1.6638552 18.473898 2.3257644 44.250885 -1.7892550230026245 0.1353796273469925
Car 0.0 0 1.1881359815597534 1086.187255859375 503.81744384765625 1216.294189453125 586.791015625 3.236191 1.6135994 1.5637745 7.0213547 1.8910431 26.837784 1.44402277469635 0.13018862903118134
