Pedestrian 0.0 0 0.8782814741134644 870.26416015625 130.2291259765625 979.8617553710938 320.77728271484375 0.83120364 1.6910731 0.5443063 2.9781995 1.2466316 6.7440615 1.294130802154541 0.5421153903007507
Pedestrian 0.0 0 -1.9142652750015259 319.2882995605469 169.7040252685547 342.8150329589844 220.0736083984375 0.70881194 1.7215447 0.5568372 -9.567396 1.3540909 24.610895 -2.2850327491760254 0.44545504450798035
Pedestrian 0.0 0 1.2119948863983154 219.2042694091797 142.1190643310547 323.0852966308594 337.1246032714844 0.77263635 1.6946706 0.6495569 -3.192481 1.3628287 6.64131 0.7639057636260986 0.38357433676719666
Pedestrian 0.0 0 2.3836922645568848 688.3707275390625 148.76388549804688 740.4581298828125 231.79019165039062 0.79047203 1.8190271 0.8661819 2.4427204 1.1253345 16.066967 2.5345704555511475 0.3511119484901428
Pedestrian 0.0 0 1.1706346273422241 363.83160400390625 186.12850952148438 419.0106506347656 268.7464904785156 1.0701406 1.5958574 0.7110666 -4.393525 1.7170556 14.377873 0.8740706443786621 0.2718912959098816
Pedestrian 0.0 0 -1.5375045537948608 402.2404479980469 159.33245849609375 419.88385009765625 203.15318298339844 0.88048834 1.6839406 0.6388145 -7.6087155 0.87202173 27.668005 -1.8058712482452393 0.25397321581840515
Pedestrian 0.0 0 2.0428948402404785 682.0960693359375 150.13880920410156 727.3533935546875 228.45220947265625 0.86529666 1.8296502 0.7760941 2.377237 1.1219215 17.090881 2.1811020374298096 0.2442547231912613
Pedestrian 0.0 0 1.413679599761963 924.2666625976562 177.8944549560547 958.2581176757812 250.1338653564453 1.0062498 1.856557 0.6614069 8.865842 1.7911844 18.741993 1.855533242225647 0.21931439638137817
Pedestrian 0.0 0 1.693766474723816 397.07366943359375 172.59877014160156 434.1272888183594 248.75953674316406 0.96851254 1.8023182 0.76346725 -4.6488743 1.6169416 17.259924 1.4306652545928955 0.17794743180274963
Cyclist 0.0 0 1.6728235483169556 518.355712890625 167.9022216796875 528.719970703125 197.61383056640625 1.5816474 1.7854474 0.47367 -4.985135 1.0297778 43.277184 1.558138132095337 0.2341822385787964
Cyclist 0.0 0 0.8952137231826782 863.6513671875 132.44235229492188 983.6591796875 326.95953369140625 0.95396984 1.7235266 0.57797146 2.980477 1.2994117 6.7954516 1.3085460662841797 0.11587145924568176
Car 0.0 0 1.547356128692627 573.5592651367188 163.01107788085938 616.2007446289062 202.8093719482422 4.400672 1.6308316 1.7499644 -0.5255149 0.91566926 31.201874 1.5305153131484985 0.5999191999435425
Car 0.0 0 -1.6140894889831543 582.5106811523438 158.52220153808594 634.3693237304688 210.89498901367188 4.244348 1.7785746 1.7153994 0.024424378 1.0337461 26.162937 -1.6131559610366821 0.43139415979385376
Car 0.0 0 1.481862187385559 499.70904541015625 165.1702423095703 531.30859375 193.87942504882812 4.0627217 1.7270086 1.6186485 -5.699317 0.80620545 44.685318 1.3550037145614624 0.26464250683784485
