Pedestrian 0.0 0 -2.7979798316955566 1069.0430908203125 147.61257934570312 1145.9234619140625 289.4195861816406 0.6159941 1.6877178 0.608181 6.2305226 1.2979892 8.83685 -2.1838648319244385 0.8442144989967346
Pedestrian 0.0 0 -1.6499453783035278 343.9021301269531 131.3185577392578 414.4329528808594 304.3778076171875 0.7960659 1.6466091 0.6178081 -2.3675551 1.1803592 7.208836 -1.967271089553833 0.8012217879295349
Pedestrian 0.0 0 1.1392806768417358 846.7418212890625 91.58928680419922 908.5340576171875 203.81422424316406 0.8469147 1.8390832 0.6868327 4.577462 0.3837131 12.027542 1.5029358863830566 0.5146093368530273
Pedestrian 0.0 0 -0.19553866982460022 765.5571899414062 99.27214813232422 827.3904418945312 205.3924560546875 0.91717976 1.8014308 0.7390363 3.296422 0.42420667 12.395693 0.06437849998474121 0.4812663495540619
Pedestrian 0.0 0 0.031123042106628418 566.8096313476562 123.62118530273438 604.1290893554688 212.028076171875 0.759532 1.8007892 0.5976512 -0.43958166 0.6438317 14.69643 0.0012211799621582031 0.4159936308860779
Pedestrian 0.0 0 -3.450469732284546 896.923828125 93.82087707519531 957.0445556640625 205.55331420898438 0.783158 1.8141353 0.5418862 5.312337 0.4084289 11.788878 -3.0270979404449463 0.37246501445770264
Pedestrian 0.0 0 -0.47023290395736694 1121.5064697265625 104.66609191894531 1200.091552734375 218.18084716796875 0.8272111 1.7901853 0.59131134 8.989561 0.5959022 11.51491 0.19262146949768066 0.34224966168403625
Pedestrian 0.0 0 2.76936411857605 704.2566528320312 122.45584869384766 747.5360717773438 191.027099609375 0.94246215 1.7234514 0.5958529 3.0620022 0.26617908 18.15348 2.936464309692383 0.3142798840999603
Pedestrian 0.0 0 1.6089510917663574 521.244873046875 109.5999526977539 552.8238525390625 197.3917999267578 0.81393594 1.7963011 0.634274 -1.4631307 0.34724644 14.887091 1.5109838247299194 0.3135533332824707
Pedestrian 0.0 0 0.718302845954895 199.11383056640625 115.03266906738281 250.46121215820312 204.61474609375 0.6821925 1.7297285 0.5819781 -7.569309 0.46726096 14.006518 0.22284960746765137 0.31003522872924805
Pedestrian 0.0 0 -0.33195269107818604 1163.7667236328125 121.82310485839844 1224.0 227.1493377685547 0.7265021 1.7531067 0.5521813 10.109606 0.7781071 12.150376 0.36202216148376465 0.2978878319263458
Pedestrian 0.0 0 -0.05950701981782913 662.6392211914062 147.72959899902344 682.6654052734375 180.39186096191406 1.09501 1.8301649 0.5221481 3.8051865 -0.004760891 39.89548 0.035584211349487305 0.27863064408302307
Cyclist 0.0 0 -3.632640838623047 1102.48046875 96.14225006103516 1196.1016845703125 210.7615203857422 1.0489709 1.8061508 0.60014194 8.7990265 0.47851208 11.517015 -2.980238199234009 0.2012343853712082
Cyclist 0.0 0 1.2169674634933472 840.208740234375 89.5743408203125 899.4998168945312 197.81956481933594 0.8568807 1.8114755 0.7062148 4.5303364 0.29149115 12.255959 1.5710338354110718 0.10602984577417374
Car 0.0 0 0.0341104120016098 659.4830932617188 146.20306396484375 736.909912109375 175.23739624023438 4.2824388 1.5873543 1.646828 5.304193 -0.3068185 40.23742 0.1651771068572998 0.38416892290115356
Car 0.0 0 -1.850926399230957 650.0841064453125 138.87908935546875 744.1649780273438 201.203125 3.5973935 1.5366579 1.5921701 2.3739803 0.51205206 19.3295 -1.7287219762802124 0.3344908058643341
Car 0.0 0 2.048802375793457 580.1591186523438 155.27798461914062 622.16064453125 177.498046875 3.6637332 1.5715036 1.618618 -0.24011865 -0.23033823 52.54157 2.0442323684692383 0.30698472261428833
