Pedestrian 0.0 0 1.1954609155654907 853.169921875 138.26358032226562 883.8699340820312 199.31602478027344 0.8624732 1.7469845 0.5660045 7.4993052 0.75755537 21.084188 1.537190318107605 0.7978602647781372
Pedestrian 0.0 0 0.8012673854827881 894.7511596679688 149.38235473632812 954.0899047851562 251.8955535888672 0.7244309 1.7501466 0.63790137 5.503462 1.349787 12.767425 1.208255410194397 0.7382211089134216
Pedestrian 0.0 0 -0.12665721774101257 889.5040283203125 90.07447814941406 964.2837524414062 181.30577087402344 1.3695112 1.8468938 0.5410672 6.5392947 0.1714563 15.055167 0.2831108570098877 0.15951873362064362
Cyclist 0.0 0 -1.8558576107025146 699.3338012695312 165.24111938476562 729.2307739257812 213.03871154785156 1.9399394 1.7546546 0.6012647 3.9111252 1.475543 27.488018 -1.7145215272903442 0.8801484107971191
Cyclist 0.0 0 3.3679873943328857 9.53061580657959 150.62481689453125 62.318138122558594 192.63858032226562 1.8538288 1.9487693 0.6702532 -27.199915 0.9180471 34.167267 2.6956405639648438 0.6854321956634521
Cyclist 0.0 0 -0.12665721774101257 889.5040283203125 90.07447814941406 964.2837524414062 181.30577087402344 1.3695112 1.8468938 0.5410672 6.5392947 0.1714563 15.055167 0.2831108570098877 0.2932243049144745
Car 0.0 0 -2.0584516525268555 658.5653686523438 171.1068115234375 709.3177490234375 198.07247924804688 3.442761 1.5704545 1.6469799 4.423358 1.4690583 43.92383 -1.9580848217010498 0.43674057722091675
Car 0.0 0 2.207875967025757 168.43174743652344 163.23716735839844 226.34246826171875 186.2053985595703 3.759284 1.549864 1.608936 -28.922009 0.9012915 50.64704 1.6890150308609009 0.316280335187912
Car 0.0 0 1.6175469160079956 518.9814453125 161.36000061035156 559.3478393554688 196.14663696289062 3.9933147 1.442594 1.5948633 -3.1206772 0.9662986 31.953701 1.5201932191848755 0.309690922498703
Car 0.0 0 0.4513993263244629 915.3963012695312 109.16722869873047 1171.779541015625 216.1127471923828 3.7677572 1.6929214 1.5967185 7.8204813 0.6851332 13.427809 0.9787840843200684 0.2924865484237671
