Pedestrian 0.0 0 1.940001130104065 596.4100341796875 163.5367431640625 649.3892211914062 260.83807373046875 0.43986258 1.577332 0.7787114 0.1650178 1.4266497 12.043433 1.9537022113800049 0.6749930381774902
Pedestrian 0.0 0 -3.4294116497039795 964.6053466796875 86.1276626586914 1089.3829345703125 304.4885559082031 0.7481353 1.7195066 0.66730016 3.4284039 1.0369285 6.087799 -2.9165210723876953 0.3751894533634186
Pedestrian 0.0 0 0.008146986365318298 506.28350830078125 158.102783203125 524.0645141601562 186.21722412109375 1.109258 1.7661475 0.6568459 -6.0375443 0.8398347 45.71826 -0.12315304577350616 0.3098505139350891
Pedestrian 0.0 0 1.3715109825134277 1082.4471435546875 0.0 1242.0 358.62060546875 1.6553923 1.6772376 0.5536252 3.0780497 0.82943946 4.0835676 2.0174171924591064 0.11667989939451218
Cyclist 0.0 0 -0.016271531581878662 754.2457275390625 119.76069641113281 804.1171875 178.49705505371094 1.4935924 1.7939346 0.60646707 5.215932 0.17270915 22.487907 0.21164226531982422 0.638599157333374
Cyclist 0.0 0 -1.679388403892517 937.9911499023438 72.2441635131836 997.4280395507812 223.74740600585938 1.5645944 1.8234664 0.5234243 4.626184 0.61290187 9.506279 -1.2264816761016846 0.5177849531173706
Cyclist 0.0 0 1.5400519371032715 409.28656005859375 148.306884765625 422.98291015625 182.81671142578125 1.6652976 1.7212889 0.6224221 -9.9520445 0.49728018 36.8734 1.2764354944229126 0.5087447166442871
Cyclist 0.0 0 -1.818366289138794 805.8402709960938 87.82166290283203 879.771484375 216.15921020507812 1.7052422 1.7353367 0.6238352 3.3303738 0.5859161 10.62245 -1.5145504474639893 0.42628246545791626
Cyclist 0.0 0 1.3715109825134277 1082.4471435546875 0.0 1242.0 358.62060546875 1.6553923 1.6772376 0.5536252 3.0780497 0.82943946 4.0835676 2.0174171924591064 0.3263404369354248
Cyclist 0.0 0 0.008146986365318298 506.28350830078125 158.102783203125 524.0645141601562 186.21722412109375 1.109258 1.7661475 0.6568459 -6.0375443 0.8398347 45.71826 -0.12315304577350616 0.11808989197015762
Car 0.0 0 -1.5992321968078613 640.2125854492188 171.98458862304688 749.4631958007812 270.5582580566406 3.6891544 1.3997753 1.5509728 1.2974491 1.387787 12.142706 -1.492785930633545 0.8195485472679138
Car 0.0 0 -2.808626174926758 470.9408874511719 167.35606384277344 518.2353515625 184.38223266601562 3.9115064 1.510892 1.5934671 -10.426791 1.0233666 65.14989 -2.9673235416412354 0.7685479521751404
Car 0.0 0 -1.6387678384780884 620.1109619140625 166.8321990966797 664.132080078125 203.59173583984375 3.6546113 1.4305404 1.5658516 1.2356397 1.1965531 29.924305 -1.597499132156372 0.6126929521560669
Car 0.0 0 -1.6464358568191528 655.0081176757812 167.02101135253906 680.1410522460938 187.17813110351562 3.6625106 1.4966091 1.645862 4.3631244 1.0638838 55.403076 -1.5678457021713257 0.445182740688324
Car 0.0 0 2.961918354034424 652.5438842773438 158.32069396972656 721.0370483398438 186.54273986816406 3.8250139 1.6459593 1.6714365 4.5162406 0.7987089 43.055584 3.066429376602173 0.40433138608932495
Car 0.0 0 1.903632640838623 358.6346130371094 162.7760467529297 416.2384338378906 194.09507751464844 3.4712641 1.378538 1.505493 -10.310558 0.9353049 33.516945 1.6051976680755615 0.3919753432273865
Car 0.0 0 -1.5639286041259766 616.4808349609375 160.83700561523438 642.6219482421875 185.85385131835938 3.6936264 1.5466357 1.6165279 1.2382563 0.8040579 46.478287 -1.5372933149337769 0.3265202045440674
Car 0.0 0 1.669985055923462 476.54241943359375 158.3636016845703 503.0132751464844 181.5428924560547 4.0060296 1.7687901 1.6800591 -9.503545 0.66339993 57.11099 1.5050911903381348 0.32099369168281555
Car 0.0 0 1.5823652744293213 646.7523803710938 162.22296142578125 665.34228515625 181.67848205566406 3.723994 1.6475723 1.5726279 4.020025 0.7476498 63.01583 1.6460728645324707 0.2968340814113617
