Pedestrian 0.0 0 -2.599682331085205 1090.6451416015625 89.4888916015625 1167.261474609375 233.65084838867188 0.56446517 1.7648498 0.5992777 6.594056 0.59408045 9.174127 -1.9764719009399414 0.5117864012718201
Pedestrian 0.0 0 -1.3728663921356201 869.7435913085938 147.37680053710938 895.06201171875 187.31797790527344 0.84510654 1.6210803 0.8298112 11.333861 0.08645558 29.750856 -1.0088815689086914 0.49679380655288696
Pedestrian 0.0 0 0.5532370805740356 563.948486328125 163.7205810546875 594.7976684570312 218.1901092529297 0.86050504 1.809891 0.5945899 -1.0014721 1.0967916 24.35207 0.5121355056762695 0.25944414734840393
Cyclist 0.0 0 0.970730185508728 966.8333740234375 104.78533935546875 1037.202880859375 181.63633728027344 1.5268034 1.6905658 0.6850583 9.066878 -0.08588634 16.677925 1.4686815738677979 0.34598076343536377
Cyclist 0.0 0 1.056552529335022 887.2462768554688 121.8436279296875 927.9232177734375 179.75747680664062 1.6288035 1.8847696 0.53893936 10.111859 -0.19047844 24.390474 1.44956636428833 0.31695863604545593
Cyclist 0.0 0 1.7503553628921509 672.6136474609375 154.0812530517578 686.6848754882812 180.40550231933594 1.7482933 1.767524 0.6649443 4.9406867 -0.33659628 49.53578 1.8497663736343384 0.28233441710472107
Cyclist 0.0 0 1.3832765817642212 877.1259765625 132.36817932128906 903.3218383789062 179.0856475830078 1.6959728 1.7562912 0.64616686 11.007889 -0.24654937 28.148148 1.7560608386993408 0.26672080159187317
Cyclist 0.0 0 -1.3752667903900146 868.5098266601562 148.48207092285156 896.828857421875 187.35198974609375 0.9188989 1.5727569 0.93385714 11.333401 0.08757028 29.719877 -1.010948657989502 0.11498011648654938
Car 0.0 0 -1.330451488494873 132.51876831054688 204.29052734375 205.01609802246094 243.36962890625 4.415338 1.4754043 1.7331135 -19.344961 2.3835576 31.812181 -1.8768049478530884 0.9510701298713684
Car 0.0 0 -1.4977270364761353 732.4495849609375 176.07363891601562 787.118408203125 222.62330627441406 3.5813959 1.5967289 1.7236522 5.646474 1.2842727 26.613983 -1.2886651754379272 0.9463379979133606
Car 0.0 0 1.838798999786377 798.3738403320312 172.40756225585938 835.4380493164062 193.6282958984375 3.8667853 1.4808868 1.6210636 15.210695 0.58820426 52.232983 2.122170925140381 0.6412340998649597
Car 0.0 0 -1.3542721271514893 202.44583129882812 196.52723693847656 251.28265380859375 225.63088989257812 3.731606 1.4661428 1.6255316 -21.045906 2.1251698 39.791004 -1.840780258178711 0.3789740204811096
Car 0.0 0 0.03878745436668396 874.571533203125 162.9895782470703 963.6178588867188 197.81849670410156 3.7381878 1.5536516 1.6499045 14.509534 0.5633179 33.613903 0.44627952575683594 0.33218199014663696
Car 0.0 0 1.9689923524856567 0.0 145.15264892578125 138.8702392578125 217.3490447998047 4.0715284 1.7248042 1.8657341 -14.527302 0.7688112 19.371365 1.3255316019058228 0.3140283524990082
Car 0.0 0 -1.4392067193984985 445.1673889160156 156.49166870117188 490.5389099121094 193.23260498046875 3.8639798 1.6315978 1.6072477 -6.5685096 0.35714775 33.895866 -1.6306191682815552 0.29311639070510864
Car 0.0 0 -1.011973261833191 857.9893188476562 153.98300170898438 941.4000854492188 191.61228942871094 3.599761 1.5143268 1.6364082 12.433187 0.25855124 30.6435 -0.6265314221382141 0.2711399793624878
