Pedestrian 0.0 0 0.8260290622711182 762.5389404296875 137.7866668701172 800.365478515625 198.33619689941406 0.96662587 1.8303701 0.6598871 5.3422313 0.3977548 22.3096 1.0610623359680176 0.6005832552909851
Pedestrian 0.0 0 -3.7706544399261475 1134.79052734375 42.56833267211914 1217.0850830078125 188.24319458007812 0.58887583 1.8074734 0.5977034 7.2236404 0.038695127 9.224541 -3.1063101291656494 0.28654152154922485
Pedestrian 0.0 0 -0.2765830159187317 1103.92529296875 108.9820556640625 1203.0916748046875 267.7127685546875 0.81018984 1.7645979 0.5076636 6.2775583 0.91824514 8.369953 0.3669252395629883 0.27979418635368347
Pedestrian 0.0 0 2.3759262561798096 1072.6312255859375 88.0196304321289 1155.653564453125 237.4961700439453 0.7133067 1.808334 0.4835457 6.270067 0.63360876 8.98719 2.9850847721099854 0.2687341570854187
Pedestrian 0.0 0 1.3576140403747559 776.8406372070312 126.12016296386719 805.0048217773438 184.08364868164062 1.132849 1.8524067 0.66755164 5.9537897 -0.03690082 23.569609 1.6050424575805664 0.23471345007419586
Pedestrian 0.0 0 -0.7174268960952759 1165.1444091796875 57.7646484375 1241.0 213.06393432617188 0.66828674 1.7921293 0.5961363 7.1817956 0.32249528 8.59688 -0.021472809836268425 0.2185429334640503
Pedestrian 0.0 0 -2.2735347747802734 955.8114624023438 86.04710388183594 1014.839111328125 190.6923828125 0.8235465 1.7786685 0.50796205 6.593824 0.094219066 12.672444 -1.793757677078247 0.20077474415302277
Pedestrian 0.0 0 -3.234468460083008 791.2987670898438 86.81429290771484 882.2827758789062 211.4545440673828 1.2557305 1.8127935 0.65402734 3.3946738 0.38275433 10.901578 -2.9325926303863525 0.11266029626131058
Cyclist 0.0 0 -3.234468460083008 791.2987670898438 86.81429290771484 882.2827758789062 211.4545440673828 1.2557305 1.8127935 0.65402734 3.3946738 0.38275433 10.901578 -2.9325926303863525 0.21503181755542755
Cyclist 0.0 0 -1.9564167261123657 768.7849731445312 133.9907989501953 799.8121337890625 182.86181640625 1.6221336 1.792514 0.57230943 6.647632 -0.09100062 27.288256 -1.7174632549285889 0.21031467616558075
Cyclist 0.0 0 1.3576140403747559 776.8406372070312 126.12016296386719 805.0048217773438 184.08364868164062 1.132849 1.8524067 0.66755164 5.9537897 -0.03690082 23.569609 1.6050424575805664 0.13646917045116425
Car 0.0 0 -1.5284295082092285 572.82958984375 177.25335693359375 617.6495361328125 213.07191467285156 3.4372199 1.3966612 1.7126287 -0.5020801 1.0873193 29.766205 -1.5452953577041626 0.9554019570350647
Car 0.0 0 -1.386186957359314 458.2799987792969 174.43287658691406 517.2935791015625 213.83609008789062 4.3806953 1.5059555 1.6233695 -4.900913 1.0949769 29.677114 -1.5498509407043457 0.9067487120628357
Car 0.0 0 -0.8547739386558533 0.0 161.9609832763672 183.40219116210938 324.1858215332031 4.297437 1.8275872 1.7287785 -8.3073435 1.566736 10.2731495 -1.5347647666931152 0.8342922329902649
Car 0.0 0 -2.9214913845062256 457.3952941894531 176.1792449951172 530.0012817382812 203.83346557617188 3.7905965 1.5284467 1.6437 -6.4456763 1.0301341 40.666706 -3.078683853149414 0.31992605328559875
Car 0.0 0 -1.1840646266937256 178.2855682373047 123.03202056884766 386.3702697753906 270.9483337402344 2.9324853 1.7012346 1.5535309 -4.252456 0.9871706 9.748917 -1.5953816175460815 0.28786319494247437
Car 0.0 0 -1.0594439506530762 649.1637573242188 164.7932586669922 683.8220825195312 182.11585998535156 3.9102747 1.5969542 1.6135691 5.6671944 -0.305709 69.08057 -0.9775898456573486 0.2159670740365982
Car 0.0 0 2.7935261726379395 654.3382568359375 169.50173950195312 699.9699096679688 187.2832489013672 3.7677484 1.5701222 1.6039375 6.229275 0.18369722 64.71833 2.8894827365875244 0.2116183191537857
