Pedestrian 0.0 0 -3.644630193710327 1573.9803466796875 498.2920227050781 1600.0 578.7689208984375 0.9252049 1.8242484 0.6960635 17.984951 2.488608 29.031456 -3.089996576309204 0.17961740493774414
Pedestrian 0.0 0 -0.6420457363128662 0.0 535.74755859375 50.709930419921875 654.9259643554688 0.9571682 2.0245018 0.6969861 -14.617734 3.234394 22.479565 -1.218609094619751 0.14143717288970947
Pedestrian 0.0 0 -1.106816291809082 295.7485656738281 534.2899780273438 440.6940612792969 769.7969360351562 1.5373096 2.2815137 0.85499233 -4.859066 3.0107257 13.393748 -1.454836130142212 0.10744296759366989
Car 0.0 0 -1.5086257457733154 355.8911437988281 535.19970703125 404.635986328125 581.0836791992188 4.112416 1.5880201 1.6442177 -18.420244 4.400456 51.82511 -1.850130558013916 0.3300701975822449
Car 0.0 0 -0.6382501721382141 0.0 553.1135864257812 17.050691604614258 661.7247924804688 3.8926687 1.6896298 1.6073593 -18.407194 3.4738176 24.793306 -1.276886224746704 0.20210373401641846
Car 0.0 0 -0.9877443313598633 194.7080841064453 543.1384887695312 272.8326721191406 584.82666015625 3.4499295 1.6298841 1.5843567 -27.010456 5.0753694 57.186855 -1.4290032386779785 0.1742490977048874
Car 0.0 0 1.8334417343139648 156.99928283691406 540.6016845703125 358.25128173828125 696.09716796875 4.191893 1.779729 1.6505651 -8.240882 2.9483933 18.534637 1.4150702953338623 0.16815541684627533
Car 0.0 0 2.0968852043151855 0.0 527.3059692382812 250.42108154296875 670.3665771484375 4.481923 1.7517381 1.6644162 -10.81824 2.7426717 19.402676 1.5882529020309448 0.1377553939819336
Car 0.0 0 1.6894296407699585 259.3936767578125 539.84912109375 312.8515625 585.8676147460938 3.9071016 1.6157527 1.6017897 -22.58912 4.6587167 52.466053 1.2828696966171265 0.1296510100364685
Car 0.0 0 2.549180269241333 0.0 522.468505859375 135.27703857421875 642.9769897460938 4.126185 1.7243121 1.7262245 -14.657277 2.7442634 22.110348 1.9637796878814697 0.1063532680273056
