Pedestrian 0.0 0 -0.18930816650390625 893.4490356445312 154.6222686767578 911.3423461914062 194.04547119140625 0.62527865 1.7434831 0.6760657 13.045053 0.93754613 32.299213 0.19453978538513184 0.6933954358100891
Pedestrian 0.0 0 1.493815541267395 840.9617309570312 156.96873474121094 855.0880126953125 190.3991241455078 0.73037773 1.716054 0.64121914 12.319358 0.9009869 37.466434 1.8114900588989258 0.6376965045928955
Pedestrian 0.0 0 1.1783545017242432 1074.333740234375 133.3834991455078 1107.0299072265625 195.62911987304688 0.6256065 1.7260188 0.571324 13.514369 0.631893 20.366756 1.764196515083313 0.4638967514038086
Pedestrian 0.0 0 -0.015411287546157837 734.18212890625 161.1918487548828 745.9395751953125 181.27381896972656 1.0600052 1.8430325 0.39679253 11.965627 0.77309036 66.49828 0.16262245178222656 0.4432392716407776
Pedestrian 0.0 0 -2.815005302429199 398.02490234375 157.57000732421875 413.33392333984375 187.79977416992188 0.6917433 1.7442998 0.6300908 -11.914635 0.86275005 41.962894 -3.0916569232940674 0.40918657183647156
Pedestrian 0.0 0 3.2363052368164062 445.40863037109375 162.0567626953125 457.1033935546875 186.0465087890625 0.84810746 1.862406 0.50435454 -12.413289 1.0245374 56.314705 3.0193474292755127 0.3152737319469452
Cyclist 0.0 0 3.500117778778076 21.23115348815918 159.09483337402344 63.539031982421875 186.67755126953125 2.0757306 1.7853298 0.6798759 -37.25436 0.8951069 47.338535 2.8333680629730225 0.39171573519706726
Cyclist 0.0 0 0.869423508644104 755.9255981445312 161.52481079101562 779.8336791992188 185.2229461669922 1.9442344 1.770128 0.6825688 11.977833 0.92425376 54.911266 1.0841901302337646 0.31056246161460876
Cyclist 0.0 0 1.4506956338882446 737.4148559570312 161.40390014648438 743.2701416015625 181.6652069091797 1.0349168 1.8517094 0.40883255 11.986256 0.8056257 66.46807 1.6291091442108154 0.11211390048265457
Car 0.0 0 -1.6100715398788452 586.7755737304688 175.7128448486328 608.6283569335938 196.17840576171875 3.5974612 1.5941434 1.628148 -1.0486873 1.8338261 58.557693 -1.6279782056808472 0.7422020435333252
Car 0.0 0 1.9644802808761597 203.8561553955078 187.4058380126953 281.5143737792969 225.84693908691406 3.786685 1.3884169 1.4856114 -14.942804 2.0224538 29.473576 1.4952564239501953 0.6694483160972595
Car 0.0 0 -1.5472420454025269 918.9981079101562 162.392333984375 947.420654296875 187.21080017089844 3.7522528 1.5601426 1.6177593 21.227781 0.9028582 47.396286 -1.1261537075042725 0.4532183110713959
Car 0.0 0 1.4453072547912598 934.7594604492188 149.66152954101562 980.3212890625 182.20681762695312 3.9387531 1.5504376 1.5846957 17.47271 0.44592044 36.489666 1.8918839693069458 0.3672935962677002
Car 0.0 0 -1.2893356084823608 436.2083740234375 166.60084533691406 471.1297912597656 189.49510192871094 4.171025 1.7822918 1.6660868 -12.608604 1.2958492 58.30581 -1.5023057460784912 0.35931113362312317
Car 0.0 0 2.3765740394592285 217.23748779296875 171.0684356689453 279.15966796875 193.78768920898438 3.6221166 1.441963 1.5184505 -23.91464 1.3289928 47.753117 1.9122886657714844 0.3576386868953705
Car 0.0 0 0.3377070724964142 851.5120239257812 164.41323852539062 919.2046508789062 189.2779083251953 3.971541 1.6147707 1.5837446 18.540443 1.0669656 48.74178 0.7011868953704834 0.3381149172782898
Car 0.0 0 -2.128268003463745 199.06240844726562 163.4029083251953 263.93475341796875 191.6114044189453 3.6373851 1.5509318 1.6028786 -21.699839 1.0316589 41.278236 -2.6122610569000244 0.336864709854126
Car 0.0 0 -0.9639708995819092 393.9577331542969 163.2949981689453 454.6112976074219 190.90478515625 3.8644564 1.5823079 1.6231579 -11.151302 1.0348425 43.442265 -1.215238332748413 0.3321111798286438
