Pedestrian 0.0 0 1.9638595581054688 951.7723388671875 134.55746459960938 986.1707153320312 197.14695739746094 0.75463456 1.8188341 0.6800514 10.635586 0.706305 21.469246 2.4238100051879883 0.5889406800270081
Pedestrian 0.0 0 -1.4996893405914307 146.29571533203125 155.09396362304688 163.64059448242188 194.03099060058594 0.80484307 1.8955452 0.67020816 -22.507456 1.0313034 35.636406 -2.0630106925964355 0.38480645418167114
Pedestrian 0.0 0 3.2368736267089844 284.2779541015625 175.9671173095703 304.9385986328125 205.18177795410156 1.1384887 1.8158288 0.6219115 -19.879269 2.0141993 45.418106 2.8242995738983154 0.3029037117958069
Pedestrian 0.0 0 -1.089263916015625 997.63427734375 126.12860870361328 1034.8538818359375 187.95114135742188 0.7871743 1.7914705 0.674936 12.003695 0.43783733 21.403412 -0.5781432390213013 0.2686997056007385
Cyclist 0.0 0 1.6876535415649414 1194.34033203125 125.1750259399414 1227.11767578125 177.0306396484375 1.677112 1.7184273 0.67415535 20.554754 0.13876611 24.730276 2.381106376647949 0.5036489963531494
Cyclist 0.0 0 1.0587823390960693 1176.8040771484375 116.09366607666016 1232.107666015625 175.8406982421875 1.7026508 1.8264378 0.59654325 18.825747 0.091659546 22.944582 1.7458915710449219 0.39407482743263245
Cyclist 0.0 0 2.2440993785858154 282.0647888183594 175.84584045410156 305.975341796875 205.4925994873047 1.4355099 1.826531 0.6184298 -19.89632 2.018274 45.38021 1.8309035301208496 0.3766152262687683
Car 0.0 0 2.0808017253875732 203.4469451904297 189.0406951904297 282.8446044921875 225.10308837890625 3.3673146 1.4121615 1.6571095 -15.971287 2.1579285 31.508488 1.6116586923599243 0.9483023881912231
Car 0.0 0 2.1723620891571045 388.0508728027344 182.8082733154297 437.08636474609375 203.1822509765625 4.1410832 1.4469249 1.5806395 -15.187972 2.2452054 55.619587 1.9057921171188354 0.5897216796875
Car 0.0 0 2.300520896911621 0.0 198.2215118408203 72.7088623046875 265.5504150390625 3.705786 1.4126924 1.6416477 -15.97497 2.1258516 18.406786 1.5857349634170532 0.5033881068229675
Car 0.0 0 1.8841369152069092 374.6929016113281 166.18064880371094 409.9377746582031 185.14463806152344 4.4983625 1.6329379 1.7089636 -19.394041 1.0586708 64.39334 1.5915971994400024 0.34907519817352295
Car 0.0 0 -0.4142637848854065 1189.7974853515625 138.85983276367188 1242.0 172.71022033691406 4.005265 1.5427408 1.6226755 30.278126 -0.0067480206 34.275673 0.30928754806518555 0.29212066531181335
Car 0.0 0 -0.1971352994441986 706.6480102539062 163.10205078125 752.7937622070312 179.41114807128906 4.0884423 1.5291057 1.5936493 11.326904 0.61514205 68.51149 -0.0332888700067997 0.285293310880661
