Pedestrian 0.0 0 -2.226494073867798 1041.1722412109375 496.8192138671875 1068.472900390625 541.95068359375 0.97993696 1.9794221 0.7507611 10.601138 2.2180963 56.29344 -2.0403547286987305 0.22616255283355713
Pedestrian 0.0 0 -2.164076566696167 1129.3631591796875 492.1191711425781 1166.6732177734375 554.5274658203125 1.2813756 2.0745528 0.60756373 11.2088585 2.0955875 42.81671 -1.908035397529602 0.18957045674324036
Pedestrian 0.0 0 -2.534240245819092 1059.872802734375 490.4739074707031 1097.7861328125 551.9561157226562 1.0008643 2.0865993 0.8003625 9.04198 2.0515368 43.618504 -2.329838275909424 0.18371571600437164
Pedestrian 0.0 0 -0.1000669077038765 707.7335205078125 500.44927978515625 734.7235107421875 544.7224731445312 1.1204659 1.929106 0.7130078 -4.1910634 2.326358 55.811184 -0.17501984536647797 0.16586020588874817
Pedestrian 0.0 0 -1.0031756162643433 575.8531494140625 504.06805419921875 609.6082153320312 563.982177734375 1.2132391 2.1926434 0.69977117 -8.348913 2.668994 47.331913 -1.1777703762054443 0.1551361382007599
Pedestrian 0.0 0 -0.2066228687763214 282.6163024902344 442.2533874511719 376.37506103515625 593.7499389648438 1.2304317 2.2760146 0.7586905 -7.563257 1.5360495 19.678545 -0.5735570192337036 0.14528216421604156
Pedestrian 0.0 0 -2.626894235610962 317.4727478027344 452.1017150878906 403.78778076171875 594.6710815429688 1.0373169 2.067902 0.60938025 -6.741106 1.4963454 18.756681 -2.971916437149048 0.13513275980949402
Pedestrian 0.0 0 -2.108267307281494 1023.0881958007812 512.6414794921875 1051.2664794921875 557.3715209960938 1.1856531 2.0354877 0.7984015 10.2843895 3.0314474 58.983765 -1.9356430768966675 0.13362963497638702
Pedestrian 0.0 0 -2.9881229400634766 734.8433227539062 498.07366943359375 758.9846801757812 539.0089111328125 0.9540761 1.7690853 0.71273947 -3.0233333 2.0577054 55.26094 -3.042778491973877 0.13206151127815247
Pedestrian 0.0 0 -0.6712267994880676 1143.3333740234375 490.65728759765625 1186.1390380859375 563.0159301757812 1.1791903 2.2972116 0.6498717 11.207744 2.2702327 40.735695 -0.40273672342300415 0.12246774882078171
Pedestrian 0.0 0 -2.0535504817962646 1014.1184692382812 503.034912109375 1038.8531494140625 546.0023803710938 0.9825942 2.009487 0.79312414 9.978767 2.5622573 60.135063 -1.8891096115112305 0.11303211748600006
Pedestrian 0.0 0 -0.5690892934799194 578.8297729492188 480.0184631347656 638.4918212890625 628.832275390625 0.72249943 2.4049878 0.67889565 -3.4363692 2.2193193 20.960556 -0.7315883040428162 0.10878119617700577
Pedestrian 0.0 0 -0.27955660223960876 1016.4478149414062 501.7346496582031 1043.7208251953125 538.6558227539062 1.2177482 1.8507173 0.6927134 10.8231 2.3718946 64.12168 -0.11234266310930252 0.10753440856933594
Pedestrian 0.0 0 -0.39690929651260376 1121.88232421875 496.5832214355469 1153.04736328125 549.489013671875 0.9329907 1.9627202 0.70380783 12.038574 2.154701 47.479164 -0.1485876739025116 0.10150544345378876
Cyclist 0.0 0 -1.4918081760406494 1003.4483032226562 499.13702392578125 1020.2708740234375 540.733642578125 1.7244704 2.0338967 0.6953744 9.762701 2.4200742 63.17862 -1.3384953737258911 0.12280512601137161
Cyclist 0.0 0 -2.0354034900665283 1023.6198120117188 497.45989990234375 1049.384521484375 538.675048828125 1.2466087 1.8655987 0.680439 10.11961 2.142531 58.21992 -1.8633060455322266 0.10278154909610748
Car 0.0 0 -1.8555907011032104 1085.9378662109375 513.7706909179688 1154.3646240234375 555.2163696289062 4.201088 1.5760574 1.6457833 12.565097 2.5382998 52.595737 -1.6210864782333374 0.16541190445423126
Car 0.0 0 -1.5845882892608643 918.0420532226562 510.7507629394531 961.3076171875 561.0317993164062 3.7478375 1.7137079 1.5201869 4.509973 2.4506965 46.57063 -1.48804771900177 0.15664644539356232
Car 0.0 0 -1.0883668661117554 3.7252590656280518 495.9458312988281 244.3821563720703 617.3504028320312 3.6407611 1.604281 1.5926262 -10.0460415 1.676224 18.697311 -1.5814063549041748 0.14597518742084503
Car 0.0 0 -1.1181071996688843 401.656982421875 503.38739013671875 536.0697021484375 575.1460571289062 3.8822496 1.5949533 1.6187152 -8.379946 1.9040192 30.887743 -1.3830333948135376 0.140358567237854
Car 0.0 0 -1.4415510892868042 780.0258178710938 520.4201049804688 841.2133178710938 568.296630859375 3.5693722 1.4587232 1.6142138 -0.15016925 2.476744 42.71842 -1.4450664520263672 0.1307523399591446
Car 0.0 0 -2.124739646911621 997.8551635742188 519.8850708007812 1078.41015625 562.512451171875 3.671124 1.6789548 1.7505562 9.523687 2.9481778 54.611736 -1.9520869255065918 0.12467557936906815
Car 0.0 0 -1.3068485260009766 415.27313232421875 497.4062805175781 512.892333984375 561.7008056640625 3.8996196 1.6598935 1.6323264 -9.660183 1.832068 35.00781 -1.5760918855667114 0.11891411989927292
Car 0.0 0 -1.3735166788101196 618.0691528320312 513.3926391601562 687.0380859375 566.4517822265625 3.9500475 1.7195382 1.6707699 -5.7321167 2.5278344 44.743935 -1.500931978225708 0.11436915397644043
Car 0.0 0 1.392427682876587 726.9161987304688 514.028564453125 868.4495239257812 636.9756469726562 3.0270684 1.8036703 1.8121551 -0.3790064 2.2039807 20.848703 1.3742507696151733 0.11369170993566513
Car 0.0 0 -2.252854108810425 961.9346313476562 523.0445556640625 1056.9830322265625 571.2603149414062 3.5844383 1.6530653 1.6714171 7.274597 2.896494 47.96253 -2.1023287773132324 0.11237878352403641
Car 0.0 0 -2.0732614994049072 979.1172485351562 511.70074462890625 1056.4986572265625 553.780029296875 3.7421522 1.6228019 1.5776461 8.359262 2.4972734 52.813557 -1.9162850379943848 0.10862570255994797
Car 0.0 0 -0.76716148853302 322.9979553222656 515.7357177734375 563.3507080078125 634.6663208007812 3.5968933 1.6666341 1.641653 -5.9353385 2.0968142 20.517073 -1.0487618446350098 0.1031760573387146
Car 0.0 0 1.385063886642456 468.35015869140625 503.60052490234375 539.33154296875 559.1818237304688 3.8379915 1.6761646 1.5546273 -10.194049 2.0889661 41.159912 1.1422799825668335 0.10299398750066757
