Pedestrian 0.0 0 -0.9103537797927856 1054.92626953125 140.05233764648438 1139.698486328125 281.195068359375 0.82958204 1.8397536 0.5657877 6.559617 1.4125514 9.801468 -0.32056596875190735 0.40569454431533813
Car 0.0 0 1.7706892490386963 351.3041076660156 193.7056121826172 465.4403076171875 275.84783935546875 4.065277 1.4273177 1.5902236 -4.26581 1.9407747 15.67168 1.5049293041229248 0.9477583169937134
Car 0.0 0 1.9349794387817383 168.35255432128906 183.00634765625 414.38909912109375 356.5968322753906 3.2412703 1.6085631 1.5527074 -3.5374122 1.7519295 8.518252 1.5413751602172852 0.9146597385406494
Car 0.0 0 1.7895585298538208 476.05841064453125 183.7998046875 528.45361328125 221.5103302001953 4.160784 1.6932062 1.7058182 -5.306704 2.2686493 35.770336 1.6422778367996216 0.8804895281791687
Car 0.0 0 2.2477712631225586 0.0 201.2955780029297 277.062255859375 375.0 3.9138193 1.5432237 1.5895307 -3.4749954 1.7762215 3.9047618 1.520543098449707 0.8330346345901489
Car 0.0 0 -2.342825174331665 945.0332641601562 199.3967742919922 1242.0 375.0 3.6893232 1.4784061 1.5575767 3.2797465 1.6788373 3.5696244 -1.5997235774993896 0.7604151964187622
Car 0.0 0 -1.9592006206512451 748.0662841796875 152.33775329589844 1022.2408447265625 338.3446044921875 4.349908 1.8494127 1.6693529 3.1288335 1.6457834 9.397249 -1.6377933025360107 0.7435007095336914
Car 0.0 0 -1.6219950914382935 611.087158203125 182.33218383789062 632.37939453125 200.97247314453125 3.815676 1.4873749 1.6154658 0.9497165 2.3207355 61.47512 -1.606547474861145 0.3568492829799652
Car 0.0 0 1.7882392406463623 524.2403564453125 184.6188507080078 555.4801025390625 205.4555206298828 3.8939414 1.4669743 1.5735095 -5.3441496 2.3990703 55.11321 1.6915746927261353 0.3527916967868805
Car 0.0 0 -1.5043044090270996 498.0481872558594 174.09503173828125 516.7568969726562 190.09019470214844 4.010008 1.4672397 1.4989053 -9.740212 1.5890563 68.55829 -1.6454318761825562 0.31085094809532166
Car 0.0 0 1.337375521659851 491.0096740722656 190.58056640625 534.0423583984375 219.20565795898438 4.034325 1.5108144 1.641744 -5.8839664 2.620018 42.953926 1.2012395858764648 0.304103285074234
