Pedestrian 0.0 0 0.4078761339187622 384.2492980957031 179.6675262451172 432.0180358886719 270.841064453125 0.7459802 1.8036509 0.6382033 -4.1530313 1.9462173 14.69133 0.13237857818603516 0.410419762134552
Car 0.0 0 -1.8204764127731323 672.2926635742188 178.41607666015625 785.8067626953125 256.9452819824219 3.7936785 1.5620251 1.6516106 2.546861 1.7055111 16.59633 -1.6682050228118896 0.9761062264442444
Car 0.0 0 -1.7661058902740479 602.5636596679688 179.9496307373047 632.6904907226562 201.4617919921875 3.4849985 1.5242877 1.6125845 0.51371443 2.076109 54.21273 -1.756630301475525 0.9253442883491516
Car 0.0 0 3.3541252613067627 390.6140441894531 180.06997680664062 478.18646240234375 215.64566040039062 3.595078 1.5526489 1.6227255 -7.9450073 1.8885698 32.693188 3.115729331970215 0.79737389087677
Car 0.0 0 -2.306661367416382 671.6017456054688 177.32638549804688 731.8550415039062 205.27252197265625 3.5621529 1.5230163 1.4391941 5.2351427 1.7940264 41.79042 -2.182039260864258 0.6813453435897827
Car 0.0 0 3.4177258014678955 324.22607421875 191.1196746826172 475.02117919921875 239.7056121826172 4.389918 1.4691528 1.6395253 -6.7454214 2.0798512 23.274313 3.135632038116455 0.5928133130073547
Car 0.0 0 3.4524779319763184 288.7433776855469 173.27410888671875 430.9656677246094 229.6976318359375 3.4952183 1.5397676 1.6395127 -7.0906286 1.5525951 20.557112 3.120332717895508 0.5524269938468933
Car 0.0 0 3.4662556648254395 250.7013702392578 176.18177795410156 447.30120849609375 261.8826904296875 3.6214619 1.7229401 1.6219028 -5.511801 1.7982953 15.413515 3.122830629348755 0.5195214748382568
Car 0.0 0 3.429401397705078 278.03741455078125 181.97662353515625 445.017333984375 245.23974609375 3.705271 1.5035999 1.5464045 -6.232805 1.7453521 18.240585 3.10014009475708 0.49242374300956726
Car 0.0 0 3.089914321899414 408.5419616699219 180.24404907226562 488.3392333984375 213.5547332763672 3.6444952 1.5089363 1.632478 -7.7866106 1.8760431 34.527256 2.8681044578552246 0.379019558429718
Car 0.0 0 0.10085020959377289 418.4316711425781 170.9232635498047 508.6701965332031 206.43490600585938 4.4235387 1.7843678 1.7523435 -7.548756 1.6877115 37.34232 -0.09861196577548981 0.37324783205986023
