Pedestrian 0.0 0 2.826752185821533 757.0800170898438 160.77496337890625 785.8001098632812 219.74090576171875 0.7166567 1.8578925 0.68511975 5.4118857 1.2059957 23.001944 3.057828903198242 0.35166019201278687
Pedestrian 0.0 0 2.382145404815674 495.05841064453125 184.4565887451172 533.5048217773438 244.71755981445312 0.8266414 1.7050583 0.74523836 -2.5671017 1.7946385 20.932636 2.2601184844970703 0.3415694832801819
Pedestrian 0.0 0 1.3442213535308838 1164.3775634765625 111.2016830444336 1217.3009033203125 216.86074829101562 0.68480664 1.8073746 0.5833982 10.382692 0.6061517 12.721109 2.028749465942383 0.20009920001029968
Pedestrian 0.0 0 -3.014308214187622 700.8642578125 176.07164001464844 737.3123168945312 250.96705627441406 0.75823283 1.6863029 0.6279472 2.6852357 1.5652956 16.579693 -2.853743076324463 0.15051975846290588
Pedestrian 0.0 0 -1.6107354164123535 687.4601440429688 176.47320556640625 708.4240112304688 234.16497802734375 0.77304393 1.6230733 0.56355095 2.7345312 1.4827983 20.617443 -1.4788731336593628 0.13056734204292297
Car 0.0 0 1.8503531217575073 275.3961181640625 152.89279174804688 498.7691955566406 338.87921142578125 4.175203 1.9117485 1.6492178 -2.5537672 1.6190599 9.482028 1.587268590927124 0.8440279364585876
Car 0.0 0 2.2677345275878906 0.0 0.0 363.2677307128906 374.0 4.2146297 1.8244065 1.669279 -2.7891736 1.2878281 3.4987307 1.5947058200836182 0.7022128105163574
Car 0.0 0 -1.7021158933639526 649.1048583984375 174.25741577148438 690.5323486328125 207.17547607421875 4.1310997 1.6781814 1.6843808 3.6237836 1.309818 38.714565 -1.6087852716445923 0.5533504486083984
Car 0.0 0 -1.4191806316375732 750.9915771484375 158.3999481201172 777.0079345703125 181.8069305419922 4.2278175 2.1064272 1.7466662 15.214481 0.028011769 66.92825 -1.1956541538238525 0.1435876041650772
Car 0.0 0 2.0647330284118652 214.39707946777344 120.40351867675781 371.5060119628906 207.17445373535156 3.3427162 1.4843879 1.3837215 -5.8849535 0.44049305 14.01612 1.66721510887146 0.14151647686958313
Car 0.0 0 1.5320662260055542 560.4990234375 171.3580322265625 582.8319702148438 192.6490478515625 4.199428 1.6476134 1.6259943 -2.400372 0.86331767 57.744217 1.4905210733413696 0.12745194137096405
