Pedestrian 0.0 0 -1.6356141567230225 723.02880859375 132.72735595703125 791.3341064453125 303.3477478027344 0.787676 1.6611893 0.6334262 1.5030981 1.1977625 7.3126106 -1.4328889846801758 0.8242174386978149
Pedestrian 0.0 0 1.592341423034668 491.15167236328125 138.11878967285156 527.574462890625 235.28724670410156 0.8045638 1.7663721 0.6582869 -1.832778 0.99758714 13.285628 1.4552547931671143 0.7915211319923401
Pedestrian 0.0 0 0.6849117279052734 995.255615234375 144.32272338867188 1122.892578125 338.7798156738281 0.84587187 1.7105443 0.573797 4.2306123 1.3940125 6.7067347 1.247671365737915 0.788683295249939
Pedestrian 0.0 0 1.154873013496399 493.5741882324219 137.20167541503906 578.2293701171875 310.92138671875 0.95800036 1.7381091 0.56386167 -0.81264764 1.3065927 7.625009 1.0486972332000732 0.7883145213127136
Pedestrian 0.0 0 -0.5159931182861328 877.3053588867188 166.40895080566406 928.654052734375 238.07106018066406 1.0042647 1.7663567 0.6433385 7.45775 1.4206319 17.801792 -0.119272880256176 0.736943781375885
Pedestrian 0.0 0 0.9280943870544434 908.6380004882812 137.51480102539062 1033.5008544921875 341.144775390625 0.888579 1.8005165 0.65135634 3.4073222 1.4221389 6.740951 1.3961052894592285 0.6681113243103027
Pedestrian 0.0 0 1.300959587097168 806.4938354492188 137.03611755371094 883.0184326171875 308.3132019042969 0.6460213 1.6334088 0.56913835 2.3310766 1.2206062 7.0743155 1.6192675828933716 0.6146652102470398
Pedestrian 0.0 0 1.3338966369628906 659.998046875 142.67677307128906 719.9628295898438 281.5222473144531 0.81185544 1.7408924 0.6046381 1.0545539 1.2683291 9.300447 1.4468019008636475 0.6110424399375916
Pedestrian 0.0 0 1.4967819452285767 612.678955078125 134.78451538085938 645.1303100585938 227.65882873535156 0.6410551 1.7455313 0.5760324 0.41070628 0.88796514 13.616544 1.52693510055542 0.5506311058998108
Pedestrian 0.0 0 -2.6380386352539062 239.05882263183594 160.85906982421875 268.5987548828125 209.7134246826172 0.7396491 1.7425847 0.64088446 -12.713512 1.0435374 25.550377 -3.0997531414031982 0.5425827503204346
Pedestrian 0.0 0 1.367272973060608 658.6168823242188 130.93032836914062 697.8994750976562 226.625732421875 0.7332489 1.807645 0.6215962 1.37311 0.8729304 13.747774 1.466821551322937 0.5315646529197693
Pedestrian 0.0 0 -2.372464418411255 290.3634948730469 143.55804443359375 351.242431640625 245.7439727783203 0.7963549 1.7448651 0.6139586 -5.0655413 1.1157141 12.502002 -2.7574269771575928 0.5228162407875061
Pedestrian 0.0 0 0.7536802291870117 236.85784912109375 137.53179931640625 307.0345458984375 249.67068481445312 0.8609601 1.767417 0.59939003 -5.4834533 1.0918528 11.555727 0.3106215000152588 0.46354740858078003
Pedestrian 0.0 0 0.5952947735786438 1034.484375 177.54541015625 1080.9847412109375 239.23106384277344 0.8650426 1.7410264 0.746946 13.08506 1.6592093 20.49598 1.1634868383407593 0.45468538999557495
Pedestrian 0.0 0 0.8565086126327515 549.8038940429688 129.43357849121094 640.5469360351562 288.540771484375 0.8735501 1.7992127 0.693061 -0.17407359 1.2234299 8.546864 0.8361444473266602 0.3546735346317291
Pedestrian 0.0 0 1.9924867153167725 353.64715576171875 152.38427734375 376.28564453125 192.43821716308594 0.9988915 1.9356097 0.7063418 -11.787674 0.57835627 34.693672 1.66495943069458 0.3482062518596649
Pedestrian 0.0 0 1.705766201019287 565.9683837890625 141.48117065429688 599.7682495117188 231.56016540527344 0.6011671 1.6670405 0.56725514 -0.45640486 0.94657934 13.407612 1.671738624572754 0.3385086953639984
Pedestrian 0.0 0 -1.8918392658233643 710.6856689453125 136.89688110351562 770.5164794921875 271.2734375 0.7732348 1.6600829 0.5398476 1.6925825 1.1230903 9.1499815 -1.7089248895645142 0.3123672902584076
Pedestrian 0.0 0 -1.3093520402908325 306.9637451171875 135.79629516601562 334.91583251953125 194.64767456054688 0.83464617 1.8464496 0.6380123 -9.116389 0.44543263 22.631453 -1.6922866106033325 0.3106209933757782
Pedestrian 0.0 0 1.472154140472412 488.9664611816406 149.18092346191406 502.696044921875 183.91302490234375 1.5260813 1.7749995 0.558903 -5.7229376 0.1758468 36.937748 1.31844162940979 0.12858650088310242
Cyclist 0.0 0 1.590638279914856 489.88360595703125 148.58486938476562 501.3422546386719 183.40843200683594 1.5071055 1.7805362 0.5640555 -5.7204614 0.1501313 36.931038 1.4369637966156006 0.37514376640319824
Cyclist 0.0 0 0.7870878577232361 239.14939880371094 137.91053771972656 315.6580810546875 252.05758666992188 1.0391837 1.7930303 0.56411076 -5.3920074 1.1256883 11.544577 0.35013794898986816 0.19470012187957764
Cyclist 0.0 0 0.7393186688423157 283.7899169921875 142.95782470703125 349.6598205566406 247.30577087402344 0.9359708 1.7800713 0.5722735 -5.131784 1.141287 12.485612 0.3493521213531494 0.16900427639484406
