Pedestrian 0.0 0 0.4951585531234741 364.7059631347656 162.7054901123047 378.2322998046875 183.94012451171875 1.0493479 1.8557694 0.43052223 -20.966446 0.9692142 63.358585 0.175584077835083 0.4986257255077362
Pedestrian 0.0 0 0.19300557672977448 524.6373901367188 164.6922607421875 535.2744750976562 185.93157958984375 0.8161362 1.7988685 0.51661617 -6.832326 1.1079664 61.399033 0.0821840763092041 0.3280278742313385
Cyclist 0.0 0 -0.14821651577949524 686.8486938476562 106.82527923583984 768.2907104492188 183.66725158691406 1.8163148 1.779042 0.69041437 2.7102091 0.25070596 17.055962 0.009366989135742188 0.32103830575942993
Cyclist 0.0 0 1.3671132326126099 956.9857177734375 137.86453247070312 979.4824829101562 179.159423828125 1.5464559 1.784119 0.59021723 15.832626 0.27277923 31.993576 1.8266475200653076 0.3010976016521454
Car 0.0 0 2.00305438041687 238.8948974609375 178.89450073242188 306.39703369140625 212.4994354248047 3.7348402 1.4943341 1.5076611 -16.141453 1.8002452 34.62518 1.5668295621871948 0.9599261283874512
Car 0.0 0 -1.5370949506759644 532.2119750976562 179.4574432373047 559.9676513671875 204.35260009765625 3.7816463 1.4892721 1.64271 -4.0797443 1.9294213 46.11905 -1.62532639503479 0.8948096632957458
Car 0.0 0 -1.5951132774353027 583.5858764648438 181.01119995117188 616.005615234375 211.20816040039062 3.7145152 1.464653 1.603372 -0.6137317 1.9148886 37.90257 -1.6113041639328003 0.8708069920539856
Car 0.0 0 -1.4329159259796143 481.30828857421875 159.3134765625 514.9588623046875 185.4647979736328 3.5737226 1.569623 1.6043577 -6.9836087 0.7572679 45.103764 -1.5865304470062256 0.7050396203994751
Car 0.0 0 -0.8206418752670288 1168.19287109375 113.34012603759766 1242.0 174.6682586669922 3.574317 1.5234518 1.4965461 16.81907 0.045425892 18.829544 -0.09158097207546234 0.5558300614356995
Car 0.0 0 1.5620787143707275 830.3828735351562 152.8028564453125 859.4485473632812 180.2609405517578 4.076003 1.7013183 1.722134 15.21393 0.45929602 46.90665 1.8757179975509644 0.4191351532936096
Car 0.0 0 0.8176933526992798 900.0484008789062 151.1775665283203 980.0279541015625 179.54161071777344 4.1059365 1.4760575 1.6344874 18.055658 0.34837952 39.75255 1.2440356016159058 0.40244436264038086
Car 0.0 0 -0.36849135160446167 803.0424194335938 158.12107849121094 854.5255737304688 177.3621826171875 3.6144257 1.5195394 1.6168789 17.515171 0.35638556 57.92099 -0.07483632862567902 0.3525131046772003
Car 0.0 0 1.909460425376892 360.6393127441406 166.4295654296875 394.8594970703125 185.4950408935547 4.221016 1.6679608 1.6378096 -20.975544 1.1062703 65.25404 1.5984477996826172 0.31784677505493164
Car 0.0 0 -1.2913459539413452 516.6768188476562 166.20973205566406 547.1758422851562 185.58277893066406 3.92762 1.6365545 1.6298627 -6.8031955 1.0756327 63.02405 -1.3988755941390991 0.302991658449173
