Pedestrian 0.0 0 2.154956340789795 320.3597412109375 163.3645477294922 379.2025451660156 233.7416229248047 1.6361376 1.6233555 0.53144795 -6.2747035 1.1204566 17.435442 1.8095052242279053 0.19871751964092255
Pedestrian 0.0 0 -0.04449889063835144 397.04815673828125 170.67991638183594 423.8228759765625 240.14601135253906 0.61313695 1.6913635 0.6422318 -4.9640765 1.3385769 17.899261 -0.31503385305404663 0.14990128576755524
Cyclist 0.0 0 2.137420892715454 320.4748840332031 161.24378967285156 378.4416809082031 230.59507751464844 1.6425781 1.6007392 0.5270859 -6.2868886 1.0485605 17.447641 1.791574239730835 0.38234183192253113
Car 0.0 0 -1.748982310295105 537.5726928710938 164.09547424316406 583.2158813476562 194.6190643310547 3.7978942 1.4650086 1.6581284 -2.4911804 0.4524551 36.542137 -1.8170498609542847 0.9383651614189148
Car 0.0 0 -1.6474506855010986 465.1758117675781 164.70896911621094 501.32830810546875 192.76531982421875 3.576541 1.3682184 1.5545028 -6.474761 0.36930254 36.97751 -1.8207933902740479 0.9283393621444702
Car 0.0 0 2.963866949081421 492.53173828125 171.7443084716797 546.066162109375 192.44264221191406 3.8095233 1.5306271 1.5598607 -6.726413 0.5355589 54.464092 2.84098744392395 0.3135114908218384
Car 0.0 0 0.7088766694068909 45.5533561706543 181.17312622070312 137.02291870117188 209.60870361328125 3.6510882 1.4073168 1.5379773 -26.216324 1.2083755 36.496273 0.08595514297485352 0.21359580755233765
Car 0.0 0 1.3291707038879395 410.3310852050781 167.794921875 453.4709167480469 194.11923217773438 4.361796 1.6004746 1.6802288 -11.329762 0.542451 46.02311 1.0877947807312012 0.20132018625736237
Car 0.0 0 2.023341417312622 520.376708984375 164.12301635742188 555.5435180664062 183.15093994140625 3.857131 1.6504103 1.6397244 -6.2730784 -0.19128984 64.89482 1.9269754886627197 0.19063609838485718
Car 0.0 0 2.6411592960357666 415.8467102050781 178.00938415527344 476.0133056640625 199.79884338378906 3.9269235 1.5089756 1.6174339 -11.626112 1.0110514 51.683117 2.4198925495147705 0.17590494453907013
Car 0.0 0 -0.22324129939079285 490.9045104980469 173.40097045898438 552.6693725585938 196.0965576171875 3.8022978 1.4550564 1.5336827 -5.7007694 0.6987248 47.444683 -0.34282413125038147 0.1692899763584137
Car 0.0 0 1.7899932861328125 396.76812744140625 172.8616180419922 441.3854675292969 201.32237243652344 3.757167 1.452338 1.5369896 -10.098934 0.823047 38.58466 1.5340012311935425 0.13300062716007233
