Pedestrian 0.0 0 2.0043067932128906 234.9368133544922 125.9627914428711 287.5511474609375 214.48741149902344 0.866227 1.8242667 0.70810384 -7.43394 0.8583162 15.30594 1.5521727800369263 0.676286518573761
Pedestrian 0.0 0 1.600441813468933 801.77978515625 137.18490600585938 824.2064819335938 198.43807983398438 0.822077 1.751366 0.6094408 5.897672 0.7318646 21.110716 1.8728649616241455 0.6155169010162354
Pedestrian 0.0 0 2.071579933166504 987.99169921875 88.86203002929688 1066.249755859375 230.42860412597656 0.790911 1.8286703 0.6169426 5.602721 0.74407125 9.787333 2.5914928913116455 0.6037212014198303
Pedestrian 0.0 0 1.0482125282287598 774.7257690429688 119.38768768310547 821.235107421875 227.3049774169922 0.6436347 1.7516752 0.49748212 3.0891154 0.8841867 12.085865 1.2984522581100464 0.5426985025405884
Pedestrian 0.0 0 1.815895676612854 697.4381713867188 146.25155639648438 720.6890258789062 194.52919006347656 0.8382284 1.8130081 0.70034206 3.7526827 0.8143433 27.61286 1.9509716033935547 0.49804896116256714
Cyclist 0.0 0 1.600441813468933 801.77978515625 137.18490600585938 824.2064819335938 198.43807983398438 0.822077 1.751366 0.6094408 5.897672 0.7318646 21.110716 1.8728649616241455 0.12185452878475189
Car 0.0 0 -1.898675560951233 775.776123046875 183.64878845214844 1068.0703125 375.0 3.7506187 1.5985202 1.6624721 2.9607987 1.7450157 7.864205 -1.5385987758636475 0.9585948586463928
Car 0.0 0 -1.7659021615982056 694.0118408203125 186.06211853027344 800.7793579101562 266.45697021484375 3.8535676 1.5349386 1.619757 2.9230328 1.8702189 16.352283 -1.5890165567398071 0.9552520513534546
Car 0.0 0 1.9999921321868896 33.27543640136719 205.1894073486328 357.2778625488281 375.0 3.9706717 1.5145724 1.7075366 -4.478926 1.9864113 8.487684 1.5144331455230713 0.9492641091346741
Car 0.0 0 1.8423751592636108 301.6667785644531 188.37872314453125 441.4329528808594 295.6759033203125 3.7517195 1.6971034 1.5769904 -4.4501915 2.036859 13.86618 1.5318211317062378 0.9476369023323059
Car 0.0 0 -1.7551555633544922 675.24853515625 184.61097717285156 751.6298828125 240.32980346679688 3.9473383 1.5187064 1.6393076 3.0810318 1.9188843 22.523619 -1.6192080974578857 0.9355063438415527
Car 0.0 0 1.8077495098114014 394.8456115722656 184.96470642089844 495.68701171875 261.8283386230469 4.2763495 1.7651943 1.670413 -4.329036 2.1273155 19.398197 1.588180422782898 0.914880633354187
Car 0.0 0 -2.364187479019165 0.0 0.0 1242.0 375.0 3.736127 1.4941229 1.5849087 2.608601 1.6696497 1.9149389 -1.4266295433044434 0.6214779615402222
