Pedestrian 0.0 0 1.6883867979049683 727.6148681640625 170.21432495117188 751.7899169921875 226.88690185546875 1.0421729 1.8519007 0.6815877 4.3073273 1.7660013 24.172554 1.8647267818450928 0.16048409044742584
Cyclist 0.0 0 1.9913111925125122 185.30931091308594 180.4029998779297 215.7359619140625 219.56065368652344 1.8319391 1.7240263 0.5110364 -18.784525 2.0801187 33.062267 1.4746356010437012 0.5548281669616699
Cyclist 0.0 0 -3.4546656608581543 983.4874267578125 166.603759765625 1070.44384765625 274.23779296875 1.2117181 1.8414665 0.5724043 7.290934 1.7348918 12.746099 -2.9350790977478027 0.15745729207992554
Car 0.0 0 1.5141347646713257 586.3145141601562 172.3433380126953 625.79150390625 208.1717987060547 4.5513754 1.7761451 1.8155899 -0.30550995 1.7511882 38.09607 1.506115436553955 0.5443611741065979
Car 0.0 0 0.9619741439819336 850.4342041015625 183.79129028320312 907.76416015625 210.779052734375 3.6996675 1.538135 1.4700285 16.574326 2.245998 44.69648 1.3170746564865112 0.3572767674922943
Car 0.0 0 2.134089946746826 138.3330078125 186.20314025878906 223.349609375 221.46856689453125 3.89402 1.4572685 1.5237036 -19.716703 2.1096253 33.270817 1.599120020866394 0.2980438470840454
Car 0.0 0 2.699660539627075 755.4075927734375 174.0764617919922 803.8764038085938 190.09571838378906 3.9757662 1.4258353 1.6295302 15.395885 1.5394297 65.61878 2.9301183223724365 0.27190113067626953
Car 0.0 0 1.0424689054489136 776.082275390625 183.7981719970703 823.2640991210938 207.34742736816406 3.9305975 1.63621 1.6696433 14.171306 2.491062 54.215603 1.298136591911316 0.2262151539325714
Car 0.0 0 1.0050588846206665 808.2324829101562 187.86526489257812 864.0117797851562 212.85275268554688 4.1081448 1.5427387 1.7004994 15.384239 2.6167479 49.39906 1.3069666624069214 0.1458238959312439
Car 0.0 0 1.9290995597839355 531.1320190429688 175.96792602539062 563.1648559570312 193.29920959472656 3.7955458 1.4728572 1.6071357 -5.5681963 1.7586546 64.09361 1.8424410820007324 0.14425970613956451
