Pedestrian 0.0 0 -1.9375483989715576 295.7049865722656 142.6298065185547 333.67999267578125 208.9263153076172 0.8277491 1.6565056 0.64859635 -7.64348 0.901672 18.54935 -2.328409433364868 0.6739299297332764
Cyclist 0.0 0 -1.7702512741088867 855.4301147460938 142.88626098632812 878.531005859375 187.2969207763672 1.7851019 1.7995386 0.56340194 10.685585 0.5855911 30.157545 -1.4297282695770264 0.33782288432121277
Cyclist 0.0 0 -2.029879570007324 868.0462646484375 130.14549255371094 902.4766235351562 182.64698791503906 1.4358573 1.8748075 0.6055789 10.053213 0.35006118 26.506859 -1.6673719882965088 0.24989216029644012
Car 0.0 0 1.538493275642395 374.2462463378906 175.19468688964844 417.6838073730469 217.55282592773438 3.8118715 1.5598477 1.5300298 -8.646586 1.6604389 28.84489 1.2472553253173828 0.6834630966186523
Car 0.0 0 3.474376678466797 261.1487731933594 171.9418487548828 307.9312438964844 188.23353576660156 3.70085 1.5136448 1.5987953 -30.659992 1.429255 67.99846 3.050780773162842 0.5424984693527222
Car 0.0 0 -0.2656373977661133 723.056640625 159.54156494140625 782.3916625976562 181.77700805664062 3.9704823 1.6008415 1.6619695 10.411593 0.6427704 52.914787 -0.07135768234729767 0.4450238049030304
Car 0.0 0 -1.6609472036361694 680.7354125976562 148.6512451171875 726.9474487304688 187.76988220214844 3.6841795 1.5593345 1.6066488 3.8828387 0.5949302 30.628736 -1.534848690032959 0.35534507036209106
Car 0.0 0 2.479560375213623 1084.3447265625 133.2356719970703 1222.69921875 175.28758239746094 4.286118 1.6298364 1.693352 21.614595 0.09467831 28.849724 3.1225576400756836 0.3039124608039856
Car 0.0 0 2.9844970703125 591.89111328125 165.80776977539062 632.79296875 182.1280975341797 3.64446 1.5124854 1.6018168 0.18768086 0.85983396 67.93726 2.98725962638855 0.277059942483902
Car 0.0 0 1.7089533805847168 463.94415283203125 173.09640502929688 491.3621826171875 195.2812042236328 4.25011 1.7952293 1.6971054 -11.0963 1.8166703 60.592 1.5278289318084717 0.2673237919807434
Car 0.0 0 -0.872585654258728 946.3778076171875 153.6023406982422 1025.867431640625 183.1431121826172 4.0614414 1.5716116 1.6874701 20.786158 0.5477532 39.94079 -0.3927323818206787 0.26413583755493164
Car 0.0 0 -0.546332836151123 231.2764892578125 159.8407440185547 300.45672607421875 185.76853942871094 3.8239028 1.6327143 1.6219244 -22.620865 0.81360704 47.4774 -0.9909679889678955 0.2597897946834564
Car 0.0 0 0.9163114428520203 828.8291625976562 164.38320922851562 898.1378784179688 191.95704650878906 4.092849 1.5162472 1.6337298 14.596073 1.0508077 41.872967 1.2517205476760864 0.25194093585014343
Car 0.0 0 1.7275580167770386 747.6346435546875 147.55413818359375 790.2319946289062 178.3336639404297 4.253968 1.6473494 1.7162408 9.025774 0.293635 40.90808 1.9447144269943237 0.24770839512348175
