Pedestrian 0.0 0 -2.9886646270751953 1207.485107421875 488.5144348144531 1246.0167236328125 579.1566162109375 0.6631196 1.8971454 0.83228904 8.763646 1.8345096 27.02699 -2.6751065254211426 0.20495259761810303
Pedestrian 0.0 0 -0.810165286064148 1476.018310546875 502.69598388671875 1519.1041259765625 552.020751953125 1.5514857 2.0144525 0.69718385 28.27088 2.4838314 52.553898 -0.31662777066230774 0.17353245615959167
Pedestrian 0.0 0 -0.7975607514381409 1547.90380859375 499.4393615722656 1591.181640625 558.5298461914062 1.2040424 2.0938056 0.69203776 27.057877 2.381834 45.49521 -0.26101696491241455 0.169475257396698
Pedestrian 0.0 0 3.002824306488037 937.7760620117188 497.75592041015625 965.5366821289062 553.1902465820312 0.92319334 1.9919024 0.62337214 4.9044137 2.2200246 45.905773 3.109257221221924 0.1482492983341217
Pedestrian 0.0 0 -3.3219223022460938 1430.3455810546875 505.4739685058594 1465.3082275390625 555.7923583984375 1.1979129 2.0783231 0.74675614 26.485825 2.670009 53.124477 -2.8594260215759277 0.14493721723556519
Pedestrian 0.0 0 -0.51679927110672 1539.9930419921875 499.2575988769531 1589.234619140625 561.7605590820312 1.0828496 1.859729 0.67688334 22.516 2.09512 38.11496 0.01678299903869629 0.14039775729179382
Pedestrian 0.0 0 0.3245841860771179 157.8809051513672 441.17816162109375 299.4095153808594 653.8209228515625 1.1655477 2.1139376 0.66150177 -6.001645 1.6136047 12.981681 -0.1084647923707962 0.1282206028699875
Pedestrian 0.0 0 -1.8121602535247803 748.224609375 495.4644470214844 801.0894775390625 630.8124389648438 1.1242644 2.1803424 0.6278477 -0.70159644 2.2481205 21.063744 -1.8454562425613403 0.12114988267421722
Pedestrian 0.0 0 -2.3981614112854004 0.0 477.41778564453125 62.28263473510742 586.2538452148438 1.0308396 2.1485205 0.6761704 -15.849017 1.8703854 25.427809 -2.955533504486084 0.11736488342285156
Cyclist 0.0 0 -1.716621994972229 1563.641845703125 503.9513244628906 1592.430908203125 560.7185668945312 1.357251 1.9964778 0.69897854 27.44076 2.4523664 45.633766 -1.175228238105774 0.20725984871387482
Cyclist 0.0 0 -1.7963457107543945 1505.63525390625 497.9830017089844 1535.9100341796875 551.4313354492188 1.8132367 2.018416 0.6342482 27.2562 2.2739692 49.016277 -1.2888585329055786 0.17870835959911346
Cyclist 0.0 0 -1.6422666311264038 1496.4586181640625 507.9343566894531 1518.39453125 556.0635986328125 1.7171178 1.9443628 0.6803965 28.761017 2.6400998 52.71368 -1.1428015232086182 0.16112534701824188
Car 0.0 0 -1.0503134727478027 0.0 500.41473388671875 136.49307250976562 565.6661987304688 3.9543986 1.7197433 1.5880525 -21.110931 1.9862597 35.90525 -1.5818346738815308 0.32679614424705505
Car 0.0 0 -1.9787793159484863 920.0503540039062 512.07763671875 1027.8958740234375 577.40869140625 4.12142 1.7101414 1.5939502 4.5004687 2.34266 36.738884 -1.8568878173828125 0.2628553509712219
Car 0.0 0 -2.334726572036743 1478.84765625 517.9321899414062 1600.0 578.046875 3.3633766 1.7291764 1.7312936 22.858957 2.5998716 39.88714 -1.8143281936645508 0.23836110532283783
Car 0.0 0 -1.0102468729019165 0.0 505.0089111328125 70.55541229248047 592.844970703125 4.015776 1.7031224 1.6170502 -17.973675 2.0147645 27.20464 -1.594096302986145 0.23157773911952972
Car 0.0 0 -1.0709121227264404 0.0 503.5694885253906 61.881412506103516 565.8888549804688 4.106658 1.650991 1.6654743 -23.661697 2.0185354 36.477722 -1.6463459730148315 0.1538543552160263
Car 0.0 0 -1.4100584983825684 54.23126220703125 526.8150634765625 175.24371337890625 621.649169921875 4.028683 1.7307285 1.6131123 -14.794775 2.5410123 26.894873 -1.912975788116455 0.1506078839302063
Car 0.0 0 -0.5017114877700806 0.0 0.0 1600.0 900.0 3.9705608 1.7254958 1.6348962 -3.9359477 1.6942778 1.9294804 -1.6167147159576416 0.14649277925491333
Car 0.0 0 -1.9493672847747803 942.4496459960938 509.5241394042969 1030.357666015625 561.6890869140625 4.1639214 1.6522454 1.5855664 5.8280077 2.3076036 43.85261 -1.8172416687011719 0.1426335871219635
Car 0.0 0 1.7705638408660889 203.92465209960938 521.039306640625 372.80499267578125 637.544677734375 3.9186945 1.7730106 2.0081677 -9.220548 2.3460035 22.45782 1.3809771537780762 0.14002357423305511
Car 0.0 0 -0.7628492116928101 0.0 500.593505859375 19.126333236694336 574.5259399414062 3.799431 1.6081489 1.602775 -21.151722 1.8383248 30.061775 -1.3759928941726685 0.13179408013820648
Car 0.0 0 -1.5616430044174194 748.9647216796875 501.37481689453125 795.9994506835938 547.572509765625 4.003996 1.5788944 1.639436 -1.5766361 1.9543811 46.167793 -1.5957798957824707 0.1204245463013649
