Pedestrian 0.0 0 -2.2426400184631348 815.1786499023438 176.58815002441406 833.0053100585938 201.19593811035156 1.0364517 1.6458085 0.65911955 14.518094 1.9031113 49.042076 -1.9548261165618896 0.1929999142885208
Pedestrian 0.0 0 -3.461644172668457 1013.9814453125 173.25204467773438 1048.7210693359375 214.4810028076172 1.1344197 1.7634856 0.7159667 18.24851 1.7813898 31.335653 -2.9342992305755615 0.14325010776519775
Pedestrian 0.0 0 2.379384994506836 1184.740966796875 155.59103393554688 1242.0 304.273681640625 0.64240634 1.6661958 0.49772963 7.1167116 1.4730979 8.349649 3.0852339267730713 0.131183922290802
Car 0.0 0 1.8688009977340698 358.552001953125 187.01014709472656 407.39093017578125 214.27975463867188 3.7975636 1.3773562 1.5573974 -12.658547 2.2061937 40.321217 1.5646023750305176 0.8644844889640808
Car 0.0 0 -1.5122005939483643 600.7189331054688 175.49417114257812 632.8321533203125 202.3751220703125 4.202534 1.5686301 1.746876 0.432374 1.7403811 44.681828 -1.5025241374969482 0.8519856333732605
Car 0.0 0 -0.9060511589050293 0.0 204.4883270263672 65.13776397705078 276.6139221191406 4.0587797 1.4305081 1.6991036 -16.092773 2.3201725 18.205109 -1.629939079284668 0.6983065605163574
Car 0.0 0 -0.33019715547561646 1058.7125244140625 150.2281494140625 1186.9449462890625 186.9921875 4.0471253 1.4612713 1.5946616 21.170845 0.5623127 30.00916 0.2841968536376953 0.3187795579433441
Car 0.0 0 -0.23587773740291595 699.4205932617188 181.7193603515625 784.583984375 211.7246856689453 3.8908188 1.4298556 1.606301 6.4772797 1.8817348 35.8331 -0.057046350091695786 0.17701315879821777
Car 0.0 0 1.1580158472061157 775.403564453125 183.6907958984375 813.8452758789062 204.9291229248047 3.5187063 1.5006387 1.5381477 13.937866 2.3511195 54.739277 1.4073406457901 0.13361573219299316
Car 0.0 0 1.3218979835510254 751.7974853515625 188.36549377441406 792.7750854492188 212.69473266601562 4.33812 1.4581978 1.6452557 10.757395 2.542614 48.231262 1.5413440465927124 0.13322435319423676
