Pedestrian 0.0 0 -1.37876296043396 1092.90576171875 517.062255859375 1155.5377197265625 570.9542846679688 1.3697153 1.7664621 1.8621624 10.578871 2.664257 43.48025 -1.1400973796844482 0.9586451649665833
Pedestrian 0.0 0 -3.4690356254577637 1427.5616455078125 480.1385498046875 1465.80322265625 537.4227905273438 1.1657978 2.063938 0.4273296 22.853601 1.6543314 45.91851 -3.007230520248413 0.3595542013645172
Pedestrian 0.0 0 -0.387406587600708 958.056884765625 475.1103820800781 1018.156005859375 596.2836303710938 0.8957007 2.1487896 0.6533699 3.1005313 1.8580238 22.88593 -0.2527488172054291 0.351115882396698
Pedestrian 0.0 0 -1.7142354249954224 890.2889404296875 485.1868591308594 933.4327392578125 610.1422729492188 1.0981032 2.2974715 0.6598169 1.7917248 2.1812658 23.855106 -1.6392675638198853 0.22124136984348297
Pedestrian 0.0 0 -0.6177001595497131 0.0 494.65972900390625 36.66728210449219 588.40625 1.1585289 2.0203502 0.7021582 -18.032335 2.0917325 28.006042 -1.189756155014038 0.19531965255737305
Pedestrian 0.0 0 -3.10455060005188 968.734619140625 501.7015075683594 999.78955078125 556.1641845703125 1.1743519 2.0969722 0.73089325 6.55519 2.4982598 49.391605 -2.9726030826568604 0.17794755101203918
Pedestrian 0.0 0 0.13260069489479065 634.9024047851562 486.7765808105469 672.977294921875 557.1616821289062 0.9812081 1.9793266 0.7622592 -4.608361 1.8462975 35.997143 0.005273103713989258 0.16537965834140778
Pedestrian 0.0 0 -0.9150792956352234 79.08949279785156 452.1748352050781 162.36676025390625 585.6954345703125 1.0111971 2.2842336 0.8384291 -12.194486 1.6113486 22.22943 -1.4168269634246826 0.16016489267349243
Pedestrian 0.0 0 -3.415578603744507 1572.6676025390625 480.2564697265625 1600.0 590.5191040039062 0.8546647 1.915175 0.68005526 13.986016 1.719761 22.442606 -2.8582816123962402 0.14856483042240143
Pedestrian 0.0 0 -0.5137680172920227 1488.157958984375 504.7337951660156 1529.89404296875 560.75 1.1799072 2.104154 0.7404798 26.320814 2.6107552 48.12741 -0.013309030793607235 0.14043904840946198
Pedestrian 0.0 0 -1.0697940587997437 1467.959716796875 438.8895263671875 1600.0 718.9146118164062 0.7982736 2.4468544 0.7842421 6.583419 1.9870832 11.609378 -0.5539340376853943 0.14030306041240692
Pedestrian 0.0 0 -3.0925002098083496 993.017578125 497.8175964355469 1014.2457275390625 542.0739135742188 0.8395429 1.8297489 0.8126125 7.8404474 2.0961227 52.976463 -2.945568084716797 0.1361950784921646
Cyclist 0.0 0 -1.4453948736190796 1497.099365234375 504.84954833984375 1531.0167236328125 571.5897827148438 2.0846124 2.0533414 0.6927022 22.284092 2.490297 40.427757 -0.9416248798370361 0.3095076084136963
Cyclist 0.0 0 -2.127034902572632 1516.23486328125 505.48651123046875 1557.5958251953125 560.554931640625 1.446437 2.001082 0.67578125 26.806763 2.5294383 47.128696 -1.6098732948303223 0.23687943816184998
Cyclist 0.0 0 -1.1581528186798096 221.691162109375 479.527587890625 276.01544189453125 557.8715209960938 1.7816577 2.0798948 0.6942742 -15.44506 1.76186 34.514786 -1.5789183378219604 0.20345757901668549
Cyclist 0.0 0 -1.0506011247634888 636.167236328125 506.56304931640625 669.9798583984375 561.3139038085938 1.4989176 2.1134703 0.6719142 -6.4559703 2.719542 50.158188 -1.1786094903945923 0.19339823722839355
Cyclist 0.0 0 -0.5375658869743347 0.0 488.642822265625 48.68293380737305 579.0491333007812 1.1892236 1.9462479 0.6537074 -17.727606 1.8845863 27.94127 -1.1029386520385742 0.14253562688827515
Car 0.0 0 -1.8129750490188599 735.296630859375 513.6085815429688 809.4156494140625 564.1007690429688 4.3043776 1.5894736 1.5923789 -1.5852479 2.4000385 44.157383 -1.8488595485687256 0.37789544463157654
Car 0.0 0 -2.4006733894348145 1587.837890625 514.9393920898438 1600.0 566.9912109375 3.846784 1.6467044 1.6032737 29.058712 2.498593 43.980263 -1.8167979717254639 0.3093312084674835
Car 0.0 0 1.835180640220642 401.295166015625 502.6387634277344 512.8662109375 580.1774291992188 3.6787357 1.6803724 1.6145264 -8.3769455 1.9587402 29.822237 1.5613412857055664 0.30482473969459534
Car 0.0 0 -1.9452029466629028 744.373046875 511.5903625488281 872.1624145507812 591.5166015625 4.253609 1.7203339 1.6453571 -0.27779874 2.2430959 30.684381 -1.9542561769485474 0.26333892345428467
Car 0.0 0 -2.0510525703430176 1540.8463134765625 515.83935546875 1600.0 594.845458984375 3.8516948 1.6320465 1.4904039 18.516449 2.234234 29.36131 -1.488407015800476 0.22918125987052917
Car 0.0 0 -1.7378449440002441 1016.1712036132812 531.4566650390625 1141.585205078125 645.7885131835938 3.926493 1.9043937 1.7308724 4.9770985 2.7393432 24.477037 -1.5372424125671387 0.18872730433940887
Car 0.0 0 -1.8404276371002197 780.9891357421875 515.9298095703125 841.6566772460938 560.5040893554688 3.9677434 1.7400876 1.5790972 -0.25100243 2.82028 53.888844 -1.8450853824615479 0.18581146001815796
Car 0.0 0 -1.5949172973632812 1108.1488037109375 528.0575561523438 1149.7576904296875 571.929931640625 3.4267476 1.6323013 1.5756457 12.816672 3.1871955 52.0317 -1.3534010648727417 0.18560270965099335
Car 0.0 0 -1.311236023902893 563.7350463867188 513.194580078125 625.8680419921875 555.8571166992188 3.7884064 1.6595283 1.6521052 -9.261122 2.604351 53.212944 -1.4835489988327026 0.17149236798286438
Car 0.0 0 1.6578396558761597 716.61083984375 522.833740234375 764.7091064453125 568.077880859375 4.196626 1.7182292 1.6535664 -3.1338708 3.085482 53.152065 1.5989474058151245 0.17090219259262085
Car 0.0 0 1.0283260345458984 1124.3248291015625 519.125732421875 1271.6141357421875 592.7884521484375 3.9920104 1.5781767 1.5975242 9.201579 2.2977645 30.863453 1.3180739879608154 0.1637001782655716
Car 0.0 0 -0.738271176815033 1293.853759765625 528.8472290039062 1500.45703125 612.409423828125 4.2293057 1.7059221 1.6439568 13.085408 2.5898325 28.553082 -0.30855002999305725 0.1593850702047348
Car 0.0 0 -1.2971296310424805 441.96527099609375 511.6897277832031 540.5579833984375 578.2518920898438 4.026749 1.6845151 1.6282743 -8.985487 2.2797208 35.315147 -1.5462801456451416 0.15937136113643646
Car 0.0 0 0.9726144671440125 1580.2138671875 509.7364501953125 1600.0 603.30517578125 3.982209 1.584535 1.60595 16.60773 1.9618106 24.216307 1.5737518072128296 0.1592227816581726
Car 0.0 0 -1.111786127090454 599.4755249023438 519.2167358398438 667.05908203125 560.7592163085938 3.6008441 1.7476139 1.6274384 -8.32202 3.056595 57.860317 -1.2546359300613403 0.1563691645860672
Car 0.0 0 -2.4489526748657227 1499.162353515625 527.6495361328125 1600.0 698.3234252929688 4.0528245 1.7188166 1.6775509 10.8396435 2.2335045 15.855538 -1.8492841720581055 0.1527635157108307
Car 0.0 0 1.1011557579040527 1201.541259765625 512.56103515625 1301.25244140625 563.8262939453125 4.251226 1.6515483 1.580758 15.325831 2.433722 44.833336 1.4305428266525269 0.14997458457946777
Car 0.0 0 0.81131911277771 1409.0084228515625 516.6759643554688 1600.0 603.0482788085938 4.6095176 1.7266579 1.6231978 15.9733925 2.3548284 29.171913 1.3122875690460205 0.14872977137565613
Car 0.0 0 -1.5739558935165405 905.317626953125 511.2087707519531 944.1040649414062 551.70556640625 3.6412172 1.5793939 1.5649191 4.5397663 2.4346607 53.097523 -1.4886646270751953 0.145326167345047
Car 0.0 0 1.8525419235229492 0.0 506.8216857910156 26.576505661010742 630.8739013671875 3.8417926 1.6480218 1.5714709 -13.520855 1.9077595 19.407143 1.2440377473831177 0.14328952133655548
Car 0.0 0 -1.4138137102127075 300.1281433105469 521.241455078125 380.2186279296875 582.6860961914062 3.7611022 1.6427903 1.6657746 -14.15161 2.577765 37.812508 -1.7719331979751587 0.14328496158123016
Car 0.0 0 1.0036952495574951 957.6790161132812 508.9468078613281 1073.8233642578125 568.7879638671875 3.802951 1.6104875 1.5840578 5.8168387 2.15309 37.342613 1.1582229137420654 0.14068031311035156
Car 0.0 0 -1.8374762535095215 906.8914794921875 511.788818359375 976.8177490234375 558.495361328125 3.7986047 1.583094 1.6175588 4.580892 2.3627875 46.676826 -1.7396489381790161 0.13836167752742767
Car 0.0 0 -1.515525460243225 815.543212890625 509.872802734375 866.7431030273438 555.0759887695312 3.916897 1.4912091 1.6191521 0.9305858 2.1792269 45.428543 -1.4950437545776367 0.13589733839035034
