Car 0.0 0 -1.2649980783462524 181.20452880859375 189.58251953125 332.2588806152344 272.1439514160156 3.957355 1.4011302 1.5903249 -6.9058986 1.5028468 14.484525 -1.7098958492279053 0.9699753522872925
Car 0.0 0 -1.5446453094482422 460.0835266113281 179.2003173828125 512.078857421875 228.07029724121094 3.430746 1.5975692 1.6851301 -4.276204 1.4020565 25.312647 -1.7120007276535034 0.9551928639411926
Car 0.0 0 -1.7368748188018799 555.3319702148438 177.22689819335938 645.9585571289062 247.06024169921875 3.8663528 1.6239734 1.7195338 -0.34081328 1.4393253 18.771172 -1.7550290822982788 0.9445993304252625
Car 0.0 0 -1.028040885925293 0.0 198.25360107421875 193.57716369628906 363.25299072265625 3.5451372 1.3544148 1.5655994 -6.318202 1.5351822 8.045415 -1.6937644481658936 0.9189609289169312
Car 0.0 0 -1.4206469058990479 368.7209777832031 183.42942810058594 416.4009094238281 215.33132934570312 4.270454 1.4459727 1.5899587 -10.378821 1.3661397 34.803905 -1.7104593515396118 0.9131651520729065
Car 0.0 0 -1.3672152757644653 292.7790222167969 183.71937561035156 376.2358093261719 235.6346893310547 4.4027724 1.4913795 1.623815 -8.632658 1.4495258 22.947815 -1.7270257472991943 0.9075265526771545
Car 0.0 0 -1.3054616451263428 256.10992431640625 166.60751342773438 319.51275634765625 201.75367736816406 4.0389237 1.5001061 1.639374 -14.540268 0.70700395 32.79865 -1.7227458953857422 0.7143389582633972
Car 0.0 0 -1.4113457202911377 456.0765380859375 180.0055389404297 501.89691162109375 212.8955535888672 3.5804005 1.4854755 1.6026433 -6.114551 1.2512901 34.266956 -1.587925910949707 0.6308423280715942
Car 0.0 0 -1.0506129264831543 0.0 156.78334045410156 143.83155822753906 243.48934936523438 4.4549747 1.485113 1.6618742 -11.49213 0.9992505 14.633342 -1.7163498401641846 0.587611973285675
Car 0.0 0 -1.4282954931259155 356.8506164550781 181.03773498535156 384.1573181152344 201.1126251220703 3.4994054 1.5283124 1.5618685 -18.65609 1.2113726 56.582504 -1.7467858791351318 0.5290318131446838
Car 0.0 0 -1.6752854585647583 511.2402038574219 182.1892547607422 535.635009765625 201.0755157470703 3.6763678 1.4806443 1.586 -6.882895 1.2445085 58.320724 -1.7927600145339966 0.5096867680549622
