Cyclist 0.0 0 -2.3430557250976562 634.4017333984375 176.16934204101562 666.0537719726562 212.99867248535156 1.6913093 1.7194716 0.46676272 1.880833 1.8825328 34.616848 -2.288776159286499 0.31651410460472107
Car 0.0 0 -1.4396426677703857 496.3042297363281 186.7461395263672 552.9853515625 231.43145751953125 4.0771995 1.5577186 1.7006708 -3.331801 2.1458776 28.47592 -1.556117296218872 0.9371898174285889
Car 0.0 0 1.9244996309280396 337.30169677734375 192.6481475830078 409.0898132324219 229.85867309570312 4.322063 1.4113852 1.6133988 -10.400112 2.346641 31.885792 1.609212040901184 0.8400753140449524
Car 0.0 0 -1.5686246156692505 579.9149780273438 184.04774475097656 606.7373657226562 208.94595336914062 4.0714293 1.484487 1.6680844 -1.1131775 2.2445889 46.916348 -1.5923470258712769 0.773105800151825
Car 0.0 0 1.8468260765075684 399.5039367675781 188.4586639404297 439.09613037109375 211.39430236816406 4.1934404 1.4815396 1.6575212 -13.60699 2.6433525 51.58987 1.588945746421814 0.7117561101913452
Car 0.0 0 0.2847707271575928 133.18463134765625 197.19300842285156 195.66140747070312 219.5808563232422 3.9184875 1.6311985 1.3972416 -34.776978 3.5728643 56.355217 -0.26812970638275146 0.4458736479282379
Car 0.0 0 -2.9538300037384033 1161.69189453125 154.9556884765625 1242.0 199.5090789794922 3.7785132 1.6033943 1.746876 23.929686 0.95962536 27.984537 -2.24638032913208 0.3554611802101135
Car 0.0 0 -3.2058615684509277 680.1207885742188 193.30862426757812 788.1118774414062 234.53158569335938 3.9541214 1.4595715 1.6163645 4.624581 2.2694492 27.547699 -3.039536952972412 0.29447606205940247
Car 0.0 0 2.9430313110351562 56.552528381347656 206.5157012939453 153.3004608154297 241.0321502685547 3.7343094 1.4647993 1.6569967 -25.391102 3.2480829 36.29127 2.3325419425964355 0.2833910584449768
Car 0.0 0 -1.106300711631775 221.7481689453125 171.5063934326172 275.2995300292969 195.9404754638672 4.272754 1.7179563 1.7830572 -26.434292 1.6235636 52.865574 -1.5699710845947266 0.273759663105011
Car 0.0 0 0.3428286612033844 47.02818298339844 203.00714111328125 146.5944366455078 234.9208526611328 4.2888374 1.6342037 1.7000208 -29.093105 3.4060755 40.988644 -0.2744339406490326 0.26411110162734985
