Pedestrian 0.0 0 -1.569242000579834 668.7178344726562 153.507568359375 681.6023559570312 189.8361053466797 0.7977909 1.6885421 0.59688985 3.0275128 0.78968215 33.958405 -1.4803235530853271 0.7809543013572693
Car 0.0 0 -1.9656004905700684 770.2423095703125 178.05821228027344 1106.3050537109375 375.0 4.0239167 1.5140212 1.6593008 2.971957 1.5843748 7.6696486 -1.5959198474884033 0.9430302977561951
Car 0.0 0 2.1356496810913086 0.0 195.8970947265625 290.77972412109375 353.8702697753906 4.09066 1.5326368 1.6356242 -6.0510087 1.9065205 9.644296 1.5753132104873657 0.9412498474121094
Car 0.0 0 1.8285044431686401 387.26617431640625 178.66595458984375 465.9198303222656 231.80857849121094 4.0675893 1.6329758 1.6157852 -6.203025 1.8484322 24.658367 1.582059383392334 0.8894098997116089
Car 0.0 0 1.87567138671875 297.98974609375 180.01608276367188 422.5621643066406 253.23898315429688 4.19775 1.5609075 1.7211174 -6.06562 1.7600803 17.909609 1.5491169691085815 0.887546181678772
Car 0.0 0 1.6186363697052002 539.2951049804688 179.0418243408203 569.4822998046875 204.05560302734375 4.2419376 1.4641737 1.6960411 -3.4894874 1.8726162 45.437782 1.541989803314209 0.7725765705108643
Car 0.0 0 -3.254793167114258 692.0839233398438 158.61013793945312 755.7841186523438 180.12371826171875 4.455416 1.5506816 1.6435204 8.28884 0.5243523 52.920097 -3.099426031112671 0.7213563323020935
Car 0.0 0 1.7421194314956665 505.48931884765625 179.2265625 538.5050048828125 203.23699951171875 3.9846237 1.5690545 1.6286688 -6.1146026 2.031244 50.25759 1.621049165725708 0.6759498715400696
Car 0.0 0 1.7951045036315918 459.6574401855469 183.524169921875 505.8380432128906 214.25807189941406 3.611392 1.380535 1.4735984 -6.2476106 1.9335151 35.526268 1.621025562286377 0.6604009866714478
Car 0.0 0 -0.1254536509513855 968.222900390625 152.17185974121094 1110.3316650390625 202.7661590576172 4.0862985 1.6584363 1.6368716 14.800381 0.9808518 25.206621 0.405472993850708 0.6042438745498657
Car 0.0 0 -1.515769362449646 636.521484375 175.9193878173828 659.5516967773438 196.50474548339844 3.6379845 1.550789 1.6152782 2.9974647 1.8005775 56.81371 -1.4630587100982666 0.5538166165351868
