Car 0.0 0 -1.9169504642486572 743.0964965820312 181.78224182128906 1023.3307495117188 349.4663391113281 4.0934377 1.4339422 1.6274246 2.757045 1.5646316 8.459004 -1.6018774509429932 0.9558426737785339
Car 0.0 0 -1.7646757364273071 682.0042114257812 166.71958923339844 773.2898559570312 242.09848022460938 3.3926039 1.6488917 1.5335068 2.7005599 1.5150611 17.506872 -1.6116249561309814 0.9379518628120422
Car 0.0 0 -1.6825146675109863 650.6051025390625 173.4920196533203 694.6640014648438 206.95933532714844 3.4358194 1.3684376 1.5194345 2.625215 1.3980165 31.304873 -1.5988508462905884 0.9325594305992126
Car 0.0 0 0.3891589939594269 235.8606414794922 175.04783630371094 439.2153015136719 252.71002197265625 3.950791 1.6455878 1.6387945 -6.0676584 1.6979365 16.216152 0.0311129093170166 0.9298945069313049
Car 0.0 0 -2.3367745876312256 921.98583984375 124.68611145019531 1242.0 375.0 3.562459 1.5009891 1.5581089 2.661014 1.4385109 2.7254996 -1.563347578048706 0.8371106386184692
Car 0.0 0 0.4590699374675751 287.9010925292969 175.6362762451172 464.390380859375 235.77845764160156 4.138892 1.4756726 1.5322622 -6.1053624 1.5528427 18.858162 0.1459674835205078 0.7520036101341248
Car 0.0 0 0.2414184808731079 374.26263427734375 172.92236328125 502.1895751953125 213.4151611328125 4.345646 1.4496456 1.5691272 -6.317033 1.4526032 26.634169 0.008543729782104492 0.7216276526451111
Car 0.0 0 3.3712289333343506 317.6476745605469 172.0279083251953 457.8038635253906 218.90731811523438 4.1444297 1.4792539 1.6062368 -7.257591 1.4535449 23.705946 3.074138879776001 0.5205161571502686
Car 0.0 0 -2.224388599395752 0.0 198.53848266601562 77.8227310180664 375.0 4.1297746 1.4766423 1.5651232 -6.6513877 1.6986387 5.385525 -3.1145668029785156 0.4865850806236267
Car 0.0 0 -1.9729610681533813 1129.8494873046875 134.2668914794922 1233.11474609375 187.1412811279297 3.5530403 1.895548 1.8681271 21.85589 0.51255774 27.822964 -1.307103157043457 0.4483564794063568
