Pedestrian 0.0 0 -1.9275177717208862 824.9984130859375 163.3157958984375 875.6608276367188 257.8321533203125 0.82940495 1.6589538 0.61422956 4.459983 1.3410593 13.028434 -1.597694993019104 0.8214601278305054
Pedestrian 0.0 0 2.1566123962402344 178.369873046875 151.8836212158203 287.2872314453125 328.7095031738281 0.73362494 1.6694508 0.67802143 -3.7105625 1.3912104 7.1808147 1.6796683073043823 0.782071590423584
Pedestrian 0.0 0 -0.030713096261024475 444.1805114746094 173.4589080810547 461.6266784667969 214.1909637451172 0.7251526 1.7566997 0.6781974 -6.5085793 1.4108652 31.392118 -0.23514826595783234 0.7185596823692322
Pedestrian 0.0 0 -1.7336989641189575 774.495361328125 162.59608459472656 805.8187866210938 237.6524200439453 0.785879 1.8057115 0.6246774 4.6074624 1.3521158 17.69906 -1.4790289402008057 0.7164336442947388
Pedestrian 0.0 0 1.9820196628570557 901.1449584960938 123.29143524169922 970.5848999023438 265.41864013671875 0.85376894 1.8595309 0.5761858 4.5658145 1.0992849 9.894777 2.4143435955047607 0.6450414657592773
Pedestrian 0.0 0 -0.3336000442504883 861.906982421875 164.76211547851562 905.48095703125 247.18099975585938 0.68386525 1.7327693 0.68551034 6.025858 1.3821061 15.455167 0.038162946701049805 0.633061945438385
Pedestrian 0.0 0 -1.2691230773925781 705.8357543945312 170.17784118652344 741.0092163085938 234.61643981933594 0.663294 1.5915216 0.71479034 3.0605588 1.3130724 18.196278 -1.1024857759475708 0.5910673141479492
Pedestrian 0.0 0 -0.3790314793586731 654.9813232421875 157.2660369873047 748.9170532226562 326.76116943359375 0.7285985 1.576993 0.6405511 0.92729366 1.3528948 7.0809402 -0.24881619215011597 0.5740758180618286
Pedestrian 0.0 0 -1.7626378536224365 410.1345520019531 174.1762237548828 441.8711242675781 238.22625732421875 0.8590914 1.7051123 0.69061726 -4.8374476 1.5113068 19.655407 -2.0039546489715576 0.53484046459198
Pedestrian 0.0 0 -0.5826355218887329 253.37608337402344 199.5362548828125 314.71343994140625 309.2132873535156 0.57091355 1.6799207 0.7786064 -5.1673436 1.9837915 11.598328 -1.0017616748809814 0.48280152678489685
Pedestrian 0.0 0 -0.4775046110153198 640.1502685546875 173.6398162841797 662.189453125 209.35987854003906 0.8897047 1.6852446 0.56622034 2.365619 1.3153207 34.32445 -0.4086940586566925 0.4633979797363281
Pedestrian 0.0 0 0.07676330208778381 561.74560546875 172.25457763671875 577.8538208007812 202.7481689453125 0.92726946 1.814174 0.5169982 -1.8885645 1.2648932 43.00733 0.032878875732421875 0.4139604866504669
Pedestrian 0.0 0 2.4011240005493164 746.0326538085938 176.28797912597656 794.93212890625 254.68922424316406 0.653953 1.674403 0.8415297 3.6906402 1.5643193 15.865747 2.629676342010498 0.3959777355194092
Pedestrian 0.0 0 1.3859840631484985 803.76708984375 162.2413330078125 829.4430541992188 219.13613891601562 1.0139211 1.8236748 0.6284918 7.022759 1.2074667 23.55957 1.6756832599639893 0.34795546531677246
Cyclist 0.0 0 1.941517949104309 223.46080017089844 143.5891876220703 372.333251953125 374.0 1.6767279 1.7074989 0.56147414 -2.4766889 1.4396095 5.9448056 1.546771764755249 0.8867988586425781
Cyclist 0.0 0 1.711261510848999 0.0 131.07151794433594 57.69477081298828 274.2931213378906 1.8692467 1.7252411 0.51258916 -7.747536 1.1191243 9.583986 1.0314295291900635 0.4565909802913666
Cyclist 0.0 0 -1.9281964302062988 699.6356201171875 158.1263427734375 719.6226806640625 191.31045532226562 1.7346599 1.7101222 0.4626987 5.695036 0.50643635 37.912766 -1.7790969610214233 0.36074474453926086
Cyclist 0.0 0 -1.7652119398117065 411.99273681640625 171.13217163085938 442.3773193359375 236.43568420410156 0.86791277 1.7438176 0.6529403 -4.818344 1.4681262 19.710304 -2.0049679279327393 0.12305092811584473
Car 0.0 0 -1.3430850505828857 546.3074340820312 177.307373046875 576.9967651367188 197.49085998535156 3.8879168 1.5612121 1.6235865 -3.1290112 1.2374532 57.61613 -1.3973397016525269 0.4587867856025696
Car 0.0 0 1.3138576745986938 578.8568115234375 172.2544708251953 604.9644165039062 188.9929962158203 3.930552 1.5623784 1.5610793 -0.90659773 0.6997489 69.14922 1.3007476329803467 0.41417500376701355
Car 0.0 0 0.7503215074539185 327.92095947265625 187.11195373535156 413.1146240234375 220.290283203125 3.6977077 1.4504423 1.5626467 -10.752568 1.7239368 33.39729 0.4388422966003418 0.4022280275821686
Car 0.0 0 -1.1368058919906616 343.12567138671875 155.42745971679688 391.09375 181.4003143310547 3.6788464 1.6619916 1.6487316 -15.559989 -0.0062716156 47.904694 -1.4508671760559082 0.3689810335636139
Car 0.0 0 -0.6985083222389221 273.3070068359375 171.48446655273438 334.2314758300781 194.9915008544922 3.9100106 1.6280282 1.6668644 -21.420544 0.93502545 51.86601 -1.0901691913604736 0.33132854104042053
