Pedestrian 0.0 0 1.3631422519683838 797.3594970703125 128.09234619140625 828.3887329101562 201.3471221923828 0.7600972 1.7835466 0.5976121 4.9939446 0.69408506 17.9629 1.6343088150024414 0.6040762662887573
Pedestrian 0.0 0 1.6729809045791626 764.8257446289062 137.61875915527344 789.3024291992188 198.79441833496094 0.64165074 1.7874147 0.6494703 4.932429 0.7582785 21.487259 1.8986231088638306 0.5321905016899109
Pedestrian 0.0 0 2.144033432006836 2.8222744464874268 97.0824203491211 135.4910888671875 244.76473999023438 1.8632293 1.8671623 0.5589067 -7.515368 0.90953255 10.068175 1.5028095245361328 0.1978839784860611
Pedestrian 0.0 0 -1.8811019659042358 791.13134765625 172.5977783203125 845.1165771484375 262.0802001953125 1.7157403 1.7744266 0.58687246 4.2950153 1.7697035 15.172735 -1.605244517326355 0.1317162811756134
Cyclist 0.0 0 -1.8556236028671265 791.3068237304688 165.29222106933594 843.3566284179688 255.41563415527344 1.7665212 1.7817851 0.5683113 4.27131 1.6326426 15.148477 -1.5807955265045166 0.7499988675117493
Cyclist 0.0 0 2.0360822677612305 486.959716796875 148.03359985351562 511.760986328125 183.1552734375 1.7737193 1.815636 0.56487626 -5.8857894 0.5328882 38.228317 1.8833175897598267 0.5137829780578613
Cyclist 0.0 0 2.144033432006836 2.8222744464874268 97.0824203491211 135.4910888671875 244.76473999023438 1.8632293 1.8671623 0.5589067 -7.515368 0.90953255 10.068175 1.5028095245361328 0.4932009279727936
Car 0.0 0 -1.7099860906600952 672.9405517578125 180.80438232421875 762.151123046875 253.9759521484375 3.6228678 1.5681536 1.6418803 2.4724886 1.783157 17.665873 -1.5709308385849 0.9647003412246704
Car 0.0 0 1.740065097808838 443.8975830078125 191.7518310546875 534.0696411132812 265.8227233886719 3.37327 1.5025527 1.565389 -2.8275764 1.9974679 17.188461 1.5770210027694702 0.9499446749687195
Car 0.0 0 -1.6688498258590698 659.3123168945312 184.379638671875 721.0676879882812 238.78179931640625 3.458674 1.5019671 1.5540165 2.3680367 1.8877032 22.388033 -1.5634691715240479 0.9069119095802307
Car 0.0 0 -1.6874730587005615 645.7755126953125 182.2134552001953 702.9242553710938 228.4245147705078 4.342254 1.5638514 1.6540396 2.3250427 1.94948 27.501747 -1.6031320095062256 0.8957321047782898
Car 0.0 0 0.9316510558128357 887.7952270507812 171.55831909179688 1242.0 375.0 3.6400218 1.5451336 1.5673492 2.6475737 1.5428611 3.3088872 1.6064774990081787 0.804710865020752
Car 0.0 0 2.3026397228240967 0.0 198.32273864746094 318.9967956542969 375.0 3.5942178 1.4709032 1.5819896 -2.781662 1.6421375 3.033041 1.5604462623596191 0.7343261241912842
Car 0.0 0 1.672753930091858 534.4852294921875 186.02598571777344 569.9593505859375 216.12515258789062 3.952928 1.580248 1.647179 -3.3191996 2.3768363 41.618954 1.5931702852249146 0.7224171757698059
Car 0.0 0 -0.23269733786582947 657.78369140625 160.00747680664062 712.3159790039062 180.6381072998047 4.0361724 1.6090084 1.6616461 5.920025 0.60745025 57.355995 -0.12984609603881836 0.5361534357070923
