Pedestrian 0.0 0 -1.5178017616271973 1489.370361328125 514.0230712890625 1527.8148193359375 583.9568481445312 1.5404114 2.0126104 0.92970073 20.738983 2.7028801 37.9248 -1.0173840522766113 0.39497214555740356
Pedestrian 0.0 0 -1.1437458992004395 439.3957214355469 475.2842712402344 518.5504760742188 606.60009765625 1.4269191 2.3472958 0.90370727 -6.2169933 2.0573096 23.416275 -1.4032576084136963 0.3814312517642975
Pedestrian 0.0 0 -0.5731238722801208 1002.2977294921875 501.5381164550781 1031.799072265625 547.6492309570312 1.0655141 2.0028882 0.7160361 8.84334 2.4490662 55.787125 -0.41591259837150574 0.20816242694854736
Pedestrian 0.0 0 -2.909616470336914 1142.08642578125 483.6052551269531 1187.1754150390625 577.9496459960938 0.79828763 2.0273302 0.76251996 7.633097 1.8575302 27.739569 -2.641092300415039 0.1688338965177536
Pedestrian 0.0 0 -2.4221789836883545 141.9334716796875 465.6620178222656 203.6681671142578 565.38720703125 0.74063736 1.7741842 0.66787636 -11.652956 1.3143818 22.945526 -2.892089366912842 0.16286972165107727
Pedestrian 0.0 0 2.4102025032043457 1064.742431640625 492.5509948730469 1119.2867431640625 607.2327880859375 1.0896146 2.5455213 0.5907544 6.2375 2.5695682 28.645542 2.624603509902954 0.160763680934906
Pedestrian 0.0 0 -3.3228302001953125 1347.920166015625 501.6324768066406 1381.042724609375 560.1567993164062 1.024179 2.1741307 0.76271427 20.643068 2.5594146 47.701775 -2.9144113063812256 0.1445644497871399
Pedestrian 0.0 0 -3.2024967670440674 1320.1990966796875 487.401611328125 1354.0538330078125 554.3695678710938 0.8492527 1.8635811 0.5480948 14.652256 1.7493342 35.638367 -2.8124263286590576 0.14239084720611572
Pedestrian 0.0 0 -0.6184133291244507 937.2023315429688 500.28436279296875 971.8726196289062 553.7998046875 1.1304746 2.041641 0.715886 5.359879 2.3859906 49.09567 -0.5096718668937683 0.1336577832698822
Pedestrian 0.0 0 -0.8773747682571411 0.0 484.6202392578125 51.76957702636719 603.8160400390625 1.0667719 2.1443624 0.70702446 -14.811039 2.0204659 23.357397 -1.4424946308135986 0.13070768117904663
Pedestrian 0.0 0 0.4994737207889557 48.06916809082031 469.307861328125 118.08436584472656 611.6309814453125 0.62848264 1.9541192 0.6164928 -10.241029 1.6493199 17.704105 -0.02495322749018669 0.12136487662792206
Cyclist 0.0 0 -1.1996326446533203 946.600830078125 504.7707214355469 979.0170288085938 557.0484619140625 1.3809433 1.9847583 0.80716085 5.7083373 2.509307 49.284897 -1.0843231678009033 0.23984500765800476
Cyclist 0.0 0 -1.55384361743927 1355.02392578125 515.0931396484375 1375.2977294921875 557.3379516601562 1.2786509 1.8155434 0.8010686 24.27894 2.872597 56.009094 -1.1448105573654175 0.19445717334747314
Car 0.0 0 -0.9456761479377747 0.0 506.06658935546875 127.00251007080078 606.2871704101562 4.119801 1.8134468 1.5933293 -15.976997 2.1324363 25.637222 -1.502976655960083 0.3661462366580963
Car 0.0 0 1.7531877756118774 239.22207641601562 511.311279296875 395.8711242675781 631.2730712890625 4.362712 1.7572995 1.7016712 -8.368933 2.131274 21.612965 1.3837485313415527 0.23315377533435822
Car 0.0 0 -0.9195060729980469 0.0 510.9879455566406 52.39289474487305 577.26220703125 4.1494837 1.6385169 1.5969085 -23.06579 2.204613 34.679157 -1.5064369440078735 0.22044362127780914
Car 0.0 0 -0.661855936050415 0.0 511.9119873046875 16.99344825744629 606.9843139648438 3.8478498 1.6455715 1.5490437 -18.005514 2.0795202 24.86923 -1.288513422012329 0.19981424510478973
Car 0.0 0 -1.9790993928909302 1378.317138671875 517.753173828125 1467.5567626953125 561.70166015625 4.297942 1.5600809 1.579691 23.747179 2.6358762 49.732094 -1.533611536026001 0.19402997195720673
Car 0.0 0 1.1112178564071655 1113.2625732421875 522.5005493164062 1330.817626953125 660.1140747070312 4.8985205 2.0487556 1.6598467 7.0291033 2.6630492 22.551405 1.4133669137954712 0.19125182926654816
Car 0.0 0 -2.280052423477173 1312.6888427734375 513.8737182617188 1554.3245849609375 622.53955078125 4.0556235 1.6750492 1.6069212 10.838243 2.1121082 22.579996 -1.83253812789917 0.17950987815856934
Car 0.0 0 1.2622299194335938 910.0362548828125 514.6456909179688 998.8046264648438 574.510498046875 4.447631 1.7933438 1.6543913 4.5214987 2.6052773 42.09419 1.36923348903656 0.1790189892053604
Car 0.0 0 -0.8881440162658691 1531.94580078125 521.5809326171875 1600.0 595.8033447265625 4.461033 1.674745 1.6561034 20.093853 2.4522166 31.257769 -0.3168162405490875 0.1752965748310089
Car 0.0 0 1.5598385334014893 1058.41162109375 520.2874755859375 1159.246826171875 637.254150390625 3.864442 1.7272333 1.5420191 4.9966593 2.268454 21.763062 1.7855209112167358 0.1713005155324936
Car 0.0 0 -2.317758083343506 1397.2489013671875 515.0949096679688 1502.6876220703125 557.8551635742188 4.044786 1.6365895 1.6336569 26.466818 2.6648202 53.03494 -1.8548747301101685 0.16121278703212738
Car 0.0 0 2.155817747116089 0.0 510.9951171875 46.636695861816406 702.7213745117188 3.683048 1.6745006 1.6551708 -9.967975 1.9086411 13.329726 1.5137258768081665 0.15572305023670197
Car 0.0 0 1.844960331916809 352.4418640136719 509.3102722167969 452.308837890625 574.8035888671875 4.4720583 1.7416488 1.6282319 -12.060585 2.2961297 37.176167 1.5312557220458984 0.1430913209915161
Car 0.0 0 -3.2519500255584717 1450.5985107421875 522.6818237304688 1545.1817626953125 556.5621948242188 3.818156 1.5056083 1.6393088 32.487793 3.0302532 60.4627 -2.758894443511963 0.13508673012256622
Car 0.0 0 -2.447645664215088 1587.409912109375 517.3516235351562 1600.0 698.3308715820312 4.1691384 1.615963 1.6305252 10.993279 1.9498581 14.150298 -1.7871534824371338 0.12251944094896317
