Pedestrian 0.0 0 1.3763890266418457 969.3943481445312 159.40158081054688 997.7760009765625 216.3188934326172 0.9637497 1.8957058 0.68360263 12.675791 1.4480132 24.586897 1.8523995876312256 0.17784550786018372
Pedestrian 0.0 0 3.381045341491699 15.429405212402344 166.76614379882812 48.950172424316406 209.63980102539062 1.0944093 1.8917083 0.4539679 -25.874575 1.6234522 32.270557 2.705207109451294 0.1336253136396408
Pedestrian 0.0 0 0.37368008494377136 351.7744140625 169.14466857910156 453.587890625 317.1428527832031 1.0531911 1.7626799 0.64708465 -2.6104004 1.7188591 8.960537 0.09020376205444336 0.12254054099321365
Pedestrian 0.0 0 1.4276763200759888 849.39453125 160.96536254882812 868.0167236328125 203.4271240234375 0.8674393 1.7689304 0.6263358 10.480472 1.2740152 30.540552 1.7582497596740723 0.11316850036382675
Pedestrian 0.0 0 -1.973569631576538 48.28396224975586 161.18504333496094 82.20807647705078 217.58755493164062 0.6620804 1.7691928 0.6590561 -17.47044 1.4035274 23.080389 -2.6214966773986816 0.10930685698986053
Pedestrian 0.0 0 -1.8477396965026855 1031.6099853515625 153.17184448242188 1058.4188232421875 206.47702026367188 0.5730204 1.7667333 0.63913894 14.583342 1.1147509 24.271719 -1.306705117225647 0.10463406890630722
Pedestrian 0.0 0 -1.5220520496368408 964.69384765625 168.88470458984375 981.1050415039062 205.37132263183594 0.6233169 1.8571715 0.72643286 18.661827 1.6554915 37.17353 -1.0567903518676758 0.10007615387439728
Car 0.0 0 -0.3112601041793823 882.955322265625 176.92649841308594 1228.9072265625 283.26507568359375 4.721405 1.6026224 1.754597 7.2517853 1.6804241 12.347372 0.21977925300598145 0.9629741907119751
Car 0.0 0 0.7415833473205566 22.944671630859375 184.1490478515625 250.18276977539062 260.1005554199219 4.0245256 1.481309 1.6790107 -10.186428 1.7434355 15.565979 0.16211891174316406 0.9463447332382202
Car 0.0 0 2.151463031768799 374.6999816894531 174.57015991210938 420.43115234375 195.92710876464844 4.1258583 1.7059438 1.6721596 -17.694588 1.854778 60.2052 1.8656076192855835 0.13744540512561798
Car 0.0 0 0.6758538484573364 0.0 176.0681915283203 59.5701789855957 211.97381591796875 3.6428058 1.575018 1.6336491 -27.412231 1.7246909 32.658836 -0.022425387054681778 0.13556985557079315
