Cyclist 0.0 0 -3.1927719116210938 709.0355224609375 163.7704315185547 731.4971923828125 185.8914337158203 1.8095253 1.8200635 0.60786813 9.103011 1.0730472 59.75637 -3.0415987968444824 0.5746855735778809
Car 0.0 0 -1.8118268251419067 710.73876953125 175.16317749023438 829.7877197265625 254.40853881835938 3.5277214 1.4265755 1.560488 3.1118755 1.4802946 14.880703 -1.6056761741638184 0.9812812209129333
Car 0.0 0 -2.102619171142578 811.9321899414062 185.5014190673828 1242.0 375.0 4.0647464 1.4648677 1.6254278 3.209154 1.6126696 6.3297296 -1.6333897113800049 0.9592245817184448
Car 0.0 0 1.877292275428772 365.642578125 180.5105438232422 459.8310546875 242.06553649902344 3.7684803 1.5969919 1.5876292 -5.698434 1.8417251 21.110216 1.6136388778686523 0.9516997337341309
Car 0.0 0 -1.8366343975067139 684.1956787109375 168.54588317871094 771.6124877929688 227.00619506835938 3.4157984 1.4985282 1.5601777 3.1686716 1.3884553 20.276308 -1.6816136837005615 0.9512964487075806
Car 0.0 0 1.7455177307128906 425.2810363769531 181.23086547851562 484.7077331542969 226.14337158203125 3.564673 1.4790659 1.5153404 -5.6074076 1.8051114 26.24191 1.5350022315979004 0.9284592270851135
Car 0.0 0 2.3511855602264404 0.0 209.81700134277344 205.42771911621094 375.0 3.7639122 1.5337751 1.5838721 -5.591421 1.9619722 6.4202337 1.634678840637207 0.8768172264099121
Car 0.0 0 -1.6699516773223877 680.2800903320312 174.2301025390625 735.8579711914062 218.170166015625 3.6375175 1.4498297 1.5970042 3.3869452 1.5028434 25.763336 -1.5392374992370605 0.8121287822723389
Car 0.0 0 0.5267070531845093 51.101898193359375 182.82408142089844 212.9514923095703 229.40171813964844 4.021073 1.3831427 1.5247059 -14.969509 1.708934 22.673641 -0.056816667318344116 0.6584990620613098
Car 0.0 0 -1.1993322372436523 380.44659423828125 175.1888427734375 422.35833740234375 198.7051544189453 3.5498612 1.4878322 1.483765 -13.814514 1.6489633 47.846504 -1.480413794517517 0.4965061843395233
