Pedestrian 0.0 0 -1.6044445037841797 363.18756103515625 166.77456665039062 379.3589782714844 206.07388305664062 0.6967494 1.8475277 0.7073124 -11.412789 1.562081 34.36739 -1.9250683784484863 0.3188135325908661
Cyclist 0.0 0 2.040269136428833 38.359619140625 141.89833068847656 272.39312744140625 375.0 1.9105759 1.5902976 0.5467505 -3.0484178 1.4179775 4.9959264 1.492397427558899 0.9258130788803101
Car 0.0 0 -1.8092244863510132 601.0402221679688 165.6263885498047 671.736572265625 216.06837463378906 3.2924972 1.5055265 1.5315734 0.73544294 1.2901641 23.301212 -1.777672529220581 0.9592369794845581
Car 0.0 0 -2.056544780731201 729.4827270507812 168.7165985107422 1002.3243408203125 321.3450622558594 3.5154738 1.4442899 1.550277 2.7294052 1.4054965 8.693809 -1.7523411512374878 0.9582007527351379
Car 0.0 0 -0.8632370829582214 661.4071044921875 157.3318634033203 741.6790771484375 191.95010375976562 4.015453 1.5879766 1.6584419 4.4507346 0.87631714 35.05831 -0.736960232257843 0.7226179838180542
Car 0.0 0 2.460953950881958 543.1473999023438 160.86727905273438 613.8599243164062 189.50318908691406 3.6085699 1.457809 1.5354586 -1.6866379 0.8479419 38.500237 2.417173385620117 0.6820241808891296
Car 0.0 0 -1.0201401710510254 727.1824340820312 153.5002899169922 795.43359375 185.12477111816406 4.0194845 1.5766652 1.6613806 7.9749126 0.61212695 38.001087 -0.8132819533348083 0.6743184924125671
Car 0.0 0 -1.0739598274230957 785.025634765625 158.16415405273438 838.8001098632812 186.90472412109375 3.2599306 1.5654843 1.5830759 11.468143 0.7656933 41.020546 -0.8013492226600647 0.652006208896637
Car 0.0 0 -1.1615103483200073 824.0536499023438 155.83338928222656 879.0703735351562 182.91368103027344 4.093509 1.5705545 1.6877407 14.711596 0.583781 43.929863 -0.8383610248565674 0.3614933490753174
Car 0.0 0 -0.309007465839386 441.394287109375 156.37828063964844 523.787841796875 183.59471130371094 4.735798 1.6181998 1.7181282 -7.9171762 0.6389652 44.75988 -0.4840777516365051 0.3355545699596405
