Pedestrian 0.0 0 -0.9657333493232727 1266.6719970703125 486.0199890136719 1345.8779296875 627.4884033203125 1.0723602 2.2063687 0.7010387 7.871358 2.1207914 20.342485 -0.5965344905853271 0.4228169918060303
Pedestrian 0.0 0 -1.9125816822052002 1152.1778564453125 491.1951904296875 1183.9991455078125 551.2160034179688 1.109281 1.9946873 0.7016002 11.846132 1.9843218 42.66526 -1.6417508125305176 0.22601757943630219
Pedestrian 0.0 0 -1.7634719610214233 696.503173828125 510.3267517089844 759.5332641601562 627.9140625 0.94791496 2.1400528 1.020148 -1.6684806 2.502911 23.827408 -1.8333814144134521 0.20698818564414978
Pedestrian 0.0 0 -0.08594971895217896 376.8863830566406 478.8955383300781 427.62921142578125 578.0606689453125 0.9616147 2.0501845 0.67619455 -8.72509 1.789448 26.681732 -0.4019950330257416 0.18165868520736694
Pedestrian 0.0 0 -0.7290713787078857 189.1045379638672 361.70111083984375 330.8895263671875 598.8717041015625 1.3368722 2.7799432 0.90965784 -6.846875 1.2584511 15.641103 -1.141690731048584 0.16010910272598267
Pedestrian 0.0 0 -2.8753905296325684 1186.6312255859375 496.0405578613281 1224.633056640625 561.8618774414062 0.9516327 2.0008538 0.7796802 12.041404 2.1431317 39.16124 -2.577083110809326 0.15852633118629456
Pedestrian 0.0 0 -0.015890836715698242 459.1128845214844 493.1512756347656 492.5090637207031 556.0526733398438 0.9779965 1.9046522 0.74537563 -10.451349 1.955751 38.86561 -0.27858641743659973 0.15307821333408356
Pedestrian 0.0 0 -2.520212173461914 390.1287841796875 492.1408386230469 428.8261413574219 555.0379638671875 0.78518087 1.7665975 0.7041241 -11.571407 1.784857 36.03434 -2.830932378768921 0.1449771374464035
Pedestrian 0.0 0 -3.309380292892456 1097.7410888671875 495.4027404785156 1148.1519775390625 584.3609619140625 1.1629385 2.2895274 0.7939745 7.9993114 2.3925943 33.06862 -3.0720391273498535 0.12833286821842194
Pedestrian 0.0 0 0.1772736757993698 348.45245361328125 491.5331115722656 391.09222412109375 557.4742431640625 1.0575372 1.8858476 0.6953564 -12.913167 1.88661 36.646767 -0.16150961816310883 0.12750011682510376
Pedestrian 0.0 0 -0.45108288526535034 918.4525756835938 503.06097412109375 964.4669799804688 572.8244018554688 1.1669133 2.012325 0.67821866 3.6774604 2.3566513 37.221687 -0.35260361433029175 0.12595832347869873
Pedestrian 0.0 0 -2.4818100929260254 1213.7537841796875 494.7322998046875 1257.5048828125 556.1264038085938 0.8099294 1.7434243 0.9151205 12.123695 1.8381813 36.616146 -2.1620686054229736 0.12305333465337753
Pedestrian 0.0 0 0.2547237277030945 943.7858276367188 504.086669921875 970.8289794921875 545.5148315429688 1.1163037 1.930987 0.7594137 6.67481 2.5316796 59.919006 0.3656635284423828 0.12224322557449341
Pedestrian 0.0 0 0.21067947149276733 431.52325439453125 491.1448974609375 482.46649169921875 570.9634399414062 1.0633639 1.9206426 0.7410536 -8.751654 1.9119273 30.877844 -0.06550542265176773 0.11957275122404099
Pedestrian 0.0 0 -2.887921094894409 1127.1502685546875 494.854248046875 1160.663818359375 552.6396484375 1.0073673 2.0359223 0.73377144 11.707757 2.157012 45.249744 -2.634737014770508 0.11836232990026474
Cyclist 0.0 0 -0.8073369264602661 468.4975280761719 497.8760986328125 516.6062622070312 560.4559326171875 1.373891 1.8891916 0.6795497 -9.9997 2.0899417 39.152237 -1.057396650314331 0.32838335633277893
Cyclist 0.0 0 -1.1544737815856934 977.2483520507812 505.6434020996094 1008.0989379882812 559.703125 1.0921077 1.8967903 0.7155003 6.331375 2.4111712 45.428623 -1.015995979309082 0.13105763494968414
Cyclist 0.0 0 -1.4000942707061768 456.875244140625 494.03167724609375 488.60540771484375 560.1409301757812 1.1948351 1.8862239 0.69702804 -9.976828 1.9608524 36.808735 -1.6647799015045166 0.10682186484336853
Car 0.0 0 -0.8650268912315369 0.0 499.2864074707031 185.50918579101562 629.8865356445312 3.5278895 1.6550122 1.6017201 -10.916013 1.7779517 18.142494 -1.4066822528839111 0.27033117413520813
Car 0.0 0 -1.6834367513656616 854.8826904296875 516.5902709960938 939.2183227539062 592.63427734375 4.1627927 1.6369429 1.5788883 1.8954396 2.2885191 30.778189 -1.6219305992126465 0.2575100064277649
Car 0.0 0 -1.9045064449310303 891.8389892578125 515.6756591796875 981.164794921875 570.2872924804688 4.4035535 1.641419 1.6227474 3.962528 2.4962184 42.459232 -1.811450481414795 0.2305932193994522
Car 0.0 0 -2.0158650875091553 1255.25634765625 520.7735595703125 1411.9764404296875 608.780029296875 4.104357 1.8487538 1.8524522 12.176305 2.593177 30.108065 -1.6315542459487915 0.18404686450958252
Car 0.0 0 1.0666826963424683 1341.9136962890625 514.302734375 1485.21044921875 583.8536987304688 4.2591023 1.7117012 1.7062167 16.286022 2.376984 34.77863 1.5046311616897583 0.17474165558815002
Car 0.0 0 -0.9988717436790466 0.0 511.4194030761719 175.21481323242188 620.42919921875 3.4991531 1.5807484 1.5717291 -12.2492485 1.9356709 20.793617 -1.5312283039093018 0.1615309715270996
Car 0.0 0 1.5551056861877441 717.6692504882812 530.1275634765625 836.48486328125 658.1148681640625 4.156556 1.5599554 1.5709178 -0.61721873 2.1985104 18.825184 1.5223305225372314 0.15879563987255096
Car 0.0 0 -0.9662545919418335 0.0 486.88616943359375 70.13431549072266 748.5667724609375 3.6482117 1.7113143 1.5368103 -7.749865 1.6810948 10.140869 -1.6187951564788818 0.157551571726799
Car 0.0 0 -1.4605659246444702 822.185791015625 512.6589965820312 885.29833984375 567.4594116210938 3.9686732 1.6443986 1.6458616 1.2796674 2.3754146 41.68754 -1.4298789501190186 0.1439334601163864
Car 0.0 0 -1.582459568977356 994.0706787109375 515.6465454101562 1041.138916015625 563.4592895507812 3.8891363 1.5836108 1.6197083 7.294549 2.5002518 46.047863 -1.425352692604065 0.14379441738128662
Car 0.0 0 -1.7529593706130981 1021.1971435546875 508.39984130859375 1098.7227783203125 564.9854125976562 3.8839424 1.5720688 1.6198739 7.3091187 2.1088414 38.293568 -1.5643572807312012 0.11852454394102097
Car 0.0 0 -1.5263162851333618 1153.168212890625 521.8204345703125 1206.770263671875 575.0209350585938 3.8303056 1.7202294 1.6759738 13.072606 2.856903 45.404987 -1.2459867000579834 0.11635534465312958
