Pedestrian 0.0 0 1.2229275703430176 27.06632423400879 178.88063049316406 54.309444427490234 226.58798217773438 0.6959435 1.8438466 0.64462554 -22.496008 2.0857303 28.456717 0.5539851188659668 0.26981836557388306
Pedestrian 0.0 0 -1.9875009059906006 1008.958984375 139.46356201171875 1043.9613037109375 189.50196838378906 1.6171465 1.8532172 0.54701453 15.841434 0.6169306 27.552849 -1.4657063484191895 0.21334466338157654
Cyclist 0.0 0 1.6510074138641357 461.73779296875 180.13992309570312 471.3245544433594 201.0210418701172 1.7971247 1.6971416 0.6444642 -11.991437 2.3150046 60.22001 1.454451322555542 0.4705731272697449
Cyclist 0.0 0 1.5760257244110107 481.166259765625 179.71726989746094 489.4619445800781 202.02845764160156 1.8128179 1.6766818 0.62155384 -9.6555805 2.2163303 55.747627 1.4045255184173584 0.2877596616744995
Cyclist 0.0 0 -2.0904693603515625 1006.5677490234375 141.07899475097656 1045.6214599609375 190.66204833984375 1.7194017 1.8344009 0.50118446 15.8237705 0.65919375 27.551764 -1.5691397190093994 0.2509348392486572
Cyclist 0.0 0 -1.5864777565002441 945.5568237304688 181.7003936767578 956.7561645507812 214.36917114257812 1.7881938 1.6994555 0.51605386 18.375294 2.1887076 38.951923 -1.1456902027130127 0.18293865025043488
Car 0.0 0 -1.563653826713562 569.7302856445312 180.65191650390625 604.05126953125 212.7095489501953 3.5889733 1.4509568 1.5955976 -1.1597618 1.8530117 35.351723 -1.5964484214782715 0.9374170899391174
Car 0.0 0 -1.5431946516036987 525.9818725585938 179.74729919433594 552.3895874023438 203.7252655029297 3.6414676 1.4199163 1.5658789 -4.480388 1.8745083 45.67193 -1.6409811973571777 0.8005405068397522
Car 0.0 0 -1.6523247957229614 506.8570861816406 165.3282012939453 528.2717895507812 184.83609008789062 3.9879882 1.7951429 1.6934785 -8.822803 1.1029658 68.5207 -1.7803813219070435 0.49428805708885193
Car 0.0 0 -3.6273419857025146 973.7200317382812 158.16827392578125 1096.8189697265625 199.34732055664062 3.9260824 1.5913041 1.6243538 16.844004 1.0241538 28.777393 -3.0977859497070312 0.20357152819633484
Car 0.0 0 2.6412556171417236 725.0702514648438 192.0197296142578 796.1972045898438 219.97837829589844 3.889927 1.552657 1.5753121 8.9759245 2.7355475 43.196552 2.846132755279541 0.1959594339132309
Car 0.0 0 1.7547423839569092 62.813297271728516 202.5631103515625 114.3765640258789 232.71173095703125 3.9596512 1.5079678 1.7688849 -30.69009 3.3487618 42.527546 1.1296322345733643 0.16381163895130157
