Pedestrian 0.0 0 -1.2712318897247314 463.767578125 494.2303771972656 502.4462890625 577.3261108398438 1.2312073 2.2303042 0.69100285 -9.109441 2.3061953 34.661903 -1.528228759765625 0.23139148950576782
Pedestrian 0.0 0 -0.8509824275970459 550.0682373046875 501.69488525390625 588.1827392578125 562.700439453125 1.1580621 2.170227 0.79113126 -8.969428 2.5457838 45.984913 -1.0436153411865234 0.21368815004825592
Pedestrian 0.0 0 -0.4319854974746704 955.125732421875 467.12554931640625 1014.2883911132812 552.0350952148438 1.6347647 2.7070074 0.99927574 5.4601474 1.9296978 41.093563 -0.29988813400268555 0.20125380158424377
Pedestrian 0.0 0 0.1562453806400299 231.45660400390625 481.6425476074219 280.06005859375 556.4462280273438 1.1694186 2.100719 0.70781446 -15.949317 1.8236912 36.057346 -0.26021355390548706 0.1950177699327469
Pedestrian 0.0 0 -3.2544655799865723 958.02880859375 501.9822998046875 985.6111450195312 547.4332275390625 1.0957743 1.9161042 0.6758965 6.615565 2.3646972 53.89029 -3.132316827774048 0.17970925569534302
Pedestrian 0.0 0 -2.935168981552124 834.093505859375 498.8849792480469 860.4313354492188 545.7239379882812 0.902311 1.7843529 0.64021933 1.1963052 2.071013 48.79036 -2.9106545448303223 0.14143593609333038
Pedestrian 0.0 0 0.057450056076049805 261.4307861328125 482.2940979003906 318.20867919921875 571.0708618164062 1.1366282 1.9493033 0.63389283 -11.750795 1.7470107 28.29386 -0.3361867070198059 0.14036664366722107
Pedestrian 0.0 0 -0.15441595017910004 967.9788818359375 475.6262512207031 1011.3720092773438 555.772216796875 1.032858 2.0591385 0.6157293 4.4936147 1.6511221 32.854603 -0.01848660409450531 0.12266898900270462
Pedestrian 0.0 0 -0.17270584404468536 800.0239868164062 498.70654296875 828.997802734375 548.40625 1.0344096 1.9180062 0.64675987 -0.07111928 2.2011595 49.399773 -0.17414550483226776 0.12157601863145828
Pedestrian 0.0 0 -1.798097848892212 608.510498046875 493.2489929199219 631.4223022460938 540.7620849609375 1.041817 1.8861957 0.69359636 -7.897942 1.9570942 50.932228 -1.9519402980804443 0.12045816332101822
Pedestrian 0.0 0 -0.19655393064022064 991.4318237304688 486.35888671875 1083.7357177734375 616.3103637695312 1.4667687 2.1828704 0.5643169 3.760314 2.096393 21.572401 -0.02397654950618744 0.11782437562942505
Pedestrian 0.0 0 -1.5895742177963257 608.8195190429688 499.9873962402344 625.5941772460938 546.5918579101562 1.0704653 1.9049257 0.66773367 -8.2649975 2.2608144 52.561993 -1.7455400228500366 0.1172172948718071
Pedestrian 0.0 0 -3.256438732147217 996.5171508789062 498.0403747558594 1024.6505126953125 544.3883056640625 1.0892808 1.9180856 0.6887565 8.109349 2.1927533 52.877293 -3.1042628288269043 0.11611402034759521
Pedestrian 0.0 0 -0.19359320402145386 987.0087280273438 496.5574645996094 1041.1727294921875 581.2097778320312 1.2545602 2.1197588 0.65189147 5.008418 2.249183 32.103878 -0.03883403167128563 0.1147061288356781
Pedestrian 0.0 0 0.552930474281311 330.8576965332031 486.1317443847656 384.12646484375 577.66650390625 0.81274253 1.9475158 0.74570805 -9.917351 1.8331492 27.392551 0.2055652141571045 0.11407479643821716
Pedestrian 0.0 0 1.7693487405776978 276.1413879394531 489.4866638183594 311.53021240234375 562.8372192382812 0.92172617 1.915757 0.69964015 -13.851729 1.8629882 33.595345 1.37827467918396 0.11212565004825592
Pedestrian 0.0 0 -2.772599935531616 1349.143798828125 554.564208984375 1600.0 795.19970703125 1.7572739 1.9155309 2.3552837 6.5850835 2.597666 12.266096 -2.279906749725342 0.10746914148330688
Cyclist 0.0 0 -1.4003713130950928 921.0504150390625 511.0714416503906 955.5476684570312 594.1319580078125 1.485867 2.1335094 0.67151713 3.257228 2.6667798 33.713894 -1.3040564060211182 0.2033400982618332
Cyclist 0.0 0 -1.3413000106811523 1094.0699462890625 505.9575500488281 1121.0341796875 570.1306762695312 1.712813 2.1761618 0.5421877 10.18096 2.6910257 44.233593 -1.1150763034820557 0.20026753842830658
Cyclist 0.0 0 -1.0306280851364136 289.5087585449219 481.82244873046875 353.1134033203125 570.9877319335938 1.2854416 1.9343836 0.7654198 -10.996122 1.7242815 28.171791 -1.4027652740478516 0.1517217606306076
Car 0.0 0 -1.6165097951889038 610.663330078125 508.61138916015625 664.0520629882812 560.9026489257812 4.022339 1.6199372 1.5987638 -6.077507 2.225981 42.747204 -1.7577365636825562 0.2302379161119461
Car 0.0 0 -1.137919306755066 474.7727966308594 512.556884765625 572.9461059570312 566.5133666992188 4.02054 1.6220889 1.6209456 -9.598069 2.353529 41.87143 -1.3632535934448242 0.22920304536819458
Car 0.0 0 -1.7238898277282715 1289.8717041015625 516.4595336914062 1382.8265380859375 588.57177734375 3.7383122 1.6294142 1.6153662 13.0716505 2.299617 32.009148 -1.3361868858337402 0.20408819615840912
Car 0.0 0 1.5090031623840332 658.69921875 505.8720397949219 739.9407958984375 585.7522583007812 4.5196753 1.7660501 1.7086953 -2.9498594 2.1469467 31.214674 1.414780616760254 0.16790668666362762
Car 0.0 0 -1.7383309602737427 801.0909423828125 510.615966796875 889.3300170898438 583.126220703125 4.1442437 1.7069441 1.63145 0.68979484 2.239492 33.12479 -1.7175098657608032 0.14630739390850067
Car 0.0 0 -1.493992567062378 682.0650634765625 499.5745849609375 744.2752685546875 554.9326782226562 3.9036953 1.6274842 1.6473017 -3.188449 1.8931922 39.75583 -1.5740220546722412 0.14202383160591125
Car 0.0 0 -1.7751379013061523 570.0160522460938 513.4822387695312 630.94970703125 555.39404296875 3.7365997 1.5414249 1.6826016 -8.684885 2.4578836 50.768585 -1.944566011428833 0.1319129467010498
Car 0.0 0 -1.8700106143951416 1152.1170654296875 514.1084594726562 1237.5867919921875 566.2603759765625 4.1280723 1.6209551 1.6466095 12.854057 2.4294634 43.23058 -1.5809986591339111 0.11789266020059586
Car 0.0 0 -1.091721534729004 110.85038757324219 501.2710266113281 295.68109130859375 592.5037841796875 3.942192 1.6094092 1.6037781 -11.845138 1.8157314 24.764235 -1.5378721952438354 0.10879821330308914
Car 0.0 0 -1.43791663646698 548.6163940429688 506.4392395019531 614.4085083007812 558.0775146484375 3.9509177 1.5750786 1.6218475 -7.697177 2.091739 41.805595 -1.6199958324432373 0.10650274902582169
