Car 0.0 0 -1.9134013652801514 537.3488159179688 185.72547912597656 679.4262084960938 276.6103515625 3.7063012 1.4500226 1.5795438 -0.2262863 1.7377073 14.091509 -1.9294583797454834 0.966052770614624
Car 0.0 0 -1.7163015604019165 438.818603515625 181.32569885253906 493.87396240234375 221.726806640625 3.846191 1.4301118 1.5767487 -5.7731123 1.7893338 28.485394 -1.9162623882293701 0.9565743803977966
Car 0.0 0 1.8976092338562012 0.0 210.61927795410156 118.02185821533203 375.0 4.1322637 1.4312501 1.6400528 -6.572122 1.9355925 7.4039 1.171655535697937 0.8695397973060608
Car 0.0 0 1.7929954528808594 8.519163131713867 204.57484436035156 180.9048309326172 319.7629699707031 3.622097 1.4467964 1.5674704 -8.473934 2.066821 12.119554 1.1828097105026245 0.8637869358062744
Car 0.0 0 1.761199712753296 252.31491088867188 184.0410614013672 298.3392028808594 213.6649932861328 3.8554697 1.5122031 1.6415955 -18.737331 2.1719956 40.460472 1.3275036811828613 0.861365020275116
Car 0.0 0 -2.305532455444336 685.9492797851562 109.4890365600586 1213.4434814453125 375.0 4.6327767 1.8495382 1.7790695 2.5597713 1.4560263 6.9632616 -1.9532556533813477 0.8259221315383911
Car 0.0 0 -2.906458616256714 618.84375 166.71435546875 713.5750122070312 204.13885498046875 3.6806676 1.4987817 1.6276352 2.327804 1.2532585 30.23291 -2.8296146392822266 0.7530778646469116
Car 0.0 0 -1.6740846633911133 424.4900207519531 178.91000366210938 468.6566467285156 214.3034210205078 3.8824852 1.5296746 1.6273785 -7.7888513 1.8330499 34.000095 -1.8992820978164673 0.5973338484764099
Car 0.0 0 -2.8198444843292236 562.0487670898438 173.82688903808594 646.439208984375 207.8302459716797 3.886366 1.6296577 1.6781635 -0.31378317 1.680517 36.05459 -2.828547239303589 0.5819159150123596
Car 0.0 0 1.0265346765518188 0.0 190.58160400390625 73.64637756347656 222.4738006591797 4.055595 1.6571738 1.7215168 -32.5513 2.6938586 40.670757 0.35157346725463867 0.49128398299217224
