Pedestrian 0.0 0 0.010403931140899658 97.3440933227539 482.0648193359375 151.43275451660156 569.8458251953125 1.2127159 2.2228115 0.8215332 -17.86262 1.9837123 32.716084 -0.48935455083847046 0.16533520817756653
Pedestrian 0.0 0 -3.035937786102295 918.080810546875 494.15087890625 943.8123168945312 548.4227294921875 0.8215496 1.8906816 0.8196798 4.0462847 1.9848938 44.64739 -2.945557117462158 0.15324413776397705
Cyclist 0.0 0 -1.6993942260742188 1563.18212890625 518.2863159179688 1590.15185546875 564.0381469726562 1.9099663 1.9169132 0.7707177 33.189945 3.107926 55.29485 -1.1588013172149658 0.2933436632156372
Cyclist 0.0 0 -0.5572304129600525 323.9112243652344 462.4913635253906 412.1773376464844 575.6298828125 1.8254099 2.620397 0.83538234 -10.710172 1.9483658 30.305286 -0.8969392776489258 0.2709427773952484
Car 0.0 0 -1.2298784255981445 348.82537841796875 506.366455078125 451.87933349609375 572.5946044921875 4.1105957 1.784225 1.5799204 -12.109393 2.244159 37.12389 -1.5451850891113281 0.41305896639823914
Car 0.0 0 1.4794278144836426 629.313232421875 512.5529174804688 699.4970092773438 579.4451293945312 4.205769 1.7550563 1.645641 -4.47206 2.4046333 36.858704 1.3586881160736084 0.4091637134552002
Car 0.0 0 -1.247662901878357 154.86184692382812 509.3471984863281 280.25897216796875 594.6863403320312 3.3440328 1.7227818 1.5206379 -13.172179 2.142497 28.045656 -1.6867527961730957 0.345611035823822
Car 0.0 0 1.4706236124038696 627.9849243164062 513.6177368164062 722.686767578125 602.8224487304688 4.176276 1.7343831 1.6571645 -3.1787248 2.2608454 27.93756 1.3573311567306519 0.3230884075164795
Car 0.0 0 1.6853294372558594 390.51220703125 499.56878662109375 496.8389587402344 592.9796142578125 4.5018992 1.7656534 1.6321661 -7.756567 1.9506171 26.700268 1.4026061296463013 0.27145570516586304
Car 0.0 0 1.3420945405960083 707.20703125 513.8153076171875 795.5587158203125 579.7662353515625 3.9845092 1.6989024 1.6575688 -1.9143158 2.374652 36.2176 1.2892876863479614 0.2180575132369995
Car 0.0 0 -1.8310658931732178 1439.3839111328125 516.791015625 1506.4752197265625 561.0931396484375 3.3938282 1.633751 1.5571417 26.194048 2.6806145 50.610184 -1.3534654378890991 0.20778816938400269
Car 0.0 0 -1.273044228553772 260.1834411621094 511.0106506347656 360.2290954589844 573.3295288085938 3.9283712 1.6589301 1.6274356 -14.705991 2.2599378 37.001743 -1.6513421535491943 0.20280367136001587
Car 0.0 0 -1.4458110332489014 484.93560791015625 508.9281311035156 563.3087158203125 580.5110473632812 4.4386053 1.8652829 1.647067 -8.327265 2.3975835 36.40503 -1.6706818342208862 0.18039783835411072
Car 0.0 0 -1.0576491355895996 0.0 507.1897277832031 160.182861328125 587.9140014648438 3.7741683 1.6644123 1.5769453 -16.640244 2.0438483 28.744438 -1.5824116468429565 0.16550540924072266
Car 0.0 0 -1.7942842245101929 1480.586181640625 534.8597412109375 1600.0 665.0769653320312 3.828751 1.6489146 1.578431 11.468233 2.3862095 19.474155 -1.2620701789855957 0.15292170643806458
Car 0.0 0 -1.0684617757797241 561.00146484375 530.987548828125 694.195068359375 606.267578125 3.823665 1.6508123 1.6963751 -4.695927 2.715008 32.04862 -1.213951587677002 0.15269407629966736
Car 0.0 0 1.3603854179382324 1357.6353759765625 513.0346069335938 1521.5562744140625 632.0462036132812 4.008097 1.6922969 1.6086997 10.158319 2.0842571 20.91982 1.8124334812164307 0.1337747871875763
Car 0.0 0 -0.7921938300132751 0.0 504.28790283203125 109.41368865966797 569.1756591796875 3.3603814 1.5186434 1.5463519 -19.897753 1.8615018 32.1627 -1.3462204933166504 0.1280069649219513
