Pedestrian 0.0 0 0.807908296585083 741.7277221679688 129.80191040039062 779.8407592773438 203.87962341308594 0.64767694 1.7555128 0.63536286 3.613991 0.7356112 17.539534 1.0111126899719238 0.6412595510482788
Pedestrian 0.0 0 -1.2036070823669434 1010.5113525390625 78.46046447753906 1126.349853515625 291.2353515625 0.80429137 1.7232505 0.6132246 3.9656777 0.9591211 6.327556 -0.6437637209892273 0.6007538437843323
Cyclist 0.0 0 1.9312198162078857 262.3584289550781 151.502685546875 289.78875732421875 189.5585174560547 1.7240169 1.7236327 0.5895711 -15.5547495 0.7569427 33.55864 1.4971883296966553 0.6446841359138489
Cyclist 0.0 0 -1.8575286865234375 847.91650390625 127.17658996582031 878.3465576171875 183.83607482910156 1.6773336 1.7676914 0.46993527 8.1317005 0.34298232 23.357187 -1.522506833076477 0.6320282816886902
Cyclist 0.0 0 -2.5030179023742676 647.8447875976562 162.6995849609375 695.5433349609375 208.9430389404297 1.8134627 1.7184197 0.6087214 2.3081117 1.3414367 27.637419 -2.4196972846984863 0.5764837861061096
Car 0.0 0 -1.4281684160232544 468.93536376953125 178.80657958984375 542.5824584960938 237.96401977539062 3.8013482 1.5742935 1.6411479 -3.0538962 1.7675985 21.483341 -1.5693742036819458 0.9473376870155334
Car 0.0 0 2.019366502761841 149.16543579101562 192.5204620361328 296.6986389160156 262.10791015625 4.246399 1.4972225 1.7131287 -9.964229 2.071272 18.891994 1.5340155363082886 0.9356400370597839
Car 0.0 0 1.9409935474395752 336.4313659667969 188.7922821044922 395.7081604003906 219.638671875 3.9896796 1.4613452 1.6489462 -12.907822 2.3528035 38.307957 1.615992546081543 0.820090115070343
Car 0.0 0 -1.685015320777893 577.65966796875 177.0693817138672 609.456298828125 202.74822998046875 3.7076278 1.5726049 1.6416992 -1.1351742 1.8576347 46.774548 -1.7092796564102173 0.7185131311416626
Car 0.0 0 -0.8710464835166931 109.3003158569336 165.54632568359375 162.53662109375 186.59771728515625 3.048268 1.4955672 1.6971064 -34.71633 0.97676075 52.871845 -1.4520564079284668 0.6965230107307434
Car 0.0 0 -1.3985565900802612 718.0740966796875 157.5052947998047 749.7861328125 181.07998657226562 3.7481112 1.6077048 1.6023563 8.805297 0.56134015 51.23767 -1.2283669710159302 0.6140941381454468
Car 0.0 0 -0.8633280992507935 635.5872802734375 165.1796875 725.809326171875 201.47401428222656 4.1912074 1.5057554 1.6530211 3.1469042 1.1877267 31.97968 -0.7652406692504883 0.5554639101028442
Car 0.0 0 0.19819974899291992 1074.4486083984375 152.09654235839844 1143.6585693359375 174.3035125732422 4.2149453 1.6759837 1.6682793 39.043026 0.10975391 56.547607 0.8024842739105225 0.5427575707435608
Car 0.0 0 -1.070342779159546 171.11114501953125 164.8797607421875 231.3890380859375 190.6667938232422 3.957545 1.5756598 1.653036 -26.051832 1.088769 46.075516 -1.584944486618042 0.540951132774353
Car 0.0 0 1.3452324867248535 908.1510620117188 144.1796112060547 962.8944091796875 178.26828002929688 4.065445 1.7028832 1.7664746 17.119717 0.27082503 38.207005 1.7664868831634521 0.49541401863098145
