Pedestrian 0.0 0 1.5506329536437988 311.9742126464844 142.19093322753906 346.46044921875 214.0399169921875 1.0618492 1.8425671 0.8287953 -7.509412 1.0565709 19.150393 1.1769307851791382 0.48380160331726074
Pedestrian 0.0 0 1.6738234758377075 406.94891357421875 159.11961364746094 422.1993713378906 197.5946502685547 0.6064393 1.9644308 0.70104915 -10.107675 1.263548 37.192894 1.4084686040878296 0.31670376658439636
Car 0.0 0 1.381466269493103 695.9794311523438 187.3773651123047 803.505859375 262.4492492675781 4.102397 1.4190795 1.6240183 2.9926236 1.7928998 16.492218 1.5609698295593262 0.9664411544799805
Car 0.0 0 1.8457794189453125 333.7304992675781 177.11927795410156 484.8689880371094 284.74322509765625 3.1618001 1.5115825 1.5711244 -3.1843996 1.5913962 11.847883 1.5832109451293945 0.9419344067573547
Car 0.0 0 -1.6964499950408936 651.3056640625 178.32867431640625 692.7301635742188 210.92312622070312 3.8122437 1.5427483 1.6256428 3.0669491 1.8365947 36.738937 -1.6131635904312134 0.9414361119270325
Car 0.0 0 1.7545918226242065 443.0270690917969 178.7075958251953 533.3948974609375 240.71630859375 4.0052223 1.4342726 1.6414998 -3.145984 1.6058761 19.086697 1.591234564781189 0.9239252209663391
Car 0.0 0 -2.4444594383239746 876.2245483398438 194.31118774414062 1242.0 375.0 3.9479716 1.4528687 1.6531013 2.833943 1.6060481 3.0724573 -1.6994216442108154 0.8013709783554077
Car 0.0 0 2.287222385406494 0.0 186.26519775390625 261.6490173339844 375.0 3.9578032 1.572575 1.6281163 -3.2324495 1.6698678 3.1763244 1.4930669069290161 0.7623292207717896
Car 0.0 0 -1.671189546585083 646.04833984375 179.10455322265625 679.2174682617188 207.0497283935547 3.5299823 1.5210807 1.5653005 2.9792368 1.8995514 41.857872 -1.600134253501892 0.7524802684783936
Car 0.0 0 1.644097089767456 557.6090087890625 176.27537536621094 582.2699584960938 197.7234649658203 3.669343 1.5408256 1.5896132 -3.008916 1.8073016 54.270752 1.588711142539978 0.3157275319099426
