Pedestrian 0.0 0 2.2976913452148438 1013.1807250976562 144.92498779296875 1072.5289306640625 247.5113067626953 0.57791835 1.7043937 0.65497845 7.3697004 1.2407323 12.384578 2.8344786167144775 0.4371982216835022
Pedestrian 0.0 0 1.4180798530578613 707.4714965820312 170.45370483398438 727.5958862304688 213.78216552734375 1.040131 1.7763802 0.6780375 4.4378037 1.6783308 30.101051 1.5644556283950806 0.39905688166618347
Pedestrian 0.0 0 2.6337268352508545 801.3264770507812 177.48416137695312 854.47119140625 260.6722717285156 0.93727225 1.7768844 0.6141168 4.731419 1.8815761 15.854923 2.9237329959869385 0.37272360920906067
Car 0.0 0 1.446494460105896 647.455322265625 180.89166259765625 729.7324829101562 241.04307556152344 3.8516128 1.4191678 1.7140894 1.9662929 1.658299 19.486237 1.5470608472824097 0.9613624215126038
Car 0.0 0 -0.44792091846466064 920.623291015625 163.28919982910156 1188.3583984375 250.03109741210938 4.042911 1.5309157 1.5983189 8.215802 1.3624635 13.712954 0.09185647964477539 0.8888452649116516
Car 0.0 0 3.3025009632110596 417.130615234375 177.7866973876953 513.3306274414062 211.89674377441406 4.2002115 1.5416452 1.714804 -6.761442 1.7795495 33.81138 3.1051290035247803 0.7996034026145935
Car 0.0 0 -0.7491592168807983 0.0 210.6287384033203 282.1211853027344 375.0 3.6594803 1.4982605 1.6381606 -2.9175632 1.7351165 2.6798308 -1.577003836631775 0.693146824836731
Car 0.0 0 1.7166181802749634 525.1036376953125 169.4977264404297 567.5665283203125 206.2933349609375 4.017947 1.83832 1.667907 -3.340966 1.6709977 38.099705 1.6291518211364746 0.6859292984008789
Car 0.0 0 -1.581320881843567 640.05322265625 167.8304443359375 672.5386962890625 200.39019775390625 3.8983526 1.6033136 1.5983027 2.3444064 1.3563001 37.515335 -1.5189100503921509 0.5795046091079712
Car 0.0 0 3.3639934062957764 379.2652282714844 182.42349243164062 480.97222900390625 219.83303833007812 3.8189888 1.4803318 1.6142855 -7.419436 1.8876038 29.8307 3.1202216148376465 0.4575844705104828
Car 0.0 0 1.6916378736495972 545.2656860351562 177.4820556640625 578.1865844726562 201.9505157470703 3.9786584 1.478788 1.6463623 -3.0920057 1.7898319 46.40386 1.6251037120819092 0.40019139647483826
