Pedestrian 0.0 0 -1.5269581079483032 198.7953643798828 494.4684143066406 242.575439453125 597.7635498046875 1.1630156 2.1164584 0.7838597 -12.533151 2.180442 26.675184 -1.9661904573440552 0.50042724609375
Pedestrian 0.0 0 -1.0194467306137085 1137.57666015625 514.00146484375 1203.35107421875 610.1771240234375 1.6409628 2.2069032 0.769341 8.479393 2.7598724 30.292227 -0.7465124726295471 0.2766497731208801
Pedestrian 0.0 0 0.2082422971725464 370.130126953125 484.52239990234375 414.28033447265625 561.3268432617188 1.0773612 2.177175 0.7073684 -12.151971 1.97918 36.31212 -0.11469576507806778 0.17808720469474792
Pedestrian 0.0 0 -0.12980440258979797 1352.972900390625 483.7322692871094 1396.01513671875 557.7061157226562 1.0311812 2.0698953 0.73310626 15.83055 1.8523448 35.933002 0.2851693630218506 0.17288628220558167
Pedestrian 0.0 0 0.6616825461387634 300.1506042480469 487.2213134765625 363.35101318359375 587.1002807617188 1.2074847 2.292474 0.6930984 -11.311265 2.1941044 29.575237 0.2963900566101074 0.16571985185146332
Pedestrian 0.0 0 3.511676549911499 39.99659729003906 465.5111083984375 104.37269592285156 579.056884765625 0.8383546 2.0791318 0.69861853 -13.856416 1.6031203 23.601234 2.980792284011841 0.1458616405725479
Pedestrian 0.0 0 -0.5037596225738525 1462.715087890625 473.19464111328125 1543.1827392578125 588.3572387695312 1.1437361 2.1518552 0.70431906 13.013044 1.8096807 24.019775 -0.007261781953275204 0.13621607422828674
Pedestrian 0.0 0 -0.7789183855056763 1420.1458740234375 512.90087890625 1457.7147216796875 572.8590698242188 0.853352 1.874023 0.6647556 19.838385 2.5633392 40.354168 -0.32200783491134644 0.12444739788770676
Pedestrian 0.0 0 -1.7809343338012695 1407.4881591796875 518.8228149414062 1445.681884765625 575.1517333984375 1.1139908 1.9473618 1.014658 21.717163 2.9340549 45.08407 -1.3320305347442627 0.12016215175390244
Pedestrian 0.0 0 2.578364610671997 1591.5345458984375 506.93707275390625 1600.0 554.1788940429688 1.0074954 1.8765359 0.6506867 31.829325 2.500025 50.845604 3.1376824378967285 0.11881471425294876
Pedestrian 0.0 0 -2.021766185760498 1302.8203125 497.5755920410156 1347.29150390625 565.8907470703125 0.97205824 1.9400018 0.8531215 14.68384 2.1177008 36.569183 -1.6399365663528442 0.10638973116874695
Cyclist 0.0 0 -1.0432084798812866 229.1668701171875 491.55316162109375 286.4433288574219 582.1785278320312 1.214562 2.223655 0.81143785 -13.976735 2.2248333 31.723476 -1.458201289176941 0.3878600597381592
Cyclist 0.0 0 -1.1410841941833496 381.45977783203125 482.05438232421875 431.5592346191406 557.3717041015625 1.1516677 2.1022003 0.961526 -11.629847 1.8383638 35.97532 -1.4537532329559326 0.10309909284114838
Car 0.0 0 -2.407273769378662 1565.12353515625 515.6541748046875 1600.0 563.692138671875 4.054785 1.5506355 1.6143576 29.085365 2.4543211 45.226727 -1.8357634544372559 0.32381635904312134
Car 0.0 0 -2.3891212940216064 1549.929931640625 508.3130187988281 1600.0 595.0994873046875 4.1832943 1.6924713 1.6845692 18.466665 2.090835 27.789656 -1.8026092052459717 0.21761487424373627
Car 0.0 0 -2.0889689922332764 1526.829345703125 515.5579833984375 1600.0 564.3751831054688 3.8706439 1.5703464 1.5712283 26.868698 2.4547698 44.61643 -1.546922206878662 0.17062564194202423
Car 0.0 0 -2.465799331665039 1501.1461181640625 514.45654296875 1600.0 570.6477661132812 4.0254664 1.595463 1.6237891 23.906689 2.3578176 39.899483 -1.9259881973266602 0.1053786352276802
