Pedestrian 0.0 0 3.270350933074951 225.3310089111328 136.8623809814453 304.6903991699219 290.6136169433594 0.80431813 1.8026414 0.69440943 -4.2921877 1.381019 8.912947 2.8215575218200684 0.35626906156539917
Pedestrian 0.0 0 0.6081612706184387 411.9162292480469 160.67327880859375 461.5237121582031 242.9336700439453 0.9376483 1.8187276 0.5705436 -3.9822052 1.5497769 16.385437 0.3697502613067627 0.21797293424606323
Pedestrian 0.0 0 1.679895043373108 457.20355224609375 162.6879425048828 481.6111145019531 220.08583068847656 0.9853122 1.8422191 0.6849561 -4.6503053 1.5162913 23.675344 1.485944390296936 0.16874440014362335
Pedestrian 0.0 0 1.7055811882019043 720.0409545898438 163.3198699951172 750.44482421875 227.89657592773438 1.1628124 1.8804595 0.7528666 3.7256231 1.6031858 21.675894 1.8757966756820679 0.15778052806854248
Pedestrian 0.0 0 1.3663651943206787 685.6868286132812 158.83993530273438 703.0661010742188 201.37979125976562 0.5703718 1.814497 0.6404001 3.5916197 1.2170985 31.086388 1.4813919067382812 0.1498829573392868
Car 0.0 0 1.4460668563842773 647.375 184.39169311523438 702.257568359375 225.42913818359375 3.9610538 1.3982358 1.6021525 2.3736076 1.8740822 27.722612 1.5314785242080688 0.926706850528717
Car 0.0 0 -0.2666759490966797 649.8877563476562 172.10826110839844 705.720458984375 193.124755859375 3.8649793 1.5425482 1.6680384 5.0395722 1.488171 54.111637 -0.1738109588623047 0.5415611863136292
Car 0.0 0 1.7647291421890259 544.8464965820312 184.861083984375 576.173828125 206.99606323242188 3.8895571 1.5094266 1.5962907 -3.6525273 2.4327552 53.431538 1.6964763402938843 0.2636299133300781
Car 0.0 0 1.6393492221832275 572.0697631835938 191.1030731201172 603.6068725585938 218.64129638671875 3.7454872 1.483908 1.6408414 -1.3232592 2.6276371 43.3017 1.608799695968628 0.21975579857826233
Car 0.0 0 1.6964906454086304 535.8269653320312 193.9397430419922 576.8064575195312 226.77085876464844 3.750564 1.4678525 1.618294 -2.7110572 2.594715 36.6307 1.622614860534668 0.19100315868854523
Car 0.0 0 2.1290481090545654 508.26129150390625 179.69692993164062 555.6091918945312 204.41102600097656 3.478126 1.5738282 1.5918804 -5.2826962 2.0562646 48.916786 2.0214715003967285 0.16225846111774445
