Pedestrian 0.0 0 -0.30501502752304077 661.4757690429688 516.359375 703.7713012695312 590.5847778320312 1.0290399 2.0045125 0.63573134 -4.0184507 3.317023 34.957626 -0.41946473717689514 0.17644208669662476
Pedestrian 0.0 0 2.7170958518981934 698.0145874023438 505.8524475097656 755.6382446289062 598.4707641601562 1.125127 2.0151923 0.65558076 -2.2499208 2.8399856 28.250196 2.6376209259033203 0.15741179883480072
Pedestrian 0.0 0 -1.0700469017028809 100.818359375 524.3295288085938 185.49069213867188 650.2286376953125 1.2625859 2.0691345 0.780656 -11.8533535 3.040796 21.767628 -1.5686888694763184 0.15567360818386078
Pedestrian 0.0 0 -0.8897882699966431 0.0 502.73516845703125 39.10725402832031 642.8538208007812 0.95503247 1.9668037 0.63150144 -12.159435 2.4591112 18.32698 -1.4755758047103882 0.13152682781219482
Pedestrian 0.0 0 -1.976307988166809 742.60302734375 514.912841796875 781.0572509765625 603.9368286132812 0.8221008 1.8347701 0.5410437 -1.3891914 2.813426 26.80136 -2.028094530105591 0.11057738214731216
Pedestrian 0.0 0 -2.506075143814087 411.70330810546875 515.8232421875 465.0266418457031 592.9185791015625 1.2872801 2.2089953 0.8018785 -11.520573 3.5912805 37.188858 -2.806485176086426 0.10683607310056686
Cyclist 0.0 0 -1.1096073389053345 318.2004089355469 499.98126220703125 378.3923034667969 585.7560424804688 1.8553344 2.0707498 0.67451406 -12.145635 2.8567085 31.869696 -1.4737178087234497 0.3580975830554962
Cyclist 0.0 0 -1.0009653568267822 713.8882446289062 527.1109619140625 770.55029296875 627.2910766601562 1.2035441 2.1225262 0.73193395 -1.8810248 3.4336312 28.04963 -1.0679256916046143 0.11868903785943985
Cyclist 0.0 0 -0.9420888423919678 663.3092651367188 526.4869384765625 707.9081420898438 601.537353515625 1.2237419 2.0061522 0.6507162 -3.9572003 3.6260235 35.224358 -1.0539624691009521 0.10385169088840485
Car 0.0 0 -1.6894999742507935 962.80517578125 538.6195678710938 1033.5965576171875 606.3780517578125 4.0545993 1.6813533 1.611257 5.0462523 3.8343582 37.259556 -1.5548839569091797 0.335338830947876
Car 0.0 0 -2.0474750995635986 1083.3973388671875 532.3768920898438 1201.001220703125 599.48681640625 4.3232102 1.695636 1.6755028 9.538876 3.7134423 38.220444 -1.80289626121521 0.17980214953422546
Car 0.0 0 -1.7922712564468384 871.432861328125 531.8291015625 944.7142333984375 591.0054931640625 3.3200865 1.6147481 1.6211615 2.5343616 3.6590142 39.644997 -1.7284317016601562 0.17481295764446259
Car 0.0 0 -1.3536772727966309 663.1549682617188 526.7532348632812 792.16162109375 632.0227661132812 4.219339 1.6493516 1.5976146 -1.8097222 2.8459306 24.20531 -1.4283039569854736 0.14781783521175385
Car 0.0 0 -1.4669554233551025 580.3621215820312 526.7869262695312 656.8200073242188 598.076904296875 3.9249778 1.6063527 1.6079878 -5.489449 3.213166 33.432953 -1.6296961307525635 0.12912273406982422
Car 0.0 0 -2.662641763687134 806.9867553710938 538.9854736328125 925.2469482421875 592.3575439453125 3.8516223 1.6381371 1.6850823 1.3931445 4.1792126 44.46121 -2.6313180923461914 0.11960580945014954
Car 0.0 0 1.7002109289169312 168.86825561523438 539.8876953125 275.28546142578125 631.0955810546875 3.439618 1.6286147 1.6397171 -13.023629 3.2493398 27.157028 1.253042459487915 0.11686631292104721
Car 0.0 0 -1.7279316186904907 727.0018920898438 528.6007080078125 809.6028442382812 595.64208984375 4.1495957 1.5163386 1.6278347 -1.6607659 3.2274816 34.37541 -1.7762067317962646 0.11685344576835632
Car 0.0 0 1.299246907234192 803.5579223632812 530.4912719726562 944.5214233398438 643.7493286132812 4.4300637 1.8039212 1.6443714 0.8294332 3.115382 24.807827 1.3326687812805176 0.11151547729969025
Car 0.0 0 -0.8923884034156799 0.0 546.5857543945312 29.228662490844727 670.079833984375 3.7433782 1.5338631 1.5908465 -14.659512 2.8623905 19.82489 -1.52910315990448 0.10077296942472458
