Pedestrian 0.0 0 -1.049525499343872 0.0 462.7182312011719 54.7392463684082 628.7946166992188 0.93945247 2.049129 0.7264272 -10.321533 1.6939187 16.112423 -1.619260549545288 0.20064669847488403
Pedestrian 0.0 0 -2.6614811420440674 573.5384521484375 490.9900207519531 604.7493286132812 539.510498046875 0.95849204 1.9115671 0.80752885 -9.039745 1.8911964 50.421436 -2.8388803005218506 0.176355242729187
Pedestrian 0.0 0 -0.4196065068244934 845.422607421875 502.9554443359375 869.7022094726562 541.06591796875 1.1047496 2.0102408 0.705732 2.2050452 2.6267009 67.657486 -0.38702672719955444 0.171810582280159
Cyclist 0.0 0 -1.0520623922348022 254.4927520751953 503.7758483886719 308.4222717285156 576.0829467773438 1.3831158 2.1177773 0.93055713 -16.070135 2.4939306 38.085552 -1.451345443725586 0.6545029282569885
Cyclist 0.0 0 -0.8035295009613037 628.7589111328125 482.9433288574219 703.245849609375 594.3544311523438 1.6425471 2.6857016 0.96975935 -3.724104 2.4792624 31.475847 -0.9212982654571533 0.46171316504478455
Cyclist 0.0 0 -1.1618257761001587 852.8466186523438 506.8836669921875 875.412353515625 542.5894775390625 1.2607533 1.8742437 0.7701256 2.5676389 2.706911 67.84368 -1.123997449874878 0.1895950883626938
Cyclist 0.0 0 -1.3537228107452393 1093.3143310546875 505.0030517578125 1122.2481689453125 567.0186157226562 1.2552204 2.1750755 0.75964427 10.470046 2.667363 45.464687 -1.1273794174194336 0.18201516568660736
Cyclist 0.0 0 -1.4962756633758545 1396.64697265625 500.9145812988281 1430.69580078125 573.8026733398438 1.7225006 2.0682876 0.7762465 17.517872 2.3510172 37.119637 -1.0553350448608398 0.17584887146949768
Car 0.0 0 1.0284264087677002 1356.603271484375 515.42236328125 1475.4703369140625 571.6213989257812 4.1768885 1.6824689 1.6280775 19.756042 2.514753 41.91267 1.468902349472046 0.777543842792511
Car 0.0 0 -1.6148380041122437 691.0972290039062 508.761474609375 777.0809326171875 599.8056640625 4.7825894 1.713246 1.6227683 -1.8447512 2.1178927 27.232935 -1.6824743747711182 0.41549813747406006
Car 0.0 0 -2.008526086807251 918.3494262695312 509.9136047363281 1024.890380859375 575.7855224609375 3.9457781 1.7697197 1.5893781 4.511177 2.3431654 37.33218 -1.888270378112793 0.350532591342926
Car 0.0 0 -1.7207916975021362 1019.8195190429688 517.9495849609375 1075.47412109375 563.5372924804688 3.7652326 1.6290656 1.5866603 8.978436 2.6997082 49.37108 -1.5409014225006104 0.33774855732917786
Car 0.0 0 -1.881162405014038 960.2223510742188 513.5985717773438 1024.98876953125 559.106689453125 3.6297252 1.7160829 1.5752931 7.13517 2.6488128 51.546375 -1.7436140775680542 0.322346031665802
Car 0.0 0 -1.1203312873840332 0.0 501.64141845703125 99.1727066040039 574.7706298828125 4.5394444 1.9148892 1.6835696 -22.401854 2.2229893 36.15608 -1.675028920173645 0.24197973310947418
Car 0.0 0 -0.46336427330970764 901.3428955078125 508.91729736328125 1123.44287109375 598.0640258789062 4.390866 1.7521788 1.6487257 4.158094 2.1421936 26.914688 -0.3100844621658325 0.2216121405363083
Car 0.0 0 1.974406361579895 0.0 505.0416564941406 69.0027847290039 613.5572509765625 3.6155844 1.7202705 1.6847429 -14.909871 1.9812369 22.48804 1.38893723487854 0.19117651879787445
Car 0.0 0 -2.056579828262329 1418.1978759765625 511.2913818359375 1528.0078125 561.2216186523438 4.1892247 1.5875752 1.6155764 22.748135 2.3083231 44.034187 -1.5797392129898071 0.19106964766979218
Car 0.0 0 -1.030646562576294 0.0 498.7314758300781 3.7314064502716064 596.5015258789062 3.9662879 1.6287804 1.6125916 -16.986416 1.7741967 23.445517 -1.6576308012008667 0.1879299134016037
Car 0.0 0 1.4492478370666504 381.6924133300781 526.2471313476562 472.666015625 606.8946533203125 3.8216596 1.6357899 1.5703247 -9.1239805 2.5025115 29.530731 1.1495862007141113 0.17179252207279205
