Pedestrian 0.0 0 -1.9999016523361206 685.610595703125 165.42303466796875 704.0661010742188 199.9194793701172 0.7906291 1.7339907 0.6639166 4.279802 1.360825 36.744263 -1.883948802947998 0.4467455744743347
Pedestrian 0.0 0 0.2569606900215149 698.630615234375 138.4514617919922 734.55908203125 214.59466552734375 0.75641793 1.8538795 0.6143943 2.6134 1.0166295 17.99523 0.40117979049682617 0.2666204273700714
Cyclist 0.0 0 1.6351776123046875 521.5302734375 175.587646484375 536.1846313476562 215.60560607910156 1.8283434 1.668783 0.5148673 -3.5334558 1.790629 31.138046 1.522183895111084 0.5915313363075256
Cyclist 0.0 0 1.558180809020996 537.9755249023438 176.9486541748047 550.6463623046875 217.36766052246094 1.8739259 1.7109089 0.52677476 -2.9340441 1.8965836 31.693247 1.4658676385879517 0.5250491499900818
Car 0.0 0 -1.7846709489822388 694.5542602539062 176.47750854492188 826.8530883789062 275.71124267578125 3.4315336 1.5327948 1.5944086 2.5089388 1.6071727 13.002818 -1.594059944152832 0.9598419666290283
Car 0.0 0 1.8409552574157715 324.7274475097656 182.51097106933594 445.43927001953125 263.8691101074219 3.8874586 1.5902567 1.6444925 -5.039395 1.8381926 16.531246 1.5450634956359863 0.9573794007301331
Car 0.0 0 1.753698468208313 462.6844177246094 183.04800415039062 517.7431030273438 218.19076538085938 4.356895 1.4145395 1.6804761 -5.3547525 1.9052151 32.50771 1.5904419422149658 0.905273973941803
Car 0.0 0 -1.519707441329956 633.1102905273438 175.67994689941406 659.2352294921875 198.52845764160156 3.9885798 1.6042758 1.7258205 2.6763568 1.821284 53.24268 -1.4694825410842896 0.5354933738708496
Car 0.0 0 1.5428069829940796 520.4746704101562 180.11575317382812 545.0858764648438 203.51187133789062 4.1631308 1.5485439 1.6159258 -5.5495768 2.0868282 51.274437 1.434993863105774 0.3764081597328186
Car 0.0 0 2.2333621978759766 0.0 204.64881896972656 90.54025268554688 375.0 4.0825987 1.5473684 1.6187843 -4.0492005 1.7772561 3.023622 1.3039648532867432 0.21035698056221008
