Pedestrian 0.0 0 -1.5028746128082275 503.5929870605469 540.1827392578125 560.6962280273438 611.4482421875 1.6339244 1.7168545 1.3280962 -7.306389 3.006995 32.65799 -1.7229745388031006 0.34813442826271057
Pedestrian 0.0 0 -1.3035802841186523 517.5062866210938 484.2137756347656 580.0234375 575.772705078125 1.497734 2.1256173 1.1006892 -6.3574705 1.9562962 30.181261 -1.511188268661499 0.34328731894493103
Pedestrian 0.0 0 -0.9186153411865234 650.4893798828125 511.09478759765625 706.6857299804688 587.7230834960938 1.3822228 2.1588054 0.9959249 -4.0108666 2.7436185 36.96124 -1.0267078876495361 0.25960153341293335
Pedestrian 0.0 0 -0.10325734317302704 972.5988159179688 496.69537353515625 1005.014404296875 552.768310546875 1.0503013 1.9156941 0.60274684 5.9419794 2.0957966 43.643204 0.032059669494628906 0.2250015288591385
Pedestrian 0.0 0 -0.021660417318344116 1046.86767578125 491.78790283203125 1083.9149169921875 564.2877807617188 1.0719895 2.1433325 0.73433715 7.4482284 2.151836 37.896626 0.17240667343139648 0.20645470917224884
Pedestrian 0.0 0 -2.687950372695923 221.96434020996094 473.72418212890625 306.7308654785156 592.2044677734375 1.2387823 2.137856 0.7121439 -10.114463 1.8169818 23.233604 -3.0985443592071533 0.1900758296251297
Pedestrian 0.0 0 3.247507095336914 602.1351318359375 478.9309997558594 645.6243286132812 573.192138671875 1.0209677 2.3621383 0.7082954 -4.871871 2.046988 32.112366 3.0969419479370117 0.1898011714220047
Pedestrian 0.0 0 -2.700277328491211 320.22100830078125 485.3907470703125 379.1860046386719 583.68701171875 0.90802324 1.9916658 0.74433994 -9.597127 1.8677373 26.07086 -3.052999973297119 0.1799628585577011
Pedestrian 0.0 0 -3.01214337348938 755.2724609375 500.9484558105469 780.1967163085938 546.10791015625 0.96715367 1.888241 0.72501314 -2.0481682 2.290314 53.52679 -3.050389051437378 0.16097106039524078
Pedestrian 0.0 0 -0.8346418142318726 278.2696533203125 501.8439025878906 321.7381896972656 566.7174682617188 1.1895806 2.0529532 0.6791634 -16.69267 2.3928416 40.96653 -1.2215720415115356 0.15153434872627258
Pedestrian 0.0 0 -0.10503280162811279 780.0327758789062 494.1813659667969 804.7527465820312 544.4845581054688 0.8753008 1.8929607 0.64521563 -0.90881395 1.9952605 48.07058 -0.12393637746572495 0.15057168900966644
Pedestrian 0.0 0 -2.6805989742279053 585.3643188476562 495.640625 628.0572509765625 559.66650390625 1.2011746 2.1415322 0.7956155 -7.109686 2.2836556 42.987007 -2.8445067405700684 0.1482459008693695
Pedestrian 0.0 0 -1.9724571704864502 1338.2008056640625 496.4141540527344 1415.0638427734375 632.3869018554688 1.0894207 2.1593635 0.7851103 9.143433 2.24171 20.70176 -1.5565484762191772 0.1477823406457901
Pedestrian 0.0 0 -0.19837701320648193 992.6637573242188 488.47332763671875 1040.5765380859375 571.705078125 1.0631794 2.0834517 0.80148673 5.0749207 2.0075119 32.123417 -0.041690025478601456 0.14546360075473785
Pedestrian 0.0 0 -3.036907911300659 1297.336669921875 468.6244812011719 1348.813720703125 552.6962280273438 0.9938786 1.8597316 0.8818986 11.463067 1.3535506 28.635996 -2.6561405658721924 0.1353994607925415
Pedestrian 0.0 0 2.7961959838867188 979.3536376953125 497.3353576660156 1025.3876953125 565.7656860351562 1.1650732 2.0485415 0.8554254 5.6576743 2.2283578 38.537483 2.9419643878936768 0.13280199468135834
Pedestrian 0.0 0 -0.7942624092102051 720.0482177734375 496.0339660644531 759.1639404296875 546.35400390625 1.3630948 1.8664993 0.72944885 -2.8931332 2.0402858 47.86382 -0.8546340465545654 0.11994988471269608
Pedestrian 0.0 0 -1.7739232778549194 998.650634765625 496.42840576171875 1040.66455078125 589.318115234375 1.1318543 2.137855 0.7628756 4.775346 2.2558844 29.790478 -1.6149777173995972 0.11306434124708176
Pedestrian 0.0 0 -2.8950247764587402 617.8634643554688 494.75714111328125 653.6339111328125 561.275390625 0.9232582 2.0029137 0.75339663 -5.4971304 2.1030538 38.59716 -3.036496639251709 0.10783355683088303
Pedestrian 0.0 0 -1.9205073118209839 761.2750244140625 493.87152099609375 801.1434936523438 571.3440551757812 0.9501007 2.0181346 0.7792542 -0.93512213 2.0819783 33.61069 -1.9483222961425781 0.10315005481243134
Cyclist 0.0 0 -1.846043348312378 1458.9803466796875 467.9195861816406 1557.62939453125 629.8416137695312 1.9151789 2.164441 0.7307204 9.765564 1.849143 17.943132 -1.3476248979568481 0.21833951771259308
Cyclist 0.0 0 -0.9680033922195435 708.7196655273438 505.3414306640625 749.0872192382812 563.2759399414062 1.731035 2.1280363 0.6561412 -3.2927647 2.6608782 47.86523 -1.0366876125335693 0.1681072860956192
Cyclist 0.0 0 -1.3518705368041992 993.8411865234375 502.79217529296875 1030.1683349609375 570.0490112304688 1.218965 2.0055535 0.85339266 5.9919224 2.357115 38.729286 -1.1983745098114014 0.13521166145801544
Cyclist 0.0 0 -1.6168687343597412 577.7726440429688 489.58294677734375 602.7219848632812 558.8723754882812 1.2131166 2.1536 0.7211594 -7.149804 2.0937948 40.03301 -1.7936030626296997 0.11963097006082535
Car 0.0 0 -1.7678371667861938 852.6776733398438 509.7262268066406 955.7036743164062 594.5203857421875 3.9594448 1.7216015 1.5722674 1.9144391 2.163697 28.665005 -1.701149582862854 0.21982043981552124
Car 0.0 0 -0.9656080007553101 89.37124633789062 512.5048828125 264.5704040527344 601.0153198242188 3.447352 1.6562848 1.5683637 -13.204937 2.1237538 26.377127 -1.4297521114349365 0.16087469458580017
Car 0.0 0 -1.6530885696411133 1206.2398681640625 523.8714599609375 1273.5198974609375 586.1328735351562 3.2619941 1.6154943 1.571074 12.152496 2.5928001 36.471268 -1.3314512968063354 0.1570625603199005
Car 0.0 0 -2.492187023162842 1342.0074462890625 510.0226745605469 1589.0521240234375 603.855224609375 4.5072007 1.7212731 1.6800228 13.460041 2.1447437 26.570166 -2.023285388946533 0.1314740628004074
Car 0.0 0 -1.7876354455947876 953.9187622070312 516.0655517578125 1052.019287109375 591.0997314453125 3.8260815 1.7146251 1.676149 4.6750836 2.3771682 32.196823 -1.6434400081634521 0.12613961100578308
Car 0.0 0 -1.2685401439666748 90.34712219238281 528.6937866210938 255.01577758789062 638.9979248046875 3.544609 1.6869494 1.6155745 -11.32029 2.403315 22.516066 -1.734397292137146 0.12431147694587708
Car 0.0 0 -1.7056492567062378 679.0967407226562 518.0405883789062 732.6723022460938 565.337158203125 3.486414 1.6497527 1.5726737 -4.22911 2.6978312 48.15001 -1.793256402015686 0.12327967584133148
Car 0.0 0 1.6891485452651978 309.50042724609375 503.3181457519531 388.52099609375 561.9595947265625 4.4065166 1.5988473 1.697915 -13.877726 1.9733093 37.811024 1.337384819984436 0.12249264866113663
Car 0.0 0 -1.187471628189087 207.68890380859375 514.1727294921875 356.6889343261719 599.864990234375 3.5781374 1.6359944 1.6951869 -11.250815 2.150163 26.929182 -1.5832217931747437 0.12056802213191986
Car 0.0 0 -2.149435520172119 1227.8828125 508.12347412109375 1443.1260986328125 614.3938598632812 4.3204226 1.7895534 1.7288964 9.808818 2.1387634 24.32809 -1.7661830186843872 0.1196485236287117
Car 0.0 0 -1.962464451789856 830.7399291992188 530.9008178710938 944.1843872070312 604.357666015625 3.641063 1.6859032 1.7041887 1.8027139 2.7811768 33.210518 -1.9082362651824951 0.11594623327255249
Car 0.0 0 -1.2961279153823853 388.6352844238281 525.6219482421875 489.1241149902344 595.9219970703125 3.3414643 1.6298914 1.6344938 -9.670213 2.5553744 32.67465 -1.583869218826294 0.11533444374799728
Car 0.0 0 -2.393850326538086 1419.3878173828125 501.9699401855469 1600.0 600.1309204101562 3.6873212 1.6009576 1.5568187 13.014522 1.8080456 23.072683 -1.8802719116210938 0.11124079674482346
Car 0.0 0 1.4893975257873535 704.518310546875 507.1443786621094 778.7818603515625 581.4737548828125 3.7093637 1.7950331 1.6512454 -2.015855 2.2310374 33.357952 1.4290399551391602 0.10345975309610367
Car 0.0 0 1.592635154724121 860.9913330078125 522.22216796875 955.8798217773438 625.0867309570312 3.668871 1.724627 1.678269 1.807088 2.359689 24.277819 1.6669318675994873 0.10009405761957169
