Pedestrian 0.0 0 -1.694299578666687 710.7349243164062 157.91180419921875 759.4833984375 260.6346740722656 0.9797616 1.6602422 0.68742466 2.195703 1.2802938 12.115642 -1.5150166749954224 0.8275479674339294
Pedestrian 0.0 0 -1.5475393533706665 380.4443054199219 164.05262756347656 422.12530517578125 265.2110595703125 0.5851443 1.5842379 0.63356805 -3.270238 1.3122936 11.609357 -1.82211434841156 0.8238919973373413
Pedestrian 0.0 0 1.8488783836364746 495.56573486328125 170.95970153808594 519.9254760742188 218.93072509765625 0.9525714 1.7795372 0.6797795 -3.556555 1.3895698 27.16597 1.7186992168426514 0.7840160727500916
Pedestrian 0.0 0 1.4394452571868896 750.6168823242188 168.0819549560547 769.0799560546875 220.1727294921875 0.59006566 1.6661416 0.5102028 5.106578 1.2380601 23.289093 1.6552982330322266 0.7150534391403198
Pedestrian 0.0 0 -1.6549582481384277 661.9157104492188 165.97581481933594 702.1080322265625 266.1077575683594 0.8662755 1.6015033 0.5876054 1.28337 1.3545045 11.926176 -1.5477612018585205 0.6530568599700928
Pedestrian 0.0 0 2.4460020065307617 767.2562866210938 154.41879272460938 806.0576171875 217.84127807617188 0.8523059 1.7401745 0.6254095 5.1690845 0.99828005 20.17256 2.696848154067993 0.43237030506134033
Pedestrian 0.0 0 2.8875246047973633 579.4313354492188 173.76239013671875 592.1275634765625 195.3231201171875 0.9449803 1.7492471 0.48279428 -1.25332 1.1219847 58.637535 2.8661537170410156 0.356437087059021
Pedestrian 0.0 0 -0.44353893399238586 731.964599609375 160.787841796875 761.316162109375 213.78573608398438 0.7749843 1.8163471 0.70472777 5.036246 1.1075703 25.052076 -0.24515216052532196 0.35240164399147034
Pedestrian 0.0 0 -2.3612871170043945 255.3303680419922 172.71157836914062 308.03924560546875 250.42568969726562 0.98892415 1.7554395 0.5897406 -7.4547553 1.5581365 16.673544 -2.7817275524139404 0.35181352496147156
Pedestrian 0.0 0 -1.4260584115982056 707.1253051757812 166.1206817626953 727.6322631835938 216.07455444335938 0.7060778 1.6289968 0.577567 3.8277788 1.1285686 23.845585 -1.266892671585083 0.3366001546382904
Pedestrian 0.0 0 0.8034638166427612 784.3553466796875 145.17030334472656 815.248046875 206.55247497558594 0.63916284 1.8470559 0.6531231 6.059389 0.7549785 22.04977 1.0716488361358643 0.32363927364349365
Pedestrian 0.0 0 -3.087188243865967 645.4047241210938 172.69482421875 661.4307861328125 201.79603576660156 0.9714737 1.8016407 0.49298435 3.2478366 1.2572501 44.77509 -3.0147783756256104 0.26573100686073303
Pedestrian 0.0 0 -1.5736533403396606 549.1929321289062 167.6060791015625 566.2459716796875 217.26100158691406 1.9098866 1.7268195 0.5924622 -1.6062922 1.2447039 25.950586 -1.6354725360870361 0.19919008016586304
Cyclist 0.0 0 1.855446219444275 520.9157104492188 168.64993286132812 567.94189453125 246.1075439453125 1.7372966 1.7810328 0.68047523 -1.3925734 1.486772 17.434235 1.7757396697998047 0.9342548251152039
Cyclist 0.0 0 1.7818869352340698 584.1505737304688 170.2406768798828 613.413818359375 225.1546630859375 1.8255656 1.7451276 0.60274225 -0.09603645 1.3884164 23.780806 1.7778486013412476 0.9238242506980896
Cyclist 0.0 0 -1.5777219533920288 549.1361694335938 167.94847106933594 566.249267578125 217.14859008789062 1.9341619 1.713922 0.5956108 -1.6147152 1.2429094 26.006409 -1.639731526374817 0.5908946990966797
Cyclist 0.0 0 -1.295169472694397 419.629638671875 180.8558807373047 436.54937744140625 218.47390747070312 1.4903512 1.6208962 0.33526385 -7.6553254 1.5941058 31.700308 -1.532123327255249 0.371613472700119
Cyclist 0.0 0 -1.5397965908050537 1032.78857421875 133.81752014160156 1238.0 374.0 1.8416299 1.6754466 0.7376259 2.455099 1.5261092 3.216027 -0.88777756690979 0.26465678215026855
Car 0.0 0 1.6194393634796143 552.01318359375 171.75531005859375 579.4641723632812 197.67669677734375 4.1766934 1.6607798 1.6369946 -2.3406484 1.0371473 48.10937 1.5708250999450684 0.6560198068618774
Car 0.0 0 0.7777482271194458 406.1440124511719 181.86776733398438 507.9519958496094 221.55137634277344 4.1089892 1.5222173 1.6434358 -5.9566565 1.5391545 29.394804 0.5778124332427979 0.3104725182056427
