Pedestrian 0.0 0 -2.6963422298431396 518.3683471679688 167.76348876953125 542.1471557617188 216.39480590820312 0.7291859 1.8447665 0.58495706 -3.1089642 1.6520222 27.763632 -2.8078575134277344 0.23455001413822174
Pedestrian 0.0 0 2.8989405632019043 764.0912475585938 164.37217712402344 819.8157348632812 272.1500549316406 0.763321 1.7264576 0.6025852 2.926464 1.5909479 11.856875 3.1409201622009277 0.2282193899154663
Pedestrian 0.0 0 1.9090511798858643 465.81658935546875 175.49888610839844 498.9515380859375 239.58956909179688 1.1773878 1.7254037 0.55182517 -3.5905757 1.8017396 20.098991 1.732271432876587 0.2149307131767273
Pedestrian 0.0 0 0.04786405712366104 672.0719604492188 168.1871795654297 686.59228515625 193.13475036621094 1.0822352 1.8941602 0.48374072 5.2699475 1.5401868 55.0971 0.14322233200073242 0.1848151981830597
Pedestrian 0.0 0 0.5561593770980835 403.2694091796875 173.28521728515625 452.17755126953125 261.7997131347656 0.759036 1.7509478 0.60750264 -3.7536695 1.7603207 14.678186 0.30579400062561035 0.1842232644557953
Cyclist 0.0 0 2.168879985809326 476.05474853515625 182.65151977539062 529.0880126953125 247.37022399902344 1.8285788 1.7035528 0.5351889 -3.0315738 1.9911909 20.214191 2.02001690864563 0.36247682571411133
Cyclist 0.0 0 1.845611333847046 302.4490661621094 143.4559783935547 374.9577941894531 271.367431640625 1.7614065 1.736823 0.55118155 -4.030582 1.338005 10.695561 1.4852230548858643 0.30532827973365784
Cyclist 0.0 0 -1.7270798683166504 690.415771484375 178.83770751953125 704.4430541992188 210.39344787597656 1.676444 1.6769494 0.50508225 4.7439895 2.0120075 39.509686 -1.6075804233551025 0.16555872559547424
Car 0.0 0 1.5352528095245361 662.9888916015625 182.57247924804688 696.715087890625 213.59469604492188 3.7866113 1.5338111 1.6628884 3.6775162 2.0832682 38.825577 1.6296899318695068 0.9154274463653564
Car 0.0 0 -1.7153136730194092 751.0197143554688 162.42771911621094 864.0059204101562 287.08984375 3.7049332 1.9966918 1.4670901 3.4873822 1.8300537 13.475127 -1.4620685577392578 0.6993607878684998
Car 0.0 0 -1.7856316566467285 663.5473022460938 175.86900329589844 688.3186645507812 193.05892944335938 3.5997899 1.5083176 1.5143512 5.9686203 1.7916919 65.84753 -1.6952356100082397 0.24515265226364136
Car 0.0 0 0.4258926510810852 604.4546508789062 189.32664489746094 670.4990234375 213.8470001220703 3.9792154 1.471342 1.6599989 1.7565789 2.584677 47.11658 0.46315693855285645 0.19896821677684784
Car 0.0 0 1.6291980743408203 555.1135864257812 182.43121337890625 580.3662109375 207.1494903564453 3.9112163 1.7279955 1.6600233 -3.1503036 2.4699035 53.909294 1.5708273649215698 0.19495543837547302
