Pedestrian 0.0 0 -3.129009485244751 813.788330078125 103.56552124023438 852.838134765625 211.3614044189453 0.6082611 1.7440987 0.74470377 3.6997736 0.62339383 12.118662 -2.8327014446258545 0.5541387796401978
Pedestrian 0.0 0 -1.0442696809768677 1003.7999267578125 136.5742950439453 1031.2965087890625 187.04049682617188 0.5103734 1.8899099 0.757726 15.472976 0.5316281 27.474064 -0.5313601493835449 0.4787735044956207
Pedestrian 0.0 0 -0.5303449630737305 844.0780029296875 147.8475341796875 872.9819946289062 199.46214294433594 0.73803806 1.7399286 0.58875245 8.453535 0.8973185 24.68223 -0.2003719061613083 0.3912352919578552
Pedestrian 0.0 0 -2.5805864334106445 532.1221313476562 154.7585906982422 553.8884887695312 185.49905395507812 1.0100684 1.6802163 0.6484196 -3.7443254 0.69151276 39.95218 -2.6740336418151855 0.37674909830093384
Pedestrian 0.0 0 -2.167379379272461 1175.449951171875 98.2217025756836 1242.0 253.304443359375 0.5253522 1.8609893 0.6921056 7.513419 0.96576124 8.95213 -1.4691369533538818 0.3505436182022095
Pedestrian 0.0 0 -3.5856802463531494 1018.302001953125 140.04034423828125 1077.0770263671875 232.41015625 0.7631738 1.7453872 0.6625677 8.426781 1.1257098 13.998136 -3.0437965393066406 0.31780508160591125
Cyclist 0.0 0 -3.408907890319824 1057.9732666015625 73.63514709472656 1204.1776123046875 191.7247772216797 1.8061244 1.7814292 0.5162371 8.151485 0.28503096 11.435555 -2.789630174636841 0.46985509991645813
Car 0.0 0 -0.245853453874588 784.1470336914062 167.03988647460938 892.2994995117188 208.0623779296875 3.6209013 1.5017619 1.5935923 8.528507 1.2892753 27.30984 0.05683732032775879 0.846211850643158
Car 0.0 0 -1.6833033561706543 654.073486328125 164.06373596191406 683.8487548828125 186.18118286132812 3.9397676 1.4764313 1.623556 4.029636 0.8900023 50.157997 -1.603136658668518 0.7022280097007751
Car 0.0 0 -1.916296362876892 565.4153442382812 164.61756896972656 595.5654296875 182.67750549316406 3.590371 1.5837821 1.5985911 -2.7166266 0.8618391 65.237175 -1.9579145908355713 0.5219764113426208
Car 0.0 0 1.4297469854354858 730.6176147460938 157.62686157226562 777.5003662109375 190.6862335205078 4.1906576 1.5210842 1.6649255 6.9471445 0.82083094 35.332253 1.6238936185836792 0.46463707089424133
Car 0.0 0 -2.8788416385650635 531.1334838867188 162.671630859375 585.1419067382812 182.89279174804688 3.975164 1.5637602 1.5952519 -4.1039033 0.77668715 56.955917 -2.9507713317871094 0.3997087776660919
Car 0.0 0 -2.5393898487091064 514.5020141601562 159.11328125 575.8848876953125 183.3331756591797 3.9260345 1.5896261 1.6195786 -4.4439836 0.68813795 49.021404 -2.6297967433929443 0.36578118801116943
Car 0.0 0 0.4343794584274292 448.5310363769531 154.871337890625 536.375732421875 187.6697540283203 3.8401978 1.5132899 1.5951304 -5.6561427 0.68394375 34.572803 0.2722151279449463 0.3433682322502136
Car 0.0 0 -2.7043681144714355 390.626708984375 170.21070861816406 445.4478759765625 192.97808837890625 3.5911796 1.6526715 1.5907053 -14.236342 1.4611539 53.4724 -2.964569568634033 0.3324083387851715
Car 0.0 0 -2.0410122871398926 18.514684677124023 148.76467895507812 109.60624694824219 189.2635955810547 3.9408045 1.7222749 1.6396586 -24.47378 0.69819975 32.27959 -2.6897289752960205 0.32343393564224243
Car 0.0 0 -2.0839250087738037 752.2786254882812 158.84556579589844 806.2911376953125 183.1798553466797 3.775429 1.4464676 1.6233915 10.449412 0.6141425 44.926254 -1.8553979396820068 0.3233436942100525
