Pedestrian 0.0 0 2.522942304611206 931.4107055664062 139.4586181640625 1036.7730712890625 310.1978759765625 0.8101101 1.7767901 0.60736936 4.066364 1.3513863 7.707681 3.00840425491333 0.826158344745636
Pedestrian 0.0 0 -0.09831207990646362 823.0131225585938 103.06098175048828 880.9994506835938 209.51930236816406 0.8968226 1.8064362 0.675259 4.280275 0.49406147 12.424778 0.23345017433166504 0.5461280941963196
Pedestrian 0.0 0 -0.18885812163352966 893.4888916015625 94.51861572265625 958.5147094726562 209.14016723632812 0.8945138 1.8480346 0.55901027 5.283432 0.4634171 11.769972 0.23307299613952637 0.3807488679885864
Pedestrian 0.0 0 -0.03326784074306488 708.7168579101562 125.18849182128906 741.11083984375 194.8951416015625 0.7991311 1.7572678 0.6043294 3.037788 0.36448723 18.171616 0.13237261772155762 0.3773598372936249
Pedestrian 0.0 0 2.8562707901000977 751.7286376953125 104.87296295166016 813.69384765625 211.58615112304688 0.8875362 1.8102365 0.6977441 3.0482368 0.5289804 12.356923 3.0981247425079346 0.3401923179626465
Pedestrian 0.0 0 1.7444734573364258 621.1173706054688 129.447021484375 650.2610473632812 200.57205200195312 0.79153323 1.7706007 0.617938 0.75323 0.50127304 18.0491 1.7861815690994263 0.3389071524143219
Pedestrian 0.0 0 0.6191477179527283 500.5392150878906 112.91098022460938 549.7243041992188 200.09327697753906 0.8302574 1.7824869 0.6130091 -1.7246238 0.4022195 14.919891 0.5040662288665771 0.3349187970161438
Pedestrian 0.0 0 -3.6736860275268555 1109.71435546875 102.00371551513672 1191.4415283203125 216.82559204101562 0.8612483 1.8110238 0.61074805 8.813288 0.5746001 11.502323 -3.019885778427124 0.32493293285369873
Pedestrian 0.0 0 -0.2393481731414795 950.732421875 84.18083190917969 1015.6416015625 197.68795776367188 0.8345896 1.8284348 0.5918466 6.237215 0.27852654 11.773798 0.2478182315826416 0.3228781223297119
Pedestrian 0.0 0 0.2664055824279785 562.240234375 124.78211975097656 606.1039428710938 215.02455139160156 0.77649266 1.8253902 0.62142867 -0.4676558 0.69997644 14.689394 0.23458003997802734 0.2999594211578369
Pedestrian 0.0 0 -3.462606906890869 1162.4012451171875 118.26280212402344 1224.0 223.77774047851562 0.7589079 1.7539774 0.539994 10.090932 0.7210572 12.137911 -2.769036293029785 0.2583000957965851
Pedestrian 0.0 0 0.5816020965576172 175.38587951660156 117.77266693115234 266.8201904296875 205.3876495361328 1.563665 1.6949662 0.51735467 -7.631399 0.48309943 13.995471 0.08239269256591797 0.16864149272441864
Cyclist 0.0 0 0.5451034903526306 152.94552612304688 108.7199935913086 260.8567810058594 200.25770568847656 1.881629 1.7790103 0.49114153 -7.917163 0.3856175 14.0107155 0.03075695037841797 0.4680536985397339
Cyclist 0.0 0 -3.6627655029296875 1102.9952392578125 101.55357360839844 1196.1763916015625 217.59048461914062 1.0386075 1.8294746 0.60412 8.799497 0.58643615 11.510147 -3.010049343109131 0.15656211972236633
Cyclist 0.0 0 -0.17664483189582825 856.531982421875 101.11866760253906 928.9307250976562 210.4012908935547 1.0209026 1.7614671 0.63905025 4.7409496 0.48361653 11.808372 0.20514583587646484 0.1348961740732193
Cyclist 0.0 0 -0.2290661633014679 930.0797729492188 87.07186889648438 1004.4254150390625 204.31846618652344 1.0018145 1.8858318 0.537552 5.9562044 0.3847576 11.747641 0.24017596244812012 0.10264426469802856
Cyclist 0.0 0 -0.24577650427818298 766.905517578125 103.03565979003906 830.3711547851562 206.7005157470703 0.9313388 1.7634696 0.67918634 3.3292234 0.44735157 12.370333 0.017123937606811523 0.10063793510198593
Car 0.0 0 -1.5886391401290894 657.5538330078125 146.7060089111328 687.1719360351562 175.95310974121094 3.9354062 1.610374 1.6524931 3.9142473 -0.27909964 41.58109 -1.494780421257019 0.33691269159317017
Car 0.0 0 -1.796518087387085 718.4354248046875 134.32054138183594 811.4575805664062 196.9047393798828 3.9330752 1.5615345 1.6465495 4.2740006 0.41090867 19.612158 -1.581946849822998 0.3234204947948456
Car 0.0 0 -1.6731735467910767 586.1011962890625 152.66744995117188 630.2593383789062 189.21954345703125 3.9712865 1.613782 1.6674557 0.073349565 0.38643792 33.27045 -1.6709688901901245 0.2902698814868927
