Pedestrian 0.0 0 -1.6677651405334473 517.8729248046875 511.13946533203125 617.9288330078125 651.4214477539062 1.1724358 2.0838594 1.4270697 -3.895901 2.4025838 19.793346 -1.862109661102295 0.7607702016830444
Pedestrian 0.0 0 -2.1191372871398926 28.42371940612793 494.119873046875 62.1799430847168 544.1682739257812 1.0705415 1.958243 0.68425816 -30.534029 2.062858 50.15767 -2.665973663330078 0.23727501928806305
Car 0.0 0 1.526214599609375 630.5628662109375 517.1094970703125 696.43115234375 589.8278198242188 4.5167255 1.8297925 1.647189 -4.384357 2.6032243 35.894203 1.404670000076294 0.7269099950790405
Car 0.0 0 -1.7176812887191772 905.1522827148438 511.7608337402344 961.9384765625 559.313232421875 4.0968027 1.7303293 1.6451304 4.581243 2.562684 49.954174 -1.6262282133102417 0.48895883560180664
Car 0.0 0 -2.103644371032715 1136.8497314453125 516.0855712890625 1267.2935791015625 581.0084838867188 4.150509 1.6490662 1.6693882 10.891135 2.3918428 36.057877 -1.8103116750717163 0.4549579918384552
Car 0.0 0 -1.8814359903335571 963.1506958007812 516.4702758789062 1036.7608642578125 564.2008056640625 4.022683 1.6783743 1.6574116 7.035087 2.6835413 48.872105 -1.738469123840332 0.35413071513175964
Car 0.0 0 -2.0895910263061523 1119.09521484375 515.4168701171875 1214.5328369140625 562.8106689453125 4.072882 1.612818 1.6403936 13.072566 2.5500937 47.46808 -1.8208558559417725 0.32624387741088867
Car 0.0 0 -1.7025245428085327 1045.0723876953125 513.9260864257812 1105.657470703125 563.6184692382812 4.177585 1.7033031 1.6873572 9.663513 2.5818126 47.4837 -1.5017541646957397 0.32123318314552307
Car 0.0 0 -0.8741636276245117 225.5723876953125 516.1936645507812 385.6490783691406 585.7454833984375 3.9523818 1.5702935 1.6129521 -12.89427 2.2401142 32.232628 -1.2547025680541992 0.29900792241096497
Car 0.0 0 -1.8662691116333008 878.2063598632812 515.9619750976562 979.2064819335938 579.609130859375 4.8404427 1.6864924 1.6765293 3.2909546 2.4703546 38.051495 -1.7799968719482422 0.26375481486320496
Car 0.0 0 -1.1992146968841553 509.85137939453125 511.0846862792969 623.4073486328125 583.629638671875 4.2920732 1.7990845 1.6117634 -6.787232 2.3731515 34.87933 -1.3914047479629517 0.2532404065132141
Car 0.0 0 -0.9824428558349609 209.6382598876953 507.0406799316406 343.10784912109375 575.497314453125 3.6928866 1.7368163 1.6080602 -14.827202 2.1900306 34.985546 -1.3833045959472656 0.21423614025115967
Car 0.0 0 -1.2049599885940552 0.0 505.988037109375 84.29239654541016 549.2053833007812 4.1536093 1.5150576 1.6337864 -29.46517 2.0896168 48.05618 -1.7549853324890137 0.20954176783561707
Car 0.0 0 -1.06743586063385 250.78530883789062 509.0135803222656 351.92303466796875 572.3040161132812 3.14723 1.8177655 1.5528282 -15.774854 2.378961 38.942364 -1.4523156881332397 0.2048805058002472
