Pedestrian 0.0 0 1.4462859630584717 669.21533203125 154.83462524414062 683.729736328125 190.063232421875 0.6531051 1.7964985 0.666876 3.380561 0.87795055 37.130013 1.5370821952819824 0.854625403881073
Pedestrian 0.0 0 -2.054400682449341 1079.7755126953125 143.58563232421875 1104.37109375 183.0040283203125 0.6485768 1.8513404 0.7552386 22.837952 0.477069 34.247196 -1.4662668704986572 0.7337490320205688
Car 0.0 0 1.975775122642517 193.5199432373047 199.3134307861328 371.509521484375 298.1479187011719 3.9490013 1.4462732 1.5955821 -5.9804215 2.0180867 13.59874 1.5614545345306396 0.9420228600502014
Car 0.0 0 1.800307273864746 448.4131774902344 186.4014892578125 505.8159484863281 222.1516571044922 4.176217 1.405786 1.6019299 -5.8720427 2.0488794 32.10468 1.6194038391113281 0.9406012296676636
Car 0.0 0 1.8205163478851318 390.4370422363281 189.2198944091797 468.0523681640625 237.31724548339844 4.0891995 1.3945789 1.5742847 -6.0392528 1.9940948 24.363022 1.5775283575057983 0.9367629289627075
Car 0.0 0 1.861009120941162 319.5828552246094 192.66844177246094 424.0767517089844 259.7115478515625 3.7359226 1.4374206 1.5236186 -6.008938 1.9968008 18.467941 1.5464414358139038 0.9273317456245422
Car 0.0 0 2.7121052742004395 853.3696899414062 149.58241271972656 1010.982666015625 204.8836669921875 3.7634199 1.504091 1.5730588 8.9959755 0.8715049 20.436045 3.1267807483673096 0.9261013269424438
Car 0.0 0 2.212285041809082 0.0 208.61819458007812 262.55023193359375 375.0 4.04112 1.527912 1.6616507 -5.8931265 2.0408483 8.298545 1.594786286354065 0.9120450019836426
Car 0.0 0 -1.7290558815002441 668.4214477539062 174.0187225341797 730.3579711914062 218.36660766601562 4.0659423 1.4857626 1.6029313 3.1342402 1.531977 26.342175 -1.610630750656128 0.910781979560852
Car 0.0 0 -1.66439688205719 659.0301513671875 175.22373962402344 703.7278442382812 212.07342529296875 3.8742797 1.5138687 1.5932035 3.0484035 1.6251332 31.827635 -1.5689096450805664 0.8598896861076355
Car 0.0 0 2.7344307899475098 840.5474243164062 147.7283935546875 966.6720581054688 198.81056213378906 3.3770723 1.559198 1.493867 9.175247 0.79263866 22.809422 3.1168811321258545 0.7979171276092529
Car 0.0 0 2.6494829654693604 802.569580078125 158.67739868164062 923.286865234375 204.06692504882812 3.736416 1.5359561 1.5435857 8.845584 1.0565857 25.469542 2.983750820159912 0.7752821445465088
Car 0.0 0 2.825160503387451 763.2312622070312 163.1201171875 876.389404296875 203.20474243164062 3.924828 1.5097741 1.5755085 8.053459 1.1435084 28.032919 3.104912519454956 0.7688736319541931
