Pedestrian 0.0 0 0.6432108879089355 1001.8892211914062 102.47813415527344 1069.513916015625 214.05014038085938 0.84133404 1.8244894 0.53056544 7.185101 0.6740208 12.286893 1.1723623275756836 0.6356040239334106
Pedestrian 0.0 0 1.9607470035552979 745.2098388671875 142.50592041015625 770.2164916992188 197.43899536132812 0.6342452 1.7193363 0.58483016 4.666439 0.769838 23.00668 2.1608619689941406 0.6052350997924805
Pedestrian 0.0 0 1.1081571578979492 739.2749633789062 153.1062469482422 759.191162109375 191.64146423339844 0.7515524 1.8180767 0.6690101 6.6136703 0.8867432 34.49122 1.2976070642471313 0.5179764032363892
Pedestrian 0.0 0 -0.9369168281555176 838.6759643554688 133.52992248535156 869.6764526367188 193.85101318359375 0.5491991 1.7630302 0.6834972 7.235379 0.6140466 21.523443 -0.6126220226287842 0.3496738374233246
Pedestrian 0.0 0 1.6557762622833252 1170.5343017578125 75.28848266601562 1242.0 248.60580444335938 0.5442505 1.8063197 0.6764324 6.5873504 0.78984624 7.9483175 2.3478171825408936 0.30758407711982727
Cyclist 0.0 0 -1.5252478122711182 688.1270751953125 168.87136840820312 714.1319580078125 242.75204467773438 1.9356924 1.8224496 0.58904505 2.3426275 1.7245663 18.799435 -1.4012752771377563 0.9033931493759155
Cyclist 0.0 0 0.3431992828845978 458.4150390625 144.38516235351562 498.3745422363281 186.5890655517578 1.6387881 1.8825685 0.7036735 -5.991793 0.6130309 32.661747 0.16176676750183105 0.3854822814464569
Car 0.0 0 1.9458742141723633 262.1365966796875 190.3782196044922 454.61285400390625 298.2102355957031 4.403196 1.4828073 1.7001085 -4.262869 1.850947 12.894633 1.6265925168991089 0.9605926871299744
Car 0.0 0 1.78659987449646 525.3944702148438 181.68679809570312 583.0914306640625 222.43142700195312 3.7200446 1.4817685 1.553424 -2.2165415 1.8614427 29.033028 1.7104021310806274 0.9263483881950378
Car 0.0 0 2.281022071838379 0.0 177.1051025390625 241.9163055419922 375.0 4.0747457 1.5559939 1.6355057 -4.7491236 1.6010845 5.550326 1.5732582807540894 0.8363266587257385
Car 0.0 0 1.8261795043945312 631.3588256835938 178.5270538330078 665.95166015625 201.7089080810547 3.7570775 1.5834662 1.6089811 2.8118522 2.0111463 52.312702 1.8798786401748657 0.794317901134491
Car 0.0 0 -3.0527143478393555 736.854248046875 169.01268005371094 777.3941650390625 186.2071533203125 3.606517 1.5860273 1.6129531 13.822321 1.2320595 67.840546 -2.8517184257507324 0.42587342858314514
Car 0.0 0 1.80230712890625 534.900146484375 174.68276977539062 572.539794921875 198.55691528320312 3.9840899 1.4838251 1.5868423 -3.6687438 1.6092508 47.252613 1.7248214483261108 0.3546571731567383
Car 0.0 0 2.1339240074157715 467.7434997558594 157.50428771972656 531.1854858398438 187.50729370117188 3.565815 1.4534507 1.5416297 -5.631328 0.71021473 36.893444 1.9824554920196533 0.3412828743457794
