Pedestrian 0.0 0 -2.3012290000915527 1419.19580078125 495.6300354003906 1490.59912109375 585.5437622070312 1.3429497 2.0765727 0.8294271 15.15046 2.1769438 30.073866 -1.8345661163330078 0.5641891956329346
Pedestrian 0.0 0 -2.0960299968719482 1221.02099609375 511.62628173828125 1291.76611328125 608.92333984375 1.4102033 2.0796208 0.9001424 9.772403 2.539472 28.167807 -1.7620881795883179 0.4565078914165497
Pedestrian 0.0 0 -1.6417163610458374 1185.7142333984375 489.8951721191406 1223.30517578125 571.3800048828125 1.1942602 2.020912 0.8276322 9.825685 1.980935 32.08328 -1.3445303440093994 0.37540915608406067
Pedestrian 0.0 0 -0.33132243156433105 962.066650390625 482.4839782714844 1022.4785766601562 582.802490234375 1.1539338 2.197591 0.744068 3.9156961 1.9999301 28.218328 -0.19343867897987366 0.15647925436496735
Pedestrian 0.0 0 -2.749047040939331 483.5717468261719 482.1457824707031 535.2366943359375 571.5302734375 0.9332287 1.9729513 0.68567836 -6.867365 1.7663225 28.363941 -2.9865918159484863 0.14391854405403137
Pedestrian 0.0 0 -1.367780089378357 722.9699096679688 494.56976318359375 750.8562622070312 563.6918334960938 1.012244 2.018695 0.63469857 -2.3497012 2.1108947 37.57935 -1.430225133895874 0.13070644438266754
Pedestrian 0.0 0 -0.877649188041687 1483.0181884765625 485.89697265625 1600.0 747.8355102539062 0.83573437 2.2276928 0.77183914 6.5770392 2.179981 11.276133 -0.34962138533592224 0.1286042481660843
Pedestrian 0.0 0 3.2821507453918457 301.9076232910156 448.8627624511719 359.4035949707031 575.3855590820312 0.77247787 1.9630394 0.5990416 -7.670852 1.3013998 20.027067 2.9163637161254883 0.11917838454246521
Pedestrian 0.0 0 -2.755434989929199 737.6264038085938 501.7628479003906 766.0496826171875 543.3436279296875 1.1541232 1.9537867 0.7511385 -3.0668917 2.4466753 60.319202 -2.8062355518341064 0.11778510361909866
Cyclist 0.0 0 -1.5265426635742188 702.6202392578125 480.8847351074219 729.3416137695312 553.0067749023438 1.8974817 1.9807855 0.6679684 -2.8201666 1.6890502 35.74104 -1.6052850484848022 0.22524842619895935
Cyclist 0.0 0 -0.9177324175834656 488.0674743652344 487.630126953125 538.8390502929688 588.681640625 1.1319432 2.1551635 0.49005762 -6.597316 2.0724788 27.626064 -1.1521496772766113 0.11934484541416168
Car 0.0 0 -1.8790345191955566 930.2843627929688 516.865966796875 988.6993408203125 553.1038818359375 4.610128 1.6713551 1.6178516 7.2136307 3.0055919 64.21293 -1.7671643495559692 0.4117194712162018
Car 0.0 0 0.9107372760772705 1250.2452392578125 518.232177734375 1418.177734375 595.1990966796875 4.43094 1.76785 1.6918468 13.407368 2.516002 33.090534 1.2956945896148682 0.32185038924217224
Car 0.0 0 0.9566342830657959 1427.4832763671875 512.5374755859375 1594.5172119140625 585.50390625 4.3909616 1.6909955 1.5523689 17.925945 2.2755127 32.9283 1.455162763595581 0.2135230153799057
Car 0.0 0 -1.9183627367019653 744.7571411132812 501.207275390625 857.2576293945312 569.2811279296875 4.1350727 1.6066401 1.5866731 -0.4678494 1.8743361 32.734856 -1.9326539039611816 0.20600637793540955
Car 0.0 0 -1.9273823499679565 891.0540771484375 505.8658752441406 988.8885498046875 566.866455078125 3.8910775 1.6383766 1.5871556 3.5572562 2.0824223 37.079594 -1.8317394256591797 0.18037734925746918
Car 0.0 0 -1.740487813949585 786.2218017578125 513.9772338867188 837.4033813476562 551.8046875 3.955491 1.5084096 1.5774688 -0.230271 2.522336 55.060432 -1.7446699142456055 0.15516452491283417
Car 0.0 0 -1.8443540334701538 845.1212158203125 516.7537231445312 895.3651733398438 550.8983154296875 3.6441689 1.589207 1.602274 2.687483 2.9000084 63.79505 -1.8022520542144775 0.14033080637454987
Car 0.0 0 -1.6332247257232666 1203.7552490234375 514.0044555664062 1284.1514892578125 597.4617919921875 3.63322 1.934476 1.7191458 10.87835 2.5451283 32.397583 -1.309276819229126 0.1397988349199295
Car 0.0 0 -2.1069798469543457 965.8953857421875 513.2997436523438 1087.315673828125 577.2838745117188 3.9258254 1.5999441 1.5347841 5.7738976 2.2421165 35.21041 -1.944443702697754 0.13226117193698883
Car 0.0 0 -1.830480694770813 1590.326171875 517.6640014648438 1600.0 623.640625 3.97163 1.67145 1.6493117 15.609899 2.1945364 23.17954 -1.2378073930740356 0.13195055723190308
Car 0.0 0 -1.7740434408187866 689.6328125 514.7919311523438 743.6715087890625 555.3400268554688 3.8529723 1.6366602 1.6176007 -4.406227 2.6966674 55.576252 -1.8531605005264282 0.12951287627220154
Car 0.0 0 1.880098819732666 51.253665924072266 508.5715026855469 249.61160278320312 642.4309692382812 3.7436152 1.7922143 1.6130348 -10.066384 2.0808637 19.441277 1.4023253917694092 0.12554548680782318
