Pedestrian 0.0 0 -1.3552513122558594 127.4466781616211 93.69334411621094 211.0204620361328 279.7282409667969 0.6196864 1.8253863 0.6227075 -4.598642 1.0490149 7.4722295 -1.90693998336792 0.8070880770683289
Pedestrian 0.0 0 1.3009991645812988 790.1098022460938 131.1179962158203 822.3028564453125 206.36050415039062 0.62939745 1.7576004 0.59120244 4.6130385 0.7830412 17.168606 1.5634899139404297 0.619145393371582
Pedestrian 0.0 0 -0.8220652341842651 228.06275939941406 111.17449951171875 307.2358703613281 249.5031280517578 0.70519793 1.7943854 0.6710649 -4.6889157 0.9946428 9.793453 -1.268593668937683 0.5836556553840637
Pedestrian 0.0 0 -1.0839567184448242 190.46372985839844 106.94487762451172 260.5555114746094 230.06744384765625 0.7715182 1.7797706 0.6424923 -5.798811 0.8273939 10.814752 -1.576138973236084 0.4603707194328308
Pedestrian 0.0 0 1.5505013465881348 685.9180908203125 160.66183471679688 698.0611572265625 192.31549072265625 0.7311682 1.7049465 0.64057 4.421691 1.0486037 39.254536 1.6626700162887573 0.4364528954029083
Pedestrian 0.0 0 -1.3413913249969482 291.0795593261719 134.8446044921875 318.3680114746094 192.03623962402344 0.80659735 1.7963156 0.6398545 -9.816821 0.6028477 23.11199 -1.7430503368377686 0.39870771765708923
Pedestrian 0.0 0 1.3938120603561401 1035.0382080078125 124.99935150146484 1067.1748046875 182.367431640625 1.0872077 1.8856267 0.74350494 14.831466 0.31305414 24.35467 1.9408071041107178 0.3615850508213043
Pedestrian 0.0 0 0.1479920595884323 533.8031616210938 163.0440216064453 543.5159301757812 182.9424591064453 0.85828763 1.8903387 0.4970842 -6.8202143 0.9587553 68.812195 0.049201250076293945 0.34896114468574524
Pedestrian 0.0 0 1.504525899887085 907.773681640625 116.17869567871094 941.8692626953125 189.14837646484375 1.0526431 1.8336211 0.7405835 8.118513 0.40981176 18.748528 1.9131710529327393 0.32940423488616943
Pedestrian 0.0 0 -2.3092496395111084 373.311767578125 143.75823974609375 403.8280334472656 199.97096252441406 0.7310957 1.8543155 0.66153467 -7.491771 0.89487815 24.269573 -2.608659505844116 0.3280082643032074
Pedestrian 0.0 0 0.3323197364807129 51.98170471191406 132.4394073486328 93.43352508544922 223.0982666015625 0.5068651 1.7611976 0.5630915 -10.736138 0.9764351 14.3597 -0.3096805214881897 0.3068452775478363
Cyclist 0.0 0 2.718869924545288 753.2943115234375 148.45364379882812 784.1511840820312 177.63650512695312 1.7239058 1.7337592 0.57889444 9.495367 0.28448695 43.324333 2.9346277713775635 0.5174572467803955
Cyclist 0.0 0 -1.3958110809326172 281.187255859375 135.41236877441406 312.9920959472656 203.97909545898438 1.5481268 1.7805007 0.5320968 -8.508768 0.80859625 19.548498 -1.806343674659729 0.42790645360946655
Cyclist 0.0 0 1.9945989847183228 401.3234558105469 142.1827392578125 431.4126281738281 183.92877197265625 1.7447203 1.7653925 0.6034171 -8.456241 0.46869773 31.419695 1.731690526008606 0.3474583327770233
Cyclist 0.0 0 0.34969979524612427 54.34243392944336 97.98360443115234 139.95892333984375 203.51828002929688 1.1561346 1.8506029 0.5168403 -9.307553 0.5380712 13.0528965 -0.26974040269851685 0.3219231963157654
Cyclist 0.0 0 -0.8209791779518127 0.0 131.23834228515625 57.511863708496094 195.73544311523438 1.7128409 1.7736393 0.5067712 -16.858292 0.6295867 20.710575 -1.504195213317871 0.3074464797973633
Cyclist 0.0 0 -2.9931912422180176 776.2005615234375 160.93429565429688 796.6215209960938 182.24447631835938 1.6036993 1.8037384 0.75106585 15.06942 0.79518676 61.72063 -2.753720998764038 0.29460203647613525
Cyclist 0.0 0 1.504525899887085 907.773681640625 116.17869567871094 941.8692626953125 189.14837646484375 1.0526431 1.8336211 0.7405835 8.118513 0.40981176 18.748528 1.9131710529327393 0.13990965485572815
Cyclist 0.0 0 1.6182961463928223 536.1488647460938 162.89837646484375 541.6737670898438 182.86630249023438 0.9788603 1.8896511 0.4790316 -6.7927094 0.9478644 68.78052 1.5198560953140259 0.13242673873901367
Car 0.0 0 -0.2031831294298172 673.297607421875 182.89132690429688 803.2574462890625 225.362548828125 4.4704294 1.4906858 1.7738575 4.6358666 1.8762537 26.731392 -0.031466979533433914 0.9581334590911865
Car 0.0 0 -0.030046425759792328 643.0537109375 181.40162658691406 705.361083984375 203.9982452392578 4.1277366 1.476268 1.6424078 4.279967 2.0656958 48.78457 0.05746150016784668 0.8113832473754883
Car 0.0 0 1.7877380847930908 643.2011108398438 175.47982788085938 675.7194213867188 197.3655548095703 3.9170668 1.5632902 1.6313661 3.722592 1.7684034 54.15159 1.8563740253448486 0.37021201848983765
Car 0.0 0 1.7052961587905884 491.1246337890625 161.73109436035156 521.6929321289062 185.1542205810547 4.197671 1.6556491 1.6806824 -7.6073594 0.86979115 53.10403 1.563010334968567 0.35737350583076477
Car 0.0 0 1.7934402227401733 508.1568298339844 164.37728881835938 540.3425903320312 188.07725524902344 4.2576275 1.9178826 1.789465 -7.1796303 1.2322758 60.59719 1.675508737564087 0.3345243036746979
Car 0.0 0 -0.44228142499923706 1075.074462890625 137.8711395263672 1223.8062744140625 189.45974731445312 3.1532178 1.4323794 1.4617655 15.589968 0.46142367 21.053715 0.19510245323181152 0.3262089788913727
Car 0.0 0 -0.43310755491256714 0.0 160.961669921875 85.44351196289062 189.03248596191406 3.6082432 1.5649182 1.6091988 -33.15004 0.9022919 42.19492 -1.0990312099456787 0.2995375990867615
