Pedestrian 0.0 0 2.5205159187316895 876.057373046875 160.5643768310547 917.0302124023438 223.63882446289062 0.8546223 1.7234137 0.6303409 7.9387097 1.3879765 20.121683 2.8963022232055664 0.6293348670005798
Pedestrian 0.0 0 0.914484977722168 1189.5780029296875 140.8015899658203 1242.0 242.9850311279297 0.82878363 1.7365617 0.59298617 10.761894 1.192203 12.68737 1.6179544925689697 0.3188026547431946
Cyclist 0.0 0 2.4937782287597656 875.92724609375 161.61447143554688 918.0221557617188 224.80499267578125 0.9149484 1.7266186 0.5989918 7.9524503 1.4198678 20.12376 2.870120048522949 0.11150909215211868
Car 0.0 0 1.8506355285644531 390.2667541503906 182.8513946533203 444.8758850097656 218.4102020263672 3.3851557 1.438925 1.4517747 -8.474815 1.9044291 31.86137 1.5906647443771362 0.8993638157844543
Car 0.0 0 1.9102336168289185 323.9326477050781 183.51466369628906 391.2846374511719 219.98995971679688 4.2167425 1.543733 1.6742764 -11.793474 2.075932 33.88138 1.575269103050232 0.8608567118644714
Car 0.0 0 -1.459678292274475 595.803955078125 173.9940185546875 628.6123046875 200.37513732910156 3.8176632 1.58474 1.6575482 0.14817144 1.6601428 45.50374 -1.4564220905303955 0.7617489695549011
Car 0.0 0 1.5668158531188965 482.911865234375 175.66429138183594 504.9563293457031 198.3942108154297 3.9518075 1.6819226 1.6302271 -9.040218 1.9084593 55.985645 1.4067238569259644 0.5949245095252991
Car 0.0 0 1.78726327419281 402.80181884765625 179.15480041503906 442.84613037109375 203.85601806640625 4.5651374 1.5436947 1.6684506 -12.569142 1.9884906 48.58051 1.5340869426727295 0.29815971851348877
Car 0.0 0 1.9490537643432617 257.6577453613281 186.41880798339844 397.4371337890625 260.5755920410156 4.151762 1.4894464 1.6929728 -6.637871 1.8550534 17.339125 1.5834394693374634 0.26435112953186035
Car 0.0 0 1.8504819869995117 416.1279602050781 174.29336547851562 483.41351318359375 215.1885223388672 4.2307253 1.5568297 1.6017418 -6.5590944 1.6209102 29.779003 1.6336846351623535 0.250074177980423
