Pedestrian 0.0 0 -0.0061186254024505615 269.0144958496094 492.48760986328125 344.0757751464844 626.5542602539062 1.0526634 1.9945794 0.7151742 -8.029267 2.3517766 19.352182 -0.3994055390357971 0.29521769285202026
Pedestrian 0.0 0 0.41048723459243774 513.5083618164062 516.4649658203125 554.085693359375 585.784912109375 1.0246485 2.1394951 0.7905511 -9.29511 3.6336944 39.793056 0.1810154914855957 0.23981873691082
Pedestrian 0.0 0 -3.3788089752197266 1193.479248046875 499.8514404296875 1244.94091796875 596.3079833984375 0.96826226 2.1009738 0.6413952 8.723341 2.7735014 27.858284 -3.075347661972046 0.19331109523773193
Pedestrian 0.0 0 -3.145016670227051 1064.374755859375 502.22802734375 1110.779052734375 598.2671508789062 1.0098735 2.1044087 0.6949332 5.8694406 2.8412914 28.189835 -2.9397382736206055 0.19009238481521606
Pedestrian 0.0 0 -0.7070884108543396 1277.1781005859375 505.3206787109375 1335.856689453125 593.2222290039062 1.102155 1.9975051 0.6887846 11.254557 2.8407488 29.387589 -0.34134894609451294 0.17011068761348724
Pedestrian 0.0 0 -3.1376614570617676 1151.04296875 473.01580810546875 1212.577880859375 607.711181640625 0.9145587 2.0651793 0.61003506 5.5687747 2.1137292 19.646843 -2.861462116241455 0.16885824501514435
Pedestrian 0.0 0 -1.07925283908844 761.2622680664062 528.6632080078125 796.3779907226562 592.3535766601562 1.1694092 2.0680573 0.7281226 -1.6201766 4.0966864 42.626995 -1.1172428131103516 0.1642763912677765
Pedestrian 0.0 0 -2.6944050788879395 193.49290466308594 493.730224609375 283.6739807128906 641.8231811523438 1.1563522 2.3471317 0.6461622 -9.511286 2.737911 20.289295 -3.1327691078186035 0.15124636888504028
Pedestrian 0.0 0 -3.306601047515869 1380.8914794921875 522.63818359375 1407.7852783203125 562.55029296875 1.1083232 1.9198121 0.73232067 28.122675 4.549288 62.06802 -2.881176710128784 0.13267599046230316
Pedestrian 0.0 0 -0.8871379494667053 685.6110229492188 511.8461608886719 732.144775390625 629.3297729492188 0.7069032 2.383532 0.67581975 -2.4636798 3.276488 26.24231 -0.9807455539703369 0.12258633226156235
Pedestrian 0.0 0 -1.079166054725647 1109.8309326171875 519.312255859375 1142.43017578125 572.919189453125 1.2467233 1.9899751 0.7250619 11.602418 3.9279668 48.51396 -0.844419002532959 0.12218613177537918
Pedestrian 0.0 0 -1.0571633577346802 489.40142822265625 522.33740234375 534.947021484375 596.8895874023438 1.3723233 1.972762 0.64033234 -8.7598095 3.464289 34.946106 -1.3027689456939697 0.11182466894388199
Cyclist 0.0 0 -1.065342664718628 488.5516662597656 511.93072509765625 539.4972534179688 585.6200561523438 1.7107829 1.943761 0.63044053 -8.713925 3.1455986 34.987732 -1.3094332218170166 0.29834693670272827
Cyclist 0.0 0 -1.0450246334075928 769.009033203125 525.4024658203125 805.1180419921875 587.0781860351562 1.2286078 1.9959913 0.7033051 -1.3361762 3.9083118 42.523624 -1.0764362812042236 0.15775036811828613
Car 0.0 0 -1.690293788909912 598.8998413085938 535.1453857421875 677.748291015625 610.4094848632812 4.266108 1.7047092 1.649565 -5.256054 3.6222796 34.592342 -1.8410831689834595 0.4960201680660248
Car 0.0 0 -1.970495581626892 986.0580444335938 530.145751953125 1091.0931396484375 592.4259033203125 4.277401 1.5731558 1.6224629 6.400794 3.5211196 38.29647 -1.804888367652893 0.4156668782234192
Car 0.0 0 -1.5091280937194824 910.6845092773438 539.1871948242188 973.7426147460938 603.4053955078125 3.8651946 1.5926398 1.6396683 3.50531 3.776195 37.494198 -1.4159096479415894 0.19184112548828125
Car 0.0 0 -1.6020419597625732 841.5411987304688 532.8941650390625 896.6920776367188 591.8992919921875 3.7285943 1.5902407 1.6231184 1.3034925 3.6728327 39.608223 -1.5691442489624023 0.17270809412002563
Car 0.0 0 -1.4910179376602173 772.6160888671875 529.2542724609375 836.4175415039062 590.4987182617188 4.158656 1.5751396 1.6269188 -0.626112 3.4954596 38.464073 -1.5072942972183228 0.1514691859483719
Car 0.0 0 -2.2312049865722656 1388.63427734375 518.4906616210938 1582.743408203125 607.3634643554688 3.9071872 1.584658 1.5822226 13.885147 2.6965775 26.654913 -1.7509597539901733 0.14910747110843658
Car 0.0 0 -2.4252452850341797 1598.712646484375 527.62255859375 1600.0 685.8426513671875 4.245261 1.6678569 1.6906385 12.971628 2.557942 17.096392 -1.7761774063110352 0.1453990638256073
Car 0.0 0 -1.4600415229797363 395.4250183105469 551.0866088867188 485.25653076171875 632.4832763671875 4.0703373 1.5790339 1.6583246 -9.402606 3.7089512 30.74825 -1.7568047046661377 0.14500044286251068
Car 0.0 0 1.6503384113311768 714.3971557617188 519.292236328125 792.1463012695312 598.0105590820312 4.0620646 1.6440542 1.5812864 -1.7388934 2.936141 30.78073 1.5939054489135742 0.14122281968593597
Car 0.0 0 -1.0145392417907715 0.0 537.9343872070312 80.2702407836914 681.93017578125 2.8872879 1.6391127 1.541626 -11.790002 2.6485517 17.133512 -1.6172510385513306 0.12831100821495056
Car 0.0 0 -2.255946159362793 1437.915283203125 528.6737670898438 1564.0821533203125 582.0150146484375 4.0839305 1.5376085 1.5837377 23.061663 3.653612 43.013554 -1.7637994289398193 0.12823083996772766
Car 0.0 0 -2.1540470123291016 1181.4471435546875 526.6488037109375 1284.7860107421875 575.4526977539062 4.009637 1.4850342 1.6037365 14.612969 3.6288168 45.251553 -1.8416906595230103 0.12165530025959015
