Pedestrian 0.0 0 -1.8102211952209473 459.8937683105469 179.4767303466797 485.81390380859375 229.68824768066406 0.76178706 1.5608886 0.6494565 -4.4285984 1.7771277 23.035694 -2.0001533031463623 0.7532374262809753
Cyclist 0.0 0 1.542959451675415 432.69451904296875 175.52938842773438 454.10504150390625 239.50311279296875 1.8102852 1.7592968 0.5473081 -4.8770585 1.8405299 20.863789 1.3133256435394287 0.8313606977462769
Car 0.0 0 -1.8364804983139038 654.2713012695312 182.5064239501953 755.6698608398438 253.21536254882812 3.2505512 1.4330032 1.5151011 2.057435 1.6811918 16.805994 -1.7146639823913574 0.9589326977729797
Car 0.0 0 1.1800811290740967 767.2957153320312 181.92373657226562 1086.696044921875 375.0 3.8529775 1.5235636 1.6422108 2.9258435 1.6457616 7.7404513 1.5414739847183228 0.9471696615219116
Car 0.0 0 -1.7354605197906494 557.613037109375 182.8316650390625 602.25244140625 214.28318786621094 3.6548626 1.4139351 1.6151022 -1.5730793 1.9340758 35.630337 -1.779581904411316 0.9469747543334961
Car 0.0 0 -1.4643250703811646 344.8132629394531 187.93740844726562 422.7516174316406 250.5657958984375 3.4408536 1.4343029 1.6228392 -5.9863114 1.8758147 19.255493 -1.7657411098480225 0.9199457168579102
Car 0.0 0 -1.8181339502334595 606.8445434570312 174.89468383789062 680.433837890625 227.9765167236328 3.5823305 1.5933936 1.5689073 0.9792699 1.6662498 23.717072 -1.7768677473068237 0.8776599764823914
Car 0.0 0 -1.6835395097732544 535.7544555664062 181.30393981933594 565.8652954101562 206.33657836914062 3.2987761 1.4783251 1.5278739 -3.800951 2.0330455 45.56753 -1.7667604684829712 0.7670085430145264
Car 0.0 0 0.8750759363174438 923.379150390625 207.68063354492188 1242.0 375.0 3.9794357 1.4627514 1.618941 2.660274 1.693045 2.7131157 1.6506404876708984 0.7557520866394043
Car 0.0 0 1.6611740589141846 367.0861511230469 184.2951202392578 428.2027282714844 235.07025146484375 4.1796556 1.4946672 1.6106266 -7.144401 1.9175367 24.43716 1.3767428398132324 0.5986405611038208
Car 0.0 0 2.7725932598114014 629.1658935546875 167.75259399414062 714.551513671875 198.4818115234375 3.9236884 1.4724598 1.5835971 3.0262375 1.2283722 35.882565 2.856731414794922 0.5048450231552124
