Pedestrian 0.0 0 -0.014936357736587524 1454.3023681640625 502.1953430175781 1488.4259033203125 557.289306640625 1.1850958 2.1382687 0.6999681 25.832066 2.5647345 49.952938 0.46231961250305176 0.3610227704048157
Pedestrian 0.0 0 0.9138010740280151 11.220846176147461 477.5496826171875 92.0336685180664 596.1256103515625 1.0566673 1.9471697 0.65398765 -12.852343 1.7179711 21.29239 0.370729923248291 0.33431175351142883
Pedestrian 0.0 0 -0.026586681604385376 323.88934326171875 488.7386474609375 371.9349060058594 559.704833984375 1.374675 2.1629703 0.8265051 -14.51374 2.0785904 39.238132 -0.3808686435222626 0.21539995074272156
Pedestrian 0.0 0 0.0341719388961792 937.7147216796875 472.07733154296875 980.7229614257812 572.533203125 0.87797093 2.0844312 0.65152824 3.014214 1.6812689 26.664253 0.14673733711242676 0.2034655660390854
Pedestrian 0.0 0 0.29153358936309814 452.06988525390625 501.933837890625 474.6058044433594 539.2235107421875 0.98445886 1.9490196 0.7004746 -18.599943 2.5015824 66.75312 0.019788503646850586 0.19225431978702545
Pedestrian 0.0 0 -3.4293212890625 1254.0174560546875 498.1419677734375 1281.3179931640625 550.299560546875 0.9367322 2.1748602 0.64452076 18.973991 2.455623 53.242565 -3.0869839191436768 0.1805785596370697
Pedestrian 0.0 0 3.4874837398529053 257.15484619140625 470.7503967285156 336.1218566894531 591.916259765625 1.0823431 2.0574138 0.72034544 -8.968617 1.7049623 21.887049 3.0985848903656006 0.1778918355703354
Pedestrian 0.0 0 -3.252199411392212 1307.947021484375 502.47943115234375 1334.6385498046875 546.9329833984375 1.0460192 1.998295 0.8191571 23.014446 2.503061 57.7258 -2.87282657623291 0.17788612842559814
Pedestrian 0.0 0 -1.5598700046539307 1448.897216796875 510.2696838378906 1471.2315673828125 569.4834594726562 1.1809276 2.062602 0.6981715 22.997591 2.742893 45.232407 -1.0894997119903564 0.17536476254463196
Pedestrian 0.0 0 -3.0709421634674072 774.4486694335938 478.8528747558594 814.2427978515625 576.118896484375 0.7662191 1.9359248 0.513407 -0.43739456 1.684063 25.482832 -3.088104724884033 0.1740618646144867
Pedestrian 0.0 0 0.09576465934515 744.9356079101562 459.3736267089844 827.2022094726562 634.889404296875 1.1090095 2.4180248 0.4991681 -0.41613668 1.9753323 17.736015 0.07230615615844727 0.17278341948986053
Pedestrian 0.0 0 -3.0907716751098633 846.6192016601562 488.6761169433594 875.8587036132812 541.5203247070312 0.9386088 1.749478 0.78540635 1.5082334 1.6557552 42.358143 -3.055180072784424 0.17157745361328125
Pedestrian 0.0 0 -0.6385639309883118 0.0 480.9906311035156 53.93132781982422 601.28759765625 1.1899751 2.0444586 0.73945165 -14.182674 1.8657303 22.21051 -1.206852674484253 0.1700180619955063
Cyclist 0.0 0 -1.4032498598098755 436.77947998046875 491.772216796875 457.6542663574219 530.908203125 2.1037197 2.0620506 0.7325894 -19.75714 2.0764785 67.82853 -1.6866881847381592 0.5611626505851746
Cyclist 0.0 0 -0.781174898147583 21.509056091308594 465.14178466796875 114.5173568725586 563.7142944335938 1.7714798 2.0056307 0.6104095 -15.747896 1.4691826 26.701693 -1.3140394687652588 0.30831634998321533
Cyclist 0.0 0 -1.5494139194488525 1406.31005859375 505.11114501953125 1425.68603515625 563.1784057617188 1.8079299 2.2855763 0.67008317 24.277464 2.8464587 51.254673 -1.1070566177368164 0.2064109891653061
Cyclist 0.0 0 -1.1755421161651611 0.0 478.5371398925781 27.838855743408203 535.0107421875 1.7807012 1.8285357 0.58947855 -26.81993 1.4085866 41.93273 -1.7445673942565918 0.20313552021980286
Car 0.0 0 -2.094938278198242 1288.5198974609375 511.68914794921875 1387.15771484375 558.9583740234375 4.146488 1.6541321 1.6188706 19.827728 2.4587657 48.327263 -1.7056010961532593 0.543394923210144
Car 0.0 0 -2.215559482574463 1464.50390625 513.3024291992188 1583.5069580078125 558.8499755859375 4.338687 1.5609361 1.6411126 26.631535 2.4229324 47.825382 -1.7074729204177856 0.4772837162017822
Car 0.0 0 -1.5763837099075317 560.9707641601562 509.13580322265625 630.115478515625 579.1551513671875 4.2816124 1.6470828 1.6714367 -5.791745 2.1403575 33.18091 -1.7491931915283203 0.32877957820892334
Car 0.0 0 -1.1492292881011963 451.0637512207031 511.3675537109375 572.6266479492188 580.727294921875 3.8182898 1.6066995 1.6067778 -7.7348433 2.1484904 32.521988 -1.382725477218628 0.28198057413101196
Car 0.0 0 -0.9913613796234131 468.88531494140625 514.685791015625 547.5175170898438 552.547119140625 4.0078983 1.6240779 1.6385775 -14.334696 2.745963 59.13399 -1.2291842699050903 0.2537294626235962
Car 0.0 0 1.0188581943511963 1375.9464111328125 515.7928466796875 1475.1016845703125 562.125732421875 3.9197786 1.6031315 1.5580373 23.008358 2.5621285 47.97774 1.4660230875015259 0.23415037989616394
Car 0.0 0 -1.343059778213501 281.5683898925781 514.27197265625 346.3888854980469 554.3199462890625 4.3686666 1.5778804 1.6590747 -21.666748 2.6035607 54.77559 -1.7197282314300537 0.23080693185329437
Car 0.0 0 -0.7910012006759644 0.0 508.77154541015625 143.18833923339844 601.8983764648438 4.002015 1.703964 1.7455628 -16.111542 2.0892172 26.113754 -1.3438091278076172 0.2050841599702835
Car 0.0 0 -1.8300907611846924 1024.0986328125 513.526611328125 1087.1219482421875 555.8427734375 3.9088452 1.5701249 1.544331 9.607244 2.493198 51.083202 -1.6441917419433594 0.20044252276420593
Car 0.0 0 -1.5450499057769775 542.9190673828125 513.4553833007812 579.508544921875 551.21337890625 4.1499767 1.6481715 1.5909158 -12.051579 2.7257605 59.996197 -1.7432841062545776 0.19015154242515564
Car 0.0 0 -1.7575196027755737 1328.1270751953125 525.232421875 1390.8133544921875 573.350341796875 4.1636195 1.8479053 1.7082064 23.09018 3.3439324 53.960083 -1.3531848192214966 0.1869717389345169
Car 0.0 0 -1.4572428464889526 176.7832489013672 507.659912109375 251.97950744628906 569.0950317382812 3.416157 1.7066833 1.6607157 -18.031342 2.2161307 38.05717 -1.8997085094451904 0.17617203295230865
Car 0.0 0 -0.9513970613479614 183.2815704345703 507.041015625 277.39349365234375 547.5947265625 3.891556 1.5723721 1.5910889 -24.335533 2.2445486 52.74003 -1.3837107419967651 0.1704154759645462
