Pedestrian 0.0 0 -2.8049705028533936 553.4065551757812 164.1769561767578 572.1024780273438 194.1383056640625 0.9965581 1.7964036 0.5740197 -2.5605607 0.81908107 42.80014 -2.864725351333618 0.7242135405540466
Pedestrian 0.0 0 0.5626838207244873 1090.037353515625 116.2785415649414 1144.8609619140625 201.37635803222656 0.74943954 1.7789007 0.6049223 10.996405 0.43802547 15.235905 1.1878536939620972 0.7028203010559082
Pedestrian 0.0 0 -1.736350417137146 979.712646484375 134.8142852783203 1003.4915771484375 177.8717803955078 0.99112034 1.8610786 0.7666896 17.044731 -0.11682287 31.22245 -1.2366507053375244 0.697740912437439
Pedestrian 0.0 0 1.2430518865585327 955.8285522460938 131.30360412597656 988.048583984375 194.14588928222656 0.9467735 1.7813467 0.5535929 10.620298 0.38838333 20.546555 1.720119595527649 0.5574424266815186
Pedestrian 0.0 0 2.6729724407196045 539.581298828125 159.24249267578125 556.11328125 185.94879150390625 1.0738915 1.8785182 0.47019485 -4.0532713 0.38456336 50.20961 2.5924201011657715 0.5288848280906677
Pedestrian 0.0 0 1.0866798162460327 850.7361450195312 131.09829711914062 876.3322143554688 177.19171142578125 0.8695211 1.8609984 0.6587149 10.607171 -0.13685092 29.085066 1.4363852739334106 0.5015661716461182
Pedestrian 0.0 0 1.055504560470581 816.9453735351562 129.47998046875 865.5323486328125 215.8330535888672 0.7134237 1.7729136 0.7129776 4.939598 0.72704697 14.930687 1.3750052452087402 0.410805344581604
Pedestrian 0.0 0 1.409214735031128 683.0733032226562 150.2122344970703 694.4150390625 179.64395141601562 1.0461384 1.7829678 0.5284191 5.132003 -0.05184003 43.39337 1.5269348621368408 0.3750593662261963
Pedestrian 0.0 0 1.954880952835083 226.7890167236328 155.0532989501953 250.02734375 186.581787109375 1.6124623 1.691871 0.5705064 -20.098461 0.32776505 38.76595 1.4765774011611938 0.15235796570777893
Cyclist 0.0 0 -0.23644359409809113 598.4179077148438 164.12484741210938 628.941650390625 193.27566528320312 1.840061 1.8233709 0.6041995 0.5447487 0.8004593 44.719776 -0.22426281869411469 0.9078894257545471
Cyclist 0.0 0 0.06997121870517731 656.2387084960938 164.37449645996094 688.893798828125 194.65640258789062 1.8843907 1.7692813 0.5712709 3.9861283 0.82849073 41.742455 0.1651759147644043 0.8107117414474487
Cyclist 0.0 0 -2.3132495880126953 867.4368286132812 150.7216033935547 889.6774291992188 176.2089385986328 1.6274925 1.8112955 0.55072296 19.880709 -0.31585136 51.39009 -1.9441230297088623 0.4730907082557678
Cyclist 0.0 0 1.9500532150268555 226.7269287109375 155.10586547851562 249.8931427001953 186.72488403320312 1.6258062 1.6958973 0.5676761 -20.098034 0.33527964 38.754875 1.4716415405273438 0.46672379970550537
Cyclist 0.0 0 1.5005738735198975 0.0 145.17889404296875 15.867114067077637 185.8262481689453 1.7195925 1.809109 0.59550226 -27.40053 0.23852417 32.286964 0.7968604564666748 0.43173667788505554
Cyclist 0.0 0 1.2528339624404907 956.1826782226562 130.4518280029297 987.9700317382812 194.04974365234375 0.9812244 1.8047936 0.5394413 10.645094 0.3860896 20.586971 1.7300513982772827 0.11340419203042984
Cyclist 0.0 0 -2.8283019065856934 553.4974975585938 163.6309051513672 571.8819580078125 193.193115234375 0.9717101 1.7734032 0.6092512 -2.5656445 0.76280946 42.826805 -2.8881378173828125 0.10264842212200165
Cyclist 0.0 0 1.409214735031128 683.0733032226562 150.2122344970703 694.4150390625 179.64395141601562 1.0461384 1.7829678 0.5284191 5.132003 -0.05184003 43.39337 1.5269348621368408 0.10115502029657364
Car 0.0 0 2.513719081878662 957.372314453125 135.4480438232422 1112.921630859375 185.3604278564453 4.1098204 1.5351665 1.612014 13.723966 0.15104999 22.718369 3.0571413040161133 0.9092243909835815
Car 0.0 0 -1.494430661201477 513.3590698242188 174.88229370117188 549.906005859375 205.24832153320312 3.6469412 1.5023535 1.6213087 -3.7861447 1.2258517 36.820145 -1.5968985557556152 0.8870107531547546
Car 0.0 0 2.2094039916992188 164.5074005126953 157.00704956054688 231.47792053222656 182.5688934326172 3.7754107 1.4959428 1.6306105 -24.873192 0.122450784 43.343655 1.6884268522262573 0.45578575134277344
Car 0.0 0 -1.4396640062332153 669.0216674804688 157.29002380371094 702.866943359375 184.28329467773438 3.981125 1.6456803 1.6461375 5.2185664 0.2320112 45.23229 -1.3247992992401123 0.4443439543247223
Car 0.0 0 -0.8274770975112915 335.0941467285156 157.08724975585938 403.1546325683594 185.2033233642578 4.167476 1.6977375 1.7461843 -14.924206 0.28536323 44.947407 -1.1480605602264404 0.40927085280418396
Car 0.0 0 2.365093946456909 239.7413330078125 162.41790771484375 295.99127197265625 182.45941162109375 3.8347106 1.4636557 1.6032737 -25.541176 0.14437592 53.707745 1.9211900234222412 0.36859989166259766
