Pedestrian 0.0 0 -1.1556638479232788 1205.9527587890625 120.2634506225586 1242.0 187.65603637695312 0.50599104 1.8731409 0.70796335 17.425255 0.41177288 20.480848 -0.4507012963294983 0.6259943842887878
Pedestrian 0.0 0 -2.627657413482666 339.14508056640625 121.3489761352539 426.5749206542969 268.71356201171875 0.8776559 1.8012928 0.61165273 -2.9402616 1.1720854 9.205553 -2.936816692352295 0.582845151424408
Pedestrian 0.0 0 1.7695437669754028 436.37701416015625 127.43706512451172 464.03118896484375 195.47732543945312 0.62132305 1.7591336 0.6005072 -4.2438045 0.5852683 18.969112 1.5494462251663208 0.5622235536575317
Pedestrian 0.0 0 1.4552433490753174 715.3084716796875 108.31805419921875 751.2416381835938 190.1332550048828 0.8730737 1.802014 0.70305073 2.7315178 0.3809407 16.343002 1.6208494901657104 0.48048582673072815
Pedestrian 0.0 0 2.8937177658081055 653.4517822265625 91.67728424072266 741.45703125 234.98226928710938 1.0598929 1.8925678 0.7099463 1.1353092 0.8208593 9.949008 3.0073390007019043 0.4783427119255066
Pedestrian 0.0 0 1.8236279487609863 432.9328918457031 100.40882110595703 484.2982482910156 218.67874145507812 0.82638216 1.7804469 0.6014909 -2.4069793 0.69020796 11.285003 1.6134867668151855 0.43285495042800903
Pedestrian 0.0 0 -0.1941201090812683 816.5862426757812 88.78363800048828 874.7015991210938 195.4435577392578 0.84874314 1.7897702 0.61646354 4.00371 0.37941432 12.460346 0.1167762279510498 0.41200047731399536
Pedestrian 0.0 0 1.581695318222046 555.3062744140625 136.22242736816406 584.9415283203125 228.83421325683594 0.85707855 1.7900486 0.57252467 -0.8429476 1.0823724 14.385195 1.523163914680481 0.4107432961463928
Pedestrian 0.0 0 -1.6633492708206177 973.5125122070312 123.86991882324219 1001.0656127929688 188.68775939941406 0.7460214 1.7991378 0.62519807 10.658492 0.43985292 20.488283 -1.1836538314819336 0.3890627324581146
Pedestrian 0.0 0 -0.3358302414417267 915.2368774414062 101.13002014160156 982.597900390625 217.13279724121094 0.8106784 1.8028663 0.63838005 5.3657594 0.6885202 11.568579 0.09845829010009766 0.3427616059780121
Pedestrian 0.0 0 1.2928321361541748 594.9449462890625 82.83960723876953 656.9611206054688 219.92152404785156 0.97975796 1.8403463 0.6296317 0.15602781 0.6322468 10.238844 1.3080698251724243 0.3370339572429657
Pedestrian 0.0 0 0.35674917697906494 321.1688232421875 120.23906707763672 357.2117614746094 189.37290954589844 0.71402127 1.773575 0.6066214 -7.102565 0.4241377 18.812569 -0.004249623045325279 0.2905732989311218
Pedestrian 0.0 0 -2.6024606227874756 360.46728515625 90.67891693115234 418.7668151855469 203.8953399658203 0.7283875 1.8051046 0.5699399 -3.6695676 0.49527606 11.864472 -2.902418851852417 0.2888614535331726
Pedestrian 0.0 0 0.5547388792037964 215.40611267089844 120.32169342041016 260.46649169921875 187.28390502929688 0.8958645 1.8655081 0.71473765 -10.604187 0.40236217 20.489492 0.07715582847595215 0.277381956577301
Pedestrian 0.0 0 -1.6745898723602295 530.564208984375 113.4120864868164 572.1585083007812 222.41017150878906 1.7266567 1.7536777 0.5316712 -1.091617 0.7976704 12.504208 -1.7616690397262573 0.14429159462451935
Pedestrian 0.0 0 -1.778336524963379 558.9645385742188 115.0787353515625 610.3004150390625 221.85984802246094 1.7389424 1.7811383 0.5637492 -0.534656 0.8177888 12.944812 -1.8196158409118652 0.11950022727251053
Cyclist 0.0 0 3.390310764312744 243.67298889160156 102.14909362792969 342.6686096191406 189.04579162597656 1.8451438 1.829177 0.757852 -6.914411 0.3411953 15.711676 2.975735902786255 0.6576454639434814
Cyclist 0.0 0 -1.7363996505737305 560.8834228515625 118.92041015625 609.2269897460938 226.9276885986328 1.7254431 1.8069257 0.5817206 -0.5267904 0.90499264 12.972334 -1.7769861221313477 0.6041818261146545
Cyclist 0.0 0 -1.6546218395233154 529.1146850585938 115.66207885742188 569.1637573242188 227.07057189941406 1.7492312 1.7545 0.52267396 -1.1099386 0.85417944 12.266942 -1.7448582649230957 0.5197778940200806
Cyclist 0.0 0 1.2882001399993896 740.9700927734375 98.93866729736328 799.8447265625 201.16905212402344 1.7516984 1.8228168 0.6223375 2.9729977 0.50522876 13.758032 1.5010195970535278 0.4139661192893982
Cyclist 0.0 0 -1.6722018718719482 315.91259765625 100.3883285522461 352.00836181640625 219.67283630371094 1.6727594 1.8059939 0.37255156 -4.565875 0.70920527 11.75112 -2.042797088623047 0.33883965015411377
Cyclist 0.0 0 1.7921850681304932 182.97305297851562 107.5354232788086 235.4086151123047 199.33213806152344 1.6744953 1.7351843 0.57141995 -8.086128 0.50086004 14.519966 1.2840619087219238 0.3081173300743103
Cyclist 0.0 0 1.4552433490753174 715.3084716796875 108.31805419921875 751.2416381835938 190.1332550048828 0.8730737 1.802014 0.70305073 2.7315178 0.3809407 16.343002 1.6208494901657104 0.19617816805839539
Cyclist 0.0 0 1.781438946723938 433.86676025390625 96.71878814697266 483.99395751953125 216.4036407470703 0.8472547 1.8175986 0.6131252 -2.421178 0.661726 11.378847 1.5717867612838745 0.1199549064040184
Cyclist 0.0 0 1.2928321361541748 594.9449462890625 82.83960723876953 656.9611206054688 219.92152404785156 0.97975796 1.8403463 0.6296317 0.15602781 0.6322468 10.238844 1.3080698251724243 0.10950019210577011
Car 0.0 0 -0.8417131304740906 823.8097534179688 168.72625732421875 1157.5230712890625 312.27020263671875 3.4441364 1.4133995 1.5757914 4.376758 1.3731138 8.451001 -0.3638497292995453 0.9328871369361877
Car 0.0 0 2.0117900371551514 1100.0589599609375 171.8171844482422 1242.0 297.5735778808594 3.434045 1.4672577 1.4980137 8.467354 1.4555186 9.796053 2.7245640754699707 0.8096555471420288
