Pedestrian 0.0 0 0.07368135452270508 1146.9559326171875 113.19943237304688 1184.6429443359375 201.21726989746094 0.5942332 1.8214848 0.593327 11.775013 0.58732146 15.348272 0.7280924320220947 0.6564690470695496
Pedestrian 0.0 0 3.026629686355591 648.0094604492188 160.06625366210938 659.5718383789062 184.88641357421875 0.8257026 1.8749281 0.482324 3.2958152 0.9092928 54.766056 3.0867371559143066 0.36104050278663635
Pedestrian 0.0 0 -2.5173025131225586 130.4473114013672 124.48091888427734 181.95994567871094 213.1729278564453 0.65853065 1.7377648 0.5803588 -9.1274805 0.7903367 14.444152 -3.0808591842651367 0.3329760432243347
Pedestrian 0.0 0 3.1442713737487793 404.2236328125 167.6365966796875 415.1405029296875 187.30506896972656 0.99412864 1.8549424 0.5080932 -19.013247 1.3632448 68.422585 2.87322998046875 0.32239121198654175
Pedestrian 0.0 0 0.5145038366317749 231.0105743408203 160.35479736328125 249.073486328125 186.65220642089844 0.9918839 1.7976102 0.49047682 -25.451809 0.9435609 49.58435 0.040270328521728516 0.3103882074356079
Cyclist 0.0 0 1.0780354738235474 741.47802734375 130.96551513671875 773.6343994140625 178.58505249023438 1.4235772 1.7816482 0.6087179 5.6219177 0.2147812 27.762384 1.2778348922729492 0.31834784150123596
Car 0.0 0 -1.0536388158798218 49.783992767333984 182.68527221679688 297.3543701171875 298.92474365234375 3.6056776 1.4028293 1.5602363 -6.289782 1.5753328 10.821328 -1.580149531364441 0.9615486264228821
Car 0.0 0 -1.4110697507858276 494.7877502441406 179.25125122070312 557.2066650390625 222.8431396484375 3.6636128 1.3980842 1.6319393 -2.9419425 1.6415741 25.553116 -1.525695562362671 0.9361090660095215
Car 0.0 0 0.20431768894195557 446.4341735839844 166.0780487060547 497.7732238769531 186.4980010986328 3.6605296 1.5598056 1.6098582 -10.69068 1.0425729 55.946056 0.015504837036132812 0.5543466210365295
Car 0.0 0 -1.494226336479187 504.4282531738281 170.57411193847656 532.0809936523438 193.0650634765625 3.8634093 1.5246406 1.6455418 -6.4608684 1.3704466 50.879826 -1.6205332279205322 0.493581086397171
Car 0.0 0 -1.7597342729568481 484.3271789550781 173.11058044433594 518.9080810546875 198.10499572753906 3.4174335 1.5171015 1.5458475 -6.92937 1.5343751 45.69979 -1.9102160930633545 0.43343082070350647
Car 0.0 0 -2.33481764793396 49.65736389160156 163.32420349121094 135.16574096679688 197.31187438964844 3.5778735 1.7120273 1.5654558 -26.869907 1.2323506 37.439842 -2.95731258392334 0.43199825286865234
Car 0.0 0 1.8230180740356445 226.19822692871094 167.29031372070312 267.4466857910156 190.87680053710938 4.081703 1.6057909 1.6534979 -25.784092 1.2273679 51.289974 1.3572031259536743 0.3579849898815155
Car 0.0 0 -1.533897042274475 555.0953369140625 174.2787322998047 577.639892578125 195.10365295410156 3.6023211 1.5027503 1.5586613 -3.271979 1.6135932 54.13213 -1.5942678451538086 0.3328365087509155
Car 0.0 0 1.9913729429244995 371.470703125 167.73204040527344 406.0542297363281 186.59115600585938 4.0815783 1.7600166 1.6627712 -21.27057 1.2823699 69.46195 1.6942204236984253 0.3179874122142792
