Pedestrian 0.0 0 -1.5983586311340332 259.21563720703125 493.25848388671875 307.6509704589844 611.9802856445312 1.3917547 2.2271914 0.828275 -10.35329 2.262307 24.586252 -1.9969220161437988 0.46249863505363464
Pedestrian 0.0 0 -0.9820833802223206 676.02197265625 485.92352294921875 740.7852783203125 565.28125 1.5620183 1.8591052 0.8285413 -2.5898232 1.7282995 30.552168 -1.0666484832763672 0.297866553068161
Pedestrian 0.0 0 -3.3692712783813477 1160.4107666015625 489.4406433105469 1223.22216796875 596.76806640625 1.0446954 2.113742 0.8392048 7.5185556 2.0730453 25.391518 -3.0813918113708496 0.24963268637657166
Pedestrian 0.0 0 -1.5746437311172485 992.5280151367188 500.5570068359375 1010.6760864257812 542.3038330078125 1.1498863 1.9238971 0.8322345 8.670196 2.351883 59.262844 -1.4293736219406128 0.22810974717140198
Pedestrian 0.0 0 -1.6511447429656982 1082.05712890625 504.01190185546875 1124.318603515625 600.0214233398438 1.1669096 2.1643531 0.86411256 6.639847 2.460509 29.354143 -1.4286903142929077 0.22021061182022095
Pedestrian 0.0 0 -3.3499808311462402 1135.552978515625 476.79290771484375 1190.3046875 565.4879150390625 1.026232 1.9326515 0.79404384 7.661196 1.6120317 28.021383 -3.0830976963043213 0.21998779475688934
Pedestrian 0.0 0 -1.5568674802780151 801.66015625 505.9957580566406 817.3468017578125 550.7523193359375 1.2075098 2.0148234 0.7017139 -0.30609357 2.6854434 58.010406 -1.5621439218521118 0.2116371989250183
Pedestrian 0.0 0 0.5309864282608032 506.92816162109375 488.34600830078125 564.8365478515625 580.7407836914062 1.0186198 2.0279772 0.7618373 -6.2644596 1.9585946 28.315985 0.3132593631744385 0.1816752552986145
Pedestrian 0.0 0 -3.342543840408325 1082.3128662109375 501.52496337890625 1119.1417236328125 569.5717163085938 0.9199638 1.9879274 0.8196474 8.42597 2.2881951 37.539536 -3.1217472553253174 0.17487891018390656
Pedestrian 0.0 0 -0.6015284061431885 1017.4109497070312 497.5093994140625 1060.0142822265625 559.0367431640625 1.1521186 1.9771426 0.74460906 7.2677383 2.1760335 41.38592 -0.4276919364929199 0.17396259307861328
Pedestrian 0.0 0 -0.47312691807746887 1314.785888671875 505.0086669921875 1350.255615234375 552.881103515625 1.1550852 1.9406729 0.70113003 21.178267 2.4989119 51.962505 -0.08611328154802322 0.17093554139137268
Pedestrian 0.0 0 -0.5548363327980042 775.9691772460938 500.37530517578125 805.8450927734375 546.6718139648438 1.023214 1.882851 0.690194 -1.0472325 2.252992 52.289738 -0.5748611688613892 0.17080900073051453
Pedestrian 0.0 0 -2.892860174179077 748.6810913085938 491.4889221191406 786.2919311523438 553.3707275390625 1.0806209 1.9728292 0.66527236 -1.5688716 1.9722507 40.812256 -2.9312825202941895 0.15802906453609467
Pedestrian 0.0 0 -0.2930784821510315 996.4475708007812 503.5621337890625 1026.203369140625 548.324951171875 1.1132995 1.9058013 0.69701374 8.401805 2.4292707 54.5691 -0.14031174778938293 0.14916741847991943
Pedestrian 0.0 0 -2.176583766937256 1003.4820556640625 497.18719482421875 1046.008544921875 571.5101928710938 0.799959 1.8991756 0.77472574 5.424052 2.0494125 32.96875 -2.013523578643799 0.14162491261959076
Pedestrian 0.0 0 -1.3393713235855103 651.208740234375 480.0569152832031 697.076171875 566.4745483398438 1.1094401 1.9346231 0.8088061 -3.2398705 1.6782897 28.95029 -1.4508191347122192 0.13801489770412445
Pedestrian 0.0 0 -2.641740322113037 658.134521484375 469.0799255371094 723.3666381835938 588.466064453125 1.0960492 2.2297606 0.5736437 -2.3903437 1.810891 24.130749 -2.740476131439209 0.13044744729995728
Pedestrian 0.0 0 -1.8335845470428467 1347.5609130859375 498.3370361328125 1378.29736328125 551.0509643554688 1.723537 1.9945302 0.66793865 21.16267 2.2639291 49.051525 -1.4262739419937134 0.12024018913507462
Cyclist 0.0 0 -0.8155347108840942 441.7032165527344 477.4209289550781 505.00616455078125 550.4691162109375 1.9795793 2.1904094 0.7212999 -10.547328 1.7680241 39.01742 -1.0795481204986572 0.5341293811798096
Cyclist 0.0 0 -1.3154115676879883 119.89668273925781 437.8232116699219 193.21961975097656 576.9661254882812 1.5985328 2.1723087 0.6759069 -10.71974 1.3341928 20.625742 -1.794715404510498 0.44435885548591614
Cyclist 0.0 0 -1.062329888343811 0.0 425.12054443359375 99.34272766113281 614.7166748046875 2.2279081 2.4839027 0.6235129 -10.930192 1.6141715 17.71802 -1.6150810718536377 0.3428109288215637
Cyclist 0.0 0 -0.9662816524505615 605.7404174804688 482.6626281738281 699.7700805664062 594.7405395507812 2.240834 2.2065878 0.7868591 -3.3408084 2.032458 26.109137 -1.09354567527771 0.30511218309402466
Cyclist 0.0 0 -1.7720953226089478 1263.724609375 510.3641052246094 1296.88525390625 572.8701171875 1.6272305 2.0776505 0.7585192 15.918866 2.7378225 43.475334 -1.4210984706878662 0.30378735065460205
Cyclist 0.0 0 -1.7329157590866089 1346.057373046875 504.2388916015625 1373.183837890625 557.178955078125 1.7480868 1.9979953 0.6946764 21.08872 2.5017471 49.175644 -1.327793002128601 0.22498983144760132
Cyclist 0.0 0 -2.5920968055725098 1451.73828125 479.22393798828125 1522.2744140625 549.9098510742188 1.8315291 2.0822105 0.61384887 20.240715 1.7203838 38.249535 -2.105382204055786 0.22170761227607727
Cyclist 0.0 0 -1.5177233219146729 1213.2578125 503.89404296875 1231.0599365234375 548.8231811523438 1.3492064 2.0093327 0.70319676 18.531626 2.582161 57.809162 -1.2075073719024658 0.18804144859313965
Cyclist 0.0 0 -1.1477034091949463 605.7288208007812 463.8721923828125 698.3721313476562 608.7039794921875 2.6293328 2.4005284 0.58849704 -2.8531568 1.942491 22.333673 -1.274766445159912 0.18583424389362335
Cyclist 0.0 0 -0.8964973092079163 775.8063354492188 506.6708679199219 809.0454711914062 553.7576293945312 1.3879945 1.910774 0.65845215 -0.9861238 2.5498915 52.625504 -0.9152336120605469 0.18121512234210968
Cyclist 0.0 0 -1.7041101455688477 1014.4531860351562 504.23541259765625 1036.4798583984375 550.5470581054688 1.3967105 1.806224 0.68671685 8.334286 2.3208017 50.489998 -1.5405172109603882 0.16607920825481415
Cyclist 0.0 0 -0.6798982620239258 667.4024658203125 485.9830627441406 738.6640014648438 570.2503662109375 1.5250273 1.9809356 0.84176654 -2.729917 1.8510787 30.603302 -0.7688661217689514 0.15970267355442047
Car 0.0 0 0.9531940221786499 1253.940185546875 511.3116760253906 1383.742919921875 575.3140869140625 3.8552568 1.7187902 1.6212349 14.737788 2.3352423 37.35378 1.3289899826049805 0.3247838318347931
Car 0.0 0 -1.1483350992202759 620.9779052734375 520.0204467773438 746.3978881835938 594.0482788085938 3.6861339 1.575838 1.6307112 -3.1201296 2.3079348 30.509836 -1.2502471208572388 0.2666766345500946
Car 0.0 0 1.290850281715393 846.3271484375 511.6323547363281 910.0548706054688 549.934814453125 4.229514 1.5155885 1.6424525 2.6285539 2.4208596 54.71887 1.3388508558273315 0.15741896629333496
Car 0.0 0 -0.9611741304397583 185.0626678466797 529.9369506835938 339.2373962402344 613.1785278320312 3.649702 1.8061539 1.6947253 -13.571136 2.813575 31.241829 -1.3709712028503418 0.15592727065086365
Car 0.0 0 1.905982255935669 118.7231216430664 511.76470947265625 274.30352783203125 607.626220703125 4.1085706 1.7952976 1.6816472 -12.963789 2.2575278 26.758797 1.4548369646072388 0.1495072841644287
Car 0.0 0 1.0305874347686768 1437.044189453125 526.9253540039062 1573.2607421875 596.5816040039062 3.4661686 1.6730918 1.6604033 18.395107 2.6729877 33.984333 1.5267127752304077 0.13557007908821106
Car 0.0 0 -2.369720697402954 1458.0091552734375 517.7504272460938 1600.0 623.3570556640625 3.8993723 1.5875994 1.6075627 13.357286 2.0902567 22.166737 -1.827404499053955 0.1324986070394516
Car 0.0 0 1.4461538791656494 389.7561340332031 513.7606811523438 507.89996337890625 616.4261474609375 3.9336386 1.7187914 1.6889718 -7.1102576 2.182883 24.270285 1.1611669063568115 0.12961605191230774
