Car 0.0 0 3.501638650894165 125.11109161376953 189.2584991455078 392.7471008300781 275.6600646972656 4.1429095 1.4346694 1.62826 -6.3605695 1.7608093 13.339689 3.0567102432250977 0.9584214687347412
Car 0.0 0 -3.6199848651885986 854.0501708984375 194.5065460205078 1214.236572265625 308.6748962402344 4.426257 1.5290915 1.7291479 6.153973 1.8864268 10.954912 -3.108161687850952 0.938566267490387
Car 0.0 0 -0.417413592338562 795.2987060546875 191.1289520263672 959.9031982421875 252.5332489013672 3.6676753 1.458867 1.515032 6.758033 1.9512695 18.544056 -0.06794072687625885 0.9347609281539917
Car 0.0 0 3.4636220932006836 221.35203552246094 188.2156982421875 444.86334228515625 260.2068786621094 4.277229 1.4480927 1.5898603 -5.965066 1.8028724 15.765251 3.1019020080566406 0.9135733842849731
Car 0.0 0 -0.3203660249710083 769.8685302734375 182.206298828125 904.8106689453125 239.12081909179688 3.3837798 1.556236 1.5914128 6.445319 1.8373652 20.82911 -0.020273130387067795 0.9102758765220642
Car 0.0 0 -0.2146480679512024 704.9579467773438 184.3729705810547 802.3673095703125 221.55799865722656 3.7776742 1.5020351 1.6373907 5.9860353 2.0035775 30.532724 -0.02105047181248665 0.8970625996589661
Car 0.0 0 0.34703341126441956 335.9372863769531 187.48141479492188 494.019775390625 243.69642639160156 4.0330997 1.4812839 1.5762757 -5.510938 1.9158459 20.46114 0.08393979072570801 0.8885151147842407
Car 0.0 0 -0.6546193361282349 1075.095458984375 191.25953674316406 1242.0 375.0 3.8592706 1.5691495 1.602862 6.661929 1.7640601 6.564656 0.13813304901123047 0.8324646353721619
Car 0.0 0 3.3287312984466553 378.0114440917969 178.72857666015625 495.1614685058594 223.76242065429688 3.7794783 1.5162503 1.6128424 -6.0817018 1.7308855 25.42005 3.0938973426818848 0.7640812397003174
Car 0.0 0 -1.582504391670227 645.7338256835938 184.86703491210938 672.9521484375 211.2467803955078 4.240088 1.5036527 1.6237007 3.0329049 2.2935138 45.25546 -1.5155869722366333 0.7638887763023376
Car 0.0 0 0.40909942984580994 365.3415832519531 190.92483520507812 502.0731506347656 241.93472290039062 3.9115343 1.4820664 1.5424749 -5.58203 2.0813773 22.822792 0.16922712326049805 0.6545752286911011
Car 0.0 0 0.16336607933044434 454.6465148925781 183.96719360351562 538.7432250976562 213.2367401123047 4.2514296 1.5121922 1.6542399 -6.0759206 2.1225688 38.759647 0.007872581481933594 0.6506922245025635
