Pedestrian 0.0 0 1.4775320291519165 743.4884643554688 113.91277313232422 778.0850830078125 210.38336181640625 0.79121614 1.8292888 0.58579767 3.0670257 0.5489484 14.046797 1.6925016641616821 0.570849597454071
Pedestrian 0.0 0 2.9265732765197754 706.5137329101562 140.0669708251953 729.9122314453125 191.1573028564453 0.6916667 1.7561601 0.59537506 4.037605 0.3330263 25.005396 3.086660861968994 0.559715986251831
Pedestrian 0.0 0 -1.2604776620864868 414.30291748046875 143.56979370117188 435.7574768066406 181.15634155273438 0.9503164 1.668729 0.6836109 -7.962244 -0.01480782 32.396404 -1.5014764070510864 0.5535279512405396
Pedestrian 0.0 0 -1.6723947525024414 997.2612915039062 133.5688018798828 1020.2189331054688 180.00181579589844 0.8869969 1.8540274 0.72562003 16.570656 -0.061215535 29.267668 -1.157217025756836 0.45715174078941345
Pedestrian 0.0 0 2.3873116970062256 764.5078735351562 155.17758178710938 778.7835083007812 180.3697509765625 0.80432206 1.8330373 0.6343277 12.52409 -0.08321816 52.783436 2.620276689529419 0.4494008421897888
Pedestrian 0.0 0 2.658754587173462 699.778564453125 157.40884399414062 718.40869140625 193.8739471435547 0.72903144 1.8031471 0.59252286 5.3738885 0.6127605 35.91749 2.8072705268859863 0.41114211082458496
Pedestrian 0.0 0 -0.2038021683692932 357.12298583984375 157.0335235595703 371.6191101074219 182.49301147460938 0.8156657 1.7206581 0.69704175 -16.177946 0.0677758 49.051003 -0.522386372089386 0.3893812298774719
Cyclist 0.0 0 -0.7163268327713013 732.7092895507812 158.59490966796875 752.8885498046875 179.45144653320312 1.7244904 1.7513897 0.58587134 12.063601 -0.17586902 61.136913 -0.521508514881134 0.538032591342926
Cyclist 0.0 0 1.3446975946426392 799.7509155273438 137.8719482421875 823.479736328125 184.36419677734375 1.600367 1.7805458 0.54950213 8.255802 0.110714644 28.322607 1.6283303499221802 0.3804841935634613
Cyclist 0.0 0 -1.2614778280258179 413.80377197265625 142.928466796875 435.9393615722656 180.95489501953125 0.99754983 1.6869287 0.70071745 -7.969926 -0.024054814 32.400917 -1.5026679039001465 0.1689380556344986
Car 0.0 0 0.0998212993144989 14.431591987609863 181.74365234375 218.87376403808594 245.65028381347656 4.430435 1.56841 1.75373 -12.901783 1.5767505 19.449867 -0.48587140440940857 0.8384926915168762
Car 0.0 0 -1.3788427114486694 559.0301513671875 171.9196014404297 598.8134765625 198.81944274902344 3.8968132 1.5228794 1.6528463 -1.2869785 0.9813037 42.720562 -1.408959150314331 0.8167725801467896
Car 0.0 0 -0.7215372323989868 377.7314453125 175.3248748779297 500.5892333984375 220.7093048095703 4.05812 1.4280524 1.6300764 -5.5095606 1.234853 24.720022 -0.9408314824104309 0.7248142957687378
Car 0.0 0 2.116300106048584 328.4806213378906 177.27554321289062 397.2397155761719 205.26449584960938 4.025139 1.4081452 1.6251768 -12.633767 1.1964853 38.281082 1.7975287437438965 0.6919823884963989
Car 0.0 0 -1.3994104862213135 604.347412109375 169.0143280029297 630.9326782226562 188.1006317138672 3.9459798 1.5965489 1.6535361 1.466444 0.55260444 62.181152 -1.3758314847946167 0.6673018336296082
Car 0.0 0 2.5089547634124756 723.1476440429688 160.0295867919922 771.3653564453125 179.24159240722656 3.8843575 1.6114067 1.6174519 12.652514 -0.19989641 62.160862 2.709756374359131 0.4281545579433441
Car 0.0 0 1.497297763824463 610.2694091796875 165.15435791015625 638.296142578125 186.7473907470703 4.591351 1.5276171 1.7313877 1.6640842 0.37185645 53.146748 1.528598666191101 0.4252796471118927
Car 0.0 0 0.9558136463165283 823.3657836914062 161.32177734375 882.30712890625 186.1180877685547 3.9107108 1.5201162 1.603562 16.086504 0.28384915 46.13495 1.2913153171539307 0.3835214376449585
Car 0.0 0 0.9629031419754028 983.7137451171875 149.21524047851562 1057.958251953125 177.57215881347656 4.160127 1.563768 1.699116 24.624802 -0.242552 42.348022 1.4895985126495361 0.3814958930015564
