Pedestrian 0.0 0 1.571142554283142 288.4312744140625 167.37457275390625 311.5238342285156 225.77273559570312 1.0740031 1.833201 0.67008114 -10.0455 1.6615518 23.273123 1.1636652946472168 0.3832992613315582
Pedestrian 0.0 0 2.6576151847839355 756.1227416992188 173.2697296142578 777.7245483398438 213.6410675048828 0.7038892 1.6985097 0.5928915 6.6425004 1.7168006 30.741611 2.8704187870025635 0.12834805250167847
Pedestrian 0.0 0 -1.1076602935791016 204.74545288085938 176.07858276367188 248.2918243408203 241.23748779296875 1.1040232 1.7015837 0.60947955 -10.372497 1.7914023 19.455124 -1.5974746942520142 0.12270771712064743
Pedestrian 0.0 0 -3.4719245433807373 880.7108154296875 124.14274597167969 926.8741455078125 208.54884338378906 0.78079486 1.7890836 0.5686582 6.2912436 0.7569508 15.595718 -3.088494300842285 0.12131800502538681
Pedestrian 0.0 0 -3.1177549362182617 786.330078125 152.2948760986328 823.0592651367188 208.89151000976562 1.1352974 1.7992742 0.6068866 6.268455 1.1460333 23.386925 -2.8558778762817383 0.10048109292984009
Cyclist 0.0 0 2.0906949043273926 189.75587463378906 174.34786987304688 222.4851837158203 214.2583465576172 1.5010849 1.7053939 0.5854437 -17.734665 1.7728213 31.638449 1.5797942876815796 0.14546844363212585
Car 0.0 0 1.7257015705108643 543.4293823242188 175.30795288085938 584.1722412109375 202.80810546875 4.2617226 1.4486525 1.6503292 -2.5767558 1.5945601 40.59591 1.6623133420944214 0.9025973677635193
Car 0.0 0 2.162745237350464 304.335693359375 179.7584991455078 348.6130676269531 199.2288360595703 4.126004 1.6414065 1.6714919 -25.340397 2.2807379 64.57666 1.788800835609436 0.27263128757476807
Car 0.0 0 1.6715143918991089 603.6236572265625 177.80870056152344 629.9732666015625 199.52525329589844 3.8930252 1.4771563 1.5176485 0.49584553 1.8485733 52.015263 1.6810468435287476 0.11632023751735687
Car 0.0 0 2.699531078338623 151.964599609375 169.60592651367188 310.94964599609375 223.8561553955078 4.042851 1.5165944 1.6168556 -11.606327 1.4261508 22.267708 2.2190537452697754 0.10096212476491928
