Pedestrian 0.0 0 -0.9849853515625 404.6913757324219 473.4215393066406 484.1380920410156 570.7424926757812 1.3620933 1.9654899 1.0011247 -7.728698 1.6002353 26.375269 -1.270033836364746 0.28439584374427795
Pedestrian 0.0 0 -2.190436363220215 1478.614501953125 468.3520812988281 1542.9619140625 558.5433349609375 1.1272428 1.9024366 0.6903525 14.965893 1.4140195 27.313437 -1.6891826391220093 0.26806166768074036
Pedestrian 0.0 0 -0.5587668418884277 945.4300537109375 495.4321594238281 990.6259155273438 566.3828735351562 1.0313998 1.9443731 0.71022713 4.2291036 2.0554767 35.30627 -0.4395514726638794 0.2616990804672241
Pedestrian 0.0 0 -0.41412287950515747 1556.7301025390625 501.1361389160156 1600.0 571.7412109375 1.1028618 1.8851526 0.67543125 20.813534 2.1492767 34.33102 0.13088703155517578 0.2285844385623932
Pedestrian 0.0 0 0.40714961290359497 597.9720458984375 498.9488830566406 630.510498046875 552.3291015625 1.0012076 1.9622852 0.6990422 -7.51809 2.2420392 47.145195 0.24901437759399414 0.22606025636196136
Pedestrian 0.0 0 -1.4673207998275757 505.3520202636719 480.2187805175781 546.1317138671875 575.8239135742188 0.87040013 2.302991 0.8873582 -7.1019745 2.0310717 30.99205 -1.6925861835479736 0.21368664503097534
Pedestrian 0.0 0 -0.7999758720397949 101.88607025146484 486.0487976074219 170.31097412109375 578.9776611328125 1.1617496 2.06897 0.7866732 -15.489121 1.9474468 28.862116 -1.292518973350525 0.18065233528614044
Pedestrian 0.0 0 -0.39958298206329346 1534.232666015625 447.56219482421875 1600.0 582.2933349609375 1.0407809 1.9772304 0.6002228 11.429623 1.332323 18.956356 0.14299845695495605 0.1655719131231308
Pedestrian 0.0 0 3.295459508895874 265.8106384277344 477.177490234375 324.7883605957031 589.3026733398438 0.99732596 2.2321587 0.7939711 -10.566333 1.946889 25.71409 2.905578374862671 0.16209927201271057
Pedestrian 0.0 0 -1.1055164337158203 1466.5084228515625 505.2287902832031 1495.7889404296875 550.55615234375 1.1468791 1.9025024 0.66397774 28.416538 2.4954855 54.124294 -0.6220508813858032 0.15617868304252625
Pedestrian 0.0 0 -0.03760707378387451 486.4510803222656 494.8988952636719 523.9122924804688 556.1973266601562 1.2195326 2.07112 0.710746 -10.652326 2.1885986 43.354755 -0.27853596210479736 0.15404385328292847
Pedestrian 0.0 0 -2.953831911087036 854.7465209960938 488.2846984863281 893.1226806640625 565.1446533203125 0.89455044 1.9839243 0.6619016 1.51121 1.9007474 33.114437 -2.9082276821136475 0.14870359003543854
Pedestrian 0.0 0 -2.6327223777770996 717.40283203125 497.5900573730469 741.6466674804688 533.9530029296875 0.9651546 1.7774866 0.7246568 -4.287726 2.0808163 62.616837 -2.7010912895202637 0.14320756494998932
Pedestrian 0.0 0 -2.7200913429260254 527.9340209960938 494.42828369140625 558.043701171875 543.4451904296875 0.9596543 1.9185615 0.7036054 -10.800579 2.0350688 50.065186 -2.932565450668335 0.1401171088218689
Cyclist 0.0 0 -1.4726797342300415 1475.285400390625 508.7792053222656 1497.952880859375 553.3250122070312 1.3257354 1.8634 0.7328453 28.754223 2.6144903 54.316036 -0.9857995510101318 0.23938724398612976
Cyclist 0.0 0 -0.7999758720397949 101.88607025146484 486.0487976074219 170.31097412109375 578.9776611328125 1.1617496 2.06897 0.7866732 -15.489121 1.9474468 28.862116 -1.292518973350525 0.19584707915782928
Cyclist 0.0 0 -1.172062873840332 444.585205078125 512.283935546875 492.115966796875 591.6367797851562 1.8921602 2.4129663 0.7736928 -10.976589 3.0856786 40.015446 -1.439786434173584 0.1945336014032364
Cyclist 0.0 0 -1.1810590028762817 967.9041137695312 469.2604675292969 1065.42919921875 644.487548828125 1.6929992 2.2350333 0.70573163 2.7202873 1.9512761 17.059637 -1.022932767868042 0.18769428133964539
Cyclist 0.0 0 -1.017635703086853 497.3311767578125 499.00726318359375 535.3051147460938 556.816162109375 1.1896851 1.9487848 0.7588546 -10.308929 2.2107773 43.5536 -1.2500535249710083 0.18303844332695007
Car 0.0 0 -1.8830287456512451 1142.5655517578125 515.984375 1201.846435546875 554.5916748046875 3.9971917 1.7447214 1.6353403 17.33273 2.9790382 61.83284 -1.609727144241333 0.640421986579895
Car 0.0 0 -2.0582962036132812 1221.9163818359375 513.719482421875 1293.22607421875 551.8840942382812 4.0093827 1.7279699 1.5966612 21.514257 2.850379 61.890034 -1.7237426042556763 0.6048913598060608
Car 0.0 0 -1.9311997890472412 942.4075317382812 520.1724853515625 1047.78076171875 583.0525512695312 4.12557 1.6003033 1.6449479 5.067092 2.4743965 36.423523 -1.7929710149765015 0.3106042444705963
Car 0.0 0 0.8496437072753906 1401.5540771484375 521.4029541015625 1600.0 620.2590942382812 4.004095 1.6559374 1.618076 13.434744 2.2877617 24.633652 1.348934292793274 0.26685231924057007
Car 0.0 0 -2.302119731903076 1594.96533203125 513.5349731445312 1600.0 590.8811645507812 4.7087607 1.7401725 1.7542324 22.412857 2.345067 32.330856 -1.6959490776062012 0.22809575498104095
Car 0.0 0 -1.286298155784607 676.430419921875 513.8426513671875 755.4430541992188 570.8430786132812 3.6520362 1.7156286 1.6240486 -3.2453306 2.4838188 41.602245 -1.3641490936279297 0.22159665822982788
Car 0.0 0 -1.8980896472930908 963.0870361328125 504.54840087890625 1109.5894775390625 593.9403076171875 4.274911 1.6253638 1.6528536 4.390156 1.9153895 25.922222 -1.7303227186203003 0.20300596952438354
Car 0.0 0 -1.537998914718628 610.3422241210938 511.2554016113281 659.0582885742188 558.6687622070312 4.1232085 1.5439802 1.581398 -6.4326544 2.2813983 45.15383 -1.6795076131820679 0.17851805686950684
Car 0.0 0 -1.9375855922698975 1086.920166015625 514.8217163085938 1150.21240234375 552.210205078125 4.070239 1.6980237 1.6780618 14.823257 2.8841176 62.298325 -1.7039893865585327 0.17212174832820892
Car 0.0 0 -1.3029189109802246 327.8829650878906 509.4436340332031 430.6729431152344 576.7469482421875 4.0281596 1.6330249 1.5824845 -11.608735 2.1421123 33.884926 -1.6329798698425293 0.16339972615242004
Car 0.0 0 -1.5257062911987305 801.9203491210938 529.1256713867188 880.698486328125 610.8045654296875 3.3410656 1.6420096 1.634414 0.6189712 2.547616 28.765743 -1.5041919946670532 0.16198764741420746
Car 0.0 0 -1.6693663597106934 1050.863525390625 514.0820922851562 1116.89794921875 571.3173828125 3.8251953 1.6186186 1.6356013 8.268447 2.3559647 39.373928 -1.4623761177062988 0.1619657725095749
Car 0.0 0 -2.1409549713134766 1120.9583740234375 518.3298950195312 1204.068115234375 559.10205078125 3.8504055 1.5919391 1.6087306 14.782237 2.7851458 54.258484 -1.8749693632125854 0.16185158491134644
Car 0.0 0 1.6049176454544067 785.2952880859375 511.34552001953125 845.2251586914062 575.19677734375 4.1535454 1.7585567 1.6661167 0.017987594 2.3913512 38.29097 1.6053874492645264 0.16117896139621735
Car 0.0 0 -0.9748371839523315 263.3047790527344 520.4532470703125 427.57373046875 613.1807861328125 3.4019415 1.7114797 1.5578622 -9.705441 2.3560207 26.36066 -1.327614426612854 0.15716737508773804
Car 0.0 0 -1.769532322883606 952.6080932617188 508.6758728027344 1099.768310546875 619.40283203125 4.2721157 1.6392075 1.6423539 3.4562123 1.9612463 21.587332 -1.6107759475708008 0.15296576917171478
Car 0.0 0 -1.8140010833740234 911.333984375 509.11328125 986.0990600585938 560.5681762695312 4.2610927 1.6256933 1.5844384 4.516823 2.2648168 43.751785 -1.7111281156539917 0.14918732643127441
Car 0.0 0 -1.3463504314422607 774.5263061523438 516.4782104492188 839.9612426757812 569.1895141601562 3.724316 1.7576784 1.5901059 -0.28597754 2.706014 46.104908 -1.352553129196167 0.14917826652526855
Car 0.0 0 -2.0429019927978516 1222.9541015625 518.4901123046875 1304.936767578125 559.1192016601562 4.072324 1.5643469 1.5978585 18.923508 2.7539182 53.706917 -1.7041372060775757 0.14799582958221436
