Pedestrian 0.0 0 -0.1709783971309662 623.502685546875 148.02102661132812 732.9931030273438 315.4627380371094 1.1077775 1.7722473 0.6707556 0.7414757 1.4301716 7.855538 -0.07686830312013626 0.7552826404571533
Pedestrian 0.0 0 1.1686550378799438 847.1270141601562 88.78370666503906 907.8958129882812 200.26585388183594 0.85706675 1.8341827 0.6841705 4.591078 0.32685295 12.069325 1.5321447849273682 0.49752873182296753
Pedestrian 0.0 0 -3.515944242477417 910.8765869140625 95.84783935546875 974.9615478515625 208.0444793701172 0.81295455 1.8168684 0.5551316 5.558612 0.4476976 11.749071 -3.074038505554199 0.4580385982990265
Pedestrian 0.0 0 1.176132082939148 754.3890991210938 96.5025863647461 814.8687744140625 207.1248779296875 0.88106483 1.8502096 0.7355021 3.068301 0.446963 12.311416 1.4203803539276123 0.403044193983078
Pedestrian 0.0 0 1.5371214151382446 624.7320556640625 132.8164520263672 649.4805908203125 202.88790893554688 0.7257475 1.7524344 0.60436714 0.7761446 0.5614994 18.04346 1.5801101922988892 0.3915674090385437
Pedestrian 0.0 0 1.600956678390503 519.6530151367188 109.9647216796875 550.0238037109375 197.4586181640625 0.8327454 1.7931204 0.61610484 -1.5129665 0.34917873 14.922598 1.4999144077301025 0.3840596675872803
Pedestrian 0.0 0 0.32923266291618347 561.6679077148438 119.55355072021484 607.8751831054688 210.25596618652344 0.79745495 1.8332623 0.6433441 -0.4561284 0.60304964 14.710414 0.2982354164123535 0.3690687417984009
Pedestrian 0.0 0 -3.671159029006958 1099.343994140625 91.70919036865234 1197.0302734375 206.32557678222656 1.1183045 1.8105102 0.5888748 8.786697 0.40960342 11.523979 -3.0197243690490723 0.3387022316455841
Pedestrian 0.0 0 -0.10422976315021515 703.9094848632812 120.7864761352539 740.6139526367188 189.54490661621094 0.8726719 1.7371837 0.58881795 2.9704201 0.23011273 18.177746 0.05774831771850586 0.32658055424690247
Pedestrian 0.0 0 -0.5375054478645325 966.2456665039062 82.30683898925781 1037.013671875 193.91134643554688 0.83375645 1.8020204 0.59888804 6.5195074 0.21819977 11.723184 -0.029975030571222305 0.31130558252334595
Pedestrian 0.0 0 0.07579545676708221 661.6083984375 148.04795837402344 708.0632934570312 249.18017578125 0.8116897 1.821019 0.6632172 1.4476525 1.2383182 13.127192 0.18563055992126465 0.29877910017967224
Pedestrian 0.0 0 1.4441884756088257 636.960693359375 118.35460662841797 673.01220703125 233.4566192626953 1.7248346 1.9025874 0.4135828 0.8222389 0.8770014 12.555696 1.5095824003219604 0.16206970810890198
Cyclist 0.0 0 -1.6714332103729248 639.0191650390625 116.96807098388672 673.0460205078125 230.92642211914062 1.8327552 1.8768362 0.40956914 0.8410777 0.83214873 12.562535 -1.6045817136764526 0.4592966139316559
Cyclist 0.0 0 3.6102542877197266 170.77447509765625 113.55413818359375 271.57293701171875 201.77200317382812 1.6914171 1.7102396 0.54450643 -7.6236215 0.41402254 13.999752 3.1116018295288086 0.33616095781326294
Cyclist 0.0 0 -3.671159029006958 1099.343994140625 91.70919036865234 1197.0302734375 206.32557678222656 1.1183045 1.8105102 0.5888748 8.786697 0.40960342 11.523979 -3.0197243690490723 0.25982558727264404
Cyclist 0.0 0 -0.4054233729839325 929.39306640625 89.25458526611328 1005.0492553710938 206.19166564941406 0.98623097 1.8910065 0.5319423 5.948567 0.41711697 11.725805 0.06405162811279297 0.13531918823719025
Cyclist 0.0 0 -0.3872135877609253 867.5219116210938 98.79008483886719 942.3960571289062 210.5758819580078 1.0150831 1.8233604 0.55835205 4.953087 0.49222594 11.812 0.0098419189453125 0.13414421677589417
Cyclist 0.0 0 -0.24372553825378418 807.919921875 95.06074523925781 871.7901611328125 200.9328155517578 0.9310853 1.8068899 0.6604349 4.068118 0.35036877 12.425192 0.07268357276916504 0.12701277434825897
Cyclist 0.0 0 1.1842726469039917 753.380859375 96.18020629882812 815.5968627929688 207.45431518554688 0.93636435 1.8567379 0.74879295 3.0636196 0.45141417 12.309596 1.4281975030899048 0.120623379945755
Car 0.0 0 -1.8011481761932373 654.1445922851562 136.1570281982422 743.1251220703125 198.26596069335938 3.6391013 1.5340118 1.5988036 2.4196253 0.44039348 19.352133 -1.6767622232437134 0.4333330988883972
Car 0.0 0 1.5655176639556885 659.9849243164062 146.68199157714844 690.1727905273438 177.4596405029297 3.6869624 1.6511574 1.6307487 3.9635105 -0.17980647 40.216385 1.6637550592422485 0.4195593595504761
Car 0.0 0 -1.2071069478988647 482.08892822265625 136.0077362060547 580.1260986328125 195.5123291015625 3.8610616 1.5726031 1.5851973 -2.0877967 0.3983351 20.751423 -1.3073793649673462 0.324057936668396
Car 0.0 0 -1.7076079845428467 721.8411254882812 134.30380249023438 802.287109375 198.17982482910156 3.9209096 1.5999255 1.640159 4.232373 0.44442707 19.720861 -1.4962007999420166 0.29878702759742737
