Pedestrian 0.0 0 -2.605945110321045 347.455810546875 153.0462646484375 367.2646179199219 186.33456420898438 0.8327717 1.7291023 0.517039 -13.274756 0.7005825 37.811634 -2.9435782432556152 0.6079767346382141
Pedestrian 0.0 0 1.15702486038208 1030.768310546875 128.89356994628906 1068.0211181640625 195.84881591796875 0.6385119 1.7704964 0.65467304 11.780469 0.6084094 19.436182 1.7019250392913818 0.5966535806655884
Pedestrian 0.0 0 2.794121026992798 766.4533081054688 156.2804718017578 782.1343994140625 183.55404663085938 0.9114218 1.816494 0.49169686 10.978474 0.7130103 48.35406 3.0173795223236084 0.5730862021446228
Pedestrian 0.0 0 0.38735973834991455 160.66934204101562 161.30117797851562 181.40219116210938 194.66055297851562 0.77115136 1.701766 0.52382535 -22.620169 1.1127782 37.125107 -0.1598668098449707 0.5406714677810669
Pedestrian 0.0 0 -2.954756259918213 512.9480590820312 152.50445556640625 532.0501098632812 185.7899932861328 0.96651214 1.8304559 0.5476743 -4.8810897 0.711741 39.981247 -3.076239585876465 0.4139593839645386
Pedestrian 0.0 0 1.884584665298462 215.39935302734375 138.93682861328125 245.51614379882812 194.7365264892578 0.74094915 1.7778941 0.6699586 -12.351859 0.69758064 23.409206 1.3990627527236938 0.3459264934062958
Pedestrian 0.0 0 -1.7000612020492554 911.116455078125 178.12109375 931.71142578125 218.14212036132812 0.6547933 1.6407737 0.7091876 12.944485 1.8638748 30.098969 -1.2939090728759766 0.33622586727142334
Cyclist 0.0 0 -1.5536593198776245 1221.9268798828125 103.12030029296875 1242.0 176.41293334960938 1.8900831 1.8089768 0.5106931 16.164265 0.08819789 18.680239 -0.8403418064117432 0.4607599079608917
Cyclist 0.0 0 2.733494281768799 824.8576049804688 145.04434204101562 860.1495361328125 179.82315063476562 1.6167774 1.7702423 0.6134868 11.915415 0.35508746 37.107433 3.0441999435424805 0.37739038467407227
Car 0.0 0 1.7770559787750244 387.6493225097656 184.0945587158203 417.9512939453125 203.3996124267578 4.037577 1.5019482 1.656687 -17.388632 2.4790688 60.62238 1.4977203607559204 0.7800540924072266
Car 0.0 0 2.1466012001037598 0.0 174.70314025878906 101.09847259521484 228.15350341796875 4.178763 1.663998 1.6729183 -19.671646 1.7333746 24.768885 1.4754018783569336 0.6007729172706604
Car 0.0 0 -1.552653193473816 570.3182373046875 173.9994354248047 590.541259765625 193.84580993652344 3.6005962 1.5998203 1.6226419 -2.464387 1.6986183 60.188763 -1.5935746431350708 0.5437760949134827
Car 0.0 0 1.065558671951294 695.0880737304688 167.9891815185547 728.0916137695312 183.974365234375 3.6628666 1.5015501 1.5814244 9.773477 1.044937 69.7672 1.2047399282455444 0.5336335301399231
Car 0.0 0 1.5040500164031982 871.6190185546875 185.17127990722656 905.0767211914062 213.08749389648438 4.038681 1.5270631 1.6092952 16.716185 2.307821 43.545635 1.870580792427063 0.4896695911884308
Car 0.0 0 1.8812541961669922 323.7499084472656 185.85813903808594 358.1134338378906 204.18609619140625 3.820187 1.453562 1.6780599 -23.071209 2.6052198 61.93061 1.5246479511260986 0.4724012315273285
Car 0.0 0 -0.973950982093811 333.8012390136719 159.16952514648438 404.29205322265625 191.18283081054688 4.104843 1.6657233 1.6625836 -13.222571 0.9540474 39.74166 -1.2951432466506958 0.46013715863227844
Car 0.0 0 -1.4261505603790283 499.4408874511719 161.58425903320312 536.5491333007812 189.79605102539062 3.729537 1.5468789 1.5944608 -5.2712736 0.92930627 41.43877 -1.5526773929595947 0.35403162240982056
Car 0.0 0 -0.6535566449165344 153.8811798095703 157.43658447265625 242.4443817138672 190.9390106201172 3.9704497 1.708267 1.6432203 -22.16906 0.9225008 38.93646 -1.1711457967758179 0.35266488790512085
