Pedestrian 0.0 0 -1.5588208436965942 694.7379760742188 160.78018188476562 709.5339965820312 197.08721923828125 0.66138524 1.7169837 0.6948455 4.3691883 1.1463625 34.494583 -1.4328287839889526 0.8168311715126038
Pedestrian 0.0 0 0.38336125016212463 720.3976440429688 124.8953628540039 759.0062866210938 208.999755859375 0.64576524 1.7153484 0.52879924 2.6671898 0.7375676 15.108623 0.5580952167510986 0.57485032081604
Pedestrian 0.0 0 1.334084153175354 662.3490600585938 151.5240936279297 682.5572509765625 195.25694274902344 0.642102 1.7705156 0.69312054 2.5149179 0.907337 29.578354 1.4189057350158691 0.543372392654419
Pedestrian 0.0 0 -3.319336414337158 868.0985107421875 124.73004913330078 907.5219116210938 197.5931854248047 0.8252657 1.779154 0.5823973 6.8644195 0.60443324 17.97841 -2.9546046257019043 0.5133533477783203
Pedestrian 0.0 0 -0.3313717842102051 645.14697265625 155.5904083251953 662.6908569335938 182.85206604003906 1.0063583 1.7607034 0.5812799 2.82887 0.64608526 47.01286 -0.2712719738483429 0.49931442737579346
Pedestrian 0.0 0 -2.1879162788391113 921.7457885742188 93.03694915771484 978.4680786132812 204.80874633789062 0.76925117 1.8156428 0.51091677 5.6592793 0.5194369 12.142379 -1.751773715019226 0.3247147500514984
Pedestrian 0.0 0 1.6425894498825073 540.715576171875 166.7439422607422 551.7884521484375 198.88385009765625 1.8016922 1.7859864 0.501108 -3.6502392 1.4468133 40.997448 1.5537878274917603 0.11945533007383347
Cyclist 0.0 0 2.0299742221832275 433.5714111328125 147.87680053710938 459.3492736816406 184.62698364257812 1.6984938 1.7860807 0.55982137 -8.174407 0.57253116 35.955547 1.8064264059066772 0.47507837414741516
Cyclist 0.0 0 1.4866470098495483 527.3842163085938 169.6981964111328 547.2999877929688 215.95314025878906 1.7237027 1.6751765 0.59535706 -2.7764966 1.5612434 27.030684 1.3842895030975342 0.461630642414093
Cyclist 0.0 0 1.6468148231506348 540.7216186523438 166.4171142578125 551.9827270507812 198.69334411621094 1.8240358 1.7935455 0.50280905 -3.645207 1.4362144 41.007233 1.5581560134887695 0.45391249656677246
Cyclist 0.0 0 1.795089840888977 448.910888671875 149.0772247314453 467.9874572753906 183.1460418701172 1.849838 1.7771459 0.6037177 -8.124841 0.5372262 38.564945 1.5874470472335815 0.43262267112731934
Cyclist 0.0 0 -1.9045846462249756 838.4073486328125 105.10487365722656 886.7418823242188 190.7307586669922 1.5109011 1.8475709 0.5622609 5.6392503 0.38608906 16.321817 -1.5719208717346191 0.35405203700065613
Cyclist 0.0 0 -1.6286680698394775 648.8772583007812 155.34120178222656 658.916259765625 182.80043029785156 1.0454744 1.7680705 0.5916174 2.823511 0.64079773 46.97967 -1.5686396360397339 0.13370506465435028
Car 0.0 0 -1.832763433456421 721.3546752929688 172.28094482421875 905.3541259765625 305.47528076171875 3.453875 1.5423636 1.5608224 2.571573 1.5360856 10.088994 -1.583188772201538 0.9653403759002686
Car 0.0 0 1.9376838207244873 252.99130249023438 179.7756805419922 420.5936279296875 283.087158203125 4.003859 1.6294352 1.6052874 -4.99473 1.7802079 13.662188 1.5871902704238892 0.9548813700675964
Car 0.0 0 -1.479770541191101 636.6121215820312 174.98342895507812 665.4241943359375 199.6842041015625 3.726891 1.6447679 1.6772503 2.867621 1.7995284 50.3486 -1.4228767156600952 0.8174864649772644
Car 0.0 0 1.8176772594451904 446.0417175292969 179.8234405517578 514.8394775390625 221.09254455566406 4.395945 1.5166738 1.7453531 -5.2431993 1.8240712 29.530268 1.6419551372528076 0.8062406778335571
Car 0.0 0 -0.1916700303554535 723.887939453125 157.95603942871094 802.0352783203125 191.9228973388672 3.405957 1.5859272 1.6380818 7.236356 0.890693 34.530495 0.01490473747253418 0.6118003129959106
