Pedestrian 0.0 0 -1.0080652236938477 614.8309326171875 508.2581481933594 695.08203125 622.6660766601562 1.3780912 2.2450204 1.0588554 -3.2923834 2.5994515 25.947498 -1.134277105331421 0.5566393733024597
Pedestrian 0.0 0 0.12952040135860443 1047.185302734375 502.137939453125 1074.94580078125 551.7409057617188 1.077334 2.0810993 0.70195746 10.411205 2.5373695 53.851078 0.3204975128173828 0.2765805125236511
Pedestrian 0.0 0 -2.8385462760925293 435.73883056640625 494.24420166015625 480.7693786621094 569.9723510742188 1.2055146 2.3970966 0.79120564 -11.450724 2.4855826 40.529045 -3.113900661468506 0.16627901792526245
Pedestrian 0.0 0 -1.4773321151733398 1186.364501953125 470.1875 1236.8988037109375 585.0382080078125 1.234078 2.1629844 0.8242902 7.6814632 1.7614728 24.57877 -1.1744251251220703 0.16313529014587402
Pedestrian 0.0 0 -0.5801433324813843 1226.1470947265625 477.49725341796875 1323.477783203125 617.4977416992188 1.236759 2.1192122 0.7042006 7.109169 1.9071425 19.655401 -0.23309215903282166 0.16123555600643158
Pedestrian 0.0 0 2.4073190689086914 1075.0340576171875 495.219482421875 1117.795654296875 567.0486450195312 0.94571626 2.0405567 0.75293565 8.093897 2.1494787 36.59587 2.6249847412109375 0.15851853787899017
Pedestrian 0.0 0 -0.8268949389457703 549.3819580078125 481.3136291503906 593.6907348632812 557.6288452148438 1.1279352 2.360508 0.82315713 -7.699673 2.045214 39.867664 -1.017676830291748 0.15440858900547028
Pedestrian 0.0 0 -2.241333484649658 0.24526047706604004 470.5024719238281 72.95331573486328 575.85693359375 1.2030188 2.2608163 0.7773456 -17.077778 1.8100755 27.746954 -2.793059825897217 0.15232497453689575
Cyclist 0.0 0 -1.757004737854004 1404.872314453125 520.797119140625 1456.188232421875 621.0921630859375 1.9572107 2.1517587 0.6990831 13.95357 2.84207 28.811136 -1.3059864044189453 0.43907079100608826
Cyclist 0.0 0 -0.8331022262573242 676.847412109375 445.58740234375 732.6199340820312 510.8478088378906 2.3307042 2.5118291 0.84091073 -4.38213 0.7444125 49.92566 -0.9206509590148926 0.39470645785331726
Cyclist 0.0 0 -0.701376736164093 422.44451904296875 499.288330078125 487.5295104980469 574.2321166992188 1.850779 2.1448278 0.67272544 -10.653859 2.380485 37.397903 -0.9789035320281982 0.3441447913646698
Cyclist 0.0 0 -1.4539180994033813 1183.5106201171875 513.7549438476562 1206.4359130859375 564.9323120117188 1.7871395 2.0892289 0.724266 16.005018 3.0460503 53.501297 -1.1632394790649414 0.25584566593170166
Cyclist 0.0 0 -1.3726710081100464 1018.594970703125 493.8612365722656 1059.0833740234375 569.5947265625 1.9434981 1.9968883 0.71696 6.0743318 2.06293 34.491985 -1.198349952697754 0.18001264333724976
Cyclist 0.0 0 -1.5587310791015625 1099.90966796875 487.8528137207031 1121.2235107421875 551.6694946289062 1.6541206 1.8418818 0.59335274 8.703348 1.7364119 37.425343 -1.33024001121521 0.17935194075107574
Car 0.0 0 -1.8222415447235107 740.096435546875 512.8111572265625 810.9066162109375 561.7013549804688 4.411463 1.6779895 1.6235125 -1.5932103 2.5224514 47.85401 -1.8555223941802979 0.44721707701683044
Car 0.0 0 -1.8593934774398804 982.7212524414062 513.2077026367188 1037.32958984375 545.5243530273438 4.1305957 1.4874369 1.5875092 9.648685 2.6096694 63.3374 -1.7082178592681885 0.2937137484550476
Car 0.0 0 -1.4870667457580566 988.4805297851562 514.7998046875 1037.2589111328125 560.0419311523438 3.509196 1.6174135 1.5794085 7.6538005 2.5555286 49.11361 -1.332471489906311 0.24972683191299438
Car 0.0 0 -1.8621217012405396 1092.9638671875 516.7144775390625 1171.61328125 568.156005859375 3.9419992 1.6702124 1.6504287 11.193075 2.607779 45.094913 -1.6188271045684814 0.23057527840137482
Car 0.0 0 -1.952709674835205 959.4055786132812 517.292724609375 1062.1995849609375 583.4881591796875 3.4034653 1.6712909 1.6773055 5.357362 2.4269242 35.26306 -1.8019369840621948 0.21328754723072052
Car 0.0 0 -2.3960230350494385 1506.8265380859375 511.2252502441406 1600.0 601.8706665039062 4.1214585 1.6107136 1.6253617 16.279655 2.0445173 25.661102 -1.8306857347488403 0.21321259438991547
Car 0.0 0 -1.9618229866027832 1157.1539306640625 499.4535827636719 1277.3734130859375 563.427490234375 4.403663 1.6607698 1.6702092 11.205 1.8990304 35.705284 -1.6577367782592773 0.2054378241300583
Car 0.0 0 -1.1452958583831787 259.4614562988281 509.877197265625 394.780029296875 583.8795776367188 4.15997 1.6783799 1.5956104 -12.213177 2.171931 31.90094 -1.5109282732009888 0.17100174725055695
Car 0.0 0 -1.7017791271209717 692.999755859375 503.53985595703125 771.68798828125 567.9025268554688 3.9512358 1.5447742 1.553594 -2.2599454 1.8807167 33.267017 -1.7696083784103394 0.16900083422660828
Car 0.0 0 -2.5410635471343994 1305.24560546875 513.06103515625 1600.0 900.0 4.9688888 1.795913 1.6997143 3.182542 1.8884555 2.862703 -1.702807068824768 0.16611690819263458
Car 0.0 0 -0.7442600131034851 367.638427734375 515.8294067382812 507.00146484375 582.8394165039062 3.817837 1.7818044 1.6452343 -11.073562 2.5364354 37.231236 -1.0333542823791504 0.15061472356319427
