Pedestrian 0.0 0 -1.4272254705429077 548.047607421875 442.6258239746094 637.3682250976562 560.985595703125 1.4246786 2.2393172 1.5258747 -4.333473 1.3145039 24.695086 -1.6009360551834106 0.8802086710929871
Pedestrian 0.0 0 -2.091334104537964 1375.91259765625 480.6369934082031 1462.8065185546875 592.5344848632812 1.3029901 2.178782 1.0626264 12.050814 1.967128 25.34903 -1.647563099861145 0.2801308035850525
Pedestrian 0.0 0 -0.9254117608070374 563.80029296875 456.2599182128906 649.2807006835938 677.8311767578125 0.6516361 2.5625324 0.7691291 -2.4991267 2.1548896 15.113337 -1.0892878770828247 0.23798193037509918
Pedestrian 0.0 0 -0.4091808795928955 982.6817016601562 510.0182189941406 1025.8841552734375 560.3294067382812 1.6681511 2.0704458 0.6516612 7.8724484 2.8534517 53.037746 -0.26182571053504944 0.21135306358337402
Pedestrian 0.0 0 -2.83261775970459 1010.6258544921875 495.4532165527344 1048.5576171875 585.4408569335938 0.71910113 2.1537707 0.7434514 5.1989303 2.2514384 30.849092 -2.665658712387085 0.17935463786125183
Pedestrian 0.0 0 -2.2956290245056152 1242.5048828125 519.4267578125 1277.1591796875 573.2157592773438 1.1147605 2.0375285 0.7133737 17.261675 3.138722 49.29849 -1.9588241577148438 0.1567758172750473
Pedestrian 0.0 0 1.5965683460235596 641.2727661132812 483.4895324707031 684.8841552734375 632.4110107421875 0.90091413 2.178066 0.6261796 -2.2900543 2.0608044 19.000013 1.4766178131103516 0.15072129666805267
Pedestrian 0.0 0 0.21238234639167786 425.46136474609375 492.5441589355469 463.2247314453125 551.2481689453125 1.2120973 2.15161 0.7366862 -13.750725 2.190307 46.84271 -0.07314751297235489 0.12430567294359207
Pedestrian 0.0 0 -0.8745484948158264 474.19818115234375 496.0105895996094 519.1039428710938 549.7819213867188 1.8664286 2.100172 0.70804405 -12.764194 2.2837312 50.62393 -1.1215379238128662 0.11477995663881302
Cyclist 0.0 0 -0.7904908657073975 471.78240966796875 505.6171569824219 519.855224609375 559.251708984375 1.9418089 2.0856338 0.70782566 -12.84089 2.6629176 50.796688 -1.0380935668945312 0.38930177688598633
Cyclist 0.0 0 -1.089188575744629 849.5736083984375 508.67364501953125 875.8841552734375 550.896728515625 1.7695236 2.2390213 0.68812054 2.5324693 3.185143 68.85852 -1.0524272918701172 0.2998639643192291
Cyclist 0.0 0 -0.742074191570282 550.00341796875 501.4408874511719 580.7506713867188 540.2203979492188 1.4474148 2.0394933 0.81239897 -13.437447 2.5781648 67.84922 -0.9375927448272705 0.18512600660324097
Car 0.0 0 1.5469918251037598 652.43017578125 525.5265502929688 753.8314208984375 655.1520385742188 4.463967 1.8664356 1.558517 -1.9986753 2.5127354 21.752466 1.4553663730621338 0.7829678058624268
Car 0.0 0 -1.5197502374649048 529.1050415039062 510.5247802734375 570.715087890625 550.4279174804688 4.2244086 1.6327219 1.5888532 -11.770067 2.5088737 56.134415 -1.7264325618743896 0.5654926896095276
Car 0.0 0 1.5933758020401 534.9076538085938 519.1070556640625 616.2993774414062 597.3267822265625 4.625314 1.6523862 1.8072004 -5.8088055 2.3786516 30.895727 1.4075320959091187 0.37708598375320435
Car 0.0 0 1.6027153730392456 613.9405517578125 515.604736328125 686.7740478515625 599.3292236328125 4.492777 1.8096244 1.6168568 -3.99704 2.4438667 31.01794 1.4745594263076782 0.26848652958869934
Car 0.0 0 -1.7863041162490845 836.2731323242188 509.0394592285156 902.9080200195312 554.9197998046875 3.9242055 1.5355175 1.6150004 1.8914338 2.2016003 46.04072 -1.7452454566955566 0.2148611694574356
Car 0.0 0 -1.097865104675293 337.88134765625 507.54376220703125 423.50787353515625 559.3656616210938 3.5221217 1.7855235 1.5442772 -15.984215 2.399521 46.634296 -1.4280725717544556 0.2116132378578186
Car 0.0 0 -1.7691665887832642 1399.8345947265625 526.296875 1589.0823974609375 668.6138916015625 3.6063056 1.6999345 1.6805737 9.5223675 2.2499948 18.05602 -1.2838563919067383 0.19702588021755219
Car 0.0 0 -1.9430285692214966 1081.483642578125 517.3693237304688 1167.1319580078125 568.0908203125 4.318257 1.7345208 1.6852206 11.572346 2.7578616 47.857903 -1.705776333808899 0.1969224065542221
Car 0.0 0 -0.7832174301147461 0.0 505.3038635253906 30.233922958374023 584.1574096679688 3.386997 1.6485307 1.4922265 -19.9342 1.9830859 28.907736 -1.386915922164917 0.19128352403640747
Car 0.0 0 2.163072347640991 263.70587158203125 495.2010803222656 517.0142822265625 638.546142578125 3.575654 1.8052399 1.6889943 -5.904251 1.8634303 17.999416 1.8461072444915771 0.1874082088470459
Car 0.0 0 1.0636645555496216 1364.5521240234375 515.6417236328125 1499.49755859375 583.641357421875 3.62108 1.639487 1.6771568 16.294674 2.3171887 33.7058 1.5139752626419067 0.1859540492296219
Car 0.0 0 1.5843334197998047 385.88568115234375 543.1513671875 493.6368408203125 649.6943969726562 4.2519298 1.4845946 1.6367215 -6.530848 2.4788609 22.113302 1.2971612215042114 0.16638797521591187
Car 0.0 0 1.0509660243988037 1259.7572021484375 528.7463989257812 1430.6336669921875 599.9512329101562 4.44408 1.4359876 1.7871445 12.50672 2.3946137 30.282465 1.4426305294036865 0.1626475304365158
Car 0.0 0 -1.8811792135238647 1350.454345703125 522.2669067382812 1438.673095703125 579.7686157226562 3.8764477 1.7807183 1.6402715 19.748121 2.8839478 43.400703 -1.4541597366333008 0.15119075775146484
Car 0.0 0 -1.7819956541061401 689.5823974609375 505.9937438964844 762.1906127929688 559.2813110351562 3.8477201 1.6119627 1.5987436 -3.0087013 2.110441 41.506004 -1.8543574810028076 0.148575559258461
Car 0.0 0 -1.774949073791504 954.4881591796875 524.4168701171875 1013.5446166992188 569.0093994140625 3.5223618 1.6775942 1.7303063 6.8681717 3.0800564 52.149044 -1.6439999341964722 0.134022057056427
Car 0.0 0 -2.300769805908203 1494.6502685546875 512.1502685546875 1600.0 640.3433837890625 4.061726 1.6465857 1.6586918 12.364688 1.9925363 19.088724 -1.7259790897369385 0.13321365416049957
Car 0.0 0 -2.2374558448791504 1473.498779296875 514.7398071289062 1600.0 582.0123901367188 4.0025544 1.5360262 1.6213894 18.895357 2.1698873 32.45722 -1.7102559804916382 0.12781591713428497
