Pedestrian 0.0 0 1.4940015077590942 512.4711303710938 176.84632873535156 527.474365234375 218.61964416503906 0.86113167 1.6294091 0.5261157 -3.6282978 1.7912463 28.70695 1.3682771921157837 0.6846393346786499
Pedestrian 0.0 0 1.17655348777771 702.0773315429688 162.46188354492188 725.9354858398438 209.52935791015625 0.829219 1.8150276 0.6571056 4.03259 1.4146425 28.304966 1.318070411682129 0.546504020690918
Pedestrian 0.0 0 -0.07355514168739319 829.5836181640625 112.92758178710938 920.645263671875 287.5072937011719 0.84931535 1.7239065 0.4220745 2.658938 1.1325145 7.4387264 0.26973700523376465 0.25904718041419983
Pedestrian 0.0 0 1.6616162061691284 413.1697692871094 178.15496826171875 449.539794921875 262.0930480957031 1.4273108 1.589039 0.5864544 -3.6232321 1.701469 14.501695 1.4167797565460205 0.23684830963611603
Pedestrian 0.0 0 1.5290346145629883 453.0510559082031 175.53440856933594 485.22137451171875 259.9455871582031 1.5470513 1.6326492 0.5773784 -2.9607852 1.6911352 14.8249 1.3319110870361328 0.22511935234069824
Cyclist 0.0 0 1.5838689804077148 414.8590087890625 179.6592559814453 446.9824523925781 262.9272766113281 1.6312362 1.5571798 0.5921987 -3.639085 1.7023894 14.493428 1.3378692865371704 0.5631353259086609
Cyclist 0.0 0 1.5210719108581543 450.143798828125 176.25689697265625 482.62469482421875 261.3183288574219 1.6934432 1.6294945 0.56093127 -3.010202 1.7037697 14.780544 1.320159912109375 0.4797660708427429
Car 0.0 0 2.2134177684783936 0.0 197.2196044921875 240.40963745117188 375.0 3.678809 1.5331365 1.5665934 -4.904478 1.8050315 6.1773596 1.542380452156067 0.7653805017471313
Car 0.0 0 -1.6174070835113525 637.155517578125 177.69158935546875 668.7437744140625 205.8791046142578 4.186684 1.5724638 1.6791296 2.484524 1.8757206 43.072945 -1.5597891807556152 0.7215812802314758
Car 0.0 0 1.8089014291763306 388.84381103515625 183.98272705078125 476.8017883300781 242.9481658935547 4.4813056 1.5636787 1.6066697 -5.366434 1.9413501 22.219051 1.5719159841537476 0.6184293031692505
Car 0.0 0 -2.4101080894470215 890.1368408203125 182.0861358642578 1242.0 375.0 3.921792 1.5228695 1.5428293 2.4609046 1.5791454 2.3793843 -1.6078695058822632 0.3703102171421051
Car 0.0 0 1.8346927165985107 487.6024475097656 183.23760986328125 532.977783203125 212.70936584472656 3.8449345 1.5164031 1.5780123 -5.581391 2.129142 40.54352 1.6978883743286133 0.34664636850357056
