Pedestrian 0.0 0 -2.5684282779693604 193.92916870117188 145.24136352539062 289.42303466796875 296.8311462402344 0.8719217 1.7763975 0.5559579 -4.454477 1.3649037 8.5987 -3.0464041233062744 0.9001872539520264
Pedestrian 0.0 0 1.8777145147323608 620.7659301757812 131.70848083496094 651.3052368164062 202.7960968017578 0.70754427 1.773298 0.5953393 0.76124775 0.5577765 18.06678 1.9198248386383057 0.5699506402015686
Pedestrian 0.0 0 -0.16071338951587677 751.7025756835938 101.87166595458984 807.712646484375 208.90711975097656 0.85109013 1.8186154 0.68182987 3.0013738 0.4843068 12.38102 0.07711601257324219 0.5518937110900879
Pedestrian 0.0 0 0.18527087569236755 821.5060424804688 102.22634887695312 881.11328125 208.88467407226562 0.8784385 1.8007638 0.70824796 4.301021 0.48088062 12.457556 0.5177114009857178 0.5330926179885864
Pedestrian 0.0 0 0.23503533005714417 562.9662475585938 127.3030776977539 607.1409301757812 218.81422424316406 0.79816127 1.8552592 0.620992 -0.44962147 0.7783929 14.714513 0.20448851585388184 0.501697838306427
Pedestrian 0.0 0 -0.3732434809207916 949.6363525390625 92.44804382324219 1018.0255737304688 204.417236328125 0.8489861 1.8055032 0.5710321 6.2253714 0.38731933 11.728423 0.11473441123962402 0.4363953471183777
Pedestrian 0.0 0 2.826349973678589 707.1478271484375 119.22444152832031 742.9810791015625 188.92405700683594 0.76011926 1.7589601 0.5969839 3.0468323 0.2141853 18.190023 2.9923095703125 0.4322548806667328
Pedestrian 0.0 0 -3.6965792179107666 1092.51611328125 91.8973388671875 1193.910400390625 205.1602020263672 1.1728879 1.7921386 0.60733664 8.716216 0.3918497 11.538773 -3.049640655517578 0.3790097236633301
Pedestrian 0.0 0 -0.3871123194694519 893.4702758789062 94.19137573242188 961.47900390625 205.6208953857422 0.8926843 1.812551 0.53927773 5.316972 0.41027778 11.782007 0.0368046760559082 0.2940143346786499
Pedestrian 0.0 0 1.582664132118225 521.8680419921875 108.91561889648438 553.4756469726562 197.44544982910156 0.82347393 1.8147928 0.6463419 -1.45897 0.34899324 14.92683 1.4852321147918701 0.27339401841163635
Cyclist 0.0 0 -3.6965792179107666 1092.51611328125 91.8973388671875 1193.910400390625 205.1602020263672 1.1728879 1.7921386 0.60733664 8.716216 0.3918497 11.538773 -3.049640655517578 0.2836933135986328
Cyclist 0.0 0 -2.603447437286377 1133.3912353515625 77.91263580322266 1224.0 184.5202178955078 1.533779 1.7830918 0.46700937 10.352481 0.06889066 12.6215925 -1.9164984226226807 0.2621781826019287
Cyclist 0.0 0 -0.4230346083641052 889.2341918945312 92.30162048339844 967.4157104492188 205.4748077392578 1.0517869 1.8425564 0.54871935 5.3295255 0.40826404 11.781681 0.00177764892578125 0.22198328375816345
Cyclist 0.0 0 -0.19821825623512268 760.5078735351562 96.80335235595703 820.1250610351562 202.75729370117188 0.8965039 1.8050967 0.65674657 3.1902235 0.38083643 12.392724 0.05373835563659668 0.11077771335840225
Car 0.0 0 -1.9313089847564697 632.1975708007812 138.49417114257812 736.4251708984375 200.03057861328125 3.756977 1.5240102 1.6128038 2.037068 0.48529053 19.52743 -1.8273667097091675 0.36097252368927
Car 0.0 0 -1.7927930355072021 718.1268310546875 131.23077392578125 810.9241333007812 194.32760620117188 3.9592094 1.5743605 1.6489967 4.2640867 0.34661472 19.623112 -1.5788202285766602 0.32296982407569885
Car 0.0 0 -1.5341475009918213 593.360107421875 155.30519104003906 631.415771484375 191.58804321289062 3.9548671 1.6028765 1.6466897 0.38225526 0.49130744 33.245285 -1.5226500034332275 0.31443363428115845
