Pedestrian 0.0 0 -0.9506372213363647 961.177490234375 165.8197479248047 983.476806640625 201.67393493652344 0.8414426 1.8206058 0.6592601 18.60468 1.4637774 37.123524 -0.48606520891189575 0.2539319694042206
Car 0.0 0 0.6599781513214111 134.01644897460938 179.99595642089844 334.6655578613281 260.1293640136719 3.5400941 1.5573622 1.6074027 -7.965675 1.7204254 15.326361 0.1806659698486328 0.9517727494239807
Car 0.0 0 -0.5279290080070496 1098.443359375 163.8302001953125 1242.0 282.51214599609375 4.0963674 1.6733817 1.7024046 10.364161 1.5465064 11.427818 0.20869827270507812 0.8838056921958923
Car 0.0 0 -0.5128506422042847 64.06487274169922 192.0721893310547 168.07339477539062 227.67054748535156 3.5112922 1.3889799 1.5587989 -21.956293 2.2966297 32.141827 -1.1121485233306885 0.431634783744812
Car 0.0 0 2.886659860610962 268.8311462402344 185.70172119140625 349.7210388183594 215.4525146484375 3.7384362 1.4638287 1.5662042 -16.16716 2.1858053 38.769226 2.4915761947631836 0.2693910598754883
Car 0.0 0 -2.218564748764038 327.2970275878906 179.2604217529297 385.6078796386719 204.69664001464844 3.732284 1.5482439 1.6171505 -16.378914 1.9764194 46.477528 -2.557380437850952 0.24574247002601624
Car 0.0 0 1.6456565856933594 589.8245849609375 180.01455688476562 615.7669067382812 202.01011657714844 3.7127962 1.4557096 1.5584217 -0.5045368 1.9800351 50.892178 1.6357430219650269 0.2255387306213379
Car 0.0 0 1.3309252262115479 104.51222229003906 185.0607452392578 152.192626953125 211.65234375 3.6070552 1.4909738 1.5995843 -29.374207 2.265005 43.92106 0.741450309753418 0.20159323513507843
Car 0.0 0 -0.8661682605743408 371.7680969238281 170.1435546875 421.6840515136719 192.3594970703125 4.142505 1.7865088 1.7271147 -17.783361 1.5689049 60.263638 -1.1531169414520264 0.20016363263130188
Car 0.0 0 0.6693927049636841 269.05340576171875 185.5577392578125 328.2165832519531 208.41238403320312 3.4661016 1.4690917 1.5540159 -21.124573 2.3517263 48.90926 0.26168084144592285 0.1915012151002884
Car 0.0 0 -0.7565410733222961 168.84060668945312 178.31126403808594 222.30674743652344 197.58438110351562 3.8605778 1.5271896 1.5677601 -34.668037 2.0002427 60.42073 -1.2774559259414673 0.18188373744487762
Car 0.0 0 -0.5920611023902893 63.942466735839844 186.9180908203125 155.66604614257812 216.44387817382812 3.7989018 1.4007629 1.5078425 -26.438198 2.1859639 38.2189 -1.1972335577011108 0.179672509431839
