Pedestrian 0.0 0 -1.2714227437973022 627.97412109375 473.0661926269531 675.0974731445312 619.3765869140625 0.6127466 2.4066498 0.6289375 -2.7512321 2.1033173 21.18643 -1.400558352470398 0.3825920522212982
Pedestrian 0.0 0 -3.359189033508301 1374.9281005859375 497.1715087890625 1424.611572265625 576.6588134765625 1.0596828 2.0752132 0.75431794 15.477579 2.2277067 33.612564 -2.9276623725891113 0.3236137926578522
Pedestrian 0.0 0 -0.4597392678260803 1570.1846923828125 472.356689453125 1600.0 552.055419921875 0.9569961 1.9806986 0.5517834 19.567152 1.5047672 31.792063 0.0919797420501709 0.24845023453235626
Pedestrian 0.0 0 -0.3723132312297821 669.0167236328125 471.6016845703125 721.5697021484375 614.6256103515625 0.6616755 2.3404205 0.7118336 -2.027688 2.0146914 21.190296 -0.4677122235298157 0.22067753970623016
Pedestrian 0.0 0 -3.4746785163879395 1499.7918701171875 495.7272644042969 1546.4437255859375 565.8234252929688 0.9853329 1.9955266 0.74883515 20.398968 2.1188817 36.562473 -2.9657742977142334 0.1960734724998474
Pedestrian 0.0 0 -0.6047472953796387 974.0682373046875 488.06329345703125 1015.1610107421875 587.19384765625 0.6540008 2.2970817 0.73906535 4.1969066 2.217281 29.822714 -0.46493691205978394 0.17126333713531494
Pedestrian 0.0 0 -2.707566499710083 556.892822265625 499.6217346191406 585.8280029296875 551.3765869140625 0.8719242 1.9810793 0.7371094 -9.489205 2.2985513 49.083817 -2.8985371589660645 0.1618572175502777
Pedestrian 0.0 0 -0.9787782430648804 519.8582153320312 495.5640563964844 561.055419921875 550.1981811523438 1.6217128 2.1105096 0.8229565 -10.871196 2.2734616 49.96142 -1.1930303573608398 0.10129662603139877
Cyclist 0.0 0 -0.7327024340629578 516.0269775390625 514.7131958007812 565.8272094726562 568.0062255859375 1.9417809 2.0348516 0.72712934 -10.908682 2.9735348 50.226162 -0.9465720653533936 0.4614051580429077
Cyclist 0.0 0 -1.9567008018493652 1299.680908203125 489.2935485839844 1343.626953125 550.2459716796875 1.8674613 2.044078 0.7508056 17.305912 1.9698455 43.406284 -1.5773190259933472 0.31650015711784363
Cyclist 0.0 0 -1.3825175762176514 1184.5875244140625 505.40350341796875 1212.6656494140625 560.6279907226562 1.2872298 2.0698886 0.80483824 14.679104 2.611534 48.604717 -1.0892179012298584 0.203543558716774
Cyclist 0.0 0 -1.196109414100647 529.7589111328125 508.9356384277344 576.689208984375 595.5934448242188 1.4567081 2.3337617 0.7994094 -7.300695 2.8290951 35.2071 -1.400575876235962 0.19185711443424225
Car 0.0 0 -1.0209333896636963 0.0 504.67401123046875 96.8405532836914 572.8927001953125 4.094191 1.7867829 1.6161673 -22.419346 2.1825716 36.015007 -1.577733039855957 0.33374398946762085
Car 0.0 0 -1.9057316780090332 1409.590087890625 511.14996337890625 1578.7547607421875 611.4985961914062 3.8172534 1.640757 1.5871657 12.444906 2.0363696 23.499132 -1.4186931848526 0.3070122003555298
Car 0.0 0 -1.960766077041626 1106.9730224609375 523.4158935546875 1251.1986083984375 609.993408203125 3.8173432 1.6237515 1.6406049 7.6922812 2.3594284 27.208136 -1.685236930847168 0.296772837638855
Car 0.0 0 -1.7671685218811035 961.4856567382812 513.9678344726562 1019.654052734375 560.9722290039062 3.8584774 1.7689757 1.6198447 7.048157 2.7177796 51.522366 -1.6312143802642822 0.2610088884830475
Car 0.0 0 -1.974414348602295 950.1671752929688 512.41845703125 1100.1707763671875 601.955322265625 4.2364926 1.7072642 1.6664616 4.4196343 2.1979327 27.458658 -1.8148270845413208 0.24005866050720215
Car 0.0 0 0.14009910821914673 0.0 513.2328491210938 83.66957092285156 653.0169067382812 4.5705996 1.7816494 1.6690857 -13.381692 2.1301248 18.507778 -0.4859170913696289 0.23315615952014923
Car 0.0 0 -1.7066104412078857 888.5482177734375 517.7981567382812 959.3588256835938 580.6566162109375 3.9003813 1.750099 1.6502465 3.255828 2.599317 38.91539 -1.623140573501587 0.2266988903284073
Car 0.0 0 -2.3680167198181152 1480.6888427734375 508.9379577636719 1600.0 600.8159790039062 4.1576924 1.5330046 1.6145397 14.928899 1.896297 24.182213 -1.8149372339248657 0.22511862218379974
Car 0.0 0 -1.7684171199798584 763.534912109375 512.5371704101562 839.5890502929688 575.00439453125 4.293499 1.829128 1.6383923 -0.53259504 2.5457163 40.881897 -1.7814440727233887 0.20988373458385468
Car 0.0 0 -1.6404311656951904 699.60205078125 511.2957763671875 736.5421142578125 542.6115112304688 4.0079217 1.4795128 1.6016473 -5.035016 2.5215244 64.58572 -1.71823251247406 0.1961757391691208
Car 0.0 0 -2.2286617755889893 1425.2606201171875 518.0485229492188 1549.5423583984375 571.4728393554688 4.0563912 1.6622365 1.6463763 23.050545 2.6222556 43.667873 -1.7429749965667725 0.19099532067775726
Car 0.0 0 -2.2434122562408447 1523.88427734375 515.6427001953125 1600.0 581.6103515625 4.2112565 1.6027148 1.6300786 21.477077 2.3029122 34.55394 -1.6872961521148682 0.17889761924743652
Car 0.0 0 1.3303179740905762 972.7774658203125 508.48095703125 1058.9078369140625 572.5000610351562 4.0041976 1.7280505 1.5948788 5.8191233 2.2561889 37.34121 1.4849110841751099 0.16764816641807556
Car 0.0 0 -1.7214510440826416 762.536376953125 513.494140625 874.5689086914062 612.631591796875 4.5681977 1.8587036 1.724686 -0.044998504 2.3722641 27.191694 -1.7231059074401855 0.16641266644001007
Car 0.0 0 1.119200587272644 1374.293701171875 513.0813598632812 1479.264892578125 565.9014892578125 3.9347987 1.5717912 1.5107659 19.811718 2.3083422 41.26535 1.5668061971664429 0.1600549966096878
