Pedestrian 0.0 0 2.3145201206207275 159.8441619873047 181.81375122070312 193.34678649902344 228.33004760742188 0.86461335 1.7123485 0.6787197 -16.39836 2.05709 27.239267 1.7726227045059204 0.3825916349887848
Pedestrian 0.0 0 -2.2473745346069336 436.6153869628906 166.2967987060547 451.1809997558594 194.9874267578125 0.5086221 1.8774898 0.7950119 -11.006833 1.4487499 47.683685 -2.474231243133545 0.17306214570999146
Pedestrian 0.0 0 0.4982328414916992 60.169471740722656 171.08026123046875 106.48025512695312 269.3336486816406 0.38599336 1.6424757 0.63861567 -9.095444 1.6131824 12.401323 -0.13457579910755157 0.15814203023910522
Pedestrian 0.0 0 -3.236524820327759 727.0536499023438 195.40267944335938 749.6194458007812 242.70468139648438 0.7025897 1.5691282 0.5841339 4.3182235 2.3469193 24.555494 -3.0624489784240723 0.13913226127624512
Car 0.0 0 -1.4602476358413696 558.7639770507812 167.34686279296875 581.4266357421875 185.6475830078125 4.0348263 1.6207649 1.6351951 -3.6366203 1.1333944 65.95831 -1.515326976776123 0.6498306393623352
Car 0.0 0 -1.5867246389389038 584.0245361328125 167.7234344482422 606.7807006835938 189.19894409179688 4.088308 1.581158 1.6688699 -1.174561 1.2037734 55.195045 -1.6080015897750854 0.43957340717315674
Car 0.0 0 -0.35266926884651184 670.1622924804688 182.12411499023438 760.12548828125 215.34474182128906 3.873204 1.4769473 1.5904282 4.8802333 1.9282587 33.916077 -0.20975874364376068 0.21463893353939056
Car 0.0 0 1.9022926092147827 290.3995056152344 179.40737915039062 351.1961975097656 212.37823486328125 3.7672005 1.4294316 1.5114882 -13.570922 1.7556754 33.959736 1.5221155881881714 0.21131213009357452
Car 0.0 0 1.6029610633850098 916.9692993164062 173.9958038330078 937.60888671875 192.14463806152344 3.8533902 1.6325663 1.639592 29.57816 1.7426727 67.25774 2.017277956008911 0.18719513714313507
Car 0.0 0 1.1484005451202393 1190.4224853515625 190.9718017578125 1242.0 218.9495849609375 3.2841022 1.5678033 1.6865819 37.65233 2.7332592 44.586334 1.849682092666626 0.1714377999305725
Car 0.0 0 0.907055139541626 921.6641845703125 189.6367645263672 1242.0 375.0 4.0520434 1.5176255 1.6175259 3.360356 1.6609253 4.098631 1.593796730041504 0.16717159748077393
Car 0.0 0 1.2851455211639404 1108.5589599609375 190.80979919433594 1155.997802734375 213.10369873046875 4.3568053 1.4644713 1.6824423 38.615467 2.8540797 53.488827 1.9104418754577637 0.14574575424194336
Car 0.0 0 1.0005565881729126 1007.4637451171875 160.95481872558594 1063.5400390625 183.908203125 3.8456671 1.5925759 1.6641611 30.573273 0.7673314 52.01346 1.5319538116455078 0.14317847788333893
Car 0.0 0 -1.6890757083892822 697.23876953125 168.60760498046875 766.69140625 221.35833740234375 4.1191382 1.5068045 1.6533705 3.6909754 1.3858654 22.700829 -1.527894139289856 0.13917408883571625
