Car 0.0 0 -1.3832871913909912 412.6404724121094 181.67713928222656 487.9844970703125 233.7861785888672 3.719018 1.5199775 1.6704769 -4.947838 1.4178921 22.845076 -1.596575140953064 0.9730356931686401
Car 0.0 0 -1.5908187627792358 574.6403198242188 172.70217895507812 625.3984985351562 218.70269775390625 3.3391538 1.5436324 1.7057202 -0.3563889 1.1248497 25.816225 -1.604622721672058 0.9031462073326111
Car 0.0 0 -0.9253119826316833 0.0 196.0897216796875 122.03227996826172 276.3541564941406 4.397159 1.4096395 1.5898669 -12.6999655 1.6783605 15.455655 -1.6131473779678345 0.8408375382423401
Car 0.0 0 -1.316467046737671 364.7769470214844 179.48590087890625 407.6611633300781 204.2570343017578 3.8065948 1.4419678 1.5902425 -13.460665 1.1095586 43.778408 -1.6147654056549072 0.7858051061630249
Car 0.0 0 -1.2358863353729248 399.0926818847656 180.0238037109375 456.245849609375 210.72564697265625 3.8463254 1.4256998 1.5488651 -8.818903 1.1857349 35.36298 -1.4802836179733276 0.5824386477470398
Car 0.0 0 -0.7646397948265076 0.0 211.17947387695312 64.59347534179688 376.0 4.007894 1.454161 1.6236655 -8.4508295 1.8183486 8.040869 -1.574891448020935 0.5259571671485901
Car 0.0 0 -1.133176565170288 105.37752532958984 165.58187866210938 391.7401428222656 325.89971923828125 4.439712 1.746967 1.7721819 -4.636667 1.5341504 10.054234 -1.565276861190796 0.3926124572753906
Car 0.0 0 1.9339298009872437 228.15635681152344 203.14340209960938 341.58160400390625 267.30633544921875 3.7130158 1.4318095 1.5025861 -8.427475 1.9539104 18.991114 1.5162781476974487 0.36791154742240906
Car 0.0 0 1.3373215198516846 702.1093139648438 166.44219970703125 749.540771484375 196.35604858398438 3.591765 1.4343697 1.5660309 5.8762865 0.5353117 36.313618 1.497751235961914 0.31787946820259094
Car 0.0 0 2.1023802757263184 46.712459564208984 175.99522399902344 159.81398010253906 220.46791076660156 3.3786678 1.3264927 1.4726056 -16.174454 1.0526034 23.179007 1.4931281805038452 0.3103974461555481
