Pedestrian 0.0 0 -1.2221823930740356 492.6854248046875 484.88043212890625 533.0597534179688 558.039794921875 0.80588007 2.1292562 0.93786305 -8.933215 1.9363921 37.31178 -1.4571796655654907 0.24723096191883087
Pedestrian 0.0 0 -1.0064815282821655 1211.5447998046875 480.9209289550781 1277.8592529296875 589.5079345703125 1.4399328 2.2269561 0.65457165 9.031006 2.0098498 26.679537 -0.6800887584686279 0.21539898216724396
Pedestrian 0.0 0 0.016966253519058228 680.918701171875 482.6268615722656 725.35595703125 583.7470092773438 0.9442107 2.1541512 0.71511734 -2.4381032 1.9649769 27.368877 -0.07188227027654648 0.21138642728328705
Pedestrian 0.0 0 -1.6373096704483032 1163.62548828125 481.3343200683594 1217.0352783203125 593.0340576171875 1.2091788 2.2121656 0.9637185 7.5988536 2.0106983 25.776075 -1.3506278991699219 0.18961356580257416
Pedestrian 0.0 0 -0.5191008448600769 1276.58447265625 477.0826416015625 1350.4864501953125 572.6142578125 1.1013907 1.9043376 0.89338326 10.106891 1.616799 25.766617 -0.14529545605182648 0.16085338592529297
Pedestrian 0.0 0 -0.4505942463874817 1488.098388671875 499.3489074707031 1540.7025146484375 578.5303344726562 0.91044253 1.9512361 0.7653475 17.463703 2.1500087 31.69454 0.05301666259765625 0.1269780844449997
Cyclist 0.0 0 -1.2683629989624023 1207.4818115234375 505.5905456542969 1270.8992919921875 615.6520385742188 1.5242352 2.235684 0.8583177 8.964588 2.5435667 26.816372 -0.945746898651123 0.35444173216819763
Cyclist 0.0 0 -1.3671340942382812 1407.9407958984375 504.7038879394531 1450.7987060546875 591.2352905273438 1.839762 2.1606793 0.6407388 15.902394 2.5124142 32.8291 -0.9160447120666504 0.23192283511161804
Cyclist 0.0 0 -1.3279706239700317 1184.97216796875 505.26287841796875 1209.9532470703125 551.0285034179688 1.4577663 2.0988095 0.79483086 17.885647 2.75309 59.40621 -1.0355291366577148 0.2130296379327774
Car 0.0 0 -2.207406520843506 1418.737060546875 517.40185546875 1512.52001953125 554.8865356445312 4.124886 1.5364417 1.6244761 29.192589 2.7476876 57.070217 -1.734584927558899 0.6036217212677002
Car 0.0 0 -1.7825244665145874 1006.4913330078125 520.05029296875 1056.353271484375 555.9970092773438 3.8649197 1.5941882 1.5990078 10.368879 3.0190141 61.251495 -1.6148306131362915 0.590857744216919
Car 0.0 0 -2.1532673835754395 1312.8094482421875 519.171875 1399.447265625 555.982177734375 4.1031537 1.5147034 1.6297117 24.460272 2.818715 57.5296 -1.7512465715408325 0.20510233938694
Car 0.0 0 -2.07973051071167 1355.588623046875 520.3101806640625 1515.1922607421875 602.4198608398438 3.8594954 1.6584709 1.5882962 14.027307 2.3614254 28.935297 -1.6283313035964966 0.1830163300037384
Car 0.0 0 -1.0469224452972412 261.6219177246094 513.411865234375 385.0546569824219 582.0809936523438 3.4495227 1.680139 1.5659469 -13.146801 2.299349 33.97462 -1.4161367416381836 0.1730390340089798
Car 0.0 0 -1.4263250827789307 884.3309936523438 504.9239501953125 975.7772216796875 577.55810546875 4.159048 1.6162914 1.655283 2.8706477 1.9704647 31.214872 -1.3346189260482788 0.16594193875789642
Car 0.0 0 1.2043299674987793 952.6304931640625 495.60601806640625 1089.0191650390625 576.4208374023438 4.0010414 1.6467277 1.6590012 4.4509463 1.7447331 28.150578 1.3611438274383545 0.15163469314575195
Car 0.0 0 -2.3733668327331543 1449.82666015625 511.7538146972656 1579.0396728515625 560.6519775390625 3.859012 1.5356929 1.6064957 23.94169 2.2656403 43.576885 -1.8709747791290283 0.14267975091934204
Car 0.0 0 -1.5803768634796143 751.5346069335938 519.3306884765625 825.0339965820312 592.6110229492188 3.5357506 1.6333797 1.7186301 -0.710587 2.3623514 31.38521 -1.6030138731002808 0.13834501802921295
Car 0.0 0 -2.10880184173584 1227.8472900390625 515.0414428710938 1312.2017822265625 551.9664306640625 4.167135 1.4977131 1.6267928 20.136444 2.5862746 56.375282 -1.765739917755127 0.1326410323381424
Car 0.0 0 1.5511916875839233 552.6605834960938 508.6946716308594 619.6890258789062 582.6834106445312 4.6822886 1.828511 1.6985983 -6.3870173 2.3356738 34.905376 1.3702129125595093 0.13172729313373566
Car 0.0 0 1.2011005878448486 1137.530517578125 516.7784423828125 1204.4771728515625 554.5534057617188 4.380557 1.6997662 1.6991261 17.38841 2.987609 62.274857 1.4733861684799194 0.1307784467935562
Car 0.0 0 1.1360185146331787 1184.186279296875 514.3157958984375 1320.3240966796875 588.3864135742188 4.175197 1.6631233 1.6290156 10.885195 2.2771165 31.928898 1.4645812511444092 0.12896423041820526
Car 0.0 0 0.9570446014404297 1135.5653076171875 515.5990600585938 1218.260986328125 554.4022827148438 3.8797839 1.5853641 1.600084 16.021267 2.6988988 56.4386 1.2336390018463135 0.12795639038085938
Car 0.0 0 -2.1957907676696777 1434.237060546875 521.8382568359375 1524.96484375 559.462158203125 4.1319947 1.5885677 1.6425842 30.896938 3.0562837 59.11932 -1.714211344718933 0.12268614023923874
Car 0.0 0 -1.7445234060287476 785.6943359375 523.018310546875 856.4806518554688 579.59130859375 3.9892323 1.525806 1.4842104 0.095448926 2.5377703 38.5783 -1.742049217224121 0.11468566954135895
Car 0.0 0 1.0433293581008911 1246.7261962890625 517.8534545898438 1326.2802734375 555.5761108398438 4.099565 1.6075699 1.6401838 21.90298 2.8829975 59.146915 1.3979861736297607 0.11312692612409592
