Pedestrian 0.0 0 -1.8325960636138916 693.7420043945312 175.8290252685547 708.8884887695312 201.06488037109375 0.96209234 1.601133 0.74216574 5.8401327 1.7951062 46.4279 -1.7074639797210693 0.6079848408699036
Pedestrian 0.0 0 -1.5961523056030273 795.2042236328125 167.26351928710938 812.1332397460938 200.91383361816406 0.81728506 1.5744839 0.754017 9.147326 1.3132659 34.24306 -1.3351179361343384 0.5446106791496277
Pedestrian 0.0 0 2.438199520111084 1104.9749755859375 185.0260467529297 1160.04638671875 263.4188537597656 0.83982325 1.7635942 0.6028298 12.011579 2.0507877 16.666782 3.0626766681671143 0.3062252104282379
Cyclist 0.0 0 -0.557559609413147 1129.3096923828125 184.04942321777344 1181.07666015625 224.9720458984375 1.7498243 1.8157686 0.7309951 24.650915 2.3303201 32.695316 0.0884702205657959 0.40908703207969666
Car 0.0 0 1.905405879020691 336.6118469238281 181.1324005126953 392.5606384277344 209.2621307373047 4.202674 1.4740845 1.7367756 -13.952937 1.9708633 41.1568 1.5785470008850098 0.9364045858383179
Car 0.0 0 2.0393917560577393 168.19769287109375 183.8834991455078 261.7278747558594 231.99600219726562 3.3699796 1.5311178 1.5346802 -13.868641 1.946644 25.44962 1.540437936782837 0.9329838752746582
Car 0.0 0 -0.9759752154350281 114.19071960449219 189.67559814453125 233.56968688964844 233.9632110595703 4.5490794 1.4574904 1.668969 -16.675503 2.160502 27.819687 -1.5159635543823242 0.8610233068466187
Car 0.0 0 2.164857864379883 43.16147994995117 174.09835815429688 161.76959228515625 220.25640869140625 4.6451263 1.7723827 1.7484955 -21.069513 1.8287957 30.164843 1.555153250694275 0.6297369599342346
Car 0.0 0 2.0603935718536377 302.39501953125 180.21302795410156 361.2655944824219 206.11163330078125 3.926829 1.4443624 1.6559324 -16.710806 1.9088272 43.452118 1.6932507753372192 0.5159903764724731
Car 0.0 0 -0.535109281539917 809.5719604492188 180.6567840576172 928.0639038085938 222.23341369628906 4.093731 1.5286564 1.636904 10.029696 1.846623 28.171085 -0.19307439029216766 0.36404311656951904
Car 0.0 0 1.7517132759094238 435.2571105957031 179.0130157470703 463.02581787109375 196.9523162841797 4.210258 1.5000648 1.6728083 -14.233508 2.0644062 63.93327 1.532655119895935 0.36208173632621765
