Car 0.0 0 -1.9127933979034424 753.4444580078125 184.0131378173828 1058.4110107421875 364.21246337890625 4.3021374 1.4278225 1.6477175 2.8308392 1.587451 8.138549 -1.5780521631240845 0.9545277953147888
Car 0.0 0 -1.7255353927612305 689.565673828125 177.26101684570312 769.1596069335938 238.16590881347656 3.6787503 1.5068077 1.5974579 3.1524892 1.6403123 19.955685 -1.5688557624816895 0.945911705493927
Car 0.0 0 1.930138111114502 177.55908203125 197.76577758789062 435.2894592285156 361.2658996582031 4.018033 1.47816 1.6166012 -3.5458744 1.8642545 9.152406 1.560518741607666 0.9389916658401489
Car 0.0 0 -1.7617099285125732 713.0680541992188 178.76828002929688 843.53955078125 270.4089660644531 4.289544 1.5097263 1.6737845 3.0956323 1.6452589 14.325886 -1.5488953590393066 0.9379702806472778
Car 0.0 0 1.808161973953247 361.5716552734375 189.98959350585938 475.09869384765625 277.6255798339844 3.3282807 1.4951444 1.4724519 -3.8084762 1.8830513 14.639446 1.5536519289016724 0.9188747406005859
Car 0.0 0 1.7891459465026855 426.7178955078125 185.2797088623047 516.55126953125 250.1531982421875 3.8730886 1.5056127 1.567727 -3.6603827 1.8748264 19.455103 1.6031748056411743 0.9130598902702332
Car 0.0 0 -1.875091791152954 637.962890625 180.42347717285156 682.841064453125 209.31484985351562 3.5244193 1.5428363 1.5792366 2.8115306 1.9976757 41.4211 -1.807318925857544 0.8609450459480286
Car 0.0 0 2.3538472652435303 0.0 208.31105041503906 262.60882568359375 375.0 3.9688766 1.5063906 1.6232089 -3.5032067 1.7763662 3.4967952 1.567533254623413 0.7621462345123291
Car 0.0 0 -2.500615119934082 965.0442504882812 180.54376220703125 1242.0 375.0 3.848816 1.5669761 1.6200154 2.782646 1.6109031 2.1479523 -1.5871953964233398 0.6770123839378357
Car 0.0 0 -3.4523820877075195 912.4186401367188 152.38119506835938 1027.8760986328125 198.83731079101562 3.5321262 1.6668464 1.6092405 13.321681 0.9326396 26.942938 -2.993191957473755 0.5796251893043518
