Pedestrian 0.0 0 2.772745132446289 594.07763671875 161.8918914794922 608.9596557617188 186.133544921875 0.9851357 1.8062986 0.5519824 -0.25381213 0.42103538 53.115585 2.7679667472839355 0.7154518961906433
Pedestrian 0.0 0 -1.6403402090072632 903.587646484375 132.0858917236328 924.3706665039062 183.4955596923828 0.7043609 1.8088384 0.63269556 11.0286665 0.10692568 25.310177 -1.2294076681137085 0.5876181125640869
Pedestrian 0.0 0 1.2326544523239136 841.5108032226562 130.82064819335938 864.3442993164062 174.9168243408203 0.9373521 1.8699726 0.65621597 10.69173 -0.24364415 30.566822 1.5691351890563965 0.5370237231254578
Pedestrian 0.0 0 0.1273110806941986 670.111572265625 153.6907196044922 683.7943115234375 178.2689971923828 0.9828955 1.8445176 0.42588323 5.4480867 -0.16836657 53.43368 0.22891974449157715 0.47291308641433716
Pedestrian 0.0 0 -2.662487030029297 307.6910095214844 161.66839599609375 319.6658630371094 181.1712646484375 0.75729275 1.7093443 0.6609648 -25.659496 0.060016543 62.327545 -3.0530283451080322 0.4512123465538025
Pedestrian 0.0 0 2.14507794380188 251.0687713623047 158.8663787841797 266.7748718261719 183.42755126953125 0.9361731 1.7995893 0.6384231 -25.590885 0.21577731 52.30305 1.69004225730896 0.43879833817481995
Cyclist 0.0 0 -0.056137725710868835 607.8552856445312 162.61317443847656 632.59130859375 187.52626037597656 1.7924135 1.8235236 0.5445138 1.1237513 0.51556677 52.050846 -0.03455159068107605 0.9044690132141113
Cyclist 0.0 0 -0.20809859037399292 557.8331909179688 163.26278686523438 581.7609252929688 185.5089569091797 1.7327158 1.692819 0.6854551 -2.69797 0.38241312 54.350033 -0.25769850611686707 0.7812137603759766
Cyclist 0.0 0 0.03362944722175598 738.3493041992188 157.9541778564453 762.2601928710938 182.39158630371094 1.7264426 1.8040833 0.5952834 10.83758 0.14091888 52.68435 0.23650717735290527 0.6611711978912354
Cyclist 0.0 0 1.2326544523239136 841.5108032226562 130.82064819335938 864.3442993164062 174.9168243408203 0.9373521 1.8699726 0.65621597 10.69173 -0.24364415 30.566822 1.5691351890563965 0.22417320311069489
Cyclist 0.0 0 2.090092182159424 250.76693725585938 156.67324829101562 265.8475341796875 181.24273681640625 0.9310293 1.7969257 0.6202665 -25.581253 0.055598646 52.19039 1.634353518486023 0.15137307345867157
Car 0.0 0 -1.455513596534729 534.2308349609375 171.3302764892578 564.5131225585938 193.39012145996094 3.799806 1.408407 1.5849667 -3.6625693 0.82430595 47.06483 -1.5331767797470093 0.9027618169784546
Car 0.0 0 2.5970335006713867 850.88330078125 141.9291534423828 954.593994140625 177.27992248535156 4.21221 1.5773268 1.6200784 13.784004 -0.15327266 32.856224 2.9942574501037598 0.8195904493331909
Car 0.0 0 -2.6518139839172363 232.77200317382812 164.94969177246094 289.23980712890625 182.41603088378906 4.2372603 1.5284334 1.6385831 -30.48848 0.16885048 62.76539 -3.103999137878418 0.576655924320221
Car 0.0 0 -1.9682328701019287 66.93855285644531 164.76535034179688 115.71310424804688 185.71803283691406 3.8157458 1.5307928 1.625975 -38.75374 0.38250506 53.336002 -2.5965864658355713 0.48387426137924194
Car 0.0 0 -0.14821097254753113 732.1024169921875 155.94705200195312 792.4442138671875 176.90847778320312 4.54654 1.6502632 1.6920122 12.652501 -0.29348046 57.007824 0.07019209861755371 0.4822503626346588
Car 0.0 0 -1.8882020711898804 657.5039672851562 159.6407012939453 693.3348388671875 180.18765258789062 3.9923515 1.5453593 1.6204628 5.4810324 -0.024175227 55.363403 -1.789522647857666 0.3852323293685913
