Pedestrian 0.0 0 -1.0236297845840454 420.1226501464844 159.62660217285156 439.4630126953125 195.97047424316406 0.5830392 1.7256806 0.7001126 -8.688435 1.0979747 34.639618 -1.269383430480957 0.788684070110321
Pedestrian 0.0 0 1.9959120750427246 181.64651489257812 159.9058837890625 212.9589080810547 219.86026000976562 0.6842344 1.8985837 0.65135545 -13.319133 1.4889116 23.217966 1.4750882387161255 0.40046024322509766
Car 0.0 0 1.1572973728179932 373.5704345703125 161.59962463378906 439.7439880371094 194.95327758789062 4.512012 1.6450793 1.6591742 -10.760653 1.0903455 37.85279 0.8803277015686035 0.860415518283844
Car 0.0 0 -2.0949487686157227 420.8956298828125 161.74537658691406 481.80853271484375 190.00320434570312 3.7944975 1.4916245 1.6127503 -8.873095 0.90559953 40.02772 -2.3130950927734375 0.7983341813087463
Car 0.0 0 -2.6509387493133545 856.3491821289062 157.65805053710938 914.7428588867188 177.7877960205078 4.151285 1.5940065 1.736224 22.571167 0.39104864 59.268944 -2.2870700359344482 0.7061875462532043
Car 0.0 0 -1.1732114553451538 301.7218933105469 167.5355682373047 335.9627380371094 185.06649780273438 3.755707 1.5830243 1.6241429 -27.028217 1.103133 67.040596 -1.5564407110214233 0.6097859144210815
Car 0.0 0 -2.288194179534912 626.0008544921875 158.80328369140625 691.6929321289062 184.91397094726562 4.353699 1.5627589 1.6695889 2.9871497 0.7221633 45.419266 -2.222520351409912 0.5668350458145142
Car 0.0 0 -2.5176634788513184 815.6533813476562 166.5610809326172 869.1697998046875 187.60446166992188 3.6834497 1.569532 1.6199483 17.90385 1.1005296 55.776154 -2.2070584297180176 0.5236749649047852
Car 0.0 0 -2.035658836364746 796.1982421875 167.04148864746094 839.6317749023438 187.86508178710938 3.9121573 1.5391235 1.6166127 15.8851 1.109864 55.39958 -1.7564141750335693 0.5015619993209839
Car 0.0 0 1.1492053270339966 954.433349609375 157.5107421875 995.08056640625 176.02737426757812 3.90077 1.5849332 1.7577887 32.14967 0.27198246 63.74572 1.6163208484649658 0.4979901909828186
Car 0.0 0 -1.989387035369873 663.2054443359375 169.23422241210938 707.8860473632812 191.8322296142578 3.6193 1.4379623 1.611026 4.9373274 1.207986 47.880672 -1.8866329193115234 0.43879613280296326
Car 0.0 0 -1.063385248184204 113.64297485351562 163.18563842773438 161.1988525390625 185.0858154296875 3.8200936 1.753696 1.6459179 -39.087772 0.97984195 59.73996 -1.6427764892578125 0.40177953243255615
Car 0.0 0 -2.5641520023345947 752.4309692382812 164.96559143066406 812.9851684570312 187.31602478027344 4.221671 1.632764 1.7146152 13.058688 1.0568497 54.82866 -2.3303356170654297 0.3959812521934509
