Pedestrian 0.0 0 -1.404455542564392 1051.9959716796875 511.96893310546875 1109.6444091796875 618.1359252929688 1.4728199 2.1951873 1.0078129 5.583865 3.1444857 27.458918 -1.2038376331329346 0.8283284306526184
Pedestrian 0.0 0 -1.3192294836044312 1392.4564208984375 499.9748229980469 1443.5809326171875 627.8131103515625 0.6858182 2.360868 0.73314315 11.268299 2.9441493 23.86808 -0.878143846988678 0.28980752825737
Pedestrian 0.0 0 -1.353399395942688 1046.5234375 522.853515625 1083.568603515625 600.9202270507812 1.2230386 2.0632567 0.7645849 6.6277857 3.5614443 34.789223 -1.1651427745819092 0.27836859226226807
Pedestrian 0.0 0 -1.5742990970611572 1173.02197265625 514.69970703125 1199.6317138671875 584.0333862304688 1.4754974 2.0361037 0.77472043 11.096604 3.444982 38.65815 -1.2947702407836914 0.20336252450942993
Pedestrian 0.0 0 -1.0239217281341553 908.8577270507812 534.0359497070312 950.567626953125 596.8255004882812 1.2726763 1.9774904 0.84805536 3.443406 4.1525326 41.77879 -0.9416875839233398 0.18046610057353973
Pedestrian 0.0 0 -1.3145196437835693 900.8524780273438 444.5040588378906 981.9781494140625 611.5144653320312 2.11608 2.7279854 0.88364226 2.0078902 2.3117795 21.609062 -1.2218668460845947 0.17568998038768768
Pedestrian 0.0 0 -0.19718481600284576 930.4241333007812 520.0674438476562 966.72509765625 577.4627685546875 1.1418151 1.9455106 0.6994398 4.2389984 3.7037988 43.578224 -0.1002165749669075 0.1570403128862381
Pedestrian 0.0 0 -3.2865371704101562 1157.0853271484375 495.3084411621094 1208.30029296875 589.0492553710938 0.9811249 2.029239 0.8674159 7.915051 2.6028159 27.88152 -3.00993275642395 0.15236663818359375
Pedestrian 0.0 0 -1.3535897731781006 1120.1180419921875 507.93402099609375 1155.1148681640625 589.6201171875 1.064123 2.0857697 0.6868931 8.247688 3.1106012 33.203228 -1.1101174354553223 0.1491359919309616
Pedestrian 0.0 0 -3.404663562774658 1196.0916748046875 521.478759765625 1227.7684326171875 568.249267578125 1.1748047 1.9829773 0.6815027 16.68896 4.2286196 54.273525 -3.1063427925109863 0.14620713889598846
Pedestrian 0.0 0 0.31032031774520874 973.33154296875 519.7451782226562 1006.9331665039062 578.9264526367188 0.96991307 1.9560956 0.7045504 5.590966 3.6776292 42.817482 0.44016242027282715 0.14388880133628845
Pedestrian 0.0 0 -3.396717071533203 1179.063232421875 509.10260009765625 1222.312744140625 582.8798217773438 0.96171886 1.931821 0.71271527 10.018631 2.9917417 33.572685 -3.1067140102386475 0.12999460101127625
Pedestrian 0.0 0 -3.472060441970825 1580.743896484375 459.68475341796875 1600.0 720.369140625 0.91392183 2.0961165 0.70673114 6.967559 2.0132968 10.530519 -2.8875362873077393 0.12208625674247742
Pedestrian 0.0 0 -0.16520537436008453 856.8086547851562 514.1153564453125 891.2888793945312 588.3130493164062 0.8689564 2.037823 0.6869251 1.3324063 3.2943442 35.27508 -0.12745143473148346 0.1177414059638977
Pedestrian 0.0 0 2.8513638973236084 970.8800048828125 514.3352661132812 1018.3441772460938 601.2212524414062 1.0961505 2.2458 0.6920034 4.454038 3.4378746 33.246162 2.9845423698425293 0.102634496986866
Pedestrian 0.0 0 -0.3434027433395386 1158.1380615234375 516.7512817382812 1190.9681396484375 563.9353637695312 1.2290118 2.0275455 0.68652105 15.26896 4.0946665 54.98841 -0.07255040854215622 0.10144761204719543
Cyclist 0.0 0 -1.3392215967178345 1116.8104248046875 521.6533203125 1153.2503662109375 606.1390380859375 1.2707638 2.1392531 0.6669539 8.2087755 3.5429304 33.317505 -1.0976526737213135 0.11413844674825668
Cyclist 0.0 0 -1.3089179992675781 1233.8050537109375 521.8307495117188 1257.6434326171875 570.193603515625 1.2715532 1.9900607 0.6640903 18.000551 4.2458 53.794437 -0.9860122203826904 0.11052064597606659
Cyclist 0.0 0 -1.1812410354614258 824.7061157226562 523.1973266601562 861.5671997070312 600.0256958007812 1.2449476 2.134409 0.64871395 0.4883452 3.713362 36.474277 -1.1678531169891357 0.1039058193564415
Car 0.0 0 -1.6276308298110962 956.2821655273438 530.583984375 1015.7748413085938 593.6265869140625 4.0158677 1.6153915 1.5648581 4.8016195 3.5584178 38.11277 -1.502306580543518 0.1809137463569641
Car 0.0 0 -2.0471625328063965 1229.146728515625 529.770751953125 1360.38916015625 602.1798706054688 4.0767307 1.6175067 1.5988744 12.458192 3.3224704 33.607197 -1.692167043685913 0.13219064474105835
Car 0.0 0 -1.2241274118423462 717.8304443359375 532.010009765625 813.3634643554688 601.315673828125 3.6699443 1.680557 1.578091 -1.6907375 3.5572407 35.919907 -1.2711623907089233 0.12549707293510437
