Pedestrian 0.0 0 -1.8332946300506592 674.2723999023438 171.5501708984375 696.0564575195312 212.6799774169922 1.0356559 1.7317442 0.6820663 3.1758268 1.6772054 30.942745 -1.7310171127319336 0.6179745197296143
Car 0.0 0 2.1406493186950684 0.0 189.288330078125 234.894775390625 372.87982177734375 3.7892842 1.4631552 1.6121424 -5.9251714 1.690933 8.038754 1.505471110343933 0.9463828802108765
Car 0.0 0 -2.217212200164795 859.0134887695312 193.28160095214844 1242.0 375.0 3.5957947 1.4582849 1.59819 3.05055 1.6416631 4.6174827 -1.6333850622177124 0.9315454959869385
Car 0.0 0 1.279693365097046 461.5719299316406 179.71914672851562 515.4385986328125 212.0999755859375 3.548529 1.3852739 1.510434 -5.745352 1.7237265 33.606472 1.1103706359863281 0.9227403998374939
Car 0.0 0 1.8143460750579834 136.82044982910156 181.30072021484375 220.32077026367188 225.4825439453125 3.9290006 1.3729142 1.6118841 -15.075378 1.6946931 25.340176 1.27767014503479 0.9097486138343811
Car 0.0 0 0.7364004850387573 333.8197937011719 180.38360595703125 415.1916198730469 209.46163940429688 4.3108 1.5257452 1.684869 -13.214396 1.9644903 40.358437 0.41997599601745605 0.8711838722229004
Car 0.0 0 2.740018129348755 648.3341674804688 171.85231018066406 714.0054931640625 193.49365234375 4.5928407 1.5787244 1.7323763 5.3079762 1.5060092 54.146618 2.837735652923584 0.8323975801467896
Car 0.0 0 2.0211126804351807 64.0361099243164 179.33058166503906 162.70877075195312 222.3838653564453 3.4860082 1.403633 1.5538357 -17.756649 1.6531383 25.914253 1.4203835725784302 0.7245381474494934
Car 0.0 0 2.4773807525634766 538.6826171875 178.5697021484375 600.7142333984375 200.95611572265625 4.222251 1.4728849 1.6411219 -2.8167758 1.889251 50.504517 2.421665668487549 0.5408872961997986
Car 0.0 0 -0.9883522987365723 160.97877502441406 189.78941345214844 272.24920654296875 238.40635681152344 3.3790705 1.3395563 1.4737737 -12.375663 1.9170858 22.841291 -1.484886646270752 0.5120575428009033
