Pedestrian 0.0 0 -1.185039758682251 176.5590362548828 457.8797912597656 250.8428192138672 557.778076171875 1.1307267 1.7109144 0.8138451 -10.58237 1.134994 22.277275 -1.6285123825073242 0.6224048137664795
Pedestrian 0.0 0 -1.828874111175537 303.67578125 457.10089111328125 353.5644226074219 559.240234375 0.8215883 2.1143105 0.8014129 -10.314927 1.4020932 26.782799 -2.196498394012451 0.4129025638103485
Pedestrian 0.0 0 -0.3375122547149658 1153.7279052734375 499.0893249511719 1192.886474609375 555.4279174804688 1.1981394 2.031155 0.7353582 13.011912 2.3100114 46.17115 -0.06281749159097672 0.17409227788448334
Pedestrian 0.0 0 2.289748430252075 1370.0445556640625 501.3549499511719 1409.1273193359375 558.322998046875 1.151898 2.0708985 0.74077594 21.190365 2.439385 46.81125 2.7148261070251465 0.13386677205562592
Pedestrian 0.0 0 -3.2025578022003174 1265.058837890625 491.8710021972656 1297.472900390625 545.689697265625 1.0140182 1.8475568 0.72837275 16.140673 1.8603357 43.9761 -2.85079026222229 0.1302875578403473
Pedestrian 0.0 0 -0.4257820248603821 1489.206787109375 499.3201904296875 1539.92431640625 577.0989990234375 0.8803201 1.9157224 0.7488358 17.461071 2.1136959 31.681774 0.07793545722961426 0.11691087484359741
Pedestrian 0.0 0 -2.3734724521636963 509.4681396484375 502.8254699707031 545.7444458007812 581.7366943359375 0.7790252 2.3276844 0.7215978 -8.662928 2.6719797 38.01287 -2.5975403785705566 0.11443403363227844
Pedestrian 0.0 0 -0.7238130569458008 1406.067138671875 492.0513916015625 1499.004638671875 605.7133178710938 1.3739364 2.0034258 0.7076726 11.471453 2.0134673 22.844719 -0.2584477663040161 0.11424943059682846
Pedestrian 0.0 0 -1.4376552104949951 937.6321411132812 495.3874816894531 972.4002685546875 572.3113403320312 1.1695962 2.0729072 0.80294514 3.8255124 2.1817489 34.857883 -1.3283467292785645 0.10462956130504608
Pedestrian 0.0 0 -3.041553020477295 707.90478515625 496.0474853515625 746.6337280273438 563.1762084960938 1.1387144 2.0613663 0.6523041 -2.7555614 2.2034173 39.278194 -3.111593246459961 0.10209473967552185
Cyclist 0.0 0 -1.3563425540924072 1291.573974609375 505.5244445800781 1342.8240966796875 597.7337646484375 2.1610527 2.3206053 0.81253576 13.199878 2.7020268 33.336605 -0.9793260097503662 0.9577682018280029
Cyclist 0.0 0 -1.271411418914795 320.51971435546875 488.9646301269531 371.3059997558594 588.8208618164062 1.2954751 2.1151354 0.68124795 -10.196854 2.0612814 27.490723 -1.6266001462936401 0.11125843226909637
Car 0.0 0 -1.7835097312927246 752.7713623046875 504.41656494140625 833.7283935546875 567.2410278320312 3.9541242 1.6554512 1.5161035 -0.7162397 2.0471964 36.33159 -1.8032211065292358 0.28401944041252136
Car 0.0 0 -1.9747231006622314 914.5364379882812 514.4430541992188 974.4000854492188 551.5626220703125 4.0379324 1.7576213 1.5864046 6.520156 2.9704442 64.80284 -1.8744453191757202 0.2351818084716797
Car 0.0 0 -1.4190632104873657 437.38360595703125 500.9781494140625 529.3086547851562 574.7134399414062 4.277117 1.6960168 1.6024401 -8.30755 1.9511595 31.906628 -1.6737784147262573 0.18684059381484985
Car 0.0 0 -1.171964406967163 264.2937927246094 513.2598266601562 374.37701416015625 582.5426025390625 3.336146 1.6985456 1.5568078 -13.189725 2.3080456 33.79606 -1.5440583229064941 0.1585225611925125
Car 0.0 0 -2.3352887630462646 1410.990966796875 516.2046508789062 1509.1485595703125 552.6080322265625 4.1029806 1.5070195 1.5761588 29.21122 2.6729472 57.593227 -1.865898609161377 0.1475522667169571
Car 0.0 0 -0.8776555061340332 357.8650817871094 512.2562255859375 503.16790771484375 578.4008178710938 3.9955604 1.6571347 1.7067813 -10.654632 2.2704837 35.263157 -1.171080231666565 0.1387946903705597
Car 0.0 0 -2.290285587310791 1101.111083984375 517.3339233398438 1184.2000732421875 552.882080078125 4.04011 1.5706034 1.6346585 15.746466 2.8646154 61.280273 -2.038769006729126 0.12164776772260666
Car 0.0 0 -2.3000636100769043 1300.1302490234375 516.7109985351562 1388.5526123046875 555.1898803710938 3.8731077 1.634706 1.6045517 24.39537 2.8433025 58.635517 -1.9057971239089966 0.11738476157188416
Car 0.0 0 -1.5632072687149048 1251.868896484375 518.9618530273438 1307.925048828125 573.8187255859375 4.0685635 1.5918726 1.6306362 15.069543 2.5311172 41.1339 -1.2120386362075806 0.11663415282964706
Car 0.0 0 -1.9962759017944336 997.9505615234375 517.4765014648438 1063.9410400390625 553.39453125 3.9970593 1.5864221 1.6367447 10.324861 2.8847466 61.1725 -1.8290690183639526 0.11384084820747375
Car 0.0 0 1.042636513710022 971.1758422851562 510.85345458984375 1119.57666015625 592.1365966796875 3.874849 1.659331 1.5942473 5.1456676 2.133457 28.942924 1.2185847759246826 0.11266867071390152
Car 0.0 0 1.8755311965942383 551.562255859375 526.755615234375 689.9006958007812 624.3394775390625 3.870031 1.7744608 1.7765299 -4.003611 2.5706818 26.557762 1.7259068489074707 0.10601584613323212
