Pedestrian 0.0 0 -0.7742069363594055 0.0 517.6403198242188 113.38273620605469 670.5792236328125 1.2152032 1.8025779 1.3821411 -10.156993 2.4390378 15.982407 -1.3403289318084717 0.9784720540046692
Pedestrian 0.0 0 -2.705813407897949 700.0592041015625 494.8852233886719 778.5615234375 633.4695434570312 1.0506688 2.157348 0.7388102 -1.4042354 2.5699766 20.227287 -2.775125026702881 0.27213484048843384
Pedestrian 0.0 0 -1.9243634939193726 1371.1043701171875 365.11859130859375 1501.826416015625 587.3150024414062 1.7661731 2.5834346 0.8934236 7.4917364 1.3641773 15.488396 -1.4738407135009766 0.19893638789653778
Pedestrian 0.0 0 0.5862402319908142 584.8461303710938 516.2412719726562 635.521728515625 606.5093383789062 1.0999566 2.1904109 0.6069047 -5.424772 3.3686466 31.41177 0.41522836685180664 0.1810266226530075
Pedestrian 0.0 0 -1.168507695198059 290.09051513671875 438.3395690917969 476.8348083496094 798.5860595703125 0.8661889 2.1003587 0.8152619 -2.715693 1.9158573 7.763276 -1.5050157308578491 0.17628665268421173
Pedestrian 0.0 0 -3.142878532409668 865.874267578125 525.7089233398438 889.020751953125 570.6677856445312 1.01534 1.9407855 0.686311 2.2461095 4.4185715 55.343674 -3.10231614112854 0.17520830035209656
Pedestrian 0.0 0 -1.912001132965088 1194.3394775390625 485.2962341308594 1262.4075927734375 606.5426025390625 1.1652306 2.2754633 0.9176314 7.764707 2.5792487 24.259357 -1.602234125137329 0.16349364817142487
Cyclist 0.0 0 -0.7145216464996338 125.41046905517578 523.8931274414062 174.41233825683594 584.221435546875 1.4300108 2.038771 0.69070387 -24.04799 3.9894748 44.54274 -1.2095664739608765 0.20189328491687775
Car 0.0 0 -1.3489840030670166 349.9515380859375 543.2920532226562 420.5989990234375 599.4800415039062 4.2078104 1.8031247 1.668959 -16.880077 4.745271 48.094692 -1.686527967453003 0.3898235261440277
Car 0.0 0 -1.519587755203247 427.5596618652344 534.0494995117188 510.13629150390625 623.593994140625 4.451265 1.7106367 1.6431345 -8.389744 3.3472826 29.652582 -1.7953157424926758 0.3772883117198944
Car 0.0 0 -1.2573204040527344 132.41488647460938 538.1796875 212.90077209472656 587.2599487304688 4.101564 1.6236929 1.6361126 -25.820877 4.441117 49.60097 -1.7372897863388062 0.3659370541572571
Car 0.0 0 -1.6689196825027466 724.15869140625 531.9895629882812 869.73583984375 685.5965576171875 4.1782217 1.6911339 1.6320021 -0.5337085 2.6761544 17.726097 -1.699019193649292 0.3246883153915405
Car 0.0 0 0.01885443925857544 276.1293640136719 545.7283325195312 418.8956298828125 605.14599609375 4.2129726 1.6642693 1.6274722 -15.367352 4.1924806 40.3386 -0.3451302647590637 0.3156999349594116
Car 0.0 0 1.6056772470474243 499.7098693847656 536.7659912109375 553.24365234375 595.9765625 3.6611454 1.7840018 1.7042958 -10.531361 4.2414336 44.138187 1.3714566230773926 0.30059346556663513
Car 0.0 0 2.014699697494507 556.7918090820312 536.4071044921875 645.9279174804688 592.0733642578125 3.8769457 1.6847998 1.640392 -8.028118 4.1803393 44.982815 1.8380882740020752 0.2513016164302826
Car 0.0 0 -1.3969640731811523 267.29248046875 537.2284545898438 331.9899597167969 588.9295043945312 4.0875773 1.7062659 1.6555983 -20.630981 4.4629745 49.18364 -1.794140100479126 0.23498712480068207
Car 0.0 0 -1.2968895435333252 133.88087463378906 537.6524047851562 226.01077270507812 593.5343017578125 4.228677 1.5147971 1.6301205 -21.39299 3.882753 41.60623 -1.7718148231506348 0.20684416592121124
Car 0.0 0 -1.9997056722640991 918.422119140625 531.4479370117188 1052.465087890625 623.7330932617188 3.7875273 1.7294284 1.5544003 3.4960496 3.2147124 28.234829 -1.8765122890472412 0.20149488747119904
Car 0.0 0 -0.9216552376747131 0.0 529.332275390625 3.113175392150879 662.53369140625 3.8674412 1.5909953 1.582951 -14.299535 2.5652883 18.629017 -1.5763221979141235 0.18658795952796936
Car 0.0 0 -1.0618596076965332 265.2689514160156 540.0402221679688 360.1075744628906 592.8967895507812 3.4016905 1.5368723 1.5420417 -17.549654 4.0371137 42.93072 -1.449920654296875 0.16950152814388275
Car 0.0 0 1.3649176359176636 773.7942504882812 539.5401000976562 841.23779296875 593.9312744140625 4.5584774 1.7102821 1.6805629 -0.7849984 4.5068045 47.961754 1.348551869392395 0.16056713461875916
Car 0.0 0 -1.8048945665359497 808.3148193359375 532.8062133789062 864.2319946289062 575.7282104492188 3.470855 1.6367108 1.7016062 0.39300746 4.4973183 55.165035 -1.7977705001831055 0.15880395472049713
Car 0.0 0 -1.225909948348999 10.523488998413086 538.4957885742188 103.4403076171875 590.407958984375 4.1804156 1.6142166 1.6507164 -28.799648 4.306394 47.015537 -1.7755106687545776 0.15789145231246948
