Pedestrian 0.0 0 -0.32383090257644653 1157.1243896484375 482.370361328125 1199.60693359375 556.1475830078125 0.79296535 1.6858983 0.602993 8.360909 1.4771132 29.258366 -0.04548776522278786 0.3584509789943695
Pedestrian 0.0 0 -2.0318777561187744 913.5794067382812 504.49310302734375 954.6104736328125 577.2550659179688 1.1572303 2.0962307 0.7723869 3.4737706 2.4867575 37.405937 -1.9392764568328857 0.3438878655433655
Pedestrian 0.0 0 -2.6939237117767334 552.3798217773438 497.36346435546875 586.0720825195312 550.0447998046875 1.064281 1.9917789 0.7070633 -9.450958 2.2180917 48.46302 -2.8865203857421875 0.2434697449207306
Pedestrian 0.0 0 -2.756443977355957 666.561279296875 477.03802490234375 748.8715209960938 619.8946533203125 1.2647995 2.3864129 0.6088296 -1.8508888 2.1447082 21.633043 -2.841794490814209 0.21655365824699402
Pedestrian 0.0 0 -1.2174644470214844 383.98687744140625 482.3279113769531 416.4862060546875 559.0848388671875 0.96636957 2.1596944 0.5822517 -11.86178 1.901423 36.126293 -1.5347161293029785 0.20294438302516937
Pedestrian 0.0 0 -0.8191611766815186 143.39662170410156 525.7885131835938 218.3143310546875 600.1675415039062 1.4984881 2.0831914 1.2918012 -18.649801 3.1146336 37.201874 -1.2838590145111084 0.18750979006290436
Pedestrian 0.0 0 -0.1159263476729393 714.7884521484375 501.6703186035156 738.40283203125 539.0842895507812 1.2028548 2.0075953 0.71250594 -4.864347 2.5623689 68.66715 -0.1866477131843567 0.17802368104457855
Pedestrian 0.0 0 -2.9123027324676514 1157.7734375 483.7574768066406 1211.7215576171875 587.1837768554688 0.95539737 2.1109307 0.6512437 7.6724687 1.9527614 26.365606 -2.629120349884033 0.1501176804304123
Pedestrian 0.0 0 0.2933276891708374 720.880615234375 482.442626953125 785.8798217773438 593.0812377929688 1.1457722 2.237868 0.8447713 -1.2922587 2.0545232 26.163866 0.24397683143615723 0.1494508683681488
Pedestrian 0.0 0 -2.324904441833496 0.0 472.53082275390625 37.507442474365234 603.4810791015625 1.0241444 2.2031283 0.60311073 -14.031548 1.8838682 21.72238 -2.8984265327453613 0.14843976497650146
Pedestrian 0.0 0 -2.021148443222046 302.6332092285156 485.49835205078125 350.6326599121094 573.0728759765625 0.7729707 2.1181483 0.8516244 -12.064098 1.9728163 31.20558 -2.3900506496429443 0.1322234869003296
Cyclist 0.0 0 -0.8168822526931763 639.031494140625 502.67218017578125 739.8876342773438 630.5521850585938 2.2106655 2.635808 0.9077136 -2.7254205 2.888044 27.457243 -0.9158186912536621 0.842054009437561
Cyclist 0.0 0 -1.2310131788253784 1006.3358154296875 509.35345458984375 1035.669921875 558.9856567382812 1.8476286 2.1001582 0.68698704 8.941844 2.8926916 55.264538 -1.0706026554107666 0.43869975209236145
Cyclist 0.0 0 -1.1400355100631714 723.2312622070312 504.89703369140625 744.3350219726562 540.5820922851562 1.2504786 1.9035653 0.6842302 -4.476656 2.6383717 68.79142 -1.2050197124481201 0.1496770679950714
Car 0.0 0 -0.9152799844741821 147.94488525390625 523.7706298828125 379.72088623046875 628.8637084960938 4.2037883 1.703752 1.8708748 -10.387545 2.3778367 24.191423 -1.3208627700805664 0.3514101207256317
Car 0.0 0 -1.7239489555358887 696.1058959960938 510.37432861328125 769.8076782226562 569.3245849609375 4.144699 1.6306659 1.6252502 -2.595533 2.2390928 38.639244 -1.791021704673767 0.29355916380882263
Car 0.0 0 -1.594731092453003 566.4487915039062 515.3368530273438 614.84375 563.7482299804688 4.1626797 1.6108475 1.6476532 -8.322355 2.5275297 46.512585 -1.7717844247817993 0.23803287744522095
Car 0.0 0 -1.0021491050720215 0.0 501.24774169921875 123.07496643066406 563.444091796875 3.58885 1.6190099 1.562605 -21.152988 1.9048865 35.351254 -1.5413663387298584 0.1896178126335144
Car 0.0 0 1.2726789712905884 745.5439453125 523.7171020507812 891.8898315429688 626.5631103515625 4.2906365 1.677737 1.612675 -0.057449624 2.356009 24.380093 1.270322561264038 0.18194372951984406
Car 0.0 0 -1.5655096769332886 932.78369140625 512.3446044921875 977.16357421875 558.9293823242188 3.876937 1.5831175 1.5651625 5.1410403 2.3872304 46.855434 -1.4562255144119263 0.16632509231567383
Car 0.0 0 -2.909567356109619 708.6287231445312 517.5419311523438 798.6580810546875 553.5230712890625 3.8083522 1.5535057 1.6329721 -2.8266447 2.7590127 57.490475 -2.9586949348449707 0.16256774961948395
Car 0.0 0 1.3015252351760864 879.546142578125 515.0499267578125 927.4525146484375 547.620849609375 3.3720262 1.5714988 1.6341025 4.4864454 2.8236747 65.541985 1.3698700666427612 0.16007877886295319
Car 0.0 0 1.1712045669555664 1029.0091552734375 517.8661499023438 1088.8902587890625 550.9478149414062 3.9759274 1.5763823 1.6375302 12.573536 2.9906414 65.83253 1.359924554824829 0.15999747812747955
Car 0.0 0 1.477677822113037 928.3997192382812 510.7347412109375 992.3079223632812 569.0723266601562 3.593624 1.6832951 1.6520718 4.4539094 2.3112636 39.548485 1.5898241996765137 0.15229398012161255
Car 0.0 0 -1.066981554031372 39.37749481201172 506.4361267089844 190.52096557617188 575.1478881835938 4.0675364 1.6174021 1.6506808 -18.003235 2.0272057 32.728737 -1.569881796836853 0.1409815400838852
Car 0.0 0 -2.198854923248291 1038.9486083984375 520.748046875 1147.0234375 580.8899536132812 3.549604 1.7621689 1.6398859 8.895113 2.7530882 40.961716 -1.985018253326416 0.13681046664714813
Car 0.0 0 -1.9378674030303955 935.5354614257812 511.43377685546875 994.0808715820312 543.8975219726562 3.9640675 1.5044205 1.5927459 7.397143 2.5354044 63.40522 -1.8217278718948364 0.13252350687980652
