Pedestrian 0.0 0 -0.20028278231620789 932.7841186523438 153.5919189453125 956.888427734375 194.23765563964844 0.851119 1.7840834 0.6921937 14.851497 0.9389615 32.103073 0.2330155372619629 0.42224884033203125
Cyclist 0.0 0 1.9424399137496948 407.4640808105469 178.40826416015625 428.2791748046875 204.16946411132812 1.8106989 1.6839435 0.7473563 -12.93546 2.0649838 48.50935 1.6818445920944214 0.5988330245018005
Cyclist 0.0 0 -2.148728847503662 971.9472045898438 113.11083221435547 1038.42431640625 186.62281799316406 1.7758968 1.6734804 0.50701183 9.403148 0.31380102 17.32837 -1.65155029296875 0.5575646758079529
Cyclist 0.0 0 -1.9668121337890625 943.4075317382812 140.8490447998047 975.5280151367188 185.0673065185547 1.7491753 1.7973542 0.57739484 14.574215 0.49679577 30.214596 -1.5173784494400024 0.4692245125770569
Cyclist 0.0 0 -0.9419621825218201 73.06304931640625 146.77842712402344 112.69966125488281 193.30747985839844 1.542857 1.9229398 0.5683908 -21.945557 0.8456534 30.590033 -1.5642765760421753 0.42746180295944214
Car 0.0 0 2.1017942428588867 0.0 181.0412139892578 231.35250854492188 298.1669921875 4.4630675 1.6714846 1.7462367 -8.744967 1.8441229 12.896872 1.505939245223999 0.9337172508239746
Car 0.0 0 1.8727562427520752 343.1549377441406 186.6741943359375 411.73828125 225.3710479736328 3.9535882 1.4549253 1.6584005 -9.786451 2.07802 30.526089 1.5625154972076416 0.7813209891319275
Car 0.0 0 1.7484084367752075 420.29840087890625 184.85226440429688 460.06201171875 213.68365478515625 3.9925678 1.5873545 1.6525176 -10.205427 2.3442464 43.45552 1.5177408456802368 0.7618678212165833
Car 0.0 0 1.5081521272659302 660.5482788085938 161.9666748046875 685.0618286132812 185.27540588378906 4.2497954 1.7935592 1.6820353 4.9582806 0.9561591 57.661896 1.5939300060272217 0.6039851903915405
Car 0.0 0 -0.6443045139312744 887.7510375976562 165.5415496826172 953.7479858398438 189.58253479003906 4.198817 1.6817427 1.6527207 22.254887 1.170572 51.769665 -0.23830538988113403 0.5234589576721191
Car 0.0 0 -2.9209530353546143 453.581298828125 162.40794372558594 515.0947875976562 188.8963165283203 3.6053243 1.6590868 1.616614 -8.027493 1.005161 46.084595 -3.0934131145477295 0.3896532654762268
Car 0.0 0 -1.577880859375 503.1126403808594 177.3553009033203 524.55712890625 196.92298889160156 3.7504365 1.4387646 1.593082 -7.4937077 1.8002987 55.92391 -1.7110856771469116 0.381756454706192
Car 0.0 0 0.23101186752319336 448.7432861328125 167.0683135986328 501.07830810546875 187.19859313964844 4.012494 1.6555538 1.7179469 -11.283182 1.1800863 60.288273 0.045998334884643555 0.36885422468185425
