Pedestrian 0.0 0 -1.5083794593811035 215.4437713623047 125.70370483398438 252.7562255859375 196.18533325195312 0.9262546 1.7646899 0.80109996 -9.750265 0.58451855 18.648901 -1.990126371383667 0.8601707816123962
Pedestrian 0.0 0 1.1760363578796387 816.552978515625 145.17868041992188 842.00341796875 195.8255157470703 0.6426448 1.7851642 0.6740198 7.787351 0.810042 25.783316 1.4693551063537598 0.3302571177482605
Cyclist 0.0 0 1.395593285560608 842.5806884765625 138.50294494628906 862.8650512695312 177.65023803710938 1.5235299 1.7910955 0.6424859 11.324167 0.21979919 33.810375 1.7187817096710205 0.5867562890052795
Cyclist 0.0 0 1.285292625427246 1028.33154296875 125.04975891113281 1061.220703125 177.70721435546875 1.483525 1.7405263 0.5638062 14.783557 0.1607753 24.63566 1.8257766962051392 0.5661985874176025
Cyclist 0.0 0 1.1998356580734253 878.1184692382812 127.98204803466797 915.7528686523438 180.24795532226562 1.8149104 1.8459677 0.66211957 10.428348 0.2615031 26.3903 1.57616126537323 0.3440674841403961
Cyclist 0.0 0 -2.19726300239563 1050.8441162109375 98.71662902832031 1119.999267578125 183.36277770996094 1.440837 1.7257862 0.4778184 10.090289 0.21461356 15.439107 -1.6183934211730957 0.32886090874671936
Car 0.0 0 -1.5197144746780396 571.2031860351562 179.3749542236328 610.6571044921875 215.34007263183594 4.610859 1.6564487 1.7564 -0.93731546 2.0068285 36.39993 -1.545459270477295 0.8943207859992981
Car 0.0 0 1.8148219585418701 513.835205078125 168.20396423339844 544.8038940429688 188.26670837402344 4.2462792 1.6445509 1.6410843 -6.840429 1.2637429 61.35518 1.7037914991378784 0.49022072553634644
Car 0.0 0 3.661555528640747 0.0 153.34329223632812 85.71495056152344 185.53756713867188 4.052973 1.5075603 1.5980295 -28.073433 0.5942905 34.891777 2.9840245246887207 0.42217862606048584
Car 0.0 0 -1.670188069343567 692.6859130859375 144.4151611328125 742.8286743164062 184.6275177001953 3.9208744 1.5373881 1.6360873 4.306633 0.45047957 29.578297 -1.52560293674469 0.4203054904937744
Car 0.0 0 0.5536864399909973 96.00214385986328 155.31480407714844 191.93190002441406 184.8589324951172 4.095462 1.5543443 1.6203326 -25.046991 0.631948 38.80788 -0.019455235451459885 0.4144569933414459
Car 0.0 0 -0.8500982522964478 1139.97705078125 132.78868103027344 1242.0 176.53314208984375 4.1875343 1.658588 1.6752083 23.467823 0.1398539 28.518095 -0.1615431308746338 0.40497341752052307
Car 0.0 0 -1.6981619596481323 665.79931640625 167.03826904296875 699.198486328125 192.09051513671875 3.734432 1.5425919 1.6646903 4.5798597 1.1848465 46.31633 -1.5996001958847046 0.38536038994789124
Car 0.0 0 0.4637337327003479 768.9009399414062 164.32778930664062 824.3760375976562 186.4499969482422 3.739773 1.60973 1.559096 13.999177 0.9896755 54.31567 0.7159812450408936 0.37905851006507874
Car 0.0 0 3.489442825317383 119.20349884033203 163.38424682617188 191.82296752929688 186.1259765625 3.907958 1.5267736 1.6298627 -31.243504 0.8913768 49.64894 2.9277656078338623 0.3601458668708801
