Car 0.0 0 -1.7444615364074707 673.279296875 175.277587890625 759.5558471679688 237.86325073242188 3.8697853 1.536711 1.6721426 2.76332 1.6102756 19.828848 -1.605994701385498 0.938998281955719
Car 0.0 0 -1.9291833639144897 730.782470703125 160.99761962890625 1016.9880981445312 345.6187744140625 4.342101 1.7041562 1.7289041 2.771367 1.5950731 8.873227 -1.62645423412323 0.9278631210327148
Car 0.0 0 -1.8131747245788574 698.24560546875 178.03570556640625 820.106689453125 261.8520812988281 3.4690561 1.4359748 1.5457428 2.7733905 1.5521322 14.350008 -1.6222610473632812 0.915913999080658
Car 0.0 0 -2.4780638217926025 0.0 185.65228271484375 274.771240234375 323.50469970703125 3.8180463 1.4267516 1.5236758 -6.2305164 1.5910921 8.42913 -3.1145942211151123 0.9069790840148926
Car 0.0 0 3.5886244773864746 138.24537658691406 170.76280212402344 379.4444274902344 264.86041259765625 3.6550527 1.6260151 1.6094631 -6.377405 1.590237 13.271888 3.1406822204589844 0.8764467835426331
Car 0.0 0 3.656804084777832 12.62578296661377 186.19119262695312 324.2511291503906 293.9092102050781 3.791794 1.4892695 1.5329846 -6.6044536 1.7078961 10.9902 3.1156935691833496 0.8753142952919006
Car 0.0 0 -1.6976250410079956 648.2152099609375 173.4695587158203 693.4788208007812 208.98849487304688 3.6007805 1.4704015 1.5303695 2.5831366 1.4994247 31.764257 -1.6164815425872803 0.8534513115882874
Car 0.0 0 0.36106371879577637 393.48199462890625 172.57066345214844 506.60205078125 209.99461364746094 4.3470407 1.5168762 1.6486744 -6.734523 1.5057496 30.368124 0.14283251762390137 0.7883225679397583
Car 0.0 0 0.3978627026081085 289.2786560058594 178.29656982421875 461.654296875 235.42135620117188 4.2634683 1.4938569 1.607694 -6.4865103 1.6527586 20.034431 0.08474540710449219 0.7264161109924316
Car 0.0 0 3.8728103637695312 0.0 219.63478088378906 198.36952209472656 375.0 4.201016 1.4747599 1.6461276 -6.098792 1.9289993 6.0548024 3.0837926864624023 0.7216800451278687
Car 0.0 0 3.2722034454345703 428.78411865234375 165.95797729492188 519.3568725585938 203.8509521484375 4.132742 1.7883419 1.7127085 -6.575278 1.4632452 35.018543 3.0865988731384277 0.6587944626808167
Car 0.0 0 -1.7201554775238037 633.9156494140625 170.8789825439453 670.181396484375 199.1344451904297 3.8634202 1.5975903 1.5809896 2.413624 1.486279 42.790443 -1.6638095378875732 0.6343427896499634
