Pedestrian 0.0 0 -2.840235471725464 1477.058837890625 448.2699890136719 1560.2984619140625 555.2249145507812 1.0846003 1.7526057 0.64874256 11.846192 1.044106 21.368095 -2.3340303897857666 0.45037078857421875
Pedestrian 0.0 0 -1.5647789239883423 1082.3812255859375 506.192138671875 1103.428955078125 554.2432250976562 1.3512498 2.0684628 0.894294 12.178395 2.7235415 55.735783 -1.349657654762268 0.39501431584358215
Pedestrian 0.0 0 -1.376327395439148 665.6420288085938 481.44561767578125 702.9638671875 572.251220703125 1.0774906 2.016066 0.644426 -2.9813454 1.7926812 28.68276 -1.4798974990844727 0.30161964893341064
Pedestrian 0.0 0 -1.827742099761963 1165.9786376953125 498.92388916015625 1190.712646484375 552.0820922851562 1.212578 2.1262662 0.68001544 14.70106 2.4311166 51.439823 -1.5493711233139038 0.23205463588237762
Pedestrian 0.0 0 -1.5318467617034912 535.13525390625 483.16717529296875 562.3848266601562 567.352783203125 1.2699611 2.1817288 0.65607023 -7.069173 1.9655939 33.50119 -1.7398085594177246 0.22064319252967834
Pedestrian 0.0 0 0.39404332637786865 226.4300537109375 475.1904296875 292.2229309082031 580.5033569335938 0.9055327 1.9045006 0.70340633 -10.221068 1.609427 23.26281 -0.019938774406909943 0.21423500776290894
Pedestrian 0.0 0 -0.4030459225177765 1301.3232421875 492.3779296875 1372.475341796875 595.8277587890625 1.2096915 2.1681142 0.7293948 11.057266 2.1868825 26.92073 -0.013320273719727993 0.2109716236591339
Pedestrian 0.0 0 0.16040849685668945 180.14634704589844 482.50830078125 251.78114318847656 589.1698608398438 1.1361583 1.9917693 0.70297265 -11.430802 1.8237283 24.144321 -0.28176337480545044 0.19485363364219666
Pedestrian 0.0 0 -1.503891110420227 1368.451416015625 510.88616943359375 1387.6424560546875 559.4426879882812 1.1747875 2.0543883 0.6820483 24.312529 2.9033613 54.801434 -1.0863323211669922 0.17816242575645447
Pedestrian 0.0 0 0.168523907661438 142.19247436523438 491.321533203125 178.44403076171875 547.334228515625 1.0523453 1.9833755 0.6836892 -23.471373 1.9768051 45.328777 -0.3092643916606903 0.16187089681625366
Pedestrian 0.0 0 -0.23880118131637573 1055.148193359375 503.05859375 1081.12548828125 546.588134765625 1.1078074 2.126394 0.7638836 12.423377 2.7000313 62.483982 -0.042535699903964996 0.15884879231452942
Pedestrian 0.0 0 -1.0071017742156982 81.52835083007812 470.80377197265625 157.17547607421875 593.0819091796875 0.927774 1.9355835 0.68436074 -11.284811 1.6078635 20.53048 -1.5096849203109741 0.140140101313591
Pedestrian 0.0 0 -3.2936782836914062 1081.137451171875 502.09124755859375 1103.5845947265625 546.8607177734375 0.91691923 2.0829375 0.82694083 12.983293 2.584495 59.57109 -3.079087734222412 0.13720352947711945
Cyclist 0.0 0 -1.6849400997161865 1134.8665771484375 486.1278076171875 1164.8033447265625 551.616943359375 1.9734848 2.0736415 0.7195357 10.820672 1.9033123 41.12767 -1.427670955657959 0.34033632278442383
Cyclist 0.0 0 -0.4384590983390808 144.50115966796875 500.6858215332031 192.84864807128906 557.0114135742188 1.421612 1.9898089 0.63021016 -23.382116 2.326788 45.73932 -0.911029577255249 0.2195407748222351
Cyclist 0.0 0 -0.8080686330795288 180.9703826904297 500.0158386230469 259.3940734863281 607.1774291992188 1.2274828 1.9840691 0.70619804 -11.400404 2.1516747 24.251732 -1.2475000619888306 0.15648119151592255
Cyclist 0.0 0 -1.058467984199524 818.001953125 488.6675720214844 861.9247436523438 546.9371337890625 1.708821 2.0142114 0.81785476 0.8459557 1.9160588 44.720253 -1.0395536422729492 0.14738447964191437
Car 0.0 0 1.8304024934768677 198.35560607910156 512.8020629882812 303.21441650390625 581.9630126953125 4.586327 1.759472 1.5947407 -16.011482 2.406349 36.079887 1.4127342700958252 0.41184258460998535
Car 0.0 0 -2.2465641498565674 1370.76171875 514.6783447265625 1529.2445068359375 579.3677978515625 4.4241877 1.6718597 1.7167023 18.268074 2.3872113 36.753155 -1.7852810621261597 0.34468674659729004
Car 0.0 0 -2.093083381652832 1191.421630859375 516.8854370117188 1270.4017333984375 555.4737548828125 4.0425572 1.6128842 1.629937 18.900988 2.8161705 57.900295 -1.7775492668151855 0.2614746391773224
Car 0.0 0 1.7314021587371826 421.4170837402344 505.0196533203125 509.3705139160156 576.1342163085938 4.517002 1.7937531 1.6433191 -9.661458 2.1938481 35.163876 1.4632635116577148 0.24498775601387024
Car 0.0 0 1.140794038772583 868.1002197265625 516.8041381835938 1031.61279296875 610.46044921875 4.330049 1.6629599 1.6799831 2.6342716 2.2298708 26.060268 1.2415356636047363 0.21832868456840515
Car 0.0 0 -2.275871753692627 1374.805419921875 516.6665649414062 1475.727783203125 555.3650512695312 4.283096 1.5529662 1.639176 26.886673 2.7120855 56.06521 -1.8287088871002197 0.2105562388896942
Car 0.0 0 -1.7235689163208008 1048.4595947265625 515.9446411132812 1115.464599609375 571.0750122070312 3.550039 1.5983914 1.5525388 8.373105 2.4079244 40.138504 -1.5179128646850586 0.20611511170864105
Car 0.0 0 -1.113535761833191 278.3006591796875 512.9126586914062 407.1408996582031 580.7512817382812 4.0511765 1.6668288 1.6670109 -12.817809 2.2861602 34.54159 -1.4688682556152344 0.19308294355869293
Car 0.0 0 -1.3715169429779053 326.1067810058594 504.6343688964844 395.50042724609375 554.7061767578125 3.6884797 1.6424376 1.5922189 -15.950277 2.123793 44.497566 -1.7157021760940552 0.1891346573829651
Car 0.0 0 1.1929328441619873 840.7069702148438 504.5627136230469 1020.59375 614.3008422851562 4.386057 1.7124859 1.6871426 1.9152302 1.9702845 22.663576 1.2772395610809326 0.1756371408700943
Car 0.0 0 -2.199578046798706 1223.9722900390625 512.0869750976562 1329.9183349609375 557.2056884765625 4.288191 1.5765865 1.603103 17.60827 2.4037228 48.616886 -1.8520902395248413 0.17299078404903412
Car 0.0 0 -1.9403092861175537 876.1162719726562 512.8104858398438 967.0309448242188 563.2033081054688 4.2132626 1.5109813 1.5940279 3.437855 2.2572644 42.117798 -1.8588650226593018 0.17075562477111816
Car 0.0 0 -1.4231013059616089 644.3013305664062 508.65167236328125 699.5139770507812 551.7084350585938 4.0256186 1.601782 1.6216278 -5.7448964 2.3168163 50.77732 -1.5357612371444702 0.17019206285476685
Car 0.0 0 -2.3258373737335205 1406.5140380859375 516.6126098632812 1498.943115234375 554.6693115234375 3.8119028 1.5895925 1.5737567 28.91712 2.7732124 57.65491 -1.8609464168548584 0.16101206839084625
Car 0.0 0 1.3242846727371216 725.744873046875 511.45526123046875 800.3997192382812 562.7977294921875 3.8967555 1.5711095 1.5952272 -1.8324938 2.273179 42.47611 1.2811696529388428 0.15580850839614868
Car 0.0 0 -2.244473934173584 1454.3687744140625 513.51123046875 1600.0 586.6913452148438 3.7105625 1.6102042 1.5640703 17.544321 2.182756 30.996883 -1.729427695274353 0.15570925176143646
Car 0.0 0 1.8022245168685913 41.175811767578125 514.9413452148438 142.55752563476562 578.815673828125 3.924849 1.6242474 1.6293919 -20.431229 2.3270242 35.866287 1.2844202518463135 0.15474015474319458
Car 0.0 0 0.9403514862060547 1263.218994140625 519.2527465820312 1352.3272705078125 559.8495483398438 4.0662556 1.6447566 1.6138242 21.847002 2.9291098 56.450264 1.309612512588501 0.14847685396671295
Car 0.0 0 0.1600736379623413 0.0 510.9490661621094 98.80512237548828 597.4402465820312 4.331363 1.5890794 1.6209784 -17.08624 2.0077999 25.63885 -0.4277581572532654 0.14662905037403107
