Pedestrian 0.0 0 -0.9941810369491577 236.5438995361328 503.41033935546875 298.139892578125 578.8101196289062 1.7627816 2.2206378 0.9047529 -16.68612 2.5917687 38.540813 -1.4027633666992188 0.6991081237792969
Pedestrian 0.0 0 -3.4494268894195557 1501.5147705078125 495.5853271484375 1544.590576171875 564.8387451171875 0.9182431 1.9909403 0.72982085 20.59174 2.11125 36.909935 -2.940545082092285 0.23755712807178497
Pedestrian 0.0 0 -3.014946460723877 688.893310546875 460.5929870605469 735.8101806640625 545.4993896484375 0.9731114 1.8979719 0.7472789 -2.3488064 1.2069279 28.70426 -3.096592426300049 0.1784990131855011
Pedestrian 0.0 0 0.3571910858154297 328.49688720703125 471.4647216796875 398.6624450683594 601.3499755859375 0.9101483 2.0528755 0.5928703 -7.2550974 1.7361002 20.318995 0.014240741729736328 0.17304080724716187
Pedestrian 0.0 0 -1.6412757635116577 549.4749755859375 496.3379211425781 568.9469604492188 544.4041137695312 1.7713208 1.9833115 0.68126357 -10.842781 2.1905718 53.38938 -1.841639518737793 0.1036590039730072
Cyclist 0.0 0 -1.259609341621399 695.7659301757812 483.6282043457031 748.5052490234375 564.7282104492188 2.2659543 2.2514718 0.856255 -2.6817527 2.0327415 36.35978 -1.333232045173645 0.635709822177887
Cyclist 0.0 0 -0.7814895510673523 466.1083984375 478.9373474121094 556.9597778320312 591.4039916992188 1.9496099 2.2972164 0.6958653 -6.4447556 2.0404706 26.87958 -1.0168113708496094 0.22783654928207397
Cyclist 0.0 0 -1.6412757635116577 549.4749755859375 496.3379211425781 568.9469604492188 544.4041137695312 1.7713208 1.9833115 0.68126357 -10.842781 2.1905718 53.38938 -1.841639518737793 0.20757029950618744
Cyclist 0.0 0 -1.514862060546875 1328.39501953125 510.4583435058594 1365.3466796875 590.8269653320312 1.657331 2.1144302 0.8417924 14.540909 2.6473932 34.685944 -1.1179006099700928 0.18688125908374786
Car 0.0 0 -1.7358092069625854 925.1515502929688 509.2077331542969 1035.9493408203125 600.5220947265625 4.2955837 1.762716 1.6876484 3.4711757 2.177136 27.470896 -1.6101170778274536 0.45336753129959106
Car 0.0 0 -1.1190725564956665 0.0 511.2044982910156 94.72149658203125 583.2595825195312 4.201936 1.8633305 1.6497873 -22.417892 2.4588606 36.113655 -1.6746166944503784 0.38443437218666077
Car 0.0 0 -2.1847262382507324 1407.0491943359375 515.8506469726562 1520.067138671875 569.8832397460938 3.877644 1.7145201 1.5447024 22.430185 2.6001222 44.04232 -1.7136766910552979 0.33478349447250366
Car 0.0 0 -0.8181478381156921 0.0 501.2560119628906 19.517541885375977 562.7794189453125 3.7418225 1.5879596 1.522427 -24.314802 1.874603 35.27253 -1.4216842651367188 0.3157927095890045
Car 0.0 0 1.2140957117080688 893.9796752929688 521.1132202148438 992.143310546875 583.2243041992188 4.0383663 1.6991098 1.6893666 3.8253086 2.6587026 38.879013 1.312170147895813 0.2641265094280243
Car 0.0 0 -1.6914589405059814 1074.0755615234375 515.9048461914062 1129.1092529296875 562.5953369140625 3.7418864 1.648472 1.6224283 10.926678 2.6238303 48.685425 -1.4706830978393555 0.2333238124847412
Car 0.0 0 -2.2957825660705566 1474.2740478515625 505.1473693847656 1600.0 595.5321655273438 4.164322 1.5186825 1.5966452 14.684061 1.8021863 24.130844 -1.749123215675354 0.23157280683517456
Car 0.0 0 -1.8084533214569092 727.9515991210938 510.3401794433594 858.3955078125 613.093017578125 4.7734914 1.9252422 1.7065867 -0.6031406 2.3670046 27.180157 -1.830640196800232 0.20321351289749146
Car 0.0 0 1.1899622678756714 957.5181274414062 512.8856201171875 1028.0909423828125 557.4287109375 3.699964 1.6763906 1.5810015 7.141877 2.5802069 51.554142 1.3276177644729614 0.19773997366428375
Car 0.0 0 0.8180071115493774 1277.9422607421875 516.7727661132812 1492.2117919921875 612.6885986328125 3.8069525 1.6131524 1.5928894 10.848935 2.1419055 24.443676 1.2357215881347656 0.19716887176036835
Car 0.0 0 1.3245497941970825 764.597412109375 511.66131591796875 849.990966796875 572.7637329101562 4.485189 1.7815837 1.7086248 -0.3555782 2.4702032 40.88468 1.3158528804779053 0.19463799893856049
Car 0.0 0 1.5222859382629395 1399.5296630859375 519.4654541015625 1490.140869140625 602.8773193359375 3.4181106 1.6355581 1.623604 13.825225 2.2952523 27.99088 1.981056809425354 0.1902431845664978
Car 0.0 0 1.3094828128814697 1293.6402587890625 515.2293701171875 1375.34375 567.1255493164062 4.1930017 1.7337693 1.7479142 18.957542 2.6458166 46.50028 1.696597933769226 0.18872641026973724
Car 0.0 0 -2.023221254348755 1484.7474365234375 519.8934326171875 1600.0 595.5474243164062 3.2150848 1.7649242 1.6864274 18.736715 2.5296977 32.45582 -1.499660849571228 0.16157929599285126
