Pedestrian 0.0 0 1.6308661699295044 849.8914794921875 141.00950622558594 866.576416015625 191.82044982910156 0.3791972 1.9917597 0.60363877 9.788751 0.743832 28.571259 1.9609408378601074 0.24121390283107758
Pedestrian 0.0 0 -1.7095086574554443 775.962890625 155.1977996826172 789.6885375976562 190.5970458984375 0.5557192 1.935978 0.66447735 9.487156 0.9707217 39.7663 -1.475313663482666 0.22581738233566284
Pedestrian 0.0 0 -2.2232089042663574 989.4530029296875 137.54913330078125 1039.2718505859375 215.72242736816406 0.91250414 1.8916487 0.6625155 10.001711 1.0376943 17.956245 -1.7150038480758667 0.15973562002182007
Car 0.0 0 1.126831293106079 523.0441284179688 174.19256591796875 561.1143188476562 192.48394775390625 4.1144967 1.507471 1.6430415 -5.8911448 1.6268564 61.96978 1.0320513248443604 0.5611534118652344
Car 0.0 0 0.7476880550384521 86.43061065673828 201.71119689941406 194.8404083251953 237.98728942871094 4.16115 1.5209746 1.6847914 -21.678413 2.9012709 33.317024 0.17084145545959473 0.29809093475341797
Car 0.0 0 2.130725860595703 0.0 194.69943237304688 88.49503326416016 252.63124084472656 3.6193557 1.4482948 1.6103588 -17.431046 2.1528602 21.36102 1.4462918043136597 0.19540223479270935
Car 0.0 0 2.0602211952209473 326.1718444824219 183.4254913330078 370.3619689941406 200.66163635253906 4.5129256 1.4038297 1.7729638 -23.179113 2.3767354 64.017494 1.7128300666809082 0.14855527877807617
Car 0.0 0 2.1509056091308594 157.229248046875 191.0517578125 222.31640625 217.24072265625 4.211603 1.5246204 1.6324307 -27.38976 2.767894 47.132088 1.6244783401489258 0.14402329921722412
Car 0.0 0 2.05226469039917 341.8667297363281 185.0118408203125 378.7619934082031 201.1238250732422 3.7270176 1.4261776 1.8066105 -23.791826 2.6195905 68.82531 1.7194397449493408 0.139762744307518
Car 0.0 0 -0.868468165397644 850.6036987304688 188.7239990234375 921.9679565429688 215.45989990234375 4.0671487 1.4465042 1.7450259 16.38651 2.4278135 42.851654 -0.5032248497009277 0.13700798153877258
Car 0.0 0 2.277381658554077 310.5225524902344 182.14022827148438 369.8131408691406 201.55577087402344 4.9063106 1.4416096 1.7490803 -21.882307 2.2305698 58.66716 1.9203736782073975 0.12799806892871857
