Pedestrian 0.0 0 -1.9007312059402466 800.3854370117188 132.1417236328125 837.6295776367188 207.09756469726562 0.7610313 1.7610865 0.64647275 4.9668517 0.80490994 17.346287 -1.6218576431274414 0.4370831251144409
Pedestrian 0.0 0 1.7614972591400146 429.2604675292969 144.61195373535156 447.6077880859375 182.64218139648438 0.89123136 1.7759564 0.6897577 -8.154452 0.4574517 34.15227 1.5271179676055908 0.42078322172164917
Pedestrian 0.0 0 1.9827784299850464 337.74554443359375 176.3150634765625 373.2976379394531 245.183349609375 0.7979387 1.7248284 0.59259963 -6.5753603 1.8160913 18.529491 1.6417813301086426 0.36326560378074646
Cyclist 0.0 0 1.7679506540298462 428.9289855957031 144.39828491210938 447.6820373535156 182.5417022705078 0.91674227 1.7807946 0.6988863 -8.160836 0.45264605 34.15466 1.5334103107452393 0.1530095487833023
Car 0.0 0 -1.4203811883926392 410.6712646484375 184.34368896484375 526.058349609375 276.2457580566406 4.1103935 1.4956633 1.6267716 -2.7006886 1.7576402 14.343675 -1.6064866781234741 0.9647803902626038
Car 0.0 0 -1.7976669073104858 678.34716796875 166.58094787597656 804.8268432617188 264.6372985839844 3.8013082 1.6845417 1.6093482 2.4024065 1.5771327 14.338866 -1.6316636800765991 0.9409967660903931
Car 0.0 0 1.6818243265151978 502.6164855957031 186.25051879882812 555.9177856445312 227.445556640625 4.0786147 1.4038292 1.6083325 -3.095353 1.9610902 27.9522 1.5715363025665283 0.8680147528648376
Car 0.0 0 -1.7686617374420166 647.3148193359375 185.2299041748047 715.0984497070312 233.63522338867188 3.847981 1.4516999 1.5585058 2.302224 1.9091486 24.651546 -1.6755411624908447 0.833151638507843
Car 0.0 0 -1.683680772781372 677.1939086914062 186.83924865722656 750.109375 252.09068298339844 3.4358187 1.5393857 1.5494446 2.665822 1.9513633 19.498579 -1.547804355621338 0.6845965385437012
Car 0.0 0 -1.765768051147461 700.7213134765625 153.92062377929688 741.3267211914062 185.92532348632812 2.62011 1.4761324 1.4389125 5.2523513 0.60323805 34.616966 -1.6151889562606812 0.6502829790115356
Car 0.0 0 1.7547657489776611 543.3057250976562 179.97389221191406 577.9388427734375 205.0037384033203 4.0332565 1.6006647 1.6586545 -3.3669696 2.1095498 49.43296 1.6867589950561523 0.5869771838188171
