Pedestrian 0.0 0 0.5086496472358704 304.9311828613281 168.2272186279297 317.7867126464844 188.47836303710938 1.0013177 1.9049774 0.5095344 -28.237673 1.4701054 68.18166 0.11600184440612793 0.4660146236419678
Pedestrian 0.0 0 0.4126604497432709 242.7345428466797 165.77613830566406 258.6754455566406 189.31402587890625 1.0179676 1.8376693 0.46614403 -28.20209 1.2854381 56.587753 -0.04968869686126709 0.3905249834060669
Pedestrian 0.0 0 -1.4660234451293945 363.7472839355469 144.8839874267578 382.17431640625 189.01332092285156 0.691994 1.7389886 0.632009 -9.5110855 0.6371429 28.835796 -1.784623146057129 0.36060187220573425
Car 0.0 0 -1.3194913864135742 340.121337890625 183.3020477294922 477.9858703613281 276.7794189453125 3.8806424 1.5418597 1.6910943 -3.8437936 1.7773365 14.284497 -1.5823534727096558 0.9670472741127014
Car 0.0 0 -1.413142204284668 441.5670471191406 179.0403289794922 487.24505615234375 212.32679748535156 3.6896589 1.5118828 1.634813 -7.1112294 1.8313876 35.34403 -1.6116915941238403 0.9514549374580383
Car 0.0 0 2.160824775695801 20.64475440979004 183.94203186035156 168.75552368164062 237.66429138183594 4.377489 1.4819505 1.6835711 -16.262716 1.8700849 23.02214 1.5458199977874756 0.9252701997756958
Car 0.0 0 -1.5816915035247803 543.2774658203125 179.25257873535156 568.4835205078125 202.73269653320312 3.73247 1.44314 1.5840816 -3.6031015 1.8802805 47.323273 -1.6576828956604004 0.781431257724762
Car 0.0 0 -0.5034714937210083 0.0 180.64134216308594 82.05595397949219 212.49020385742188 4.2888494 1.5338281 1.6979058 -30.788643 1.9711741 38.18022 -1.182104468345642 0.4837239384651184
Car 0.0 0 1.9172111749649048 351.6305847167969 179.40199279785156 391.8721923828125 200.864013671875 4.008766 1.504834 1.5859941 -17.75383 2.012297 53.85055 1.5987458229064941 0.48035749793052673
Car 0.0 0 -1.3276163339614868 459.4421691894531 166.2265167236328 490.2022399902344 186.63999938964844 3.9698565 1.6518879 1.6248398 -11.300596 1.1159402 60.413948 -1.5125322341918945 0.36908674240112305
Car 0.0 0 -1.5823304653167725 431.38311767578125 158.48092651367188 456.7118835449219 184.44607543945312 3.7834198 1.6450887 1.5706372 -11.03282 0.7348039 47.735863 -1.809464454650879 0.36491844058036804
Car 0.0 0 -0.43540745973587036 238.4204864501953 167.82455444335938 295.14129638671875 189.03012084960938 3.8268015 1.6519707 1.5687929 -27.662735 1.2605202 58.181004 -0.8792309761047363 0.32547613978385925
Car 0.0 0 -1.4651378393173218 623.8480834960938 164.47142028808594 649.5380859375 185.78573608398438 3.9105048 1.6206743 1.6234108 2.112838 0.9836464 56.911537 -1.4280298948287964 0.31213560700416565
