Pedestrian 0.0 0 1.641507625579834 812.53515625 113.40160369873047 866.9901733398438 242.9126434326172 0.81377614 1.8207201 0.7134703 3.3482955 0.98527145 10.650263 1.9461098909378052 0.696927011013031
Pedestrian 0.0 0 1.6419907808303833 309.4358215332031 129.10470581054688 349.7820129394531 219.55560302734375 0.81211436 1.825384 0.7311053 -5.8882046 0.9428401 15.054887 1.2691665887832642 0.6916379332542419
Cyclist 0.0 0 -0.44080159068107605 978.1583251953125 148.3153839111328 1016.3892822265625 179.44342041015625 1.8733846 1.807652 0.6541378 22.64658 0.38301492 42.272438 0.05101919174194336 0.699000895023346
Car 0.0 0 -0.9669658541679382 0.0 193.5325927734375 279.961669921875 375.0 4.1250515 1.6201973 1.6571175 -5.847886 1.9305537 8.739985 -1.5566481351852417 0.9684457182884216
Car 0.0 0 1.872049331665039 346.515625 185.5189666748047 452.7285461425781 249.64369201660156 3.9587214 1.5076632 1.6798365 -5.6621966 1.8897603 19.747986 1.5928175449371338 0.9400364756584167
Car 0.0 0 1.754294753074646 452.0333251953125 183.00437927246094 504.3659362792969 221.185302734375 3.6154025 1.4479395 1.5155989 -5.4808 1.8977101 30.133219 1.5743759870529175 0.8869474530220032
Car 0.0 0 1.840745210647583 412.55859375 185.23268127441406 484.3826904296875 231.08505249023438 3.6107576 1.4216985 1.538752 -5.600238 1.8861556 25.206541 1.6221221685409546 0.8769882917404175
Car 0.0 0 -2.178840398788452 895.5508422851562 188.03305053710938 1242.0 375.0 3.8079004 1.4685436 1.5798701 3.0530138 1.5955738 4.089472 -1.5375479459762573 0.852679431438446
Car 0.0 0 1.7206073999404907 478.7684326171875 181.6996612548828 524.5331420898438 214.2266845703125 4.2236853 1.4859995 1.6599102 -5.4106317 1.9563731 36.22318 1.5723342895507812 0.8384266495704651
Car 0.0 0 -0.5836325883865356 1052.8773193359375 137.4912567138672 1174.2100830078125 174.4644012451172 4.4468675 1.6763217 1.6781228 23.337616 0.07337165 33.601864 0.023415088653564453 0.7843913435935974
Car 0.0 0 -0.23414507508277893 778.2486572265625 153.71676635742188 895.7288208007812 195.97177124023438 4.6412067 1.7963467 1.7495483 9.84907 0.9831416 31.699692 0.06709837913513184 0.7709301114082336
Car 0.0 0 1.80503511428833 507.3414001464844 180.61766052246094 546.840087890625 206.39041137695312 3.7424877 1.4433918 1.5421214 -4.9873343 1.9331604 43.531788 1.6909648180007935 0.7143445611000061
