Pedestrian 0.0 0 -0.4631233811378479 1149.49658203125 101.51194763183594 1242.0 281.4434814453125 1.0536376 1.8609782 0.7028487 6.6501694 1.1234665 7.9243665 0.23507022857666016 0.33789172768592834
Cyclist 0.0 0 -2.0134499073028564 716.5743408203125 153.69241333007812 744.954345703125 197.1652374267578 1.7592522 1.7987046 0.48313197 5.0929527 1.0062444 30.763296 -1.8493850231170654 0.46223390102386475
Car 0.0 0 -1.9134376049041748 752.5235595703125 155.14596557617188 1029.772216796875 365.1492614746094 3.680333 1.778329 1.5746293 2.6965692 1.6287336 7.9598384 -1.5868003368377686 0.9682357907295227
Car 0.0 0 1.6577808856964111 454.200927734375 182.9535369873047 540.9908447265625 255.04693603515625 4.096462 1.435482 1.6622782 -2.5795984 1.7038527 17.048157 1.5076075792312622 0.9521881341934204
Car 0.0 0 1.9276612997055054 181.10064697265625 153.99359130859375 472.2294616699219 357.96319580078125 4.094049 1.7674605 1.681901 -2.9107656 1.604387 8.313087 1.5908595323562622 0.9039279818534851
Car 0.0 0 1.7038549184799194 525.0631103515625 170.17868041992188 581.7728881835938 215.8582763671875 4.1258626 1.653401 1.6763998 -2.1767375 1.5569246 28.220425 1.6268739700317383 0.8650462627410889
Car 0.0 0 1.635430097579956 497.2593994140625 167.2056884765625 557.458740234375 228.11366271972656 3.999848 1.762274 1.6403449 -2.5852513 1.5992072 22.910564 1.523064374923706 0.5243532061576843
Car 0.0 0 -0.7169843912124634 619.2409057617188 172.44638061523438 679.0496215820312 200.2130126953125 3.1690087 1.5345151 1.590515 2.230219 1.5123458 41.475044 -0.6632635593414307 0.4808529019355774
Car 0.0 0 1.300115942955017 658.1799926757812 163.1461944580078 689.3706665039062 183.7411346435547 4.580722 1.8723459 1.761645 5.9477363 0.99013865 68.006935 1.3873517513275146 0.43908777832984924
Car 0.0 0 1.4072304964065552 714.6434326171875 176.52215576171875 746.4708862304688 199.20266723632812 3.7325077 1.4812231 1.5637668 8.215431 1.7431915 49.59014 1.5714060068130493 0.34264516830444336
