Pedestrian 0.0 0 1.6423498392105103 301.77587890625 133.89630126953125 332.1697998046875 201.5634002685547 1.0592211 1.8029361 0.70254385 -8.091058 0.76529735 19.834562 1.2550283670425415 0.5211849212646484
Pedestrian 0.0 0 1.8914220333099365 230.53074645996094 130.7300262451172 273.0041809082031 212.47189331054688 0.8142945 1.7901608 0.6340034 -8.104489 0.86799634 16.24699 1.428710699081421 0.42867153882980347
Car 0.0 0 -1.3617372512817383 284.8477478027344 191.86553955078125 486.2569580078125 347.2070617675781 4.1854043 1.4961703 1.6466573 -2.7468283 1.8064837 9.616279 -1.6399716138839722 0.9740936160087585
Car 0.0 0 -1.7626608610153198 658.0354614257812 191.2522735595703 742.522705078125 253.50123596191406 3.8619125 1.4489243 1.5816848 2.3395917 2.0086663 19.950129 -1.645922064781189 0.9421736001968384
Car 0.0 0 1.7031581401824951 477.6743469238281 190.64886474609375 546.8034057617188 243.13352966308594 4.0259295 1.4389504 1.6765822 -3.0872571 2.0601459 23.157558 1.5706243515014648 0.9368956089019775
Car 0.0 0 -1.8391376733779907 713.8023681640625 173.88084411621094 918.645263671875 337.5499572753906 3.7575095 1.7537309 1.5958426 2.4398153 1.7705184 9.647194 -1.5914275646209717 0.9265234470367432
Car 0.0 0 -1.741606593132019 622.719970703125 184.14581298828125 655.7235107421875 206.93838500976562 3.8953142 1.4552594 1.6455716 1.9592172 2.272007 50.12502 -1.7025399208068848 0.8488839268684387
Car 0.0 0 -1.7603222131729126 696.2310180664062 186.77798461914062 825.358642578125 279.5724182128906 4.2587156 1.4968657 1.6874571 2.7695143 1.8163618 14.405212 -1.570381999015808 0.7826692461967468
Car 0.0 0 1.5299570560455322 538.0368041992188 184.98558044433594 567.2384033203125 213.40066528320312 3.8032048 1.6047859 1.630735 -3.6013165 2.3856142 44.43 1.4490779638290405 0.6036775708198547
Car 0.0 0 1.4533792734146118 651.597412109375 165.95034790039062 674.607666015625 184.9086456298828 3.963529 1.7231314 1.6921949 4.925481 1.0960116 67.595825 1.5261173248291016 0.6006304025650024
Car 0.0 0 1.6463067531585693 513.24609375 162.4480743408203 536.01806640625 181.46795654296875 4.4275107 1.6846583 1.7461811 -7.811322 0.7633271 66.154854 1.528774619102478 0.4376237392425537
