Pedestrian 0.0 0 -1.2388324737548828 1069.23095703125 140.31614685058594 1094.1304931640625 188.5735626220703 0.4937677 1.9821018 0.74899554 19.621956 0.646016 30.080532 -0.6608321666717529 0.28610071539878845
Pedestrian 0.0 0 1.8076637983322144 544.63720703125 165.5221405029297 565.9010009765625 213.95042419433594 0.85257715 1.7315807 0.5897314 -2.0307095 1.4697832 26.263985 1.730498194694519 0.14632928371429443
Pedestrian 0.0 0 -1.396650791168213 826.8997192382812 153.09255981445312 840.24853515625 184.63394165039062 0.56625235 1.9103389 0.69225574 13.635991 0.71382314 44.1079 -1.0968201160430908 0.1413480043411255
Pedestrian 0.0 0 -1.4562604427337646 3.9915623664855957 154.71852111816406 35.615909576416016 218.48391723632812 0.6265897 1.9844489 0.71128595 -18.776373 1.420411 22.908249 -2.1428589820861816 0.12668538093566895
Car 0.0 0 -0.16436755657196045 261.1380615234375 194.72369384765625 340.6321105957031 223.2108917236328 4.0120454 1.4710243 1.6770916 -17.91763 2.7922652 41.78882 -0.5694237947463989 0.7843859195709229
Car 0.0 0 1.5635839700698853 10.238943099975586 177.986083984375 53.53441619873047 214.9746856689453 4.5726566 1.8550055 1.7511829 -31.417007 2.1504164 39.154045 0.8873844146728516 0.27866053581237793
Car 0.0 0 1.6695549488067627 48.21925354003906 180.17127990722656 87.69853973388672 209.51852416992188 4.1357026 1.8100951 1.6927327 -35.887306 2.3176956 47.808197 1.025636911392212 0.2601862847805023
Car 0.0 0 2.208893060684204 281.6003723144531 162.8893280029297 338.81097412109375 190.0605010986328 3.9746885 1.8604414 1.7518641 -21.376951 1.1785077 51.542206 1.8157391548156738 0.207916259765625
Car 0.0 0 -0.4719538986682892 555.7816772460938 186.63848876953125 782.0816650390625 280.097900390625 3.924691 1.4882199 1.5019362 1.0489353 1.7714823 13.359527 -0.393598735332489 0.1985127180814743
Car 0.0 0 1.652079463005066 976.89599609375 167.0133056640625 1034.6226806640625 210.6385498046875 3.3307848 1.458219 1.555466 14.220588 1.2633455 25.933893 2.1536471843719482 0.1277296096086502
