Pedestrian 0.0 0 -1.978915810585022 1427.301025390625 504.5985107421875 1478.2567138671875 582.447509765625 1.2201602 1.8586041 0.689252 15.606072 2.186342 31.075336 -1.5135087966918945 0.27051591873168945
Pedestrian 0.0 0 -0.3002934455871582 1508.5433349609375 503.6227111816406 1541.7015380859375 552.6858520507812 0.9958523 1.9343237 0.6913121 28.310434 2.4225264 50.588806 0.20990443229675293 0.2501372694969177
Pedestrian 0.0 0 -2.715773582458496 412.3321228027344 472.65338134765625 468.8089294433594 579.1309204101562 0.8040959 2.0255172 0.7654132 -7.26847 1.6668646 24.525278 -3.0038936138153076 0.18082945048809052
Pedestrian 0.0 0 -2.0540990829467773 1488.664306640625 488.6294250488281 1557.5364990234375 608.247802734375 0.9848004 2.106243 0.7056616 12.712027 2.055573 22.800264 -1.5454864501953125 0.15956304967403412
Pedestrian 0.0 0 2.74535870552063 679.9752197265625 477.6365661621094 739.194580078125 583.0054931640625 1.1736888 2.3598719 0.68847406 -2.4386415 2.049224 28.939487 2.661290407180786 0.14895009994506836
Pedestrian 0.0 0 -0.7651650905609131 1117.6820068359375 498.191162109375 1154.7677001953125 568.7757568359375 1.1933851 2.8183608 0.8627077 12.975754 3.092993 51.36362 -0.5177170038223267 0.148396834731102
Pedestrian 0.0 0 -0.1199471652507782 1357.0357666015625 496.25799560546875 1400.2340087890625 573.383056640625 1.0043817 2.094966 0.7799786 15.52631 2.2281609 34.98426 0.297745943069458 0.13750936090946198
Pedestrian 0.0 0 -0.5808950662612915 1357.607421875 501.1373596191406 1395.0966796875 562.2525634765625 0.92088974 2.0594833 0.73081577 19.123285 2.3916821 43.249504 -0.16457834839820862 0.12793530523777008
Cyclist 0.0 0 -1.7029505968093872 1236.7296142578125 535.5145263671875 1277.443603515625 626.8202514648438 1.959094 2.0737922 0.68153316 10.698433 3.1792011 30.782677 -1.3684625625610352 0.7938997745513916
Cyclist 0.0 0 -1.4487406015396118 959.1021118164062 480.1229553222656 982.4807739257812 540.3592529296875 1.9544907 2.3220863 0.68028617 6.0905857 1.8832337 49.850353 -1.3271657228469849 0.31822648644447327
Cyclist 0.0 0 -2.075718879699707 1321.917724609375 533.6112060546875 1366.6182861328125 602.849853515625 1.497618 2.165622 0.711045 17.225977 3.5663009 41.34658 -1.6809641122817993 0.1603892743587494
Car 0.0 0 -2.1958115100860596 1241.2015380859375 513.2119140625 1326.2894287109375 549.8280029296875 4.0173464 1.5479045 1.6258175 21.441675 2.583015 58.242508 -1.843064308166504 0.45716556906700134
Car 0.0 0 -2.2382755279541016 1251.774169921875 516.7177124023438 1338.6885986328125 552.94091796875 4.3777046 1.6440289 1.703139 23.795872 2.946505 63.084045 -1.877569556236267 0.34476175904273987
Car 0.0 0 -2.2362990379333496 1443.602783203125 516.2647705078125 1573.547607421875 570.2007446289062 4.039439 1.5995641 1.5892886 22.662943 2.4549441 41.631115 -1.737784504890442 0.32334980368614197
Car 0.0 0 -2.393014430999756 1548.0576171875 511.4907531738281 1600.0 597.6806640625 4.0892234 1.6513324 1.6324596 18.175339 2.1189256 27.453342 -1.8082185983657837 0.24082441627979279
Car 0.0 0 -2.1432292461395264 1170.072998046875 511.2300720214844 1263.43310546875 553.330810546875 4.402629 1.6403497 1.6644553 16.96891 2.5159707 53.880943 -1.8381290435791016 0.21866077184677124
Car 0.0 0 1.3292440176010132 961.7723999023438 513.1260375976562 1079.3358154296875 600.8652954101562 4.0022125 1.7242157 1.6425743 4.422129 2.2368717 27.967415 1.4860628843307495 0.19309914112091064
Car 0.0 0 0.9882217645645142 1337.3099365234375 518.5308837890625 1525.0445556640625 607.8142700195312 4.281101 1.7054068 1.5996867 13.333388 2.3454921 27.76769 1.4358850717544556 0.18411631882190704
Car 0.0 0 -1.9602017402648926 1164.282470703125 513.0846557617188 1257.128662109375 565.4935302734375 4.7426925 1.7962382 1.6674813 14.818488 2.6529722 47.84673 -1.659862995147705 0.1806679666042328
Car 0.0 0 -2.2009475231170654 1222.0079345703125 513.6039428710938 1341.3759765625 574.8193969726562 3.8342118 1.7816992 1.6250547 14.7781 2.5230005 40.41862 -1.850420355796814 0.17913758754730225
Car 0.0 0 -1.5360164642333984 613.4486083984375 519.7509155273438 681.8777465820312 590.0254516601562 3.899561 1.6696095 1.6660715 -4.4364195 2.4669893 33.73288 -1.6667821407318115 0.17228347063064575
Car 0.0 0 -2.220975399017334 1402.951171875 512.9755249023438 1540.4224853515625 575.747314453125 3.9356327 1.699435 1.5772142 19.454947 2.3750618 37.780155 -1.7454382181167603 0.15322911739349365
Car 0.0 0 1.4481300115585327 1059.9964599609375 505.6947326660156 1152.7962646484375 583.7339477539062 4.157474 1.7065376 1.6820536 6.9379883 2.0737824 30.628609 1.6708905696868896 0.13606494665145874
Car 0.0 0 -1.7672936916351318 1103.3704833984375 513.1226196289062 1147.5592041015625 549.72412109375 3.6298976 1.7903683 1.556085 16.075485 2.9479456 65.97416 -1.5282877683639526 0.1316092312335968
Car 0.0 0 1.8748226165771484 453.783203125 501.41070556640625 586.5220947265625 593.47119140625 3.5543892 1.7044239 1.6212387 -5.914044 1.9195637 25.676126 1.648438572883606 0.125691220164299
