Pedestrian 0.0 0 -0.3861025273799896 1457.0792236328125 482.7226867675781 1500.7667236328125 561.9695434570312 0.7475826 1.850957 0.5883656 15.643822 1.6457813 29.908108 0.0958247184753418 0.22021856904029846
Pedestrian 0.0 0 0.08811682462692261 1198.3319091796875 496.3255615234375 1240.421630859375 572.47314453125 1.0961145 2.1763425 0.865288 11.743212 2.3189988 36.88291 0.3963601589202881 0.1733630895614624
Pedestrian 0.0 0 -2.387022018432617 1298.60302734375 493.1347961425781 1349.8363037109375 578.5928344726562 0.8230177 1.8464636 0.65359485 11.18312 1.8829713 27.893406 -2.0057199001312256 0.17243726551532745
Pedestrian 0.0 0 -3.630746841430664 1509.263427734375 488.76068115234375 1569.4873046875 571.623779296875 1.1913272 2.1974816 0.74797076 19.390577 2.1246493 33.976025 -3.112139940261841 0.16116775572299957
Pedestrian 0.0 0 -0.34276342391967773 876.1092529296875 496.9528503417969 917.2410888671875 562.9737548828125 1.1808218 2.1718311 0.76853466 2.681126 2.3559306 42.280216 -0.2794349789619446 0.14228463172912598
Pedestrian 0.0 0 -2.6308670043945312 712.4010009765625 486.26947021484375 757.0350341796875 553.5675048828125 1.0994092 1.9008534 0.64981854 -2.3365512 1.7529159 36.30078 -2.6951446533203125 0.12138374149799347
Pedestrian 0.0 0 -0.19104760885238647 138.82752990722656 454.3215637207031 259.64501953125 679.1942138671875 0.9829957 2.1434515 0.61400187 -6.142492 1.7890048 12.611952 -0.6442714333534241 0.11936142295598984
Cyclist 0.0 0 -1.044667363166809 693.5191040039062 472.08154296875 747.1256713867188 556.4703979492188 1.9696174 2.5275743 0.75831926 -2.9380972 1.9457507 38.98275 -1.11989426612854 0.2923005521297455
Cyclist 0.0 0 -1.284179925918579 721.2725219726562 491.85565185546875 759.3287353515625 561.5950317382812 1.8879256 2.2061632 0.7275269 -2.4512458 2.2177436 41.073986 -1.3437880277633667 0.1187649518251419
Car 0.0 0 1.120919942855835 1204.521484375 512.3081665039062 1327.316650390625 580.657958984375 4.08792 1.705687 1.5706098 12.3369055 2.3155522 35.011616 1.4597010612487793 0.33845630288124084
Car 0.0 0 -1.2156331539154053 0.0 509.1893615722656 192.50607299804688 672.3927001953125 4.1790752 1.7659785 1.6683887 -9.611649 2.025499 16.383972 -1.7461782693862915 0.274036705493927
Car 0.0 0 -0.7432261109352112 0.0 499.51971435546875 23.43941307067871 673.0859375 4.312119 1.759802 1.7066624 -12.023599 1.8710337 15.314937 -1.4088090658187866 0.24729569256305695
Car 0.0 0 1.6296151876449585 345.1116943359375 504.6617431640625 502.98541259765625 672.2908935546875 3.8315785 1.7075015 1.5669284 -4.6005583 1.8873202 15.266155 1.3369141817092896 0.2388351857662201
Car 0.0 0 -1.853911280632019 1245.1070556640625 508.3807067871094 1332.012939453125 561.3163452148438 3.7547936 1.550788 1.5989122 14.948746 2.1129477 40.261505 -1.4983960390090942 0.23178920149803162
Car 0.0 0 -2.2823715209960938 1378.5384521484375 514.6392822265625 1582.6722412109375 603.9991455078125 3.8782313 1.6246526 1.5770067 13.587915 2.140353 26.164396 -1.8033809661865234 0.172300785779953
Car 0.0 0 -1.8254666328430176 922.480712890625 512.6918334960938 1011.0426025390625 573.7989501953125 4.339377 1.6897786 1.6511656 4.545753 2.3775406 38.851517 -1.7089929580688477 0.16559040546417236
Car 0.0 0 1.0875542163848877 1092.10791015625 513.4649047851562 1269.6236572265625 606.0361938476562 4.1036396 1.5834842 1.6140267 7.0304914 2.052361 24.868334 1.3630728721618652 0.15098720788955688
Car 0.0 0 -1.803709626197815 1347.8907470703125 516.1585083007812 1432.3175048828125 572.041259765625 3.717189 1.6107212 1.6241874 18.161776 2.4322884 40.227318 -1.379626750946045 0.1409069001674652
Car 0.0 0 -1.013199806213379 659.0647583007812 524.2388916015625 760.369140625 586.3142700195312 3.5592804 1.7186052 1.4397372 -3.2302732 2.775749 38.989796 -1.095860242843628 0.12291264533996582
Car 0.0 0 -1.9385350942611694 1016.0252075195312 510.6718444824219 1121.6072998046875 572.167236328125 4.1539564 1.6362392 1.6561211 7.34881 2.2330444 37.24876 -1.7437466382980347 0.11702201515436172
