Pedestrian 0.0 0 1.5116755962371826 884.1231689453125 161.78903198242188 905.5955810546875 212.52667236328125 1.0687132 1.8370571 0.67572176 10.503184 1.4367858 26.734737 1.8860173225402832 0.7947891354560852
Pedestrian 0.0 0 1.7807610034942627 206.8631591796875 165.699951171875 249.2787628173828 238.21047973632812 1.1921579 1.8252712 0.7487308 -10.000384 1.6455438 18.836117 1.292688012123108 0.21749679744243622
Pedestrian 0.0 0 1.8396865129470825 319.1204528808594 172.67828369140625 344.5819091796875 221.66758728027344 0.9077582 1.8023336 0.6744589 -10.455064 1.7962265 27.028217 1.4705933332443237 0.20138365030288696
Car 0.0 0 1.7746423482894897 531.7264404296875 178.55227661132812 605.2351684570312 232.41567993164062 3.757858 1.5194025 1.5814003 -1.2661339 1.7149963 22.7437 1.7190301418304443 0.959495484828949
Car 0.0 0 1.9766649007797241 0.0 200.28079223632812 464.0533447265625 375.0 3.9374566 1.4763453 1.6590016 -2.4551792 1.770859 5.7644467 1.5740172863006592 0.8856135010719299
Car 0.0 0 1.0757036209106445 671.7056884765625 180.69384765625 717.18896484375 201.99169921875 3.9144106 1.4146501 1.5499653 5.960359 1.9983315 51.57818 1.1907529830932617 0.2707047462463379
Car 0.0 0 -1.3614803552627563 540.4183349609375 179.02914428710938 587.162841796875 210.07916259765625 3.8226316 1.4935188 1.6681165 -2.3824325 1.8321972 37.516186 -1.4248993396759033 0.22664183378219604
Car 0.0 0 0.3775222897529602 403.9817810058594 184.16531372070312 475.35345458984375 210.71804809570312 3.7677321 1.4824153 1.5151395 -9.9671135 2.159995 42.173943 0.1454470157623291 0.20176883041858673
Car 0.0 0 1.657576084136963 684.5109252929688 171.9920654296875 707.3682861328125 193.027099609375 3.6120608 1.5640486 1.442187 6.6178603 1.5003176 55.561913 1.776125431060791 0.16096711158752441
Car 0.0 0 1.0687073469161987 766.0635986328125 173.8822784423828 807.7018432617188 190.99008178710938 4.5544806 1.4831815 1.6655165 15.921181 1.5799865 65.25764 1.3080066442489624 0.15689358115196228
Car 0.0 0 0.28883135318756104 870.2943725585938 173.51646423339844 919.0883178710938 190.18563842773438 4.0308695 1.5295663 1.4906261 26.862047 1.5942049 68.18024 0.664142370223999 0.15634961426258087
