Pedestrian 0.0 0 1.234622597694397 1035.3583984375 126.19480895996094 1067.5201416015625 180.54562377929688 0.9648272 1.9165522 0.7079238 15.844165 0.2715854 25.986494 1.7821495532989502 0.6535369157791138
Pedestrian 0.0 0 -1.9180231094360352 600.5877685546875 139.09750366210938 628.29931640625 192.0095977783203 0.75392455 1.7817436 0.73782194 0.10342835 0.6453967 24.773155 -1.9138481616973877 0.47432175278663635
Pedestrian 0.0 0 -1.7063355445861816 1090.3623046875 136.80361938476562 1119.9725341796875 194.01873779296875 0.77908903 1.8784807 0.7185783 16.551216 0.6952362 24.19591 -1.1063945293426514 0.37949514389038086
Pedestrian 0.0 0 -1.903615951538086 791.3441162109375 130.81167602539062 820.7742309570312 178.17770385742188 1.2894043 1.7232571 0.6724888 7.2580147 0.19404328 26.9145 -1.6402122974395752 0.3544939160346985
Pedestrian 0.0 0 3.298964023590088 286.1147766113281 136.91036987304688 348.2215881347656 269.4504089355469 0.752931 1.8166714 0.45425493 -4.178906 1.3243648 10.194566 2.9099395275115967 0.33023467659950256
Pedestrian 0.0 0 1.334212303161621 999.2100830078125 126.61695861816406 1029.1953125 176.39163208007812 1.5826235 1.8174676 0.6292845 15.172549 0.12953067 27.190203 1.8431884050369263 0.15616008639335632
Cyclist 0.0 0 3.2652804851531982 282.8232727050781 102.84928894042969 373.1539306640625 192.48780822753906 1.7962209 1.9192911 0.6853286 -6.270217 0.42074612 16.000475 2.891796350479126 0.6673836708068848
Cyclist 0.0 0 1.193345308303833 996.634521484375 130.30422973632812 1029.7725830078125 179.77162170410156 1.5636394 1.8135034 0.55267954 15.17312 0.25396168 27.260374 1.7012414932250977 0.6062342524528503
Cyclist 0.0 0 2.2213830947875977 438.413818359375 135.4711456298828 475.2386474609375 181.75021362304688 1.6694036 1.8259633 0.57252806 -6.255513 0.35136253 29.342953 2.0113413333892822 0.5757936239242554
Cyclist 0.0 0 1.2633044719696045 405.7129821777344 147.1326904296875 429.4281311035156 185.31527709960938 1.6558788 1.8841031 0.6875485 -9.776724 0.61525446 36.483868 1.0014820098876953 0.3628809452056885
Car 0.0 0 1.2342931032180786 721.2627563476562 183.50689697265625 998.74755859375 366.73565673828125 3.744669 1.4972169 1.6361096 2.3747504 1.6443013 8.025263 1.521992802619934 0.9528352618217468
Car 0.0 0 2.353233814239502 507.33843994140625 179.41781616210938 699.2747192382812 258.14337158203125 4.420218 1.5005008 1.702768 -0.07109238 1.6687722 16.283623 2.348867893218994 0.9375806450843811
Car 0.0 0 -2.31909441947937 861.781982421875 201.34442138671875 1242.0 375.0 3.9013991 1.4441266 1.604657 2.5185783 1.63891 2.9400132 -1.6107492446899414 0.8572725057601929
Car 0.0 0 -1.2793298959732056 324.2683410644531 165.7375946044922 357.636474609375 184.97154235839844 3.7036977 1.5621873 1.6273745 -22.539862 0.98454726 60.50162 -1.6359506845474243 0.5014065504074097
Car 0.0 0 -0.07568250596523285 458.490234375 160.6441192626953 535.6707153320312 191.0000762939453 3.9882603 1.580802 1.6638145 -6.133749 0.94532424 38.840332 -0.23231112957000732 0.45580580830574036
Car 0.0 0 -1.4158008098602295 183.6922607421875 157.43948364257812 227.8744354248047 188.7041778564453 3.875788 1.7306772 1.6683378 -23.525717 0.8777542 42.04546 -1.925931692123413 0.34598979353904724
Car 0.0 0 1.9541939496994019 175.51119995117188 161.77679443359375 226.25778198242188 186.53585815429688 3.864925 1.5729362 1.5987178 -27.096317 0.86956215 47.857075 1.4390039443969727 0.33296459913253784
Car 0.0 0 -1.9262117147445679 215.5823516845703 160.27023315429688 288.69207763671875 198.64767456054688 3.6404655 1.5531353 1.6482321 -15.471789 1.0442278 31.043945 -2.3885653018951416 0.32922878861427307
