Pedestrian 0.0 0 1.2664153575897217 756.0640258789062 156.35545349121094 774.7711791992188 193.96063232421875 0.65894765 1.7961547 0.7173056 7.4587502 1.0084844 34.821896 1.4774240255355835 0.5146664381027222
Pedestrian 0.0 0 3.1144533157348633 519.6295166015625 160.34266662597656 532.7739868164062 185.47288513183594 0.9348752 1.8159084 0.52973264 -6.123039 0.9121983 52.46443 2.9982705116271973 0.47359997034072876
Pedestrian 0.0 0 1.2819111347198486 822.6806030273438 137.7781219482422 861.98486328125 201.89112854003906 1.7427249 1.7563311 0.59280515 6.5758514 0.79580986 20.64026 1.5903376340866089 0.11460495740175247
Cyclist 0.0 0 1.3506309986114502 809.0558471679688 136.58909606933594 841.7735595703125 197.96762084960938 1.8344924 1.8148029 0.57513285 6.5808043 0.7429025 22.265722 1.6380072832107544 0.8687941431999207
Cyclist 0.0 0 1.6321409940719604 762.79833984375 138.4155731201172 777.7453002929688 180.59214782714844 1.5443488 1.843467 0.56296474 7.154113 0.33857965 32.35428 1.849757432937622 0.6941595077514648
Cyclist 0.0 0 1.1249946355819702 785.9066162109375 131.05474853515625 827.1361083984375 187.2649688720703 1.8257884 1.8203375 0.6084075 6.554719 0.46704942 24.316807 1.3882917165756226 0.5264187455177307
Cyclist 0.0 0 1.2742607593536377 825.1036987304688 128.26329040527344 866.15234375 195.18797302246094 1.7393897 1.8017211 0.61043304 6.556726 0.60162485 20.296665 1.58672297000885 0.35964182019233704
Car 0.0 0 -1.4796407222747803 550.3365478515625 177.80860900878906 582.223388671875 204.49554443359375 3.875152 1.5723449 1.6495851 -2.728949 1.896568 45.199577 -1.5399430990219116 0.8181971311569214
Car 0.0 0 -1.6426044702529907 664.6124877929688 178.57362365722656 718.4130249023438 224.33685302734375 3.9081018 1.5135498 1.6566105 2.8582191 1.7384402 26.339474 -1.5345127582550049 0.7636316418647766
Car 0.0 0 -1.6369200944900513 652.4911499023438 176.43797302246094 688.0770874023438 206.8269500732422 3.982983 1.4865122 1.5854617 3.0695293 1.6844312 37.767746 -1.5558245182037354 0.6556835174560547
Car 0.0 0 -1.1122488975524902 513.074951171875 161.76284790039062 557.69482421875 185.39324951171875 4.1538625 1.7081373 1.6817722 -5.6007075 0.9067651 54.393784 -1.214853286743164 0.4175751209259033
Car 0.0 0 -1.1283283233642578 501.3282775878906 168.09361267089844 537.380126953125 186.17494201660156 3.974212 1.5730016 1.6797106 -8.135518 1.1592255 64.91813 -1.2529981136322021 0.3241017758846283
