Pedestrian 0.0 0 0.08512425422668457 852.8678588867188 137.66201782226562 877.6153564453125 188.54466247558594 0.8127679 1.8426914 0.5877992 9.355444 0.5685879 26.562416 0.4237630367279053 0.5137062072753906
Pedestrian 0.0 0 1.8574862480163574 448.85125732421875 123.4373550415039 503.5670471191406 228.55960083007812 0.7289714 1.8128892 0.7855218 -2.4215794 0.9610305 12.842547 1.6711153984069824 0.4306436777114868
Cyclist 0.0 0 0.5848378539085388 1086.4412841796875 48.8746337890625 1226.4071044921875 178.77931213378906 1.6954173 1.8935763 0.6329303 8.53033 0.08672887 11.419642 1.2264081239700317 0.6620278358459473
Cyclist 0.0 0 1.6326318979263306 846.3611450195312 152.65203857421875 859.5521240234375 184.65467834472656 1.8686849 1.7211021 0.57684195 13.365604 0.6349981 39.775738 1.9568021297454834 0.5986459851264954
Car 0.0 0 -1.8872830867767334 796.4675903320312 173.96954345703125 997.82421875 294.64349365234375 3.4883444 1.3990812 1.5544482 3.7463224 1.4179006 10.166853 -1.534237265586853 0.9666497707366943
Car 0.0 0 -1.7724202871322632 760.4146728515625 174.16561889648438 881.9313354492188 253.41412353515625 4.1116757 1.4412174 1.6293497 4.2496233 1.4732172 15.296294 -1.5014338493347168 0.9047056436538696
Car 0.0 0 -1.6473031044006348 761.0487670898438 155.23387145996094 835.1327514648438 216.77537536621094 3.831225 1.5660462 1.7104677 5.1646485 1.118025 20.39171 -1.3992472887039185 0.7040836215019226
Car 0.0 0 -0.2715185582637787 844.6797485351562 153.74998474121094 937.8115234375 188.4893341064453 3.7460032 1.5697794 1.5921406 12.986421 0.7068777 33.576317 0.0975337028503418 0.40583139657974243
Car 0.0 0 -1.296654224395752 788.3085327148438 138.05572509765625 843.3602905273438 177.28866577148438 4.8690767 2.2099633 1.9242693 12.356042 0.25015935 43.21815 -1.0181834697723389 0.3709723651409149
Car 0.0 0 2.047799587249756 816.541259765625 162.6476593017578 868.8763427734375 186.2100372314453 4.0681434 1.501451 1.62755 15.477708 0.851436 47.985962 2.3598108291625977 0.3443717956542969
Car 0.0 0 -0.015333414077758789 766.8483276367188 161.78517150878906 857.2648315429688 200.23561096191406 3.6037335 1.5672238 1.6354468 8.499377 1.1164211 30.652855 0.25514984130859375 0.3197988271713257
