Pedestrian 0.0 0 -0.9677881598472595 540.1402587890625 484.4017333984375 593.7427978515625 571.39453125 1.1394502 2.2079651 0.8710877 -6.4577417 2.0276244 32.838863 -1.1619598865509033 0.34814465045928955
Pedestrian 0.0 0 -3.0049731731414795 1071.84912109375 505.5494689941406 1095.2337646484375 542.2953491210938 1.1415597 1.9432658 0.70327413 14.330845 2.7019403 67.897316 -2.79695987701416 0.27926650643348694
Pedestrian 0.0 0 -2.109445333480835 1396.7308349609375 509.4005432128906 1442.3529052734375 575.600830078125 1.2839755 2.1183329 0.8074166 19.790213 2.71521 41.56709 -1.6650975942611694 0.2551287114620209
Pedestrian 0.0 0 0.27250468730926514 747.1428833007812 504.12005615234375 769.8360595703125 541.0588989257812 1.0254369 1.8940824 0.7005754 -2.9956517 2.5530307 65.70561 0.2269442081451416 0.19204916059970856
Pedestrian 0.0 0 -3.133057117462158 999.4906005859375 491.2674865722656 1045.5140380859375 580.5379638671875 0.987867 1.935417 0.7370216 4.545705 1.9302224 27.90317 -2.9715657234191895 0.17793668806552887
Pedestrian 0.0 0 0.039196982979774475 554.3400268554688 500.0189514160156 580.6354370117188 543.5780639648438 1.1364756 1.9432479 0.711215 -11.213852 2.3300319 57.10759 -0.15469960868358612 0.15933431684970856
Pedestrian 0.0 0 -1.3977195024490356 936.528076171875 488.5469970703125 985.6141967773438 585.54638671875 1.3714864 2.181976 0.9041963 3.3574376 2.1153898 29.273481 -1.2835263013839722 0.15397922694683075
Cyclist 0.0 0 -1.181913137435913 892.1239013671875 508.3063049316406 924.6867065429688 560.6310424804688 1.8372099 2.0869317 0.6912251 3.8001084 2.7911768 52.1134 -1.1091220378875732 0.4594183564186096
Cyclist 0.0 0 -1.1626551151275635 933.6321411132812 501.7968444824219 988.8442993164062 594.49609375 1.9156715 2.3097222 0.7182021 3.7675095 2.5843246 32.78771 -1.048250675201416 0.4151792824268341
Cyclist 0.0 0 -1.5043047666549683 1064.28759765625 375.0779113769531 1302.9844970703125 652.6973876953125 2.5124137 3.400033 2.904904 5.0291214 1.9741136 17.189074 -1.2196722030639648 0.19676940143108368
Car 0.0 0 0.9314271211624146 1477.5196533203125 519.4103393554688 1600.0 588.0005493164062 3.924795 1.6561513 1.6174662 19.89548 2.456442 34.28065 1.457288146018982 0.3502139747142792
Car 0.0 0 -2.061117172241211 1119.274658203125 514.4822998046875 1187.607177734375 547.33203125 4.0570073 1.5237559 1.6102104 16.970518 2.722596 63.92231 -1.801616907119751 0.3247983455657959
Car 0.0 0 0.9994064569473267 1270.9532470703125 513.51513671875 1394.7161865234375 570.925537109375 4.496403 1.717129 1.6253594 17.050291 2.4888406 42.04714 1.3846487998962402 0.2838655412197113
Car 0.0 0 -1.9461008310317993 1580.2222900390625 523.8660888671875 1600.0 592.7575073242188 3.7501864 1.6062329 1.6721821 21.808418 2.5112953 33.415817 -1.3678736686706543 0.2677564024925232
Car 0.0 0 1.0848159790039062 1209.223876953125 518.1066284179688 1424.3414306640625 638.5733032226562 4.524491 1.8747472 1.7106799 8.943632 2.4090247 23.090902 1.4543461799621582 0.2530323266983032
Car 0.0 0 -1.4103317260742188 472.3009033203125 509.31207275390625 577.97119140625 590.7398071289062 4.1849174 1.6372895 1.662104 -6.4717474 2.0686405 28.54047 -1.6333177089691162 0.2427028864622116
Car 0.0 0 -2.0932750701904297 1237.4642333984375 514.437744140625 1351.290771484375 570.1636352539062 3.9626312 1.5923116 1.5926546 15.014057 2.3540788 39.986485 -1.734085202217102 0.21198689937591553
Car 0.0 0 -2.1044921875 1283.6905517578125 513.46240234375 1357.85693359375 545.9690551757812 4.1582823 1.5247076 1.6179923 25.648031 2.6811063 64.5237 -1.7261446714401245 0.2095043957233429
Car 0.0 0 -2.433530330657959 1416.5286865234375 508.0453186035156 1600.0 608.5316772460938 4.278517 1.670657 1.6433693 13.741937 2.0153046 24.10031 -1.9153127670288086 0.19444498419761658
Car 0.0 0 -1.2053451538085938 403.08880615234375 508.8360900878906 521.801025390625 579.1953735351562 3.756252 1.587984 1.5985941 -8.712995 2.0454588 31.48682 -1.4753086566925049 0.1812538355588913
Car 0.0 0 -1.284736156463623 142.5765380859375 506.9284973144531 265.25177001953125 578.9732666015625 3.9501312 1.5418384 1.5617712 -14.4373865 1.9332262 30.066046 -1.7324098348617554 0.16373157501220703
Car 0.0 0 -1.7180027961730957 747.96240234375 514.1800537109375 792.1707153320312 545.981201171875 4.106496 1.4570271 1.6207631 -2.3411758 2.6287436 63.280106 -1.7549829483032227 0.16099832952022552
Car 0.0 0 -1.8398736715316772 919.2444458007812 512.9869384765625 974.07080078125 548.3698120117188 3.9024098 1.5421892 1.5908328 6.113173 2.5905082 59.750805 -1.7379173040390015 0.15457087755203247
