Pedestrian 0.0 0 -1.201256513595581 338.566650390625 513.5422973632812 420.887939453125 638.7356567382812 1.1771123 1.9524289 0.8989451 -7.0715537 2.3208497 20.568653 -1.5323995351791382 0.24851182103157043
Pedestrian 0.0 0 -0.39089691638946533 559.6207885742188 477.8160095214844 615.4597778320312 581.6287841796875 0.9049926 2.0645535 0.7350817 -4.6501727 1.7922752 25.739143 -0.5696343183517456 0.19986164569854736
Pedestrian 0.0 0 3.1707637310028076 674.5169067382812 491.59564208984375 706.2982788085938 555.2030639648438 1.0140964 2.0619297 0.7390018 -4.1151094 2.0648575 41.45787 3.0718278884887695 0.19617947936058044
Pedestrian 0.0 0 -1.2748466730117798 677.0048217773438 498.8416748046875 718.7192993164062 587.7767333984375 0.9875341 1.9765462 0.6858076 -2.6848805 2.146485 28.789541 -1.367836594581604 0.1880137324333191
Pedestrian 0.0 0 -2.951936960220337 938.4234008789062 494.2807922363281 967.6593017578125 553.1300048828125 0.7945181 1.8423547 0.7511501 4.340897 1.9313694 40.167194 -2.8442840576171875 0.183197021484375
Pedestrian 0.0 0 0.05835616588592529 440.1773376464844 482.7378845214844 480.06988525390625 557.1967163085938 0.98622406 1.9587184 0.66114444 -9.482452 1.7280357 33.74283 -0.21559929847717285 0.15524530410766602
Pedestrian 0.0 0 -1.3246510028839111 993.7246704101562 500.382080078125 1018.4794311523438 550.001220703125 1.1614416 1.9797809 0.73359966 7.7160015 2.3450766 51.448826 -1.1757862567901611 0.1544521600008011
Pedestrian 0.0 0 -0.5950498580932617 913.3442993164062 493.46612548828125 960.7600708007812 568.4415283203125 1.0779184 2.0357604 0.734574 3.3366895 2.090797 34.997314 -0.4999958872795105 0.1527331918478012
Pedestrian 0.0 0 -1.3015004396438599 938.2262573242188 490.18316650390625 981.2621459960938 604.4429321289062 1.2139722 2.4434483 0.63721865 3.15308 2.4151356 27.764389 -1.1884193420410156 0.14677570760250092
Pedestrian 0.0 0 -0.36994296312332153 600.251708984375 484.01153564453125 651.9058227539062 581.9163818359375 0.8612299 1.9999058 0.7239103 -3.966314 1.8467942 26.397045 -0.5190832614898682 0.14211179316043854
Pedestrian 0.0 0 -2.9565279483795166 804.8162841796875 491.53759765625 835.7877807617188 546.3864135742188 0.9436893 1.8862039 0.81176496 0.14410944 1.8872776 44.03861 -2.9532556533813477 0.12624117732048035
Pedestrian 0.0 0 -3.2313051223754883 1205.2349853515625 491.3979797363281 1253.5645751953125 571.6766967773438 1.1532353 2.088183 0.7102899 10.892165 2.0853443 33.41663 -2.9162137508392334 0.11989905685186386
Pedestrian 0.0 0 -0.2609926164150238 584.1652221679688 484.5718688964844 634.4702758789062 575.701416015625 1.0226324 2.1137574 0.7151336 -4.8900948 1.9528948 29.910614 -0.4230491816997528 0.11691597104072571
Pedestrian 0.0 0 -1.8579531908035278 700.9922485351562 488.3367919921875 728.7537231445312 553.8928833007812 0.83504397 2.0527647 0.6684815 -3.2187254 1.9534929 40.165134 -1.9379196166992188 0.11071018129587173
Pedestrian 0.0 0 0.18722091615200043 319.9941101074219 482.619384765625 387.73492431640625 596.7340087890625 1.0351942 2.0486898 0.80073464 -8.463481 1.8891298 23.214655 -0.16237877309322357 0.10764754563570023
Pedestrian 0.0 0 -1.792077660560608 1263.4268798828125 469.92578125 1315.617431640625 588.0509643554688 1.4454689 2.2132528 0.6430396 9.135356 1.8088948 24.487837 -1.435011625289917 0.1009768471121788
Cyclist 0.0 0 -1.1291124820709229 990.3696899414062 491.9072265625 1042.9068603515625 591.7023315429688 1.6035244 2.2365844 0.56530285 4.632132 2.2460742 29.21079 -0.9718458652496338 0.33588191866874695
Cyclist 0.0 0 -1.0851359367370605 925.48681640625 498.0957336425781 975.0350952148438 572.0973510742188 1.5569562 2.0001261 0.72781813 3.7361262 2.1878285 35.229282 -0.9794790744781494 0.3132171928882599
Cyclist 0.0 0 -1.7180312871932983 1237.650390625 494.03411865234375 1284.8076171875 581.9800415039062 2.2240636 2.0451815 0.7584819 10.758264 2.1087248 30.681023 -1.3807785511016846 0.2934476435184479
Car 0.0 0 1.4039807319641113 711.649169921875 507.9111022949219 789.55322265625 568.124267578125 4.0613356 1.6223874 1.6443089 -1.997855 2.1356208 37.461185 1.3506999015808105 0.2146957963705063
Car 0.0 0 -1.259366750717163 320.8511047363281 515.5393676757812 424.9183654785156 577.378662109375 3.8075533 1.5518498 1.6355566 -12.243775 2.2562497 35.197063 -1.5941369533538818 0.12502630054950714
Car 0.0 0 -1.2265597581863403 752.4598388671875 510.7404479980469 841.9318237304688 564.8803100585938 4.0412283 1.598051 1.630817 -0.5608118 2.2553337 41.10278 -1.2402030229568481 0.12265032529830933
Car 0.0 0 1.0160536766052246 1201.81201171875 512.6570434570312 1360.6409912109375 595.4658203125 3.8723512 1.7405668 1.711523 10.813545 2.2719316 29.746807 1.3647215366363525 0.11466511338949203
Car 0.0 0 -1.2198705673217773 545.7166137695312 512.0660400390625 628.8348999023438 566.859619140625 3.7866611 1.7189047 1.5830477 -7.760332 2.4532151 43.23157 -1.3974851369857788 0.11110051721334457
Car 0.0 0 -1.1907974481582642 332.2998962402344 474.2704162597656 589.9048461914062 639.75048828125 4.4499617 1.9113518 1.751507 -4.5367017 1.7122624 16.940367 -1.45246160030365 0.10387501865625381
Car 0.0 0 -1.17083740234375 290.815185546875 500.78350830078125 425.0709228515625 571.0576171875 3.9717524 1.5573958 1.626146 -10.982286 1.7966099 30.62947 -1.5151113271713257 0.10171546787023544
Car 0.0 0 -1.309388279914856 141.5680389404297 501.35540771484375 331.43109130859375 635.5040893554688 3.7392406 1.733849 1.6071323 -8.381998 1.8940997 18.632542 -1.7321240901947021 0.1016753613948822
