Cyclist 0.0 0 1.4691095352172852 754.4800415039062 156.14605712890625 765.5181884765625 185.4810791015625 1.7475532 1.7520072 0.48140767 9.104551 0.75449914 43.984234 1.6732226610183716 0.21007555723190308
Cyclist 0.0 0 -1.825300693511963 729.5471801757812 165.806640625 744.1328125 192.4644317626953 1.684233 1.7575784 0.55604553 8.475696 1.2932959 48.430946 -1.6520494222640991 0.12340668588876724
Cyclist 0.0 0 -1.9900925159454346 857.48095703125 162.4740753173828 890.1123657226562 209.85202026367188 1.6741265 1.6545651 0.46109328 9.461272 1.2924284 26.04658 -1.6416678428649902 0.12328442931175232
Cyclist 0.0 0 1.2458583116531372 1098.5130615234375 163.16668701171875 1161.3480224609375 259.8557434082031 1.3812624 1.6661534 0.5107342 9.405342 1.4995788 13.165905 1.8661643266677856 0.12000280618667603
Cyclist 0.0 0 -2.0236454010009766 780.7057495117188 160.89454650878906 806.9508666992188 198.81402587890625 1.6419424 1.7234724 0.5171415 8.520384 1.1802633 33.64816 -1.7756385803222656 0.11143330484628677
Cyclist 0.0 0 1.4458236694335938 843.124267578125 154.72886657714844 862.666259765625 201.1509552001953 1.5389544 1.7491796 0.5274367 9.370037 1.0665848 27.991047 1.7688498497009277 0.10113336145877838
Car 0.0 0 1.8731493949890137 321.58990478515625 187.71546936035156 374.9121398925781 217.32559204101562 4.1532717 1.5036391 1.6781504 -14.784084 2.389354 40.870052 1.526059627532959 0.7547487616539001
Car 0.0 0 2.0691118240356445 294.1725769042969 194.0690460205078 341.24420166015625 216.15467834472656 3.925662 1.5270175 1.7105907 -22.597258 3.23024 55.865498 1.6847374439239502 0.18393641710281372
Car 0.0 0 -1.727460503578186 798.8351440429688 169.11404418945312 841.5867309570312 199.54684448242188 3.4170916 1.4941516 1.5946103 10.75317 1.3108896 37.2168 -1.4461873769760132 0.17628523707389832
Car 0.0 0 1.5146393775939941 475.18475341796875 186.18377685546875 505.03173828125 212.2458038330078 4.1308784 1.5142514 1.6547037 -7.7738423 2.4117875 46.364296 1.3485158681869507 0.13613738119602203
Car 0.0 0 -0.31911009550094604 747.3915405273438 158.27210998535156 818.9921875 183.57662963867188 3.9623058 1.5163856 1.5999087 10.546189 0.64291704 44.20081 -0.0848919227719307 0.12588466703891754
Car 0.0 0 0.5254132151603699 99.01349639892578 181.65074157714844 182.0740966796875 208.74325561523438 3.9401708 1.5890771 1.6393635 -28.502035 2.1350894 43.83437 -0.05111749470233917 0.11845866590738297
Car 0.0 0 -1.8731008768081665 910.0961303710938 173.90719604492188 970.708251953125 207.28297424316406 3.6674647 1.4619777 1.5362409 15.285197 1.5142356 33.63878 -1.4466004371643066 0.11289490759372711
Car 0.0 0 2.646965980529785 0.0 208.51806640625 93.30422973632812 250.20895385742188 3.3781285 1.4905133 1.7003593 -24.496014 3.112128 30.910192 1.9768211841583252 0.1051703691482544
