Pedestrian 0.0 0 -2.0251364707946777 948.3485107421875 505.07086181640625 979.0006713867188 547.6419677734375 1.3742915 2.117146 1.0498471 7.48187 2.8149297 64.32799 -1.909348487854004 0.2502436339855194
Pedestrian 0.0 0 -2.9611449241638184 1089.2889404296875 479.7596435546875 1124.14208984375 549.9909057617188 0.79972595 1.8476274 0.6651036 7.7493668 1.5385792 33.78003 -2.735640048980713 0.21833324432373047
Pedestrian 0.0 0 -1.5779095888137817 16.9112491607666 463.2889404296875 79.82530212402344 624.0581665039062 1.0100385 2.1754837 0.7361851 -10.768166 1.7936435 17.759844 -2.1229639053344727 0.16512176394462585
Pedestrian 0.0 0 -0.5495700240135193 850.52587890625 466.26068115234375 908.7078247070312 645.5919189453125 0.6030309 2.7139452 0.74024105 0.97805214 2.331874 19.634922 -0.49979931116104126 0.15784065425395966
Pedestrian 0.0 0 -2.803166627883911 852.0629272460938 497.2866516113281 875.3782348632812 539.552734375 0.890319 1.9183283 0.6897128 2.1783254 2.18567 58.095467 -2.76568865776062 0.12150125205516815
Cyclist 0.0 0 -1.4028611183166504 606.7183837890625 492.60986328125 630.098388671875 544.1832275390625 1.8322767 2.0248058 0.62669665 -7.9095597 2.0697389 50.679928 -1.5576810836791992 0.18644650280475616
Cyclist 0.0 0 -1.1983518600463867 656.8776245117188 500.8399963378906 688.9607543945312 551.472900390625 1.3901235 1.8926148 0.7645709 -5.4702406 2.2549126 48.39143 -1.3109155893325806 0.1440620720386505
Car 0.0 0 -1.7165104150772095 797.8687744140625 519.8887329101562 908.2548217773438 623.1395263671875 4.1387033 1.7344661 1.545468 0.62927544 2.333926 24.601418 -1.6909371614456177 0.2242830991744995
Car 0.0 0 -1.808576226234436 942.8907470703125 516.9287719726562 998.9140014648438 556.9949951171875 4.277643 1.719887 1.6442169 7.208141 2.956831 59.399925 -1.6878173351287842 0.22077436745166779
Car 0.0 0 1.0956023931503296 930.0175170898438 510.6104736328125 1054.0960693359375 583.2659912109375 3.9648154 1.7272276 1.5939906 4.552587 2.2627044 33.36355 1.231218695640564 0.22031202912330627
Car 0.0 0 -1.1301637887954712 497.12933349609375 508.06658935546875 592.7487182617188 568.6203002929688 3.3497298 1.6743603 1.5026392 -8.044751 2.1922712 37.80567 -1.3398287296295166 0.21759238839149475
Car 0.0 0 -2.268876314163208 1177.01220703125 516.7200927734375 1259.51416015625 551.0406494140625 4.218852 1.5827967 1.6451 20.260262 2.9019194 63.99422 -1.9622650146484375 0.2153170108795166
Car 0.0 0 -1.4490630626678467 812.10888671875 514.39501953125 880.9048461914062 571.0902709960938 4.046191 1.5504043 1.6041971 0.96955633 2.2838047 38.46121 -1.423859715461731 0.2148648202419281
Car 0.0 0 -1.7840213775634766 775.8753051757812 507.9372253417969 839.8319091796875 554.0977783203125 4.048664 1.6222641 1.6099423 -0.36557212 2.275381 48.18999 -1.7916072607040405 0.20504693686962128
Car 0.0 0 -0.2641940116882324 527.21240234375 515.561279296875 700.0068969726562 579.7078857421875 4.37947 1.6048039 1.646758 -5.5217795 2.292718 34.568626 -0.4225897490978241 0.18739207088947296
Car 0.0 0 -1.3914868831634521 631.064697265625 502.51904296875 752.938720703125 598.84130859375 4.21842 1.6684387 1.6146771 -2.3163111 1.9012417 24.60282 -1.4853583574295044 0.17239637672901154
Car 0.0 0 -1.844078540802002 1002.2011108398438 515.2467041015625 1063.0885009765625 555.1567993164062 4.509294 1.7616398 1.7354845 10.3721 2.9490113 61.00859 -1.6756781339645386 0.15900185704231262
Car 0.0 0 -2.0285394191741943 1092.4776611328125 518.908935546875 1161.0572509765625 555.0781860351562 3.9905467 1.6069502 1.6441246 15.058181 2.9860744 61.612286 -1.788836121559143 0.15860237181186676
Car 0.0 0 -1.7480900287628174 727.7111206054688 511.8946533203125 786.4076538085938 556.1446533203125 4.3508387 1.6752288 1.6806481 -2.4936376 2.5556183 52.37919 -1.7956615686416626 0.14559191465377808
Car 0.0 0 -1.6963162422180176 1052.993896484375 513.5585327148438 1100.6346435546875 551.3634643554688 4.378169 1.6700367 1.7033535 12.469417 2.768108 60.814426 -1.4940788745880127 0.13125918805599213
Car 0.0 0 -1.3527768850326538 894.966552734375 516.9601440429688 946.976318359375 555.9400634765625 4.1067257 1.6497989 1.5466444 4.8846846 2.8726163 58.651 -1.2696847915649414 0.12644846737384796
Car 0.0 0 -0.8778742551803589 0.0 506.5108337402344 50.171932220458984 589.0143432617188 3.0520864 1.5761634 1.5781721 -17.761902 1.9075296 26.37218 -1.4705989360809326 0.12423606216907501
