Pedestrian 0.0 0 -0.6300852298736572 102.15972900390625 499.642578125 180.56256103515625 579.5523071289062 1.6774366 2.1350465 0.94433063 -18.63152 2.366011 34.99271 -1.1193468570709229 0.21623075008392334
Pedestrian 0.0 0 0.2018873691558838 929.263916015625 500.2734069824219 963.9893188476562 559.3626708984375 1.0983579 2.0631332 0.7396172 4.6232285 2.377442 44.888676 0.3045186996459961 0.2030084878206253
Pedestrian 0.0 0 -0.3498457074165344 1587.8717041015625 508.67010498046875 1600.0 549.7376708984375 0.9964765 1.8915408 0.7101613 36.731167 2.699329 59.155243 0.20582032203674316 0.19268180429935455
Pedestrian 0.0 0 -3.1813580989837646 985.8613891601562 493.8111572265625 1019.1915283203125 570.381591796875 0.9314864 2.2038794 0.7536741 5.4215326 2.2717865 36.9001 -3.0354771614074707 0.1860160529613495
Pedestrian 0.0 0 -1.4756793975830078 387.9691467285156 472.8485412597656 446.8002624511719 566.508544921875 1.368578 1.9804446 1.0954442 -8.662874 1.5859091 27.56164 -1.7802115678787231 0.17616476118564606
Pedestrian 0.0 0 -2.10518217086792 1145.0203857421875 488.5743713378906 1194.073974609375 596.7501220703125 0.72211957 1.9083786 0.55940276 6.344554 1.856642 22.762737 -1.8333556652069092 0.17239132523536682
Pedestrian 0.0 0 2.6444385051727295 974.705078125 503.1349182128906 1003.750244140625 546.1358032226562 1.1215303 1.9415797 0.696055 7.91831 2.4788222 57.988518 2.78014874458313 0.1640641838312149
Pedestrian 0.0 0 -0.9812114238739014 306.9102478027344 473.46990966796875 373.35968017578125 571.9874877929688 1.4860635 2.2374349 0.7527575 -11.10102 1.8277926 29.570997 -1.3403347730636597 0.14619462192058563
Pedestrian 0.0 0 -0.19184505939483643 1008.0578002929688 500.76544189453125 1029.017333984375 540.2015991210938 0.8781239 1.8793154 0.6975944 9.721637 2.3270788 60.88454 -0.03350835293531418 0.14353707432746887
Pedestrian 0.0 0 -3.347442865371704 1296.49462890625 502.32025146484375 1352.4046630859375 590.3844604492188 1.1254909 2.079226 0.7154181 12.213566 2.3431659 30.46161 -2.966118335723877 0.13132378458976746
Pedestrian 0.0 0 -3.3571038246154785 1212.37109375 503.35638427734375 1238.24462890625 548.3101806640625 0.88573325 1.8306249 0.69634527 16.8452 2.3223636 52.166153 -3.044759511947632 0.12298361212015152
Pedestrian 0.0 0 0.30579593777656555 10.43770694732666 477.7012939453125 87.45779418945312 595.0543212890625 0.9958611 2.0230818 0.69577634 -13.490261 1.7850796 22.287785 -0.23849394917488098 0.12000489234924316
Pedestrian 0.0 0 -1.5847457647323608 1256.2320556640625 496.51141357421875 1281.0927734375 571.1819458007812 1.2893205 2.060349 0.6428142 12.764946 2.2044518 35.753292 -1.2418231964111328 0.1133369505405426
Cyclist 0.0 0 -1.38319730758667 961.2459106445312 502.7135925292969 983.9273681640625 547.2216186523438 1.5970755 1.969962 0.7345499 7.0865765 2.485302 57.364616 -1.260284423828125 0.24822957813739777
Cyclist 0.0 0 -1.2645586729049683 926.8375244140625 494.0713195800781 954.71630859375 546.218505859375 1.4376261 2.082879 0.7278786 5.065728 2.188717 51.466682 -1.166447401046753 0.20860740542411804
Car 0.0 0 -1.8824602365493774 946.1643676757812 509.60931396484375 1032.6085205078125 564.6929931640625 4.174168 1.695903 1.6795075 5.763863 2.336886 42.6402 -1.7481002807617188 0.3140767514705658
Car 0.0 0 1.8290475606918335 173.8806610107422 522.1073608398438 313.2606201171875 615.00244140625 4.1197467 1.7276742 1.714939 -12.160597 2.436296 27.155277 1.408010482788086 0.18730059266090393
Car 0.0 0 -2.029453754425049 995.9004516601562 512.1976318359375 1073.1141357421875 551.7863159179688 4.042763 1.5551708 1.6318578 9.286062 2.4759302 54.18733 -1.8597328662872314 0.18553031980991364
Car 0.0 0 -2.0194013118743896 968.9696655273438 514.4204711914062 1056.3597412109375 560.2373046875 4.2160635 1.5911298 1.6361376 7.4586515 2.5092742 48.49062 -1.8667809963226318 0.1787433922290802
Car 0.0 0 -1.1682573556900024 0.0 506.7986755371094 14.501429557800293 576.336669921875 3.8801243 1.6315061 1.627202 -22.411716 2.0510373 32.682274 -1.7693521976470947 0.1702866107225418
Car 0.0 0 -2.242260217666626 1365.8946533203125 507.8132629394531 1516.889404296875 570.472412109375 4.0768666 1.6025723 1.6262665 17.504852 2.089884 35.68193 -1.7861766815185547 0.1597013771533966
Car 0.0 0 -2.4107794761657715 1463.39208984375 514.6373901367188 1600.0 574.7528686523438 3.6666849 1.6056706 1.5400671 21.154568 2.3237898 37.33494 -1.8952689170837402 0.1429566890001297
Car 0.0 0 -1.7123035192489624 912.3705444335938 507.45855712890625 990.5934448242188 570.4725341796875 4.3008394 1.6362553 1.6237324 3.7960553 2.1192467 36.166595 -1.6077262163162231 0.13537050783634186
Car 0.0 0 0.9532153606414795 1033.7283935546875 512.895751953125 1172.012939453125 581.4025268554688 3.8953059 1.6251673 1.5981559 7.4917507 2.2258735 33.462505 1.1734682321548462 0.13056549429893494
Car 0.0 0 -1.6664494276046753 1115.177490234375 515.0191650390625 1171.889892578125 561.743408203125 3.7973013 1.5532023 1.6410645 11.872801 2.446604 46.117504 -1.4144744873046875 0.12404069304466248
Car 0.0 0 -1.4593435525894165 677.858642578125 498.9601135253906 732.3298950195312 546.3757934570312 3.882432 1.6872756 1.6163855 -4.1409707 1.979195 47.64213 -1.546043872833252 0.11917553842067719
Car 0.0 0 1.3169922828674316 1030.8489990234375 506.95654296875 1108.94580078125 558.7674560546875 3.8699002 1.5972818 1.6277968 8.393609 2.13624 42.200855 1.5133267641067505 0.11807209998369217
Car 0.0 0 -0.6372325420379639 89.76066589355469 516.867919921875 279.9647216796875 605.2781372070312 3.6952837 1.8423423 1.68772 -14.655069 2.4754071 29.58358 -1.0971760749816895 0.11686308681964874
Car 0.0 0 1.5486047267913818 986.7948608398438 515.1458740234375 1044.384033203125 576.7880249023438 4.148089 1.6898923 1.6345781 6.016936 2.449702 38.541885 1.703468918800354 0.11624506115913391
