Cyclist 0.0 0 -2.5774221420288086 658.3757934570312 142.39999389648438 690.646484375 179.51182556152344 1.558627 1.8203373 0.559113 3.3216443 -0.29140103 36.167103 -2.485837459564209 0.6081331372261047
Cyclist 0.0 0 -2.071709394454956 639.4608154296875 145.18406677246094 666.088134765625 179.7579803466797 1.801136 1.7744727 0.6185355 2.3458087 -0.2956229 38.136227 -2.0102756023406982 0.4874347746372223
Car 0.0 0 -1.5190304517745972 429.4233703613281 180.95889282226562 490.8680725097656 233.7572021484375 3.3633823 1.5343789 1.7255245 -4.6231666 1.4118026 22.678335 -1.7201331853866577 0.9625471234321594
Car 0.0 0 -1.6669224500656128 530.4451293945312 177.0996551513672 602.1393432617188 238.31199645996094 3.725186 1.6142603 1.7102169 -1.3358245 1.4013596 20.928486 -1.7306640148162842 0.9476938843727112
Car 0.0 0 -1.1356050968170166 0.0 192.8018341064453 226.30101013183594 322.8101806640625 3.767736 1.4214848 1.545431 -6.9029655 1.549912 10.073224 -1.7363824844360352 0.9327844381332397
Car 0.0 0 -1.3027716875076294 208.5658416748047 186.48049926757812 328.90509033203125 253.3397979736328 4.526488 1.527534 1.6990862 -8.753407 1.5660688 18.882223 -1.7368605136871338 0.9187493920326233
Car 0.0 0 -1.3713542222976685 328.947998046875 185.68893432617188 389.2005310058594 222.77212524414062 4.0363526 1.4598529 1.6435047 -10.485695 1.4824264 30.45807 -1.7029122114181519 0.9088321328163147
Car 0.0 0 -1.2680809497833252 202.18580627441406 168.4276885986328 279.48638916015625 206.57785034179688 4.001946 1.435884 1.6729237 -14.811685 0.8051535 29.164574 -1.7380012273788452 0.7823869585990906
Car 0.0 0 -1.179768443107605 103.63207244873047 186.9381866455078 229.8974151611328 242.3260955810547 3.9528193 1.3935112 1.6439943 -12.31128 1.4482536 20.290615 -1.7251346111297607 0.6624315977096558
Car 0.0 0 -1.7509351968765259 495.91864013671875 184.5822296142578 525.0519409179688 203.2477264404297 4.060516 1.4796692 1.6705395 -8.0546 1.4305841 59.171257 -1.8862271308898926 0.5710781216621399
Car 0.0 0 1.6877219676971436 370.6291198730469 179.6931915283203 409.42596435546875 207.9031219482422 4.001443 1.4635229 1.5800437 -11.906447 1.178148 39.39862 1.3942437171936035 0.5534396171569824
