Pedestrian 0.0 0 -2.7967793941497803 948.1119995117188 467.41912841796875 1000.9878540039062 557.680908203125 1.0801868 2.0070727 0.50130606 3.5776322 1.4714497 28.627981 -2.6724541187286377 0.1892506331205368
Pedestrian 0.0 0 -3.4270975589752197 1189.016357421875 499.609375 1229.7100830078125 561.3002319335938 1.1423535 2.066745 0.78619665 13.320394 2.3440022 42.934406 -3.1262638568878174 0.15392881631851196
Cyclist 0.0 0 -1.0435510873794556 557.187255859375 467.20452880859375 642.8171997070312 589.3870849609375 2.0530138 2.2935355 0.7202124 -4.2171054 1.8373432 24.85998 -1.2115857601165771 0.4073445200920105
Cyclist 0.0 0 -1.191885232925415 491.7795715332031 490.26580810546875 549.5148315429688 602.4608154296875 1.3500905 2.3287401 0.7526181 -6.2909465 2.3029764 27.009716 -1.4207196235656738 0.15600699186325073
Car 0.0 0 -1.4493613243103027 574.4290771484375 514.6377563476562 645.0422973632812 574.656005859375 4.0127225 1.6171309 1.5962943 -6.0959215 2.3433871 37.727234 -1.6095556020736694 0.2532675266265869
Car 0.0 0 -1.4618929624557495 635.7648315429688 516.0840454101562 706.9909057617188 578.58544921875 4.1270227 1.6624057 1.6436116 -4.217969 2.4278405 37.37545 -1.5742714405059814 0.2476717084646225
Car 0.0 0 1.0631632804870605 1101.040283203125 521.1958618164062 1408.9178466796875 691.71484375 4.222024 1.6846145 1.6871836 5.143341 2.1007533 15.519654 1.3831802606582642 0.24470481276512146
Car 0.0 0 -2.0157523155212402 1317.61279296875 520.0404052734375 1435.123779296875 581.7583618164062 3.7953284 1.5880898 1.5953897 15.960623 2.4488835 36.284195 -1.6013476848602295 0.23729728162288666
Car 0.0 0 -2.1711671352386475 1215.360107421875 516.9203491210938 1344.81494140625 576.2941284179688 3.952525 1.5613422 1.6187203 13.547487 2.3508723 37.22914 -1.822167992591858 0.23675081133842468
Car 0.0 0 -2.361121654510498 1485.34130859375 514.3079833984375 1600.0 578.1467895507812 4.0982466 1.6390685 1.6448708 21.41569 2.3315494 36.271263 -1.8277676105499268 0.2260289341211319
Car 0.0 0 -1.3075933456420898 441.5469055175781 513.5880737304688 528.6870727539062 574.2251586914062 3.837133 1.6751117 1.6020911 -9.952626 2.3767107 38.3133 -1.5617454051971436 0.21892902255058289
Car 0.0 0 1.4541738033294678 388.1208190917969 571.9472045898438 563.1007690429688 707.3850708007812 4.4371204 1.2029915 1.6582377 -4.5394793 2.3968565 16.428278 1.184579849243164 0.1981838196516037
Car 0.0 0 -1.3960905075073242 156.67776489257812 503.3787536621094 249.74090576171875 568.7587280273438 3.8703215 1.6111878 1.5968541 -16.40344 1.9498044 34.043034 -1.8451083898544312 0.15905994176864624
Car 0.0 0 -1.7093055248260498 1022.3818969726562 506.80126953125 1089.96875 557.7634887695312 4.0893855 1.5667409 1.6626774 7.9510846 2.1023076 42.26507 -1.5233546495437622 0.15390487015247345
Car 0.0 0 -1.6914703845977783 741.7017211914062 513.3057861328125 813.3955688476562 574.2615966796875 4.4336944 1.6507907 1.6371876 -1.2284853 2.3493624 38.26861 -1.7235610485076904 0.15167756378650665
Car 0.0 0 -1.3698402643203735 317.9581298828125 509.1531982421875 392.9096374511719 562.6641235351562 3.5726926 1.5687245 1.5526186 -14.589844 2.155732 40.247345 -1.7176111936569214 0.1400027871131897
Car 0.0 0 -0.8667481541633606 0.0 502.9685363769531 40.092079162597656 633.814697265625 4.135278 1.6569457 1.5979493 -13.532464 1.843831 18.529104 -1.497544765472412 0.13356024026870728
Car 0.0 0 -2.198166847229004 1315.62451171875 506.2269592285156 1600.0 681.6771850585938 3.6895003 1.6211443 1.6047277 7.2482824 1.8061199 13.970974 -1.7195847034454346 0.12776030600070953
Car 0.0 0 -1.103807806968689 328.4747009277344 511.7569885253906 442.5514831542969 571.5446166992188 4.00441 1.6285511 1.6049223 -12.844467 2.269835 38.010296 -1.4296813011169434 0.12680315971374512
