Pedestrian 0.0 0 -3.1183810234069824 592.8126220703125 173.6578369140625 608.0855102539062 207.02188110351562 0.76191586 1.6817095 0.76478094 -0.52014464 1.7234646 36.770664 -3.132525682449341 0.6222379803657532
Pedestrian 0.0 0 2.730975866317749 785.3278198242188 105.89469909667969 848.0982666015625 218.54605102539062 0.8071799 1.7978897 0.63177633 3.3406687 0.72959256 11.880702 3.005082607269287 0.5396971702575684
Pedestrian 0.0 0 -3.0884287357330322 699.8033447265625 174.46522521972656 733.8133544921875 239.71461486816406 0.9287368 1.8187405 0.55058855 2.990138 1.8656628 20.488304 -2.9435081481933594 0.5378481149673462
Pedestrian 0.0 0 -3.8045639991760254 1166.710205078125 63.515968322753906 1242.0 251.73330688476562 0.6331051 1.753102 0.55671823 5.883012 0.7350589 7.00723 -3.1061604022979736 0.49910664558410645
Pedestrian 0.0 0 2.0052592754364014 381.31109619140625 129.81057739257812 421.52850341796875 196.00086975097656 1.0123962 1.8215405 0.7368309 -5.9357824 0.63735396 20.409775 1.722236156463623 0.4749961197376251
Pedestrian 0.0 0 -3.4203662872314453 976.4176025390625 103.40478515625 1036.2294921875 204.83177185058594 0.8135096 1.8000172 0.6372676 7.1846647 0.567865 13.201925 -2.9219765663146973 0.4701080024242401
Pedestrian 0.0 0 -0.4827892482280731 683.0838012695312 115.15899658203125 742.4431762695312 216.12966918945312 0.84049463 1.7592415 0.68068117 1.7971646 0.7543623 13.031439 -0.3457438051700592 0.4649079740047455
Pedestrian 0.0 0 1.9994977712631226 220.51243591308594 102.15721130371094 289.5163269042969 231.40213012695312 0.8852146 1.8118936 0.5944899 -5.230557 0.8211483 10.564158 1.5397593975067139 0.4541093707084656
Pedestrian 0.0 0 1.924917221069336 283.2447204589844 115.60541534423828 348.9886169433594 215.57504272460938 1.8801942 1.7661799 0.53921753 -5.586698 0.7551176 13.693321 1.5375444889068604 0.11974206566810608
Cyclist 0.0 0 2.193181037902832 132.95346069335938 87.72013092041016 262.64178466796875 239.45339965820312 1.7859875 1.765733 0.5056854 -5.2960615 0.77538073 9.308442 1.675903558731079 0.6150426268577576
Cyclist 0.0 0 1.9431445598602295 288.3707580566406 113.28638458251953 352.98419189453125 212.28599548339844 1.8651924 1.7796915 0.51459026 -5.585502 0.70921713 13.903198 1.5611371994018555 0.6015832424163818
Cyclist 0.0 0 -1.176725149154663 461.99652099609375 158.49879455566406 483.36248779296875 192.4732208251953 1.647421 1.6387361 0.44029763 -6.8123865 0.9466793 35.651493 -1.3655319213867188 0.4395846128463745
Cyclist 0.0 0 -1.7508569955825806 690.4584350585938 116.33057403564453 735.9656982421875 215.8603515625 0.83831036 1.7350719 0.6691503 1.7965587 0.7500742 13.008694 -1.613620638847351 0.10094152390956879
Car 0.0 0 1.8044688701629639 349.7012023925781 198.4562225341797 467.8382873535156 284.1247253417969 3.5298119 1.3799237 1.4900484 -3.9427 1.9574821 14.476278 1.538562536239624 0.9634301066398621
Car 0.0 0 2.0835113525390625 0.0 200.8056640625 349.3463439941406 375.0 4.308583 1.4196182 1.6741211 -4.0012746 1.7607379 6.6141353 1.5394542217254639 0.9628475308418274
Car 0.0 0 0.8876616358757019 879.5162963867188 84.54930877685547 1242.0 375.0 4.188253 1.5138408 1.6390971 3.6313286 1.1372231 5.227852 1.4947623014450073 0.8906393647193909
Car 0.0 0 1.7764065265655518 425.4603576660156 183.00839233398438 509.8101806640625 243.7259063720703 4.0302114 1.5320551 1.5999068 -4.0556593 1.8551992 20.907267 1.5848029851913452 0.8438166975975037
Car 0.0 0 2.8558709621429443 624.3681030273438 163.9229278564453 674.4784545898438 180.01416015625 4.446472 1.4872348 1.5852652 3.6863277 0.662137 67.96722 2.9100546836853027 0.7475706934928894
Car 0.0 0 -2.9841575622558594 509.2514953613281 164.4622802734375 570.4404296875 190.615234375 3.7510884 1.6697905 1.6934922 -4.572436 1.1343613 47.02396 -3.0810890197753906 0.49694544076919556
Car 0.0 0 -1.5862805843353271 606.5023803710938 177.052001953125 638.6221313476562 207.50921630859375 3.688963 1.4551963 1.5572658 0.57058966 1.6805495 36.824116 -1.5707868337631226 0.4292161464691162
Car 0.0 0 -0.15542560815811157 664.5315551757812 161.23072814941406 747.59765625 193.02565002441406 3.7719202 1.4985368 1.6016886 4.558718 0.9510747 34.8527 -0.025364402681589127 0.4116649627685547
