Pedestrian 0.0 0 -2.165712833404541 1026.142578125 160.57337951660156 1063.029052734375 216.75137329101562 0.9740262 1.8574568 0.62745434 14.615271 1.451771 24.357391 -1.6252679824829102 0.6272005438804626
Pedestrian 0.0 0 0.08536142110824585 1045.6748046875 180.59884643554688 1073.42041015625 227.51852416992188 0.8286274 1.7171613 0.7031049 16.84873 2.0142093 27.108427 0.6414623260498047 0.5806583166122437
Pedestrian 0.0 0 -0.3267909586429596 953.1356201171875 169.64532470703125 980.2177734375 212.36013793945312 0.8320614 1.752376 0.6863712 14.778798 1.6210985 29.992956 0.13103365898132324 0.4235963821411133
Pedestrian 0.0 0 -0.36638951301574707 931.48193359375 184.18455505371094 966.81689453125 245.473388671875 0.7524328 1.7276237 0.6084368 9.717317 2.059654 20.788279 0.07087421417236328 0.4089013636112213
Pedestrian 0.0 0 -1.7961468696594238 998.6383056640625 161.3992462158203 1027.0762939453125 217.0223846435547 1.233718 1.7966615 0.5609453 13.32851 1.4270242 23.97392 -1.2887403964996338 0.39053431153297424
Pedestrian 0.0 0 -1.950934648513794 1016.6502685546875 163.97415161132812 1050.8865966796875 219.80068969726562 1.158606 1.7999986 0.5868594 13.965611 1.5140464 23.878048 -1.4217126369476318 0.1859942227602005
Pedestrian 0.0 0 -1.820699691772461 1117.9993896484375 157.45489501953125 1139.4293212890625 200.6494598388672 0.51732844 1.8873407 0.66091627 22.878593 1.2148508 31.88526 -1.1983060836791992 0.16621515154838562
Cyclist 0.0 0 -1.773888349533081 998.212646484375 160.68670654296875 1027.121337890625 216.59487915039062 1.4750789 1.801575 0.5514149 13.353332 1.4098566 24.03421 -1.2667582035064697 0.3434142768383026
Car 0.0 0 -1.7098493576049805 782.5487060546875 184.81080627441406 848.9061279296875 234.46249389648438 4.2651763 1.5373503 1.6686999 7.1631775 1.9994079 25.63408 -1.437360405921936 0.9582643508911133
Car 0.0 0 -2.2558085918426514 1033.7939453125 212.64523315429688 1242.0 375.0 3.9471412 1.5139531 1.647919 3.3812773 1.791969 2.9481442 -1.4020851850509644 0.767197847366333
Car 0.0 0 2.5021369457244873 827.7274169921875 194.1168670654297 896.0364379882812 222.1540985107422 3.6899188 1.5744138 1.6050757 15.259708 2.905437 43.83358 2.8371434211730957 0.31392788887023926
Car 0.0 0 1.1128754615783691 976.4935913085938 198.72421264648438 1156.7130126953125 283.1237487792969 4.1530137 1.4420326 1.6164216 9.6700945 2.085075 15.780256 1.662651538848877 0.1752355396747589
