Pedestrian 0.0 0 -2.04013729095459 1057.3759765625 502.4991149902344 1115.0946044921875 598.7108154296875 1.1584837 2.1935809 0.89678377 6.321769 2.4572494 29.70287 -1.8304327726364136 0.2875102460384369
Pedestrian 0.0 0 -2.993690013885498 1048.3948974609375 499.3843078613281 1083.083740234375 560.9935913085938 1.0611145 2.060025 0.71861696 8.471569 2.330663 42.993797 -2.799140691757202 0.24622604250907898
Pedestrian 0.0 0 -3.2888882160186768 1166.074462890625 497.203125 1191.71044921875 539.3406372070312 0.98292506 1.828267 0.7330167 15.884923 2.0797768 55.490932 -3.010082721710205 0.20035013556480408
Pedestrian 0.0 0 -1.2175452709197998 671.7700805664062 472.25909423828125 735.0393676757812 646.3490600585938 0.7911876 2.5365644 0.7119155 -1.6795688 2.2561135 18.927193 -1.3060518503189087 0.18922747671604156
Pedestrian 0.0 0 -0.47538554668426514 1022.6344604492188 468.92425537109375 1091.2850341796875 647.0894165039062 0.68661577 2.509549 0.7972339 3.4737384 2.1914582 18.317856 -0.28797420859336853 0.1696096658706665
Pedestrian 0.0 0 -2.154193878173828 1211.76123046875 485.5075378417969 1291.5985107421875 636.8411254882812 0.8852707 2.1020148 0.70893466 6.21497 2.0186813 18.107674 -1.8235692977905273 0.16574139893054962
Pedestrian 0.0 0 -1.035468578338623 526.1241455078125 499.55047607421875 556.1989135742188 542.0215454101562 1.6411372 2.0218728 0.6861675 -13.35433 2.4181871 61.511784 -1.2492529153823853 0.14405697584152222
Pedestrian 0.0 0 -0.4821511507034302 1104.3966064453125 492.522216796875 1154.0985107421875 562.7716674804688 1.3095831 2.176427 0.7661396 9.826515 2.208735 39.77834 -0.23996803164482117 0.14402911067008972
Pedestrian 0.0 0 -0.2902268171310425 609.3447265625 492.87347412109375 654.3508911132812 561.265869140625 1.3239828 2.2392366 0.74094665 -6.1322064 2.2853277 42.10324 -0.43485674262046814 0.13211537897586823
Pedestrian 0.0 0 -2.4259145259857178 0.0 430.21728515625 99.5512466430664 657.006591796875 1.0386946 2.2340543 0.6782743 -8.005919 1.630301 12.892754 -2.981605291366577 0.13069336116313934
Pedestrian 0.0 0 -3.2125861644744873 906.6484985351562 501.2314147949219 925.21484375 536.489990234375 0.9283582 1.8411422 0.6804037 5.243761 2.3556628 66.66336 -3.134087562561035 0.13047581911087036
Pedestrian 0.0 0 -0.15878638625144958 1181.4908447265625 498.5719909667969 1217.33154296875 566.0597534179688 0.9345942 2.0389311 0.8142809 11.739509 2.2581227 38.824738 0.13484501838684082 0.12668810784816742
Pedestrian 0.0 0 -1.5637987852096558 1025.70751953125 496.6688537597656 1052.5462646484375 568.482421875 1.1584083 2.2142138 0.8184838 7.0042934 2.378988 39.7832 -1.3895232677459717 0.12357684969902039
Pedestrian 0.0 0 -2.941389560699463 743.9481811523438 500.10260009765625 777.135009765625 554.3349609375 1.0981216 1.9804561 0.75594705 -2.057798 2.3015637 46.851288 -2.985283374786377 0.11950221657752991
Pedestrian 0.0 0 -1.3527257442474365 1135.4036865234375 508.2110900878906 1157.827880859375 553.5267333984375 1.1984853 1.9771551 0.72534144 14.733235 2.7311893 56.468502 -1.0975048542022705 0.11769023537635803
Cyclist 0.0 0 -0.8911889791488647 521.7655029296875 506.9610290527344 558.8687744140625 550.04833984375 1.954309 2.038263 0.6904623 -13.428142 2.8034115 61.674095 -1.1055705547332764 0.4278477132320404
Cyclist 0.0 0 -1.383636474609375 1132.0081787109375 505.209716796875 1167.552734375 570.0825805664062 1.4002234 1.9735384 0.83075184 10.456081 2.4116445 39.67968 -1.125981330871582 0.18951788544654846
Cyclist 0.0 0 -1.309739589691162 479.30682373046875 488.7840881347656 509.5380859375 550.056640625 1.4429415 2.147591 0.69463915 -11.456458 2.0521502 45.11338 -1.5584306716918945 0.1836765706539154
Cyclist 0.0 0 -1.3527257442474365 1135.4036865234375 508.2110900878906 1157.827880859375 553.5267333984375 1.1984853 1.9771551 0.72534144 14.733235 2.7311893 56.468502 -1.0975048542022705 0.16893073916435242
Cyclist 0.0 0 -1.033138394355774 619.2257690429688 497.8636779785156 662.2992553710938 564.1705322265625 1.3702337 2.1616178 0.8393649 -5.8447475 2.3775842 42.232292 -1.1706600189208984 0.16626517474651337
Cyclist 0.0 0 -1.3591020107269287 1002.6560668945312 509.8497009277344 1028.14208984375 560.8958740234375 1.1860411 2.0678427 0.8126429 8.259811 2.8384306 52.50373 -1.2030622959136963 0.15712781250476837
Cyclist 0.0 0 -1.5154057741165161 497.677978515625 489.5734558105469 520.9398193359375 543.9149780273438 1.5333529 2.0096424 0.76681715 -11.543861 1.9381332 47.657715 -1.7530529499053955 0.14984378218650818
Cyclist 0.0 0 -1.4400629997253418 512.2755737304688 492.9786682128906 535.2767944335938 541.6539306640625 1.7986839 1.9300117 0.67706496 -11.816273 1.9905821 51.198185 -1.6668860912322998 0.13382351398468018
Car 0.0 0 -1.754876971244812 915.0203857421875 521.0709228515625 990.44921875 579.6431884765625 4.183553 1.7292114 1.7282517 4.434982 2.7532635 41.71418 -1.648956537246704 0.3898420035839081
Car 0.0 0 -1.0705907344818115 0.0 508.5086364746094 143.5106964111328 614.0584106445312 4.391785 1.8561443 1.6704558 -15.318006 2.2246978 25.221199 -1.6163945198059082 0.365540474653244
Car 0.0 0 -2.1188254356384277 1183.4678955078125 510.97216796875 1315.7054443359375 572.8999633789062 4.304288 1.625677 1.6423876 12.5453005 2.228766 36.95779 -1.7915804386138916 0.22928953170776367
Car 0.0 0 -1.7442249059677124 898.1155395507812 505.52447509765625 976.2767944335938 569.2913208007812 4.031698 1.7473814 1.6386932 3.5390038 2.1875205 37.6901 -1.6506019830703735 0.20465494692325592
Car 0.0 0 -1.603295087814331 656.2377319335938 514.270751953125 697.6875 553.8046875 4.048456 1.5742401 1.6562395 -6.0800285 2.6008613 54.99299 -1.7134079933166504 0.1589951068162918
Car 0.0 0 -1.7241400480270386 898.2532958984375 527.0808715820312 986.51123046875 601.0568237304688 3.8213427 1.6720228 1.6800089 3.1675339 2.6386974 32.458614 -1.6268612146377563 0.1549561470746994
Car 0.0 0 1.1253643035888672 1219.5684814453125 530.5922241210938 1438.82568359375 659.6716918945312 4.2771406 1.7770814 1.657854 8.305997 2.4912868 20.951376 1.5027992725372314 0.1504998505115509
Car 0.0 0 1.26263427734375 951.7914428710938 516.93212890625 1124.339111328125 623.508056640625 4.4707932 1.5899987 1.6988763 3.7697928 2.085317 22.339108 1.4298123121261597 0.14639711380004883
Car 0.0 0 -1.1222397089004517 740.9019775390625 519.9448852539062 832.7410278320312 580.7376708984375 3.2489493 1.703742 1.5702136 -0.8645419 2.6196232 38.98309 -1.1444134712219238 0.14416411519050598
Car 0.0 0 -1.3614308834075928 510.608154296875 514.2753295898438 580.0218505859375 563.54736328125 3.8216336 1.6096634 1.6526085 -9.586084 2.4539464 45.0497 -1.5710928440093994 0.14325840771198273
Car 0.0 0 -1.6651756763458252 624.5908203125 519.1387939453125 666.7669677734375 557.00537109375 3.1955433 1.6367885 1.6533482 -7.974112 2.9627802 59.029243 -1.7994502782821655 0.12354810535907745
Car 0.0 0 1.4935537576675415 843.181396484375 510.23736572265625 919.8961791992188 583.9586181640625 3.3057222 1.6784811 1.6419472 1.5669124 2.1670535 31.35935 1.5434786081314087 0.1231042891740799
Car 0.0 0 -1.7700912952423096 712.4262084960938 512.5907592773438 765.3216552734375 548.9796142578125 4.0466332 1.4834666 1.5742346 -3.4763556 2.4564652 56.286522 -1.8317747116088867 0.12161052227020264
Car 0.0 0 1.8164045810699463 571.3934326171875 526.390625 756.9426879882812 674.2259521484375 3.9711454 1.7441493 1.6779511 -2.026104 2.2973008 18.002098 1.7043280601501465 0.1200297400355339
Car 0.0 0 1.6008418798446655 757.6035766601562 509.8744812011719 824.4244995117188 584.8812866210938 4.495227 1.8670875 1.6986216 -0.6366368 2.4058104 34.887028 1.5825953483581543 0.11898856610059738
Car 0.0 0 -1.4911108016967773 915.6149291992188 511.87158203125 966.4078979492188 564.3572998046875 4.0201783 1.8565246 1.6206448 4.8204665 2.6715832 48.564438 -1.3921756744384766 0.1181715652346611
