Pedestrian 0.0 0 0.9249163866043091 699.9320678710938 148.72357177734375 748.8870239257812 232.07540893554688 1.1571144 1.8987083 0.557758 2.645685 1.3493886 17.07515 1.0786375999450684 0.2753261923789978
Pedestrian 0.0 0 -1.3765698671340942 683.1901245117188 111.50083923339844 749.7415161132812 249.02835083007812 0.5458998 1.8140988 0.81618106 1.414128 1.0051589 9.90716 -1.2347896099090576 0.20568984746932983
Pedestrian 0.0 0 -3.465644598007202 860.0156860351562 169.10189819335938 898.0350952148438 230.309326171875 0.8805792 1.7077799 0.54134464 7.5572367 1.6034489 20.41323 -3.1110775470733643 0.18733590841293335
Pedestrian 0.0 0 -2.890883207321167 908.9833984375 158.21270751953125 966.3802490234375 243.22389221191406 1.051535 1.8232011 0.5760544 7.224747 1.5095525 16.025032 -2.467329740524292 0.14143788814544678
Pedestrian 0.0 0 -0.20536452531814575 1038.7679443359375 113.06733703613281 1082.3394775390625 219.23193359375 0.58106536 1.9282223 0.58719015 8.354642 0.84270036 13.477579 0.34955310821533203 0.1387682855129242
Pedestrian 0.0 0 -2.6575076580047607 316.15936279296875 158.26995849609375 344.51666259765625 214.56295776367188 0.6547546 1.8176959 0.61778694 -9.2036085 1.3471365 23.63942 -3.02878475189209 0.13148267567157745
Cyclist 0.0 0 -0.15120577812194824 902.0934448242188 165.52317810058594 929.1657104492188 189.76036071777344 1.8793569 1.8747545 0.5793283 23.822475 1.3080692 56.32069 0.24895191192626953 0.19794805347919464
Car 0.0 0 3.0293424129486084 545.107421875 189.99842834472656 618.9373168945312 219.2024688720703 4.0116043 1.5534625 1.5930727 -1.6399271 2.5481455 40.75231 2.9891228675842285 0.8148679137229919
Car 0.0 0 1.2737751007080078 634.417724609375 173.95460510253906 672.3739624023438 198.23202514648438 4.001419 1.6955264 1.66364 3.0975475 1.7795764 52.723824 1.3324580192565918 0.13527025282382965
Car 0.0 0 1.731929898262024 540.6652221679688 189.01373291015625 566.66748046875 207.6172332763672 4.0078487 1.4933734 1.6642923 -4.949985 2.9638834 63.573803 1.6542246341705322 0.10281156748533249
