Pedestrian 0.0 0 -2.5908849239349365 589.7640991210938 158.00843811035156 645.4545288085938 240.86439514160156 1.0763543 1.8109585 0.65807724 0.2456183 1.3209828 16.015131 -2.575549602508545 0.6403573155403137
Pedestrian 0.0 0 -2.441866874694824 129.22177124023438 176.79835510253906 170.262451171875 248.86746215820312 0.5847878 1.6505346 0.5570999 -10.6600485 1.5673677 16.501066 -3.0154404640197754 0.6084350347518921
Pedestrian 0.0 0 1.64520263671875 160.91305541992188 176.63502502441406 187.25115966796875 244.1167449951172 0.6496312 1.6829214 0.5287937 -11.025719 1.5881281 18.037775 1.0965468883514404 0.6003963947296143
Pedestrian 0.0 0 0.2624360918998718 230.25265502929688 170.1636199951172 273.5527038574219 247.57688903808594 0.74695355 1.748398 0.6846981 -8.206343 1.5165591 16.37427 -0.20214952528476715 0.45857906341552734
Pedestrian 0.0 0 -2.3985211849212646 73.9675521850586 169.64659118652344 135.3826446533203 251.87747192382812 0.85123885 1.6831442 0.6290606 -10.529443 1.4626158 14.832695 -3.015847682952881 0.44503164291381836
Pedestrian 0.0 0 1.508488416671753 306.2411193847656 157.8479461669922 352.345703125 258.5423889160156 1.0652267 1.9771372 0.81446797 -5.72058 1.5339941 14.532903 1.1334857940673828 0.38460588455200195
Pedestrian 0.0 0 -1.4619234800338745 368.5567932128906 164.59512329101562 396.4263610839844 228.47543334960938 0.74894184 1.7893584 0.6855631 -6.3950167 1.3454201 20.234644 -1.7680327892303467 0.3372234106063843
Pedestrian 0.0 0 -2.777042865753174 1096.51513671875 129.0263671875 1163.0595703125 264.8204345703125 0.5175609 1.6225456 0.5125538 6.4821434 1.0091902 8.799517 -2.1421422958374023 0.32769742608070374
Pedestrian 0.0 0 -2.909717082977295 1111.820556640625 147.341552734375 1168.9776611328125 231.0728302001953 0.8408185 1.6744583 0.5454222 11.036285 1.0129836 14.632269 -2.2635059356689453 0.2890894412994385
Cyclist 0.0 0 -1.5576428174972534 907.575927734375 150.19207763671875 924.563720703125 203.75430297851562 1.9141057 1.7544405 0.50866014 10.598836 0.7632426 24.130999 -1.1437889337539673 0.7167336344718933
Cyclist 0.0 0 2.4647598266601562 897.2511596679688 156.22508239746094 950.8445434570312 200.25160217285156 1.8834261 1.6992763 0.73158324 12.551923 0.7638504 27.87523 2.88785457611084 0.4819614887237549
Car 0.0 0 -1.232727289199829 215.3986358642578 184.53916931152344 451.4233703613281 319.6977233886719 3.7775066 1.3571169 1.6024039 -3.229764 1.4215834 9.098472 -1.5738306045532227 0.982041597366333
Car 0.0 0 1.6105152368545532 465.49945068359375 166.81300354003906 489.813720703125 189.70289611816406 3.5184202 1.5406795 1.5370661 -8.868579 0.62074697 49.43342 1.4329991340637207 0.6989474892616272
Car 0.0 0 -0.5560942888259888 1078.7821044921875 148.90988159179688 1219.8394775390625 191.8031463623047 3.6156037 1.4435674 1.5989493 18.940819 0.3819435 24.761295 0.09689784049987793 0.2961775064468384
Car 0.0 0 -1.7836205959320068 489.96575927734375 166.92425537109375 527.63330078125 192.75225830078125 3.855251 1.5965016 1.6329106 -6.2726526 0.75869775 45.790367 -1.9197595119476318 0.27951788902282715
Car 0.0 0 -1.5131627321243286 343.27105712890625 168.03651428222656 432.7158508300781 249.58912658691406 3.535677 1.4820759 1.5711629 -4.448534 1.2572141 14.746689 -1.8061447143554688 0.23261895775794983
