Pedestrian 0.0 0 -0.9585126042366028 1215.587890625 475.5920104980469 1283.6561279296875 587.8854370117188 1.2823704 2.3043284 0.756706 9.1283655 1.9777412 26.670742 -0.6287484169006348 0.19877123832702637
Pedestrian 0.0 0 -2.4725496768951416 1136.580322265625 480.5969543457031 1176.2095947265625 563.1423950195312 0.65374553 2.0649369 0.74039686 8.637681 1.7920117 32.16357 -2.2101852893829346 0.1702481359243393
Pedestrian 0.0 0 -1.8413608074188232 303.6446228027344 453.0887451171875 351.4315490722656 557.498291015625 0.92764497 2.1449096 0.71445775 -10.268975 1.3556733 26.601662 -2.209764242172241 0.16299565136432648
Cyclist 0.0 0 -0.9685640335083008 359.14105224609375 488.35528564453125 443.150390625 589.4669799804688 2.0666165 2.2989852 0.86586165 -9.774826 2.2273223 29.908146 -1.2844486236572266 0.6852924227714539
Cyclist 0.0 0 -1.392008900642395 1408.4049072265625 505.9548034667969 1450.42578125 593.1008911132812 1.8451675 2.1726174 0.6623545 15.9017725 2.5578287 32.825195 -0.9408881664276123 0.2697063386440277
Car 0.0 0 -1.8002419471740723 785.2748413085938 510.1692199707031 870.0535888671875 574.7859497070312 4.291725 1.7824811 1.6392239 0.28266007 2.3836503 38.52174 -1.7929043769836426 0.704933226108551
Car 0.0 0 -1.9706650972366333 996.0958251953125 514.7050170898438 1060.915283203125 552.7300415039062 4.0985913 1.707583 1.6477727 10.297684 2.87819 61.720924 -1.8053451776504517 0.35315635800361633
Car 0.0 0 -2.387193202972412 1449.18896484375 513.819580078125 1600.0 573.7377319335938 4.3797207 1.6684158 1.6819237 22.043644 2.4029346 39.348526 -1.876541018486023 0.3102598190307617
Car 0.0 0 -1.9544821977615356 1173.5401611328125 516.85205078125 1276.005126953125 574.8529052734375 4.213094 1.697673 1.7075933 13.182238 2.5639563 41.12216 -1.6442687511444092 0.3069855868816376
Car 0.0 0 -1.806088924407959 896.4963989257812 503.51055908203125 994.05615234375 576.4474487304688 3.898465 1.6858116 1.578143 3.1875312 2.0082474 31.980143 -1.7067447900772095 0.2943330407142639
Car 0.0 0 1.3354156017303467 976.078125 520.235595703125 1078.912109375 594.6849365234375 3.8584788 1.6333014 1.6443459 5.1445217 2.3882897 31.297855 1.4983317852020264 0.26998549699783325
Car 0.0 0 -1.4021804332733154 712.3086547851562 517.064697265625 785.2749633789062 578.6571655273438 3.7757602 1.6563987 1.5500367 -1.9548006 2.455956 37.65392 -1.454048752784729 0.2543163597583771
Car 0.0 0 -1.9765963554382324 926.9268188476562 515.1702270507812 985.6890258789062 551.7587890625 3.8956304 1.7312721 1.5731999 7.119161 2.9797213 64.72265 -1.867041826248169 0.20803263783454895
Car 0.0 0 -2.054234027862549 1110.7772216796875 518.6647338867188 1186.8486328125 556.45654296875 4.53965 1.665376 1.6589085 16.128498 3.0389194 61.65284 -1.7983661890029907 0.18436647951602936
