Pedestrian 0.0 0 -1.9596643447875977 714.9112548828125 159.09254455566406 731.09228515625 189.26559448242188 0.8255364 1.7566432 0.6781541 6.6165338 0.95582414 42.484653 -1.8051661252975464 0.7416220307350159
Pedestrian 0.0 0 1.6232166290283203 844.31787109375 128.64443969726562 872.7403564453125 199.4979248046875 0.6092331 1.7617412 0.6536614 6.2734156 0.66284764 18.342464 1.9527610540390015 0.614870011806488
Pedestrian 0.0 0 -0.18985307216644287 1015.6256103515625 96.42269897460938 1080.183837890625 223.45237731933594 0.70055026 1.7478292 0.5133219 6.1748266 0.6965519 10.286447 0.35077786445617676 0.5589718222618103
Pedestrian 0.0 0 0.24450351297855377 697.6867065429688 155.4735565185547 712.6727294921875 181.34750366210938 0.9507119 1.7905009 0.47085354 6.609748 0.5881161 50.32155 0.3751060962677002 0.5411239266395569
Pedestrian 0.0 0 1.337229609489441 777.908203125 143.31954956054688 801.5162963867188 192.9743194580078 0.82347995 1.7713182 0.65591794 6.4634175 0.7181035 26.151018 1.5795310735702515 0.5348720550537109
Pedestrian 0.0 0 -0.11020839214324951 985.3106079101562 120.89015197753906 1041.16748046875 221.92039489746094 0.85098374 1.8247467 0.55517006 7.4499545 0.88656515 13.449355 0.3956444263458252 0.47630417346954346
Pedestrian 0.0 0 -3.0765137672424316 673.6610107421875 164.20013427734375 684.0601196289062 183.4932098388672 0.9259739 1.7725677 0.49133733 6.33886 0.9778435 66.605446 -2.9816293716430664 0.4438406527042389
Pedestrian 0.0 0 0.5266762375831604 442.96380615234375 148.17393493652344 465.4213562011719 183.87684631347656 0.94917756 1.8353382 0.64031726 -8.141205 0.5669974 37.539272 0.3131117820739746 0.4268030822277069
Pedestrian 0.0 0 -1.5232775211334229 376.5949401855469 127.88788604736328 404.615478515625 183.44151306152344 1.0511079 1.8370142 0.86240256 -7.474942 0.3504596 24.472218 -1.819723129272461 0.39674776792526245
Pedestrian 0.0 0 -3.681550979614258 1188.303466796875 98.01453399658203 1242.0 214.38287353515625 0.73669606 1.7542756 0.5776596 9.534748 0.62641376 11.219806 -2.9771649837493896 0.3940691351890564
Pedestrian 0.0 0 -0.0799495279788971 738.83056640625 154.51808166503906 756.12109375 192.74606323242188 0.7605489 1.810591 0.6765152 6.5398293 0.942505 34.548424 0.1071314811706543 0.3428148329257965
Pedestrian 0.0 0 -0.2972574234008789 520.603271484375 165.94888305664062 532.2744140625 186.26446533203125 0.8818707 1.7467376 0.5473641 -7.256415 1.1533912 62.4628 -0.4129107892513275 0.3405704200267792
Pedestrian 0.0 0 -2.259016275405884 792.1405029296875 133.7466278076172 832.0497436523438 181.53158569335938 1.561744 1.7485527 0.5907948 7.568922 0.31788892 27.233444 -1.9879305362701416 0.31919240951538086
Pedestrian 0.0 0 3.4501349925994873 218.1453399658203 120.1723403930664 273.3588562011719 216.6592254638672 0.8476046 1.8427811 0.5160662 -7.1584926 0.83698404 14.10046 2.9803638458251953 0.30820006132125854
Pedestrian 0.0 0 1.6219605207443237 431.085205078125 149.69639587402344 446.3128356933594 189.14805603027344 0.83553916 1.830757 0.656655 -8.09509 0.75648487 33.95079 1.387894868850708 0.30040910840034485
Pedestrian 0.0 0 -2.083181381225586 755.063232421875 149.51869201660156 784.7942504882812 189.3785858154297 1.4158776 1.6907208 0.64936346 6.9020243 0.7012745 31.374264 -1.866640567779541 0.22742915153503418
Pedestrian 0.0 0 -0.9609061479568481 0.0 79.05253601074219 127.64153289794922 235.6842498779297 1.6521666 1.7581903 0.5497768 -6.8269415 0.7056271 8.933559 -1.6134275197982788 0.1718401461839676
Cyclist 0.0 0 1.6881635189056396 437.7187194824219 145.7642822265625 452.6711120605469 182.26744079589844 1.5137205 1.7725827 0.55229986 -8.211415 0.45747215 35.81712 1.4627985954284668 0.5085909366607666
Cyclist 0.0 0 1.1894102096557617 900.4576416015625 127.92863464355469 937.4771728515625 178.1497039794922 1.8181486 1.7537721 0.59327966 11.113949 0.18528907 26.109226 1.5918493270874023 0.4865879416465759
Cyclist 0.0 0 -2.2693402767181396 791.4596557617188 134.54620361328125 833.5172119140625 182.0514373779297 1.6365272 1.7347652 0.6173263 7.5780225 0.33622456 27.21851 -1.997802495956421 0.428939551115036
Cyclist 0.0 0 -2.1312618255615234 962.6220092773438 110.61898040771484 1040.2862548828125 209.15924072265625 1.7358541 1.7928426 0.46675986 7.5035396 0.66089565 14.006814 -1.6394587755203247 0.40430277585983276
Cyclist 0.0 0 0.8550627827644348 1089.2657470703125 95.13353729248047 1198.7340087890625 188.73611450195312 2.0143242 1.6961898 0.5170238 10.309845 0.28816053 14.097726 1.4864963293075562 0.3726538121700287
Cyclist 0.0 0 -2.083181381225586 755.063232421875 149.51869201660156 784.7942504882812 189.3785858154297 1.4158776 1.6907208 0.64936346 6.9020243 0.7012745 31.374264 -1.866640567779541 0.3668999969959259
Cyclist 0.0 0 1.8357276916503906 345.47906494140625 116.01380920410156 386.1849060058594 183.4841766357422 1.8056295 1.816715 0.6395738 -6.9075985 0.28658745 20.346445 1.5084383487701416 0.32349076867103577
Cyclist 0.0 0 -2.2783427238464355 1151.069091796875 92.40070343017578 1242.0 196.528076171875 1.4213042 1.6907711 0.51071113 10.073339 0.38476637 12.430414 -1.5973055362701416 0.2914133071899414
Cyclist 0.0 0 -0.9609061479568481 0.0 79.05253601074219 127.64153289794922 235.6842498779297 1.6521666 1.7581903 0.5497768 -6.8269415 0.7056271 8.933559 -1.6134275197982788 0.28519418835639954
Cyclist 0.0 0 0.8609448075294495 698.4823608398438 155.61851501464844 712.3142700195312 181.3920135498047 0.915873 1.778573 0.4727804 6.6194506 0.5895487 50.30163 0.9917881488800049 0.13629929721355438
Car 0.0 0 1.662575602531433 518.4794311523438 190.10968017578125 561.0503540039062 222.9894561767578 4.1400647 1.4613048 1.7607301 -3.511805 2.3798387 36.31626 1.5661747455596924 0.826396644115448
Car 0.0 0 -1.5516496896743774 522.629638671875 170.2904815673828 542.259521484375 189.27145385742188 3.9821815 1.6327832 1.6606979 -6.8852196 1.4126215 64.12175 -1.6586171388626099 0.39393869042396545
Car 0.0 0 -0.8581982851028442 809.6033935546875 140.50694274902344 925.2069091796875 190.3778839111328 3.6741617 1.5286896 1.5545286 8.428135 0.53751624 23.697575 -0.5164955258369446 0.32782095670700073
Car 0.0 0 -2.2203099727630615 760.0721435546875 156.72776794433594 815.8941650390625 179.4635467529297 3.8345227 1.4446902 1.6017207 11.735725 0.42034453 47.923264 -1.9801504611968994 0.30325019359588623
