Pedestrian 0.0 0 -2.0033230781555176 1030.4215087890625 160.19757080078125 1055.3819580078125 201.2943878173828 0.7808397 1.7588762 0.66128635 18.733475 1.2175598 31.301313 -1.4640157222747803 0.5436788201332092
Pedestrian 0.0 0 1.0335465669631958 875.3339233398438 126.18626403808594 918.7574462890625 188.26394653320312 1.301651 1.8554196 0.67064804 8.792405 0.46094096 22.259235 1.4097354412078857 0.24913670122623444
Pedestrian 0.0 0 -3.784158945083618 1171.14892578125 181.58799743652344 1242.0 333.6085510253906 0.5193793 1.6682522 0.6459771 6.898637 1.7730556 8.289832 -3.090101480484009 0.20060965418815613
Cyclist 0.0 0 1.6361632347106934 637.0640869140625 173.82615661621094 648.2276000976562 202.93582153320312 1.8154548 1.7736315 0.57961076 2.008517 1.8358229 44.95649 1.6808104515075684 0.620728611946106
Cyclist 0.0 0 0.9279998540878296 875.9467163085938 127.00016784667969 920.7676391601562 189.61756896972656 1.2367563 1.8698555 0.67344725 8.822483 0.50094503 22.228497 1.305830717086792 0.14878222346305847
Car 0.0 0 1.533557415008545 576.7276611328125 178.76336669921875 605.3670654296875 205.72938537597656 3.9321983 1.6456199 1.7090439 -1.3018358 2.0468876 46.931232 1.5058252811431885 0.7949474453926086
Car 0.0 0 2.0407018661499023 310.9839782714844 175.8944091796875 359.6210021972656 202.00344848632812 3.85095 1.8136742 1.7613316 -19.99099 2.044132 52.595207 1.677474856376648 0.3822181522846222
Car 0.0 0 1.3214008808135986 651.2373657226562 179.39002990722656 681.697509765625 200.85467529296875 3.839673 1.6802194 1.6112298 4.615381 2.2401729 59.743656 1.3985008001327515 0.2759395241737366
Car 0.0 0 1.0688529014587402 983.5586547851562 175.54336547851562 1037.0379638671875 198.8029022216797 3.8373764 1.5063057 1.5164511 27.13477 1.6968057 49.089825 1.5738108158111572 0.19362959265708923
Car 0.0 0 1.5276105403900146 572.6221313476562 180.62547302246094 605.8756103515625 212.29811096191406 4.072684 1.7375829 1.7835861 -1.3073531 2.2205334 42.706715 1.4970077276229858 0.16831132769584656
Car 0.0 0 1.77996027469635 410.2910461425781 182.75100708007812 465.2791748046875 220.2350311279297 3.6864243 1.4479709 1.5444053 -7.301525 1.895186 30.713852 1.5465651750564575 0.1613314002752304
