Pedestrian 0.0 0 -1.715062141418457 1442.7784423828125 481.2566223144531 1488.597900390625 550.3533935546875 1.3234199 2.3006234 1.2058973 22.029146 1.9593282 42.987362 -1.2414991855621338 0.43776533007621765
Pedestrian 0.0 0 -2.313992500305176 1475.051025390625 513.9716796875 1519.49853515625 568.01953125 1.4053757 2.2164412 0.95008034 28.703644 3.1777833 53.39632 -1.8207515478134155 0.32283616065979004
Pedestrian 0.0 0 0.18027187883853912 336.7191162109375 484.4718322753906 391.1730041503906 582.4629516601562 1.0454999 2.1807568 0.7278165 -10.215168 2.0241897 28.627338 -0.16247688233852386 0.19178219139575958
Pedestrian 0.0 0 -2.738269329071045 303.7713317871094 462.8555603027344 367.2054748535156 574.8223876953125 0.9099215 2.1318197 0.7937906 -9.302036 1.5863024 24.527397 -3.100761651992798 0.18388278782367706
Pedestrian 0.0 0 -3.0963451862335205 830.4860229492188 495.5471496582031 865.2210693359375 554.7069702148438 1.1091217 1.9260759 0.797082 1.0456591 2.0605836 41.727043 -3.071290969848633 0.18034657835960388
Pedestrian 0.0 0 -0.5305941700935364 1095.4940185546875 502.1236877441406 1123.950439453125 549.945068359375 0.89070916 1.8759387 0.6587682 11.659288 2.3015711 50.32492 -0.3029305934906006 0.1596333235502243
Pedestrian 0.0 0 -1.2690119743347168 517.005615234375 488.8779602050781 551.6201171875 561.5509033203125 0.97460985 1.9676536 0.66892934 -7.742067 1.896469 34.802155 -1.4879069328308105 0.15595896542072296
Pedestrian 0.0 0 -2.400473117828369 1511.2730712890625 476.1566467285156 1600.0 671.3080444335938 0.5366293 2.1878116 0.7725004 8.521265 2.0157201 14.568203 -1.8712141513824463 0.14596010744571686
Pedestrian 0.0 0 -0.4896794557571411 799.2381591796875 491.70526123046875 847.777099609375 555.615478515625 1.366587 2.0231948 0.7563475 0.2326473 2.029673 40.74748 -0.4839700162410736 0.13082334399223328
Pedestrian 0.0 0 -0.8935006856918335 1543.1951904296875 509.3594055175781 1582.5057373046875 559.713134765625 1.483303 2.0411794 0.60054046 30.810644 2.785582 52.264095 -0.36082395911216736 0.12426739931106567
Pedestrian 0.0 0 -0.1004236564040184 792.5314331054688 494.8132629394531 827.2850952148438 555.6346435546875 1.1073279 2.0282307 0.6918879 -0.218207 2.140698 42.677723 -0.10553651303052902 0.11810315400362015
Pedestrian 0.0 0 -3.2727723121643066 1412.0692138671875 500.72894287109375 1445.5484619140625 561.1626586914062 0.93707365 2.0432017 0.8135751 21.039007 2.3639348 43.51227 -2.8223962783813477 0.11286257207393646
Pedestrian 0.0 0 3.2888150215148926 431.11334228515625 481.2142333984375 483.4508361816406 594.3626098632812 0.93672234 2.2675612 0.6675732 -7.297065 2.061287 25.770899 3.0128865242004395 0.11239168792963028
Pedestrian 0.0 0 -0.6037148237228394 1443.313720703125 500.10137939453125 1486.6068115234375 559.3399658203125 1.2163457 2.1006474 0.6715318 23.271097 2.4118104 45.439682 -0.13040907680988312 0.10324712097644806
Cyclist 0.0 0 -0.8585806488990784 797.0603637695312 494.4581298828125 851.68359375 559.5997314453125 1.8968823 2.060442 0.7032351 0.273359 2.15839 41.08798 -0.8519277572631836 0.3505069315433502
Cyclist 0.0 0 -1.6052474975585938 801.9461669921875 511.87701416015625 825.2288208007812 568.150390625 1.151188 1.8522606 0.7456752 -0.09550801 2.5485446 42.69983 -1.607484221458435 0.26931941509246826
Cyclist 0.0 0 -0.7399375438690186 265.21051025390625 475.46221923828125 357.5025939941406 595.22998046875 1.7652999 2.4335935 0.7453762 -10.617877 2.107574 26.689453 -1.1185722351074219 0.22622276842594147
Cyclist 0.0 0 -1.2152200937271118 814.8108520507812 494.63836669921875 857.3331909179688 566.8049926757812 2.0457602 2.1565545 0.6365413 0.62405527 2.2556403 39.005684 -1.1992223262786865 0.1638447791337967
Car 0.0 0 -2.379488468170166 1550.297607421875 520.4155883789062 1600.0 585.9234008789062 4.0890927 1.6642551 1.6694735 23.36016 2.5423527 36.28417 -1.8074759244918823 0.2741391062736511
Car 0.0 0 -2.1968448162078857 1439.056396484375 518.7572631835938 1533.5797119140625 570.3236083984375 3.5451565 1.8944244 1.5338947 26.581451 3.0180364 50.355995 -1.711150050163269 0.2346402406692505
Car 0.0 0 -0.717605471611023 198.78453063964844 546.0984497070312 422.75677490234375 651.11279296875 4.315535 1.8110846 1.6728817 -10.455543 3.0540385 26.533487 -1.092972755432129 0.15208303928375244
Car 0.0 0 -1.6810252666473389 1401.089111328125 515.7657470703125 1470.989501953125 584.3811645507812 3.784449 1.9343967 1.5314611 19.120178 2.7240562 39.184402 -1.2270610332489014 0.1463048756122589
Car 0.0 0 -2.4209694862365723 1592.3751220703125 521.6240844726562 1600.0 575.7191162109375 3.7906601 1.6387565 1.5957234 28.407993 2.701987 42.671192 -1.8336074352264404 0.1381484717130661
Car 0.0 0 -2.3721911907196045 1556.7322998046875 519.52197265625 1600.0 601.361328125 4.3752646 1.69462 1.6836241 20.047258 2.4122915 30.125875 -1.7850315570831299 0.13011060655117035
Car 0.0 0 1.591857671737671 474.58294677734375 512.4149169921875 551.5264282226562 593.6595458984375 3.9455948 1.7146549 1.6539148 -7.110516 2.2432098 29.912552 1.3584790229797363 0.11835015565156937
Car 0.0 0 0.944666862487793 1107.9957275390625 531.7274780273438 1301.5595703125 610.4904174804688 4.4350033 1.4422282 1.8335717 8.462101 2.4085479 28.031094 1.2378499507904053 0.11371608078479767
Car 0.0 0 0.7516903281211853 1580.3729248046875 520.4210815429688 1600.0 724.6635131835938 4.3010635 1.6208463 1.6367308 10.150988 1.9676181 12.937885 1.4169665575027466 0.11186366528272629
Car 0.0 0 1.3885947465896606 710.5389404296875 510.9207763671875 790.6557006835938 571.1129150390625 3.9037673 1.577459 1.6282091 -1.953152 2.1708982 36.623924 1.335315227508545 0.1027824729681015
