Pedestrian 0.0 0 1.846578598022461 237.8199920654297 177.66624450683594 262.0868835449219 220.44895935058594 1.0851495 1.9084173 0.72389024 -16.457438 2.1323483 32.918755 1.3829782009124756 0.6981236934661865
Pedestrian 0.0 0 2.343893051147461 631.7523193359375 162.8049774169922 661.2596435546875 204.24717712402344 1.1358688 1.8015974 0.71944624 1.5821159 1.365099 32.014385 2.3932716846466064 0.3020978271961212
Cyclist 0.0 0 -2.571536064147949 638.4956665039062 167.65863037109375 682.8930053710938 210.16493225097656 1.8164003 1.7465807 0.62667483 2.088565 1.533461 30.43811 -2.5030267238616943 0.7838056683540344
Cyclist 0.0 0 2.540135383605957 630.7205200195312 163.0518798828125 665.4733276367188 203.6944122314453 1.4211746 1.7656381 0.64948314 1.6512412 1.3401616 31.991308 2.591704845428467 0.2793048322200775
Cyclist 0.0 0 1.7720973491668701 238.82215881347656 177.87039184570312 261.5742492675781 220.7384033203125 1.099411 1.9094737 0.7249087 -16.441084 2.1429822 32.907845 1.3087619543075562 0.11581482738256454
Car 0.0 0 1.9528191089630127 248.2826690673828 186.1085968017578 351.5016174316406 238.61131286621094 4.160392 1.5158802 1.716142 -10.205175 1.9954306 23.985807 1.5505527257919312 0.9479384422302246
Car 0.0 0 -1.4325281381607056 481.66998291015625 177.55157470703125 547.9274291992188 229.86569213867188 3.913484 1.5956018 1.6870177 -3.1648712 1.767109 24.321327 -1.561928391456604 0.9442344307899475
Car 0.0 0 1.9122498035430908 368.32086181640625 185.50277709960938 418.4879150390625 212.90823364257812 3.9950955 1.504756 1.6569417 -13.033853 2.3039958 43.531883 1.6213349103927612 0.7614279389381409
Car 0.0 0 -1.5789412260055542 581.7459106445312 177.36048889160156 607.9231567382812 201.31146240234375 3.75229 1.462902 1.6254476 -1.0305511 1.766709 46.682858 -1.60101318359375 0.5977087616920471
Car 0.0 0 1.7419214248657227 455.91961669921875 180.84796142578125 486.7480773925781 202.8384246826172 4.419155 1.6833525 1.7529297 -11.329595 2.3628743 59.073544 1.5524343252182007 0.4540080726146698
Car 0.0 0 1.4451605081558228 707.3795166015625 177.0440673828125 737.5654907226562 199.60023498535156 3.7940042 1.4507244 1.5566049 7.5737805 1.7469816 49.03399 1.5984092950820923 0.29163968563079834
Car 0.0 0 -1.7389805316925049 416.9385986328125 182.69923400878906 469.42474365234375 220.9407958984375 3.5937095 1.4603542 1.5731435 -7.147667 1.9039801 30.52219 -1.9690146446228027 0.27654844522476196
Car 0.0 0 -1.633206844329834 171.45005798339844 175.1393280029297 199.7425079345703 196.42185974121094 4.1216607 1.5786046 1.6398662 -33.07749 1.7636697 56.14797 -2.1655826568603516 0.2625204920768738
Car 0.0 0 1.6272015571594238 681.118896484375 180.62828063964844 705.993896484375 201.2561798095703 4.009707 1.432631 1.6214888 6.2370934 2.0356429 53.816223 1.74258291721344 0.2564031481742859
