Pedestrian 0.0 0 1.3117767572402954 755.565185546875 160.59353637695312 778.2240600585938 206.28526306152344 0.8455634 1.7776582 0.6794337 6.150508 1.3010168 28.507137 1.5242727994918823 0.7233854532241821
Pedestrian 0.0 0 -2.085169792175293 816.0300903320312 147.6272430419922 841.8945922851562 191.02334594726562 0.7997012 1.6809834 0.666463 8.574088 0.70416176 28.409851 -1.792062520980835 0.5147759318351746
Pedestrian 0.0 0 1.41196870803833 955.73486328125 126.05738830566406 994.1744384765625 206.20091247558594 0.9680918 1.8344438 0.66397464 8.573329 0.7636514 17.074535 1.8773044347763062 0.4648769199848175
Pedestrian 0.0 0 -0.5461004972457886 1106.0594482421875 113.55012512207031 1168.921142578125 218.0611114501953 0.678488 1.7205535 0.53056175 8.832427 0.74459803 12.167963 0.08178138732910156 0.45404309034347534
Pedestrian 0.0 0 2.9099693298339844 723.598876953125 160.41197204589844 739.6624145507812 186.41053771972656 1.0680673 1.871882 0.46358132 8.77205 0.9764216 52.21366 3.076417922973633 0.40909862518310547
Cyclist 0.0 0 2.1788065433502197 1148.4886474609375 90.24785614013672 1242.0 205.18382263183594 1.5043968 1.8641812 0.5291413 9.85695 0.52472496 12.16337 2.85984468460083 0.3404691517353058
Cyclist 0.0 0 -2.085169792175293 816.0300903320312 147.6272430419922 841.8945922851562 191.02334594726562 0.7997012 1.6809834 0.666463 8.574088 0.70416176 28.409851 -1.792062520980835 0.1362108290195465
Car 0.0 0 2.0384888648986816 203.86065673828125 188.0426025390625 302.0799560546875 235.63436889648438 3.9801629 1.5773768 1.7002836 -13.36244 2.192173 27.187082 1.5816645622253418 0.9181695580482483
Car 0.0 0 -1.3499748706817627 732.1398315429688 160.40676879882812 771.1610717773438 186.26138305664062 3.7431695 1.5516282 1.6271305 8.906884 0.8049829 45.340076 -1.1559988260269165 0.5410196185112
Car 0.0 0 1.7369803190231323 443.03509521484375 159.54978942871094 480.3411865234375 188.16860961914062 4.13404 1.7426741 1.6712309 -9.439443 0.9329039 46.02937 1.53471040725708 0.4467829465866089
Car 0.0 0 0.5027605295181274 0.0 197.94029235839844 71.67890167236328 222.66836547851562 3.6230073 1.5616095 1.6762238 -39.074432 3.3049433 48.99587 -0.17045697569847107 0.42443373799324036
Car 0.0 0 -1.1169257164001465 979.6392822265625 144.64637756347656 1060.75927734375 183.4593048095703 3.3966413 1.500354 1.5519887 16.742378 0.4103169 29.48898 -0.6005567908287048 0.3767211437225342
Car 0.0 0 1.8029464483261108 455.58392333984375 157.95484924316406 491.0232849121094 183.8315887451172 3.7206774 1.7336036 1.6126877 -9.501343 0.73579705 50.231323 1.6160032749176025 0.34739091992378235
Car 0.0 0 1.3582546710968018 843.3496704101562 158.01942443847656 885.5386352539062 183.95277404785156 3.8861856 1.4798162 1.5892377 15.141175 0.6336794 43.19662 1.6953905820846558 0.33602556586265564
Car 0.0 0 1.355217695236206 746.2460327148438 154.8904571533203 792.6959228515625 183.81329345703125 4.033852 1.537004 1.7027701 8.820273 0.582752 40.35815 1.5703845024108887 0.3302459716796875
Car 0.0 0 -1.48460054397583 858.787109375 165.71043395996094 883.1787109375 185.66773986816406 3.552797 1.595259 1.5969504 21.563879 1.0246053 59.61986 -1.1375501155853271 0.3291710615158081
