Pedestrian 0.0 0 1.4173529148101807 494.6894226074219 176.67123413085938 510.04229736328125 210.78358459472656 1.1769557 1.7159501 0.6060965 -5.575559 1.9159977 37.09069 1.2681477069854736 0.39461585879325867
Cyclist 0.0 0 1.4147791862487793 512.7918701171875 174.36192321777344 528.7978515625 207.86959838867188 1.7337037 1.7621776 0.5924124 -4.859018 1.8458339 38.94043 1.2906399965286255 0.7014167904853821
Cyclist 0.0 0 1.3926434516906738 493.8004150390625 175.95428466796875 510.8046875 210.21595764160156 1.4874165 1.7176093 0.6089169 -5.5848103 1.8809072 37.116714 1.2432975769042969 0.33316969871520996
Car 0.0 0 -1.3915560245513916 92.71102905273438 193.39895629882812 176.45370483398438 248.69139099121094 3.4693816 1.4755663 1.5912417 -14.813671 2.1732025 22.577961 -1.9722158908843994 0.9208096265792847
Car 0.0 0 -1.7304571866989136 572.6634521484375 180.7725830078125 606.27978515625 205.09397888183594 3.6895473 1.4900038 1.6370529 -1.4194705 2.03268 47.447037 -1.7603652477264404 0.9091603755950928
Car 0.0 0 -1.7658400535583496 639.159423828125 178.05345153808594 692.8561401367188 217.8026123046875 3.4328938 1.4512688 1.4721192 2.117983 1.6706798 28.602913 -1.691927194595337 0.8222190141677856
Car 0.0 0 -1.6433889865875244 449.4491882324219 184.119873046875 493.94781494140625 220.57040405273438 3.8554745 1.408651 1.603857 -6.0785737 1.9290221 31.231737 -1.8356139659881592 0.8074365854263306
Car 0.0 0 -1.8171120882034302 608.83544921875 175.10540771484375 656.1470947265625 208.16065979003906 3.478674 1.5252588 1.5085672 1.0151631 1.6419082 35.405655 -1.788447618484497 0.6385555863380432
Car 0.0 0 1.4156147241592407 682.3760375976562 180.69105529785156 765.2493286132812 241.10946655273438 3.928817 1.4208813 1.5869111 2.9074028 1.6538852 19.446646 1.564022183418274 0.6365137100219727
Car 0.0 0 -1.7681645154953003 699.2621459960938 163.5523681640625 832.5078735351562 265.8846130371094 4.3024907 1.7430737 1.7305084 2.870667 1.5849923 14.439764 -1.5719202756881714 0.597042977809906
Car 0.0 0 -1.463584542274475 450.31304931640625 181.00123596191406 491.13153076171875 213.31674194335938 3.760877 1.5561962 1.7005624 -7.2535443 2.0038784 37.668816 -1.653817057609558 0.4856663644313812
