Pedestrian 0.0 0 -0.5614821910858154 1561.1829833984375 434.5408630371094 1600.0 523.4705810546875 1.083035 1.6136978 0.84373343 14.557001 0.5800024 23.404713 -0.005065551958978176 0.4621202349662781
Pedestrian 0.0 0 -1.3521687984466553 985.4093627929688 479.1513366699219 1045.5166015625 579.533447265625 1.4319263 2.1932836 1.0516306 4.498624 1.9233183 28.529202 -1.1957716941833496 0.2822856903076172
Pedestrian 0.0 0 -2.273338556289673 1323.05078125 469.57757568359375 1437.2684326171875 629.2424926757812 1.4847755 2.4656978 0.94472706 9.058349 2.127041 20.4024 -1.8554983139038086 0.2423674762248993
Pedestrian 0.0 0 -0.1738358587026596 652.7852172851562 478.6439514160156 702.5889892578125 557.851318359375 1.0400603 1.8209602 0.774271 -3.2469428 1.52524 29.631582 -0.28297752141952515 0.21732036769390106
Pedestrian 0.0 0 -2.8920681476593018 622.5222778320312 474.0111999511719 695.5704345703125 601.2207641601562 1.0904868 2.1294389 0.73452663 -2.6770513 1.8365648 21.632399 -3.0151941776275635 0.1982363760471344
Pedestrian 0.0 0 -0.37050437927246094 606.0694580078125 482.8481750488281 666.447998046875 573.5980224609375 1.2585759 2.1423137 0.73945194 -4.33938 1.9379046 30.526571 -0.5117092728614807 0.1963653266429901
Pedestrian 0.0 0 -0.32550936937332153 623.2350463867188 476.31304931640625 682.7517700195312 586.4125366210938 1.0247898 2.136372 0.61860085 -3.2342172 1.8415468 25.07619 -0.45377686619758606 0.1945466697216034
Pedestrian 0.0 0 0.19946008920669556 490.94384765625 483.6236877441406 542.1788940429688 569.86328125 0.9909697 1.9052913 0.7322955 -6.7041016 1.7311231 28.36109 -0.03266281634569168 0.16464588046073914
Pedestrian 0.0 0 -0.9472196102142334 553.4263305664062 491.6971740722656 644.5921630859375 606.3097534179688 1.5950915 1.9920571 0.8549033 -3.9127119 1.9956331 22.91856 -1.11631178855896 0.13488715887069702
Pedestrian 0.0 0 -3.172631025314331 914.5271606445312 482.9936218261719 950.7099609375 561.28466796875 0.90594995 1.989447 0.6389567 2.9834657 1.7731125 32.52709 -3.0811643600463867 0.12332191318273544
Pedestrian 0.0 0 -0.7072917222976685 980.4259643554688 494.3708190917969 1021.5875854492188 557.8281860351562 1.165728 2.0418897 0.6857284 6.0403366 2.1368787 41.405056 -0.5624296069145203 0.11881229281425476
Pedestrian 0.0 0 -0.38423988223075867 563.59423828125 482.165283203125 632.012939453125 590.1580200195312 1.2099293 2.1702268 0.71033466 -4.4968596 1.982493 26.070631 -0.5550467371940613 0.11770524829626083
Pedestrian 0.0 0 -3.028563976287842 846.8406372070312 494.20416259765625 873.0197143554688 538.3184204101562 0.9867507 1.7728157 0.71676433 1.7741244 1.8831341 51.37265 -2.9940433502197266 0.1094484031200409
Pedestrian 0.0 0 -2.752415180206299 367.9340515136719 476.5032653808594 447.31396484375 617.2540283203125 0.9099584 2.1033864 0.8261549 -6.239251 1.8791684 19.372509 -3.0639922618865967 0.10877625644207001
Pedestrian 0.0 0 -0.5617335438728333 1365.9534912109375 519.588134765625 1430.9034423828125 608.3346557617188 1.2158674 2.0448325 0.68042415 13.719923 2.7161841 29.860308 -0.13103210926055908 0.10695742070674896
Cyclist 0.0 0 -0.8901465535163879 598.7257080078125 500.9020690917969 669.7838134765625 588.7584228515625 1.7609427 2.0440762 0.76168203 -4.3849335 2.2782826 30.619217 -1.0323879718780518 0.7387655973434448
Cyclist 0.0 0 -1.1651864051818848 989.1917114257812 500.6141052246094 1027.71728515625 562.8812255859375 1.3713067 1.9928234 0.77091044 6.3107405 2.297242 41.5466 -1.0144431591033936 0.26090294122695923
Car 0.0 0 1.3655509948730469 710.654541015625 516.2797241210938 796.98828125 582.1464233398438 4.426042 1.7067382 1.6398137 -1.8868945 2.4750896 36.93066 1.314502477645874 0.1958061158657074
Car 0.0 0 -1.6634092330932617 305.3914489746094 523.4151611328125 438.1632995605469 642.294189453125 3.9715154 1.6645555 1.7106879 -7.4652596 2.2494824 21.054117 -2.0041537284851074 0.18086355924606323
Car 0.0 0 -0.7645315527915955 535.3533935546875 515.771484375 704.5284423828125 595.2376708984375 3.8943932 1.6866082 1.6937557 -4.6125875 2.304657 30.197182 -0.9161088466644287 0.14088408648967743
Car 0.0 0 -1.018940806388855 451.0728759765625 518.6205444335938 649.1060791015625 633.19775390625 3.7760565 1.7789283 1.7442986 -4.659116 2.3096378 22.715853 -1.2212393283843994 0.12574361264705658
Car 0.0 0 -3.2143590450286865 1100.835205078125 522.2984619140625 1231.4207763671875 574.4581298828125 3.9428825 1.5729678 1.6530287 11.208156 2.593836 40.793724 -2.946223497390747 0.11529596894979477
Car 0.0 0 -1.5066486597061157 910.873291015625 516.8546142578125 967.153076171875 569.42822265625 3.673108 1.568648 1.6047734 4.069485 2.4401512 41.600433 -1.4091358184814453 0.10997089743614197
Car 0.0 0 -1.169273853302002 514.421875 515.127197265625 623.1636352539062 578.69091796875 3.7059255 1.5705944 1.6013504 -6.7184715 2.2554939 34.74226 -1.360296368598938 0.1064700111746788
Car 0.0 0 -1.9333562850952148 1331.918212890625 523.3533325195312 1467.975341796875 602.978271484375 3.727222 1.6539043 1.6821473 13.609734 2.4502454 29.752445 -1.5043387413024902 0.1037004142999649
Car 0.0 0 1.4149466753005981 636.9244995117188 524.3960571289062 769.36962890625 642.87646484375 3.9769487 1.8577397 1.8074505 -2.1614656 2.5160847 23.200342 1.322049617767334 0.10262031108140945
