Cyclist 0.0 0 -2.288447141647339 786.1470336914062 129.19874572753906 847.1466064453125 197.8499755859375 1.8395482 1.790246 0.51756454 5.6460676 0.33060056 19.684776 -2.0091216564178467 0.5637850761413574
Car 0.0 0 -1.5135347843170166 416.2458190917969 180.04595947265625 482.9352722167969 238.9551239013672 3.3249629 1.5926826 1.7317097 -4.6282067 1.4540439 21.209156 -1.7283841371536255 0.9671134948730469
Car 0.0 0 -1.2522752285003662 153.370849609375 186.24917602539062 303.1235656738281 262.92803955078125 4.581463 1.5257938 1.7072 -8.648101 1.5544735 16.761389 -1.7286041975021362 0.9489687085151672
Car 0.0 0 -1.3745322227478027 310.4280090332031 184.70040893554688 377.24725341796875 226.0609130859375 4.2417665 1.4982255 1.6665694 -10.31082 1.4806912 28.259157 -1.7243893146514893 0.9195041656494141
Car 0.0 0 -1.6639500856399536 520.97412109375 179.8292999267578 588.392822265625 234.6101531982422 3.7830842 1.5171609 1.6823815 -1.7414669 1.3691154 21.912838 -1.743255853652954 0.916810929775238
Car 0.0 0 -1.0964035987854004 45.00135040283203 184.88848876953125 206.4930419921875 251.29214477539062 4.2710304 1.5085855 1.6743923 -12.231607 1.502283 18.541265 -1.6795650720596313 0.8969318270683289
Car 0.0 0 -0.9879738688468933 0.0 207.3845672607422 156.58273315429688 376.0 3.9083457 1.4053931 1.5658817 -6.8200464 1.7132795 7.904492 -1.699855923652649 0.806939959526062
Car 0.0 0 -1.4252716302871704 358.89361572265625 183.85958862304688 400.90655517578125 213.76602172851562 3.652447 1.4581214 1.5475565 -11.694707 1.3931345 36.97142 -1.731630563735962 0.5956730842590332
Car 0.0 0 -1.5443296432495117 502.1509094238281 185.11119079589844 523.5171508789062 203.7548065185547 4.0604987 1.4845577 1.643977 -7.8185816 1.4773685 59.342403 -1.6753288507461548 0.5847147703170776
Car 0.0 0 -1.5834795236587524 404.058837890625 176.6234893798828 428.4217224121094 198.9470672607422 3.715385 1.5435301 1.6354849 -13.820455 0.95056564 51.710068 -1.8446433544158936 0.5682295560836792
Car 0.0 0 -0.43468430638313293 643.9618530273438 153.05479431152344 722.7333374023438 183.5730743408203 3.6329963 1.4811809 1.5880386 3.7847629 -0.085051246 36.37097 -0.330997496843338 0.5639522075653076
Car 0.0 0 -1.2133475542068481 174.60269165039062 166.7472686767578 268.19122314453125 208.84597778320312 4.318915 1.4807435 1.7506275 -14.693623 0.83228266 27.536936 -1.703510046005249 0.5550315976142883
