Pedestrian 0.0 0 -2.13739013671875 0.0 80.74784088134766 88.2161865234375 263.8027648925781 0.865633 1.8117793 0.62155324 -6.154756 0.90051997 7.570289 -2.820016622543335 0.46656471490859985
Pedestrian 0.0 0 1.7528927326202393 324.8395080566406 133.4306182861328 352.8624572753906 195.7310028076172 0.93398875 1.753448 0.5996093 -7.861425 0.6442324 20.817883 1.3918195962905884 0.4448451101779938
Pedestrian 0.0 0 -2.5982890129089355 388.84869384765625 138.87924194335938 415.70916748046875 185.66505432128906 0.7589909 1.7783535 0.67131174 -8.055825 0.48731312 27.845686 -2.8799028396606445 0.4092462360858917
Pedestrian 0.0 0 1.698714256286621 366.7515563964844 140.55050659179688 391.1996154785156 194.0275115966797 0.82277554 1.7863624 0.6951531 -7.903933 0.7076442 24.567598 1.3874502182006836 0.4004291594028473
Pedestrian 0.0 0 2.0701053142547607 199.12754821777344 104.7959976196289 292.0902404785156 230.64767456054688 1.613055 1.8108535 0.58835554 -5.6566043 0.8319389 11.194686 1.602231740951538 0.13930991291999817
Cyclist 0.0 0 2.0701053142547607 199.12754821777344 104.7959976196289 292.0902404785156 230.64767456054688 1.613055 1.8108535 0.58835554 -5.6566043 0.8319389 11.194686 1.602231740951538 0.3864271640777588
Car 0.0 0 -1.867410659790039 721.0286254882812 184.47830200195312 924.0733032226562 311.4912414550781 3.8688817 1.4120424 1.6399832 2.7267172 1.6107339 10.343293 -1.609653115272522 0.9747722148895264
Car 0.0 0 -1.7747000455856323 671.75830078125 180.37533569335938 781.0441284179688 258.416259765625 3.9190202 1.5034117 1.6327566 2.4329631 1.6944207 16.284964 -1.6263976097106934 0.962103545665741
Car 0.0 0 2.1702113151550293 0.0 196.82708740234375 355.24993896484375 375.0 4.041944 1.4626492 1.6175587 -2.7138276 1.6482954 3.5089505 1.5119006633758545 0.8691446781158447
Car 0.0 0 -2.2714579105377197 906.3042602539062 57.11202621459961 1242.0 375.0 3.6453512 1.7197056 1.5488762 2.8453045 1.4729543 3.3617468 -1.5690710544586182 0.779837965965271
Car 0.0 0 1.4420509338378906 663.0399169921875 170.19956970214844 693.8618774414062 194.52218627929688 4.0676103 1.6880252 1.7015479 4.875513 1.5041621 52.13579 1.5352953672409058 0.7734398245811462
Car 0.0 0 -2.8850619792938232 406.423095703125 174.44969177246094 478.57623291015625 202.8227081298828 3.4932928 1.4856949 1.5411137 -8.982726 1.5734379 38.69116 -3.113185405731201 0.5283161401748657
Car 0.0 0 1.6136280298233032 560.5477905273438 176.7781219482422 585.1923828125 199.2858123779297 4.1393414 1.574132 1.6430241 -2.7327485 1.875458 53.260437 1.562363862991333 0.4155201017856598
Car 0.0 0 -0.6748602390289307 461.48870849609375 149.14651489257812 568.2445678710938 196.70899963378906 3.5885303 1.5983269 1.6467198 -3.4331152 0.8019997 26.108809 -0.8056027889251709 0.4071435034275055
Car 0.0 0 -2.054593801498413 629.4991455078125 173.30416870117188 662.9344482421875 189.74269104003906 3.8075638 1.5300875 1.6205415 3.4309118 1.5749974 69.33878 -2.0051536560058594 0.40683460235595703
