Pedestrian 0.0 0 -2.161134958267212 1012.0811157226562 144.2919921875 1176.027099609375 374.0 0.844471 1.6442901 0.67167425 3.6638415 1.3833108 5.4856606 -1.5722829103469849 0.8230530619621277
Pedestrian 0.0 0 1.6866202354431152 91.02722930908203 159.6608428955078 193.8465576171875 374.0 0.91917324 1.7475483 0.6611929 -4.039274 1.5742236 6.302207 1.116647481918335 0.7929978966712952
Pedestrian 0.0 0 1.7347785234451294 532.5546264648438 172.4343719482422 563.8272705078125 242.3150177001953 0.95470953 1.7467234 0.6567577 -1.3914503 1.5213054 18.457327 1.6595333814620972 0.783477246761322
Pedestrian 0.0 0 -2.0720291137695312 813.4248046875 142.42286682128906 918.947265625 321.2027893066406 0.9481578 1.751649 0.6617877 2.706303 1.3701493 7.55554 -1.7280787229537964 0.7709070444107056
Pedestrian 0.0 0 1.6209560632705688 803.4996337890625 126.851806640625 836.0607299804688 199.14288330078125 0.5211682 1.7561319 0.74880993 5.3859577 0.42978308 17.81905 1.9144835472106934 0.7275452613830566
Pedestrian 0.0 0 0.13880780339241028 694.541015625 138.99581909179688 757.9688720703125 249.47891235351562 1.0032879 1.8491558 0.6960743 2.1395476 1.1390482 12.503998 0.3082756996154785 0.6446448564529419
Pedestrian 0.0 0 2.6397745609283447 606.8034057617188 168.3171844482422 649.3865966796875 237.7870330810547 0.9458853 1.8479289 0.6924097 0.69449186 1.4984251 19.627329 2.6751437187194824 0.6411249041557312
Pedestrian 0.0 0 1.73976469039917 82.4600830078125 141.42218017578125 116.2060317993164 205.536376953125 0.951385 1.8685296 0.679734 -15.050211 0.7016448 21.50769 1.1292002201080322 0.5607926845550537
Pedestrian 0.0 0 0.6804275512695312 0.0 186.89906311035156 65.478759765625 326.1788330078125 0.7974116 1.7296685 0.5779718 -7.550039 1.8025889 9.23167 -0.00509782787412405 0.5574491024017334
Pedestrian 0.0 0 1.6555216312408447 698.0780029296875 171.33824157714844 717.1961059570312 211.61402893066406 0.69481415 1.6579223 0.7344607 4.421442 1.2406085 29.989393 1.8019006252288818 0.47769173979759216
Pedestrian 0.0 0 1.528634786605835 599.0908813476562 165.88783264160156 621.9909057617188 228.81939697265625 0.81990904 1.8324807 0.6436926 0.23539954 1.3790102 21.334085 1.539668321609497 0.46981391310691833
Pedestrian 0.0 0 1.0376867055892944 860.6385498046875 120.29257202148438 902.209716796875 202.44273376464844 0.72068495 1.8213365 0.5953038 6.320205 0.46553633 16.327515 1.4070137739181519 0.46898138523101807
Pedestrian 0.0 0 -2.8116674423217773 758.9229736328125 174.39248657226562 801.7301635742188 259.3670654296875 0.7357708 1.8023663 0.65905046 3.8784323 1.6528416 15.709948 -2.569629669189453 0.44635602831840515
Pedestrian 0.0 0 2.159355401992798 56.19123458862305 142.73458862304688 91.95570373535156 199.75538635253906 0.7181792 1.8702112 0.67671967 -17.586987 0.5998431 23.931889 1.5256036520004272 0.4308694303035736
Pedestrian 0.0 0 1.365747094154358 705.040771484375 161.87945556640625 721.847900390625 201.96328735351562 0.67315054 1.8191973 0.63694733 5.122933 0.9296581 32.95122 1.5199825763702393 0.41428735852241516
Pedestrian 0.0 0 2.239854335784912 1130.1370849609375 62.25323486328125 1238.0 264.66925048828125 0.73768127 1.8511175 0.6663353 5.6965837 0.7619702 6.971298 2.924964427947998 0.3968663215637207
Cyclist 0.0 0 1.7347785234451294 532.5546264648438 172.4343719482422 563.8272705078125 242.3150177001953 0.95470953 1.7467234 0.6567577 -1.3914503 1.5213054 18.457327 1.6595333814620972 0.2626691162586212
Cyclist 0.0 0 1.528634786605835 599.0908813476562 165.88783264160156 621.9909057617188 228.81939697265625 0.81990904 1.8324807 0.6436926 0.23539954 1.3790102 21.334085 1.539668321609497 0.14784175157546997
Car 0.0 0 1.8507981300354004 375.7741394042969 154.4872589111328 518.4995727539062 257.82293701171875 4.606163 1.9794128 1.898461 -3.2805855 1.463235 16.128279 1.6501299142837524 0.8050951361656189
Car 0.0 0 1.7196249961853027 468.78387451171875 165.81558227539062 543.9158935546875 228.13905334472656 4.484645 1.7796835 1.7053722 -2.9246502 1.3329468 22.769665 1.5918793678283691 0.615408182144165
Car 0.0 0 1.6761958599090576 512.7346801757812 161.65570068359375 537.7839965820312 181.19561767578125 4.029816 1.5550326 1.641585 -6.221282 -0.025511317 59.24501 1.5715699195861816 0.48090165853500366
Car 0.0 0 1.9256900548934937 262.7671813964844 150.9356689453125 338.00994873046875 189.73297119140625 3.591325 1.3930682 1.5126003 -11.498 0.29666716 27.614382 1.5311455726623535 0.47479382157325745
Car 0.0 0 -1.6221727132797241 631.9080810546875 173.08680725097656 656.27001953125 193.80767822265625 3.5454886 1.4331261 1.556023 3.0407155 0.8518857 51.458553 -1.5631507635116577 0.45421239733695984
