Pedestrian 0.0 0 -1.2425569295883179 273.3946533203125 175.42669677734375 320.55584716796875 256.634033203125 0.77139634 1.6075286 0.6700912 -6.305176 1.5087303 14.403877 -1.6551700830459595 0.6437841653823853
Pedestrian 0.0 0 -1.3860777616500854 789.1859130859375 162.82066345214844 805.4669189453125 197.91709899902344 0.73790747 1.8510594 0.7166532 10.2671175 0.920026 37.774372 -1.1206879615783691 0.4689672291278839
Pedestrian 0.0 0 -1.137230396270752 592.2161254882812 168.1687469482422 603.7494506835938 191.17893981933594 0.4059175 1.7439102 0.7815286 -0.5254511 0.81060106 53.927044 -1.1469738483428955 0.4138840138912201
Pedestrian 0.0 0 -0.3469322919845581 990.1484985351562 117.4977798461914 1065.2811279296875 248.78892517089844 0.82149166 1.7765085 0.35972434 5.810048 0.9256925 9.815433 0.1875321865081787 0.3148479759693146
Pedestrian 0.0 0 -3.0638785362243652 767.7863159179688 156.98095703125 796.8870239257812 188.49124145507812 1.5839845 1.7882504 0.5590911 10.186298 0.45489895 40.637684 -2.818277359008789 0.29663386940956116
Pedestrian 0.0 0 2.483753204345703 127.68583679199219 125.51163482666016 202.38516235351562 256.01275634765625 0.6404821 1.7466048 0.6194279 -6.179491 1.0123216 9.865682 1.9241749048233032 0.2711848318576813
Pedestrian 0.0 0 -1.0475975275039673 510.1202392578125 165.07119750976562 521.8892211914062 186.2883758544922 0.99491054 1.811986 0.5890683 -7.6508512 0.4955339 60.951046 -1.172468900680542 0.25480303168296814
Pedestrian 0.0 0 2.086566925048828 1018.7501220703125 147.14474487304688 1042.54638671875 189.1390838623047 0.7056585 1.942749 0.6997323 19.959652 0.40111753 33.182713 2.62809419631958 0.25362423062324524
Cyclist 0.0 0 1.1334744691848755 877.81298828125 154.92832946777344 904.4971923828125 191.40945434570312 1.666371 1.6874931 0.513361 13.546528 0.5060891 33.546436 1.5172646045684814 0.5622062683105469
Cyclist 0.0 0 -1.5229514837265015 542.5761108398438 172.02734375 552.7249145507812 200.28712463378906 1.9267786 1.6537923 0.5167785 -3.4334164 1.1593373 42.34371 -1.6038589477539062 0.3335729241371155
Cyclist 0.0 0 -3.121506929397583 768.6761474609375 157.75479125976562 797.37744140625 189.1668243408203 1.5891594 1.7844715 0.548238 10.226126 0.4937339 40.635254 -2.874969720840454 0.301140159368515
Cyclist 0.0 0 -1.011902093887329 509.89263916015625 165.09368896484375 522.0589599609375 186.2887725830078 1.0060514 1.8102101 0.59929585 -7.655033 0.49559775 60.964417 -1.1368138790130615 0.11360613256692886
Car 0.0 0 -0.7456281185150146 1053.8660888671875 153.51585388183594 1187.5673828125 199.0037841796875 3.5037715 1.4658005 1.5594294 17.249826 0.5978118 23.758873 -0.11764035373926163 0.8891770243644714
Car 0.0 0 -0.7812891006469727 0.0 214.73402404785156 305.4751892089844 370.0 3.8429234 1.4809068 1.6190628 -3.160476 1.7402169 3.3662505 -1.5351697206497192 0.8519821166992188
Car 0.0 0 -3.1147918701171875 594.3049926757812 174.52479553222656 652.8695678710938 196.8719024658203 3.9939053 1.520691 1.6238514 1.3088217 1.1153971 49.0263 -3.088101863861084 0.539106011390686
Car 0.0 0 2.3828306198120117 79.79717254638672 196.16256713867188 182.75344848632812 231.91436767578125 3.8842394 1.4479953 1.6227111 -21.68628 2.2158985 32.521515 1.7947157621383667 0.3115437626838684
Car 0.0 0 -1.4367934465408325 51.02794647216797 163.3162841796875 93.38556671142578 189.93031311035156 3.837724 1.5855274 1.6175368 -33.24145 0.5631771 44.186672 -2.0817623138427734 0.2786019444465637
Car 0.0 0 -1.1056126356124878 1132.066162109375 145.72744750976562 1211.3756103515625 177.2377166748047 3.9101558 1.5174855 1.5522213 28.756262 -0.1711815 35.88135 -0.4300025403499603 0.2557305693626404
Car 0.0 0 -2.381775140762329 1179.1844482421875 167.12718200683594 1224.0 207.0326690673828 4.3154664 1.5016378 1.4884748 25.988373 0.9999317 28.80979 -1.647818922996521 0.24250873923301697
