Pedestrian 0.0 0 0.2759501039981842 818.5010986328125 101.31654357910156 878.9818115234375 207.92274475097656 0.8460865 1.8007667 0.7220099 4.260692 0.4648671 12.475875 0.6050455570220947 0.6422255635261536
Pedestrian 0.0 0 0.5268636345863342 401.53582763671875 142.2363739013672 472.56524658203125 286.5160217285156 0.7445423 1.7503967 0.4507927 -2.157447 1.2878636 8.8950405 0.2889137268066406 0.5893917083740234
Pedestrian 0.0 0 -0.3635329008102417 872.5927124023438 94.24714660644531 939.0009155273438 204.47332763671875 0.86904955 1.7920821 0.5790139 4.9604783 0.39141634 11.794743 0.0345768928527832 0.422216534614563
Pedestrian 0.0 0 -3.1743574142456055 757.4944458007812 98.02165222167969 813.5940551757812 207.58782958984375 0.9269523 1.8538333 0.6720493 3.1023397 0.45996767 12.384412 -2.9289047718048096 0.4074622094631195
Pedestrian 0.0 0 -3.52905011177063 949.3975830078125 97.47061920166016 1015.16943359375 207.7832794189453 0.80982363 1.7824093 0.562425 6.2066445 0.4424909 11.739193 -3.0426981449127197 0.4021035134792328
Pedestrian 0.0 0 -0.14640796184539795 706.8490600585938 116.55813598632812 741.0416259765625 184.26034545898438 0.786905 1.7110332 0.59124714 3.0128362 0.09662773 18.166864 0.017938613891601562 0.39643874764442444
Pedestrian 0.0 0 1.5190894603729248 521.7077026367188 105.16088104248047 554.0543823242188 193.89454650878906 0.8079516 1.8142806 0.6343869 -1.4639032 0.27549493 14.898357 1.4211444854736328 0.32012584805488586
Pedestrian 0.0 0 0.663765549659729 178.36825561523438 115.55653381347656 274.7175598144531 203.59405517578125 1.7226418 1.691634 0.52397287 -7.5229692 0.44538373 13.985035 0.17023634910583496 0.15746013820171356
Cyclist 0.0 0 0.4924434721469879 153.21051025390625 103.97327423095703 236.46617126464844 194.25831604003906 1.3669802 1.7510353 0.4616462 -8.129851 0.2684682 13.962391 -0.034835606813430786 0.3327377438545227
Cyclist 0.0 0 -3.2732605934143066 764.6008911132812 94.62948608398438 829.81689453125 204.22744750976562 1.0199097 1.8596771 0.6782934 3.307822 0.4042592 12.394348 -3.0124576091766357 0.18008801341056824
Car 0.0 0 -1.8048515319824219 652.2398071289062 131.58395385742188 741.4796752929688 193.72174072265625 3.699931 1.5439556 1.5975679 2.3874147 0.3301202 19.491034 -1.6829707622528076 0.45632022619247437
Car 0.0 0 -1.3516327142715454 501.7790222167969 135.55068969726562 580.7024536132812 190.42498779296875 3.8330336 1.5470817 1.6394991 -1.9106046 0.28139076 21.936893 -1.4385089874267578 0.43625307083129883
Car 0.0 0 -1.761300802230835 718.137939453125 130.7413787841797 806.1549072265625 194.8793487548828 3.9787426 1.6093731 1.643452 4.2293262 0.3624062 19.742374 -1.5502647161483765 0.41333502531051636
Car 0.0 0 2.0375895500183105 580.384033203125 155.22706604003906 621.9987182617188 177.51248168945312 3.660282 1.5764679 1.6203282 -0.23769829 -0.22925302 52.54827 2.0330662727355957 0.3134625256061554
