Pedestrian 0.0 0 0.29971009492874146 711.1862182617188 501.01971435546875 738.1332397460938 545.7783813476562 1.0965557 2.073298 0.71665394 -4.289741 2.5225503 59.3363 0.2275402545928955 0.28750866651535034
Pedestrian 0.0 0 -2.465475082397461 719.0916137695312 502.18121337890625 743.8457641601562 542.1068115234375 1.0628457 1.9747794 0.6547955 -4.2534385 2.5149705 63.517616 -2.5323400497436523 0.22566679120063782
Pedestrian 0.0 0 -1.4304578304290771 713.9796752929688 504.1104431152344 737.8369140625 558.7086181640625 1.2536079 2.2636178 0.83733046 -3.8088486 2.8021755 53.461422 -1.5015825033187866 0.1954394280910492
Pedestrian 0.0 0 -1.274746060371399 680.3484497070312 473.47760009765625 730.0780029296875 615.2828369140625 0.7739583 2.3244224 0.6308897 -1.8531395 2.02889 21.202648 -1.3619258403778076 0.1934400498867035
Pedestrian 0.0 0 -2.287327289581299 58.770809173583984 460.3834533691406 140.44415283203125 588.7515258789062 0.8507407 1.9464383 0.72433865 -11.13365 1.4745119 19.685785 -2.802044153213501 0.18053306639194489
Pedestrian 0.0 0 -0.011360645294189453 1249.320556640625 506.9481201171875 1270.8184814453125 546.3306884765625 1.0538577 2.0334508 0.66835266 23.214249 2.8471959 66.25501 0.3256502151489258 0.17525891959667206
Pedestrian 0.0 0 -1.2523722648620605 1203.8385009765625 510.22088623046875 1224.7320556640625 550.1194458007812 1.3114258 2.0770242 0.683728 21.168531 3.083003 67.345436 -0.9478232860565186 0.17236749827861786
Pedestrian 0.0 0 -2.1043198108673096 571.0542602539062 478.1441345214844 625.6630249023438 599.6062622070312 0.7570662 1.9370434 0.57299054 -3.558919 1.7239351 20.670437 -2.274822473526001 0.17004553973674774
Pedestrian 0.0 0 -0.9988414645195007 496.01153564453125 465.90777587890625 546.8434448242188 541.8148803710938 1.6179234 2.5063767 0.94515616 -9.937606 1.6611129 42.7367 -1.2273123264312744 0.16631391644477844
Pedestrian 0.0 0 -0.973606288433075 863.357177734375 472.2472839355469 917.894287109375 620.1963500976562 0.67687863 2.462035 0.659726 1.2664137 2.1415315 21.54396 -0.9148910641670227 0.16552160680294037
Pedestrian 0.0 0 -1.4984900951385498 1385.9019775390625 503.3423767089844 1404.2694091796875 549.5235595703125 1.3973255 2.158688 0.69725406 27.598858 2.7302368 60.37743 -1.0697429180145264 0.15978465974330902
Pedestrian 0.0 0 -2.2869622707366943 1512.5064697265625 483.95489501953125 1570.7955322265625 561.2473754882812 1.0829955 2.074137 0.8894518 19.80926 1.8714758 34.602005 -1.7670172452926636 0.15635481476783752
Cyclist 0.0 0 -0.9914098381996155 581.148193359375 511.22479248046875 641.1383666992188 586.3005981445312 1.9681693 2.1732807 0.85158265 -6.1855807 2.7862206 38.295364 -1.1515496969223022 0.2598271071910858
Cyclist 0.0 0 -1.4171812534332275 1217.19287109375 507.4933166503906 1239.6307373046875 544.9430541992188 1.2091123 1.9343991 0.95181394 21.746532 2.7873125 66.8128 -1.1025111675262451 0.2264358550310135
Cyclist 0.0 0 -1.4423083066940308 1389.459716796875 508.3533630371094 1409.0032958984375 551.6814575195312 1.4437515 2.0197847 0.66767275 27.824404 2.8342404 60.437748 -1.010854959487915 0.1597917675971985
Car 0.0 0 -1.3559224605560303 185.5633544921875 509.1585693359375 299.8619689941406 588.3118286132812 4.009152 1.6768821 1.6321337 -13.449562 2.1234436 29.90906 -1.7785117626190186 0.33286580443382263
Car 0.0 0 -1.4217729568481445 425.00518798828125 514.0593872070312 496.7815856933594 577.0546264648438 3.8380616 1.7641964 1.565394 -10.859018 2.4925442 38.899475 -1.6939988136291504 0.30675703287124634
Car 0.0 0 -1.3660317659378052 488.75128173828125 513.5079956054688 562.2802734375 571.9065551757812 3.6547968 1.6564674 1.4994315 -8.935101 2.368622 39.151253 -1.5904089212417603 0.2842646837234497
Car 0.0 0 -1.61677086353302 1180.3404541015625 514.4710693359375 1221.1461181640625 553.6942138671875 3.4992933 1.6383749 1.5968101 17.27645 2.7063937 57.006905 -1.3225101232528687 0.26843979954719543
Car 0.0 0 -1.60186767578125 442.0309753417969 504.5544128417969 553.0693359375 625.0875244140625 4.29958 1.8114761 1.6813755 -5.558499 2.0600505 21.828918 -1.8512078523635864 0.2533513307571411
Car 0.0 0 -1.567108154296875 988.3638305664062 514.180908203125 1067.407470703125 595.676025390625 4.0220666 1.6163753 1.6273718 4.7519555 2.1630957 28.416916 -1.4014184474945068 0.23905985057353973
Car 0.0 0 -1.8197039365768433 1212.5972900390625 514.5941162109375 1266.457275390625 550.642822265625 4.0029187 1.6725649 1.6208724 21.161198 2.8666701 63.44619 -1.4977765083312988 0.23244847357273102
Car 0.0 0 -1.3554656505584717 88.90161895751953 506.17572021484375 175.84523010253906 557.4295654296875 4.1839633 1.5277292 1.6309168 -22.206396 2.0315676 41.263355 -1.849175214767456 0.22108572721481323
Car 0.0 0 -1.6469621658325195 793.1781005859375 506.2325439453125 866.1310424804688 572.5604248046875 4.5245523 1.632339 1.6400381 0.30134776 2.0604496 34.505856 -1.6382291316986084 0.1976580172777176
Car 0.0 0 -1.7085821628570557 1055.1304931640625 510.22161865234375 1149.6802978515625 589.59130859375 3.9617038 1.6162403 1.5577104 6.4282856 2.071766 28.787596 -1.4888858795166016 0.1870405524969101
Car 0.0 0 -1.6791669130325317 690.52099609375 513.0398559570312 776.1131591796875 595.2088012695312 3.9218717 1.6629956 1.5175427 -1.9455507 2.1873493 28.7756 -1.7466752529144287 0.17986898124217987
Car 0.0 0 -2.4438014030456543 1427.505126953125 511.56317138671875 1600.0 634.843994140625 3.9953701 1.640476 1.6434096 11.727599 1.9867915 19.710735 -1.907077431678772 0.17958204448223114
Car 0.0 0 -1.7659271955490112 767.2258911132812 507.4122314453125 833.8756713867188 554.3865966796875 4.337377 1.5838412 1.6349562 -0.62896574 2.1971471 46.54231 -1.77944016456604 0.17705842852592468
Car 0.0 0 -2.1587347984313965 881.1997680664062 516.7771606445312 999.119384765625 577.5560302734375 3.6944907 1.5794812 1.6081316 3.5213065 2.3496351 36.588516 -2.0627894401550293 0.17692548036575317
Car 0.0 0 0.9805202484130859 1485.7127685546875 517.9818725585938 1599.3326416015625 566.5729370117188 4.088637 1.6354903 1.6604242 26.86994 2.6621 47.00969 1.4997828006744385 0.173546701669693
Car 0.0 0 -2.1425421237945557 1250.4776611328125 517.5999755859375 1326.025146484375 553.369140625 4.191411 1.6573106 1.5628942 23.841953 3.0240972 64.12261 -1.7865638732910156 0.16524969041347504
Car 0.0 0 -0.9658142328262329 223.26223754882812 507.81195068359375 328.63031005859375 558.984619140625 3.5962944 1.6398785 1.5784936 -18.589907 2.2275884 43.7277 -1.3677940368652344 0.16049250960350037
