Pedestrian 0.0 0 -0.9345067739486694 178.73545837402344 460.5763244628906 261.6098937988281 580.5780029296875 1.0577023 2.4252472 1.139136 -12.544553 2.2351043 25.944513 -1.3848793506622314 0.6835953593254089
Pedestrian 0.0 0 -1.1454602479934692 309.9246826171875 486.9171142578125 370.4690856933594 609.0625610351562 1.3835366 2.952036 0.9155557 -12.094219 3.3833036 31.192867 -1.5153391361236572 0.23514963686466217
Pedestrian 0.0 0 -0.7992931604385376 159.36521911621094 501.4398193359375 239.02975463867188 629.6605834960938 1.2164519 2.1606774 0.5696871 -11.053731 2.732379 22.104107 -1.2630014419555664 0.14528721570968628
Pedestrian 0.0 0 -0.4554402828216553 1038.4632568359375 516.0758666992188 1080.9776611328125 585.2396240234375 1.0460278 2.0031354 0.70092696 6.9561462 3.396638 37.399128 -0.27154412865638733 0.12811143696308136
Pedestrian 0.0 0 -0.18292519450187683 237.8863067626953 488.1853942871094 304.9639892578125 642.4195556640625 0.75950056 2.1042697 0.6550646 -7.841291 2.3683364 17.69174 -0.6001245975494385 0.1273595243692398
Pedestrian 0.0 0 -3.3352880477905273 1436.40771484375 478.77423095703125 1504.050048828125 597.5328979492188 0.95554787 2.0462992 0.6393788 11.337725 2.2043724 22.091381 -2.8611209392547607 0.10146139562129974
Cyclist 0.0 0 -0.7992931604385376 159.36521911621094 501.4398193359375 239.02975463867188 629.6605834960938 1.2164519 2.1606774 0.5696871 -11.053731 2.732379 22.104107 -1.2630014419555664 0.1119939461350441
Car 0.0 0 -2.1573288440704346 1413.3863525390625 535.6139526367188 1579.284912109375 611.5654296875 4.4704175 1.621603 1.6505024 17.52052 3.4731512 33.038834 -1.6697354316711426 0.4763917028903961
Car 0.0 0 -2.1342668533325195 1265.8306884765625 532.8165893554688 1417.7218017578125 612.2526245117188 4.154771 1.684556 1.6388851 13.134197 3.410231 32.219482 -1.7471851110458374 0.2797764837741852
Car 0.0 0 -1.08323335647583 400.06854248046875 527.3565063476562 512.851806640625 603.0023193359375 3.7670753 1.8864306 1.5417258 -10.641182 3.6392539 36.27592 -1.368569016456604 0.243172749876976
Car 0.0 0 -2.3704886436462402 1421.519775390625 533.4217529296875 1600.0 634.6552124023438 4.1551785 1.5777199 1.6477969 13.865376 2.932997 24.53974 -1.8561890125274658 0.2057700902223587
Car 0.0 0 -0.5569326877593994 0.0 0.0 1600.0 900.0 3.9650917 1.6701008 1.6593027 -3.8743007 1.7900727 1.9148057 -1.668705940246582 0.19641533493995667
Car 0.0 0 -0.9946868419647217 0.0 531.9876708984375 158.71224975585938 651.5761108398438 3.6645167 1.6566393 1.5568429 -13.047366 2.7935412 21.122355 -1.5480225086212158 0.1620819866657257
Car 0.0 0 -2.338151454925537 1469.8211669921875 514.31884765625 1600.0 634.9903564453125 4.0877028 1.5964955 1.585853 12.585409 2.3925955 20.331192 -1.7838642597198486 0.1523740142583847
Car 0.0 0 1.5252103805541992 376.5940246582031 533.9129028320312 484.3272399902344 654.8856811523438 4.1477532 1.6464007 1.5723618 -6.9054565 2.8623972 21.612251 1.2159466743469238 0.13414527475833893
Car 0.0 0 -1.2042384147644043 0.0 537.885009765625 120.02276611328125 643.252197265625 4.044251 1.6131147 1.6215798 -15.190123 3.0343335 24.081163 -1.7669894695281982 0.12724637985229492
Car 0.0 0 1.367154598236084 898.4794311523438 530.55615234375 1026.3238525390625 638.87890625 4.067214 1.7981317 1.763429 2.6405063 3.1218967 25.26855 1.471274495124817 0.1077064573764801
Car 0.0 0 -2.002382516860962 1045.5548095703125 525.7915649414062 1166.35009765625 600.4467163085938 3.9951558 1.6629314 1.5917091 7.3170815 3.236275 33.198856 -1.7854492664337158 0.10504317283630371
Car 0.0 0 -1.3266737461090088 1357.9742431640625 552.0986328125 1451.0572509765625 624.254150390625 3.5748594 1.727836 1.6263773 16.747202 4.2273784 36.23289 -0.8937125205993652 0.10308840870857239
