Pedestrian 0.0 0 3.233226776123047 532.78369140625 168.33123779296875 545.02685546875 200.20799255371094 0.6625546 1.8748868 0.6955732 -4.2468114 1.6092308 42.785957 3.134293794631958 0.29701632261276245
Pedestrian 0.0 0 0.5449963808059692 142.42105102539062 110.86579895019531 253.67633056640625 264.1949157714844 1.0299658 1.8391162 0.62030464 -5.1564946 1.0959524 8.973931 0.023456573486328125 0.25705525279045105
Pedestrian 0.0 0 0.03478279709815979 430.3502197265625 155.7720489501953 465.4747619628906 211.98104858398438 1.1110598 1.8218117 0.57018685 -5.375673 1.2685201 23.767015 -0.1876564770936966 0.23037049174308777
Cyclist 0.0 0 0.03478279709815979 430.3502197265625 155.7720489501953 465.4747619628906 211.98104858398438 1.1110598 1.8218117 0.57018685 -5.375673 1.2685201 23.767015 -0.1876564770936966 0.1289771944284439
Car 0.0 0 -1.454548954963684 446.5133056640625 180.33255004882812 527.3164672851562 243.3603057861328 4.087449 1.4053062 1.5856115 -3.1154277 1.6206495 18.659006 -1.619989275932312 0.9580588340759277
Car 0.0 0 -1.6891237497329712 655.406494140625 172.5 719.8582763671875 219.84707641601562 4.0949774 1.4166241 1.60366 2.4082408 1.4063907 23.646353 -1.5876296758651733 0.9483135342597961
Car 0.0 0 -1.2642590999603271 264.3021240234375 185.7568359375 493.0351867675781 326.9237976074219 4.401847 1.4333717 1.6577486 -2.8985572 1.6513742 9.948703 -1.5477615594863892 0.9334987998008728
Car 0.0 0 -1.5766257047653198 632.3707275390625 172.60903930664062 660.957275390625 199.3152313232422 3.738871 1.444654 1.5457101 2.0300958 1.4317607 40.92979 -1.5270668268203735 0.8158689737319946
Car 0.0 0 -1.8309828042984009 708.514892578125 177.1486053466797 889.4933471679688 297.8766784667969 4.096279 1.4877957 1.6023821 2.6035438 1.566611 11.107716 -1.6007484197616577 0.5838438868522644
Car 0.0 0 2.0039572715759277 578.5884399414062 180.29969787597656 628.3335571289062 206.20834350585938 3.7199166 1.4466945 1.5825078 -0.38006967 1.9164983 43.468925 1.9952139854431152 0.44626444578170776
