Pedestrian 0.0 0 -0.26003432273864746 129.9920654296875 139.17782592773438 181.35208129882812 262.6469421386719 0.508275 1.7870554 0.6225984 -6.8804264 1.2999942 10.838449 -0.8256615996360779 0.2794601619243622
Pedestrian 0.0 0 1.8555006980895996 706.3628540039062 154.38201904296875 725.9957885742188 198.40863037109375 0.95830595 1.8056479 0.56645536 4.3990436 1.0484209 30.143002 2.0004167556762695 0.24116788804531097
Pedestrian 0.0 0 -0.2952447831630707 954.29638671875 139.0250244140625 1055.912109375 333.56231689453125 0.6574456 1.6986061 0.66227835 3.5796652 1.4035858 6.6862683 0.19630122184753418 0.20744621753692627
Pedestrian 0.0 0 1.8037129640579224 494.3784484863281 165.12142944335938 514.0938720703125 203.60765075683594 0.9146555 1.8849814 0.7797213 -5.284035 1.5066133 35.826088 1.6572774648666382 0.15211111307144165
Pedestrian 0.0 0 2.7195849418640137 437.06903076171875 185.8601837158203 458.4549865722656 225.92030334472656 0.66390556 1.6441923 0.6649689 -6.873564 2.2005823 30.378738 2.4970693588256836 0.10941354930400848
Pedestrian 0.0 0 -1.4308984279632568 423.35125732421875 175.004150390625 446.5083923339844 230.32717895507812 0.74178773 1.7536621 0.6310601 -5.693389 1.8246564 23.300583 -1.6705479621887207 0.10621154308319092
Pedestrian 0.0 0 1.7731339931488037 469.4141540527344 172.3626708984375 489.1046142578125 214.16006469726562 0.8483121 1.7174623 0.6518402 -5.4860764 1.6976314 30.076563 1.592713713645935 0.10210596024990082
Cyclist 0.0 0 0.8120635747909546 1077.5521240234375 42.95930099487305 1242.0 284.806640625 1.5076491 1.8009695 0.5629315 4.7538223 0.83403796 6.1486197 1.470218539237976 0.10827144980430603
Car 0.0 0 1.78327476978302 532.5381469726562 174.74171447753906 584.1005859375 207.69879150390625 3.9934464 1.4497612 1.6223086 -2.4128559 1.5447278 34.06812 1.7125684022903442 0.9360835552215576
Car 0.0 0 -1.5717172622680664 640.473876953125 169.2854766845703 678.456298828125 204.64718627929688 3.479839 1.4357933 1.5412045 2.0834258 1.2912581 31.08084 -1.5047849416732788 0.8709419369697571
Car 0.0 0 1.56411874294281 559.6941528320312 170.10037231445312 590.26806640625 198.68109130859375 4.2003927 1.541163 1.6487812 -2.0441213 1.3930361 41.0482 1.5143617391586304 0.3882671594619751
Car 0.0 0 -0.5794227123260498 694.4113159179688 155.55999755859375 774.0180053710938 185.58193969726562 4.122624 1.6001664 1.6513128 6.86048 0.678756 40.03357 -0.4097031056880951 0.12273101508617401
