Cyclist 0.0 0 -1.3487749099731445 220.18511962890625 127.31470489501953 263.7191162109375 201.1180877685547 1.9507147 1.7924473 0.58387 -9.475442 0.6868019 18.538372 -1.8212835788726807 0.6268596053123474
Cyclist 0.0 0 -1.1785352230072021 78.17191314697266 131.6201934814453 132.10260009765625 202.68576049804688 1.8125616 1.739782 0.48486987 -13.029019 0.73068 18.59878 -1.7896174192428589 0.5308080911636353
Car 0.0 0 -2.1112093925476074 850.50537109375 190.7880401611328 1221.603271484375 375.0 3.4687178 1.4946206 1.610431 3.872864 1.722757 7.3837805 -1.628147006034851 0.9773663282394409
Car 0.0 0 -1.8626060485839844 766.0214233398438 184.23355102539062 935.6130981445312 291.1531982421875 4.056222 1.5076616 1.6489455 3.9284663 1.7395319 12.640788 -1.5612915754318237 0.9767385721206665
Car 0.0 0 -1.7619444131851196 726.9863891601562 178.97975158691406 822.5242309570312 248.6400146484375 3.7464135 1.5352514 1.6249379 3.9650948 1.7055725 18.124472 -1.546567440032959 0.9680975675582886
Car 0.0 0 1.8830405473709106 359.190673828125 185.55313110351562 480.01849365234375 259.431396484375 3.8917015 1.5148455 1.6997128 -4.501629 1.8578221 17.470753 1.630859375 0.9516729712486267
Car 0.0 0 1.7901980876922607 437.2439880371094 179.958740234375 511.6134338378906 236.05300903320312 3.8384838 1.6174675 1.5513543 -4.315618 1.8658617 23.24133 1.6066019535064697 0.9446768760681152
Car 0.0 0 1.7543526887893677 472.4354553222656 180.196044921875 533.7591552734375 225.99880981445312 4.2341285 1.628714 1.6467065 -4.17531 1.9408435 28.489727 1.60883367061615 0.8955932259559631
Car 0.0 0 -1.7578351497650146 700.0457763671875 179.8165283203125 774.97314453125 232.12872314453125 4.085949 1.4996355 1.6244595 3.9648132 1.7445827 23.28687 -1.5891926288604736 0.6969684958457947
Car 0.0 0 1.7310044765472412 538.2216796875 177.40191650390625 572.193359375 203.3969268798828 3.522141 1.5186454 1.5539073 -3.3804617 1.8116595 44.607365 1.6553664207458496 0.6959989666938782
Car 0.0 0 1.402266502380371 719.21728515625 163.99681091308594 745.6300659179688 181.81271362304688 4.320358 1.5699917 1.6656554 11.095842 0.78982735 65.74263 1.5694677829742432 0.6681702136993408
Car 0.0 0 -3.186016082763672 736.6626586914062 166.85403442382812 778.2706298828125 182.66622924804688 3.823732 1.486614 1.6455778 14.041618 0.9228736 68.944786 -2.9850993156433105 0.4893539845943451
