Pedestrian 0.0 0 2.8663172721862793 639.4641723632812 169.46408081054688 652.0641479492188 193.91302490234375 0.84114784 1.8207817 0.49019438 2.6518872 1.5686823 54.065388 2.915327548980713 0.14922185242176056
Pedestrian 0.0 0 -0.6359902620315552 664.0526733398438 171.6952362060547 687.9353637695312 211.87034606933594 0.8195808 1.7194077 0.63022697 2.8268657 1.6701725 31.359598 -0.5460897088050842 0.14495879411697388
Cyclist 0.0 0 -1.7996286153793335 782.3187255859375 161.49539184570312 821.498291015625 229.3268280029297 1.9683877 1.8379501 0.64113665 5.389704 1.5305369 20.540648 -1.5430212020874023 0.8936464190483093
Cyclist 0.0 0 -1.677924394607544 749.6129150390625 174.20956420898438 759.1009521484375 204.30419921875 1.5908095 1.669505 0.35702777 8.144302 1.7482371 40.905655 -1.481394648551941 0.2932009696960449
Car 0.0 0 -1.6194349527359009 582.7284545898438 182.01507568359375 643.272216796875 233.54217529296875 3.6823206 1.4518025 1.7216648 -0.026084349 1.7665564 22.877764 -1.6205750703811646 0.882426917552948
Car 0.0 0 1.5973128080368042 585.1007690429688 171.1509552001953 607.417724609375 192.939208984375 4.0133824 1.592027 1.588879 -1.0378197 1.4679465 54.73134 1.5783530473709106 0.4498997628688812
Car 0.0 0 1.5239496231079102 521.2615966796875 174.0303955078125 544.2916870117188 195.97071838378906 3.912155 1.5943695 1.5485942 -5.910243 1.6872636 54.702225 1.416323184967041 0.19930510222911835
Car 0.0 0 3.014500379562378 52.82859802246094 184.4774932861328 145.94094848632812 216.03744506835938 3.868485 1.5331099 1.601153 -27.127054 2.1817808 38.34386 2.39877986907959 0.17587965726852417
Car 0.0 0 1.6496226787567139 558.2551879882812 179.1728057861328 579.2229614257812 196.599365234375 3.9851677 1.5039908 1.6002966 -3.7502608 2.0976493 65.73609 1.5926342010498047 0.15086975693702698
Car 0.0 0 1.4255404472351074 511.79296875 178.88644409179688 543.4453735351562 202.0944366455078 4.072897 1.4473172 1.5234867 -5.582224 1.8694633 48.283257 1.3104374408721924 0.14566242694854736
