Pedestrian 0.0 0 -0.8428748846054077 1269.0311279296875 494.6336364746094 1315.99267578125 564.7714233398438 1.1577199 2.0595741 0.7271428 14.225832 2.1544335 37.83156 -0.4832007586956024 0.2255364954471588
Pedestrian 0.0 0 0.19581124186515808 929.305419921875 500.07965087890625 963.5731811523438 558.4747314453125 1.0857546 2.0393233 0.73614514 4.616585 2.346642 44.888424 0.2982966899871826 0.20167872309684753
Pedestrian 0.0 0 -3.26522159576416 1064.2264404296875 502.2542419433594 1085.8743896484375 538.4705200195312 1.0319419 1.8783803 0.70015395 13.545376 2.4443564 66.30376 -3.063701868057251 0.15281088650226593
Pedestrian 0.0 0 -0.3808321952819824 936.0045166015625 501.96759033203125 965.6973266601562 548.0941162109375 1.1435337 2.0519736 0.72359866 6.062573 2.5275204 57.06933 -0.27499741315841675 0.14443422853946686
Pedestrian 0.0 0 -0.553657591342926 1514.9151611328125 502.4504699707031 1562.79443359375 567.390380859375 1.0783801 2.008899 0.73433816 22.640928 2.3552241 39.69233 -0.03527916222810745 0.14364904165267944
Pedestrian 0.0 0 -3.250690221786499 1015.90087890625 507.3995056152344 1036.3133544921875 546.169677734375 0.8958272 1.8512647 0.75987613 10.138391 2.6244214 61.206383 -3.086538076400757 0.13989168405532837
Pedestrian 0.0 0 -3.3859472274780273 1298.006103515625 503.7601623535156 1350.7127685546875 588.9657592773438 1.0387712 2.0125434 0.69450825 12.206768 2.3111424 30.446814 -3.0046470165252686 0.13932989537715912
Pedestrian 0.0 0 -1.8480477333068848 953.8070068359375 490.5107727050781 979.3055419921875 540.0474853515625 0.74718535 1.9555286 0.8356412 5.981456 1.9161981 50.428596 -1.7299869060516357 0.1355203539133072
Pedestrian 0.0 0 -3.508861780166626 1553.6185302734375 503.7619323730469 1584.4599609375 545.73974609375 1.0616947 1.9392664 0.69095564 35.175594 2.5161576 59.18604 -2.9726274013519287 0.13376671075820923
Pedestrian 0.0 0 -1.7983648777008057 1452.947509765625 455.0890808105469 1546.5911865234375 648.4135131835938 1.188619 2.389412 0.81447685 8.789928 1.9393001 16.332905 -1.3046472072601318 0.1324445903301239
Pedestrian 0.0 0 -3.3381266593933105 1301.875244140625 475.78302001953125 1357.0286865234375 579.9104614257812 0.8542391 1.9000654 0.55893034 9.50025 1.6131401 23.463383 -2.9534060955047607 0.12922360002994537
Pedestrian 0.0 0 -1.4576116800308228 997.8148803710938 493.9878234863281 1028.9185791015625 568.186767578125 1.1655433 2.1336 0.7741081 5.7835875 2.2076228 37.1248 -1.3030662536621094 0.12209772318601608
Cyclist 0.0 0 -1.4398884773254395 1004.9447021484375 501.2741394042969 1035.525390625 574.1460571289062 1.2123706 2.0868402 0.73318607 5.986864 2.378537 37.13619 -1.2800500392913818 0.1811765432357788
Cyclist 0.0 0 -1.3508213758468628 1033.3802490234375 514.1859130859375 1054.8350830078125 556.1091918945312 1.9009862 2.1712208 0.7316088 12.187458 3.4019477 67.70752 -1.1727269887924194 0.17313732206821442
Cyclist 0.0 0 -1.232541561126709 926.725830078125 495.52099609375 954.57666015625 546.5586547851562 1.3889644 2.0383651 0.70567 5.061487 2.203998 51.47972 -1.1345365047454834 0.17137156426906586
Cyclist 0.0 0 -1.7585182189941406 988.8884887695312 502.9052734375 1010.5198364257812 543.0621337890625 1.634361 1.9250218 0.75644255 8.9758415 2.4906716 62.014763 -1.6147792339324951 0.13067039847373962
Car 0.0 0 -1.8705298900604248 947.341064453125 510.20013427734375 1031.27685546875 563.65966796875 4.0926137 1.645841 1.6615717 5.765439 2.3072057 42.65105 -1.7361674308776855 0.3808004856109619
Car 0.0 0 -1.4030628204345703 884.4546508789062 512.1882934570312 931.9098510742188 551.4532470703125 3.3416955 1.6483765 1.589035 4.155588 2.6069455 56.886124 -1.330141305923462 0.1798461228609085
Car 0.0 0 -1.988905668258667 1071.5634765625 514.21728515625 1132.51025390625 546.9022827148438 3.7970235 1.5297563 1.6036948 14.422372 2.7153661 64.09599 -1.7675796747207642 0.1723930537700653
Car 0.0 0 -1.3380496501922607 978.9765625 514.5310668945312 1063.3179931640625 577.615234375 3.8329527 1.6890126 1.6212386 6.116363 2.4087312 37.506733 -1.1763988733291626 0.17225271463394165
Car 0.0 0 1.610460877418518 996.0828857421875 505.5301818847656 1064.13427734375 574.32080078125 4.019724 1.6485751 1.6034228 5.679941 2.0414863 33.35138 1.7791484594345093 0.15733827650547028
Car 0.0 0 -0.9447036981582642 0.0 512.0296630859375 133.1503448486328 606.9978637695312 4.01515 1.6573076 1.505833 -15.458422 2.0965357 25.046844 -1.4976601600646973 0.1510043889284134
Car 0.0 0 -2.165104627609253 1362.3514404296875 515.3590087890625 1508.648193359375 582.1597900390625 4.105521 1.6402 1.5726227 16.889954 2.335419 34.769196 -1.7129027843475342 0.14516352117061615
Car 0.0 0 -1.9398458003997803 972.1242065429688 514.0046997070312 1051.370849609375 558.3147583007812 4.138673 1.5442585 1.6150582 7.4377213 2.445896 48.55952 -1.7878599166870117 0.13904514908790588
Car 0.0 0 -1.3381340503692627 0.0 503.58660888671875 11.175590515136719 575.1951293945312 3.9628131 1.5941142 1.6022032 -21.138685 1.9106635 31.050127 -1.935852289199829 0.13520769774913788
Car 0.0 0 -1.4501543045043945 1195.4599609375 528.656982421875 1286.521484375 603.7362670898438 3.8492727 1.613652 1.6842425 10.578854 2.5962408 31.396172 -1.125154733657837 0.13025614619255066
