Pedestrian 0.0 0 -0.32045719027519226 1142.921142578125 461.71197509765625 1190.80615234375 538.544677734375 1.2018168 2.3446724 0.9052901 10.824594 1.4354278 39.12915 -0.05056918412446976 0.3916769325733185
Pedestrian 0.0 0 -0.880380392074585 621.8758544921875 504.6317443847656 675.4605712890625 574.0741577148438 1.439014 2.1115074 0.97129864 -5.2468653 2.5319653 39.702923 -1.0117721557617188 0.22237633168697357
Pedestrian 0.0 0 0.048455044627189636 671.4862060546875 496.5008544921875 697.9949340820312 550.1512451171875 1.0034528 2.097508 0.80798924 -5.1907196 2.2964587 50.02284 -0.054941900074481964 0.17329803109169006
Pedestrian 0.0 0 -1.3390274047851562 1345.561279296875 483.53204345703125 1392.578369140625 575.2152099609375 1.5208646 2.5276935 0.89213353 15.629397 2.3078232 35.790936 -0.9273004531860352 0.17129585146903992
Pedestrian 0.0 0 -0.32228732109069824 513.9260864257812 496.30859375 544.4120483398438 541.200927734375 1.1949853 2.046675 0.75799495 -13.263631 2.2709012 58.50642 -0.5452229380607605 0.16666579246520996
Pedestrian 0.0 0 -3.2441158294677734 950.8595581054688 501.18048095703125 976.0167236328125 547.3167724609375 0.9953965 1.93384 0.6499021 6.2201753 2.345434 53.553364 -3.1284849643707275 0.1413649171590805
Pedestrian 0.0 0 0.24704381823539734 542.1026000976562 497.6526794433594 568.3286743164062 540.271484375 0.9969883 1.9251685 0.83848006 -11.905086 2.2076697 57.7741 0.043825626373291016 0.14067459106445312
Cyclist 0.0 0 -0.8069912195205688 563.7294921875 499.2212219238281 631.8677368164062 583.9444580078125 1.8720509 2.2112017 0.7178695 -5.8855276 2.4255161 34.20693 -0.977379560470581 0.3646095395088196
Cyclist 0.0 0 -0.8990940451622009 515.1294555664062 504.1775207519531 548.1373901367188 547.4270629882812 1.4713359 1.9627925 0.73972803 -13.204466 2.5591173 58.779545 -1.1200695037841797 0.33255690336227417
Cyclist 0.0 0 -0.3629111647605896 160.2612762451172 509.6611328125 256.9428405761719 605.8328247070312 2.0421164 2.345195 0.88935333 -15.493133 2.8235424 32.323227 -0.8098773956298828 0.2528693675994873
Cyclist 0.0 0 -0.9256765246391296 623.6075439453125 501.974853515625 657.34521484375 549.758544921875 1.3941524 2.0580702 0.7901404 -7.7257833 2.52507 55.69755 -1.0635066032409668 0.21168330311775208
Cyclist 0.0 0 -1.3379113674163818 1160.18408203125 497.1002502441406 1206.4776611328125 590.4326782226562 1.8667607 2.4053013 0.77491605 9.796675 2.5588357 33.760612 -1.0554873943328857 0.20790480077266693
Cyclist 0.0 0 -1.083730936050415 891.0848999023438 516.1904907226562 919.138427734375 557.2518310546875 1.7551988 1.9959068 0.66018087 4.4669204 3.2531033 63.582733 -1.0135924816131592 0.15815594792366028
Cyclist 0.0 0 -1.3390274047851562 1345.561279296875 483.53204345703125 1392.578369140625 575.2152099609375 1.5208646 2.5276935 0.89213353 15.629397 2.3078232 35.790936 -0.9273004531860352 0.1443495750427246
Car 0.0 0 -1.349321722984314 255.65928649902344 516.03515625 328.2070007324219 567.648193359375 4.377672 1.7621323 1.5979201 -19.68696 2.7305489 47.708267 -1.7406880855560303 0.4519496560096741
Car 0.0 0 -1.1995725631713867 80.97317504882812 511.4564514160156 176.67823791503906 564.2727661132812 4.194855 1.738473 1.6058892 -24.623291 2.489784 45.513306 -1.6954898834228516 0.32957109808921814
Car 0.0 0 -1.5643348693847656 924.043701171875 512.986083984375 966.232177734375 555.7001342773438 3.7952325 1.569853 1.6112654 5.150422 2.4598632 50.502266 -1.4627022743225098 0.28502482175827026
Car 0.0 0 -2.340153694152832 1449.1876220703125 517.9017944335938 1600.0 590.7206420898438 3.9463184 1.644971 1.6207904 18.253038 2.3612654 32.254097 -1.8251748085021973 0.2685205340385437
Car 0.0 0 -1.3398534059524536 166.89195251464844 516.3591918945312 249.69801330566406 573.38623046875 4.678281 1.8862466 1.7100744 -22.246136 2.8473308 46.507175 -1.7860214710235596 0.2562709450721741
Car 0.0 0 -1.8343216180801392 835.658935546875 508.7279968261719 921.4383544921875 567.0924072265625 4.2098823 1.6634004 1.6358467 1.8858378 2.2327893 39.64126 -1.7867848873138428 0.25514161586761475
Car 0.0 0 1.108834981918335 1183.1307373046875 515.6843872070312 1308.62841796875 582.4260864257812 4.4630504 1.7405541 1.651063 12.459249 2.4919307 37.03387 1.4333685636520386 0.24352917075157166
Car 0.0 0 1.8214845657348633 0.0 508.3842468261719 112.24238586425781 595.1531372070312 4.1865096 1.7572842 1.6178464 -17.399075 2.1703327 28.756344 1.277358889579773 0.2418462038040161
Car 0.0 0 -1.2109246253967285 3.9617764949798584 510.4935302734375 108.29812622070312 561.9527587890625 4.533027 1.6521912 1.6689943 -26.789139 2.3594332 44.794987 -1.7499008178710938 0.2356061488389969
Car 0.0 0 -1.523876667022705 893.0239868164062 530.2564086914062 997.0426025390625 642.4779663085938 4.016254 1.851089 1.8015445 2.5645297 2.6648686 24.475183 -1.4194767475128174 0.2248733788728714
Car 0.0 0 -1.8650965690612793 867.0593872070312 511.4859924316406 930.8348388671875 556.8885498046875 3.7845247 1.7051448 1.5469505 3.310977 2.5471973 51.3571 -1.8007159233093262 0.19449268281459808
Car 0.0 0 -0.47948920726776123 0.0 0.0 1600.0 900.0 4.1812463 1.658753 1.693921 -3.9247456 1.72543 1.8715961 -1.6053119897842407 0.17722268402576447
Car 0.0 0 -1.8175712823867798 762.9750366210938 510.3096923828125 852.47265625 570.6007080078125 4.2309637 1.6009381 1.6449875 -0.31653678 2.1880414 37.28869 -1.8260599374771118 0.16986873745918274
Car 0.0 0 -0.8000470399856567 0.0 511.58905029296875 16.40216636657715 562.1961059570312 3.9301867 1.6102817 1.6254683 -30.073156 2.3411963 44.018227 -1.399407148361206 0.16769444942474365
Car 0.0 0 -1.5628938674926758 549.3444213867188 510.5628967285156 587.7890014648438 552.700439453125 4.184968 1.7070144 1.5922314 -10.835352 2.5752645 55.499153 -1.755703091621399 0.16506023705005646
Car 0.0 0 -1.7774522304534912 858.5728759765625 512.173095703125 910.6627197265625 551.8447265625 3.4397075 1.7134014 1.7294372 3.1216607 2.6968818 58.436146 -1.7240829467773438 0.16341640055179596
Car 0.0 0 -2.245152473449707 1419.127685546875 509.1969909667969 1600.0 606.6774291992188 4.3968062 1.6324844 1.6713694 13.736762 2.0047746 24.348366 -1.7314908504486084 0.1615588366985321
Car 0.0 0 -1.631309986114502 468.1588439941406 510.1020812988281 517.4676513671875 553.965087890625 4.301244 1.6265339 1.6724313 -13.11635 2.412396 51.217854 -1.8820116519927979 0.15304721891880035
Car 0.0 0 -1.3668384552001953 447.6337585449219 505.9232177734375 538.4904174804688 575.6941528320312 3.6947129 1.6572276 1.5531591 -8.287432 2.051283 32.736935 -1.6147818565368652 0.14738890528678894
Car 0.0 0 -1.4719399213790894 902.1947021484375 512.0759887695312 960.7172241210938 565.375 4.0397363 1.6129805 1.5423708 3.8715696 2.3313193 42.098328 -1.3802329301834106 0.14689183235168457
Car 0.0 0 -1.6848505735397339 642.3624267578125 503.7762756347656 728.1705932617188 577.8695068359375 4.1514263 1.6288589 1.603816 -3.2456331 1.9482801 30.769945 -1.7899426221847534 0.14047971367835999
