Pedestrian 0.0 0 -3.545163631439209 1415.8382568359375 477.06939697265625 1509.5909423828125 594.6259765625 1.262847 2.0189078 0.7653471 11.30306 1.7709563 22.173946 -3.0737504959106445 0.39430132508277893
Pedestrian 0.0 0 -1.3652493953704834 165.42323303222656 560.8193359375 278.00030517578125 900.0 1.2939183 2.191246 0.4608351 -4.1616235 2.7172914 8.928974 -1.8013954162597656 0.36132943630218506
Pedestrian 0.0 0 -0.07043017446994781 678.6034545898438 498.6870422363281 708.5718383789062 556.5517578125 1.0653523 2.131162 0.68812054 -4.572991 2.4010544 47.1763 -0.16706234216690063 0.2631470859050751
Pedestrian 0.0 0 -1.5891233682632446 461.6510925292969 504.02423095703125 482.5680847167969 550.5438842773438 0.9478776 1.9513322 0.84346086 -14.6784935 2.490759 54.003117 -1.8545198440551758 0.2604738175868988
Pedestrian 0.0 0 -1.3409274816513062 996.6527099609375 469.8606872558594 1083.15966796875 616.2034912109375 1.3615031 2.457429 1.2096276 3.9212205 2.0939367 22.130089 -1.165558099746704 0.23845884203910828
Pedestrian 0.0 0 0.22168833017349243 897.2069702148438 504.8654479980469 920.0078125 544.3968505859375 1.022549 1.9840381 0.72147906 4.696546 2.6684108 64.38726 0.29450154304504395 0.2156432718038559
Pedestrian 0.0 0 -0.22193831205368042 986.6317138671875 502.9775085449219 1014.3822631835938 548.91552734375 1.0677273 1.9789447 0.70018935 8.0185795 2.4819129 55.140797 -0.07753048092126846 0.1918020099401474
Pedestrian 0.0 0 -1.2731108665466309 245.66287231445312 460.7070007324219 388.89288330078125 750.0840454101562 1.1374032 1.9800011 0.6670212 -3.6139925 1.7692581 9.257145 -1.645314335823059 0.19086411595344543
Pedestrian 0.0 0 -1.2501819133758545 635.727294921875 502.1408996582031 662.2413330078125 553.91796875 1.0702173 2.1192088 0.7966965 -6.953989 2.566601 52.68103 -1.381424903869629 0.1728387176990509
Pedestrian 0.0 0 -0.31198275089263916 1523.1180419921875 493.51824951171875 1577.6007080078125 568.9694213867188 1.1423019 2.0891452 0.7735869 20.619915 2.1464584 35.5909 0.2131214141845703 0.1532617211341858
Cyclist 0.0 0 -1.0512242317199707 972.192138671875 502.18634033203125 1006.1502075195312 553.1265869140625 1.3822724 2.0124848 0.774659 6.986988 2.4503827 51.14479 -0.9154527187347412 0.24976852536201477
Cyclist 0.0 0 -1.39949631690979 1101.5589599609375 495.42730712890625 1146.5015869140625 603.9146118164062 1.6327718 2.3296824 0.70208067 6.8513494 2.4195664 28.148218 -1.1607365608215332 0.17824530601501465
Cyclist 0.0 0 -0.9386681914329529 489.5157165527344 481.966796875 559.1021118164062 604.1294555664062 1.3851022 2.420768 0.7020662 -5.950396 2.2317178 25.870136 -1.1647462844848633 0.16012577712535858
Car 0.0 0 -1.2420132160186768 176.26113891601562 510.7794494628906 272.2294616699219 568.2512817382812 4.5991364 1.871631 1.7039076 -21.046444 2.5958767 45.21397 -1.6776700019836426 0.4171120226383209
Car 0.0 0 -1.0394647121429443 0.0 511.9900817871094 99.11986541748047 589.3189697265625 4.2553062 1.8342816 1.6452469 -20.85388 2.4081075 33.328617 -1.598570704460144 0.40995660424232483
Car 0.0 0 -1.778261423110962 906.6527709960938 513.629150390625 993.6575317382812 581.5829467773438 4.606255 1.7880994 1.622207 3.8618374 2.480193 37.24511 -1.6749435663223267 0.3925916850566864
Car 0.0 0 1.746186375617981 651.9628295898438 509.1828918457031 740.9611206054688 579.3204345703125 4.258341 1.7314793 1.6928638 -3.1974301 2.2444525 34.560905 1.6539331674575806 0.29708537459373474
Car 0.0 0 -1.7309297323226929 754.294189453125 512.167236328125 837.197265625 580.8751831054688 4.398033 1.7337298 1.6460224 -0.64382786 2.35309 35.65524 -1.7489848136901855 0.28723034262657166
Car 0.0 0 -1.2146580219268799 48.29213333129883 510.25042724609375 154.17910766601562 567.18359375 4.6502147 1.80663 1.6978247 -24.862467 2.4969673 44.214626 -1.7269054651260376 0.26663264632225037
Car 0.0 0 -1.4393110275268555 366.7366638183594 519.0847778320312 428.6586608886719 569.0034790039062 4.693728 1.6977484 1.6334934 -15.885356 2.8018413 48.244286 -1.757399320602417 0.24857594072818756
Car 0.0 0 -1.38974928855896 254.88047790527344 514.81591796875 327.2969665527344 570.615966796875 4.4292407 1.8509592 1.6705933 -19.135324 2.7462835 46.30436 -1.7816264629364014 0.22999359667301178
Car 0.0 0 -1.4403786659240723 866.6753540039062 514.095947265625 912.681396484375 554.9561157226562 3.5845456 1.6574371 1.5538843 3.2398388 2.679322 55.384464 -1.3819479942321777 0.19415470957756042
Car 0.0 0 -0.5999712944030762 0.0 510.2403564453125 36.71127700805664 610.7776489257812 3.9287398 1.6522877 1.5460726 -16.967049 2.0342278 23.709808 -1.2210991382598877 0.19344496726989746
Car 0.0 0 0.3241104781627655 0.0 508.0451354980469 71.79230499267578 561.2399291992188 4.4854608 1.7409058 1.6220016 -28.408194 2.328252 43.62999 -0.2530490458011627 0.18352465331554413
Car 0.0 0 -0.7037206888198853 0.0 0.0 1600.0 900.0 3.8372266 1.6220218 1.6176142 -3.9371142 1.5749404 2.0180385 -1.800865650177002 0.17509976029396057
Car 0.0 0 -2.3241422176361084 1546.003173828125 514.8956909179688 1600.0 582.2278442382812 4.24749 1.5658313 1.6024811 21.441216 2.2208712 33.235302 -1.7511954307556152 0.17472109198570251
Car 0.0 0 -1.6632936000823975 849.7489624023438 509.7255859375 920.0347900390625 575.1083984375 4.1335278 1.6832649 1.6066893 1.8872898 2.2294497 35.869568 -1.6107267141342163 0.15866529941558838
Car 0.0 0 1.2790149450302124 1530.8443603515625 506.6962585449219 1600.0 611.5414428710938 4.0181775 1.662784 1.5186617 14.296865 1.9624004 22.842548 1.8382521867752075 0.15300825238227844
