Pedestrian 0.0 0 -1.398378610610962 58.301795959472656 145.32101440429688 95.41770935058594 205.86375427246094 1.0859694 1.8036063 0.74245256 -16.393745 0.9837393 22.144106 -2.035656213760376 0.7769527435302734
Pedestrian 0.0 0 1.545229434967041 0.0 135.59278869628906 27.66465187072754 200.4520263671875 0.8551079 1.8378453 0.6762357 -17.443588 0.78237295 20.987095 0.8517763614654541 0.6821825504302979
Pedestrian 0.0 0 -3.3655202388763428 843.5902099609375 106.08488464355469 900.2592163085938 210.9666748046875 0.8399826 1.846492 0.64780545 4.679806 0.67134887 13.072056 -3.021735668182373 0.5863697528839111
Car 0.0 0 3.716052293777466 0.0 184.54530334472656 258.83038330078125 297.569580078125 3.9256208 1.4386016 1.6384143 -7.427267 1.6205891 10.28886 3.0907957553863525 0.9380925297737122
Car 0.0 0 3.4684953689575195 78.68043518066406 168.3441925048828 313.39599609375 252.51119995117188 3.929053 1.6242477 1.69732 -8.532006 1.5375756 15.12023 2.954756736755371 0.9319009780883789
Car 0.0 0 -0.5372881889343262 821.0986328125 184.33201599121094 1181.2340087890625 312.5923156738281 3.6500862 1.4045703 1.5684674 4.631168 1.5615385 8.95029 -0.059792276471853256 0.9317710399627686
Car 0.0 0 -0.40771618485450745 758.315185546875 186.68228149414062 1019.0939331054688 292.1494445800781 3.4643734 1.4859141 1.5468669 4.1716385 1.7185396 11.2529955 -0.052708741277456284 0.9038900136947632
Car 0.0 0 -1.8304792642593384 453.701904296875 177.56788635253906 496.1441955566406 203.1538848876953 4.41422 1.5931132 1.6996297 -9.092798 1.9234633 48.150314 -2.017123222351074 0.8978620767593384
Car 0.0 0 3.5032553672790527 0.0 178.53689575195312 275.6874084472656 273.0439147949219 3.8255606 1.4816784 1.6294203 -8.168936 1.5911444 12.651992 2.92993426322937 0.8083566427230835
Car 0.0 0 0.3888666331768036 182.8031463623047 167.18179321289062 351.3012390136719 235.16952514648438 3.4168773 1.5912054 1.5322028 -8.381938 1.4588091 17.73912 -0.052549343556165695 0.7128626108169556
Car 0.0 0 0.8393058180809021 1028.185791015625 181.77085876464844 1104.499267578125 208.32032775878906 3.9096346 1.4962636 1.7851022 27.787964 2.0677443 44.1342 1.4012235403060913 0.6909022331237793
