Pedestrian 0.0 0 -1.3561837673187256 122.85546112060547 482.6625061035156 187.38392639160156 598.03662109375 1.5328147 1.9087145 0.6716601 -11.348845 1.7623924 21.778925 -1.836562991142273 0.33364376425743103
Pedestrian 0.0 0 -2.907891273498535 902.1776123046875 490.8036193847656 945.0025634765625 572.9120483398438 0.91064596 1.9354179 0.5785682 2.5673604 1.9188365 30.26859 -2.823274612426758 0.32975491881370544
Pedestrian 0.0 0 0.17847338318824768 903.0052490234375 500.0975341796875 932.9926147460938 549.9295043945312 1.066026 1.9300544 0.6962963 3.9936595 2.2702956 49.68586 0.2586791515350342 0.28778067231178284
Pedestrian 0.0 0 -2.459937572479248 1478.2276611328125 485.9375 1561.7130126953125 603.9349975585938 1.0123432 1.925668 0.6972773 11.806171 1.8347751 21.267076 -1.953157901763916 0.1957244873046875
Pedestrian 0.0 0 -0.37543052434921265 1501.30908203125 486.552734375 1595.761962890625 633.2550659179688 1.0599723 2.1436226 0.63804865 10.912968 2.0712297 18.898762 0.1482381820678711 0.17366841435432434
Pedestrian 0.0 0 -1.723879337310791 1301.79541015625 498.555419921875 1350.271240234375 600.4315795898438 1.3662577 2.2247596 0.81329995 11.464892 2.387698 28.518364 -1.3416346311569214 0.1645636260509491
Pedestrian 0.0 0 -0.09408590197563171 724.1652221679688 495.8113098144531 758.4686889648438 561.0498657226562 0.98480165 1.9741904 0.73630035 -2.3013914 2.1076217 38.82012 -0.15330006182193756 0.16441743075847626
Pedestrian 0.0 0 -1.0067811012268066 652.042724609375 507.5579528808594 677.0322265625 549.13720703125 1.2011261 2.0588946 0.7226334 -7.6575465 2.878204 63.945885 -1.1259639263153076 0.16083048284053802
Pedestrian 0.0 0 -1.047160029411316 595.5069580078125 504.3253173828125 628.3731079101562 559.5322265625 1.2180923 2.0419898 0.7125503 -7.716322 2.5334687 47.86129 -1.2070071697235107 0.15825334191322327
Pedestrian 0.0 0 -2.8588595390319824 1067.3560791015625 473.25250244140625 1127.7037353515625 577.8950805664062 0.89413166 1.8923519 0.8378246 5.2192864 1.5622367 23.48406 -2.6401660442352295 0.15606291592121124
Pedestrian 0.0 0 -2.389394760131836 1179.3837890625 487.5757141113281 1229.417724609375 564.0841064453125 1.0328205 1.9847659 0.7475606 10.258019 1.8827789 33.48711 -2.0921430587768555 0.1347302794456482
Cyclist 0.0 0 -0.9578128457069397 601.889404296875 501.6888427734375 636.7584228515625 553.9354858398438 1.2775754 1.9283577 0.6895847 -7.4199214 2.3180919 47.750027 -1.1119709014892578 0.1457805186510086
Car 0.0 0 -0.9266027212142944 0.0 514.019287109375 112.89405059814453 596.1289672851562 3.955553 1.7245998 1.6415726 -18.571913 2.2899013 29.759731 -1.4845271110534668 0.49186211824417114
Car 0.0 0 1.7762924432754517 302.62298583984375 514.4451904296875 449.88433837890625 621.5659790039062 4.7249417 1.7569598 1.7154986 -8.290416 2.2409496 24.270939 1.4471402168273926 0.37488827109336853
Car 0.0 0 -1.6795365810394287 640.2269897460938 514.2596435546875 721.360595703125 590.4929809570312 4.6177316 1.859585 1.7167685 -3.787693 2.5284197 34.787983 -1.7879886627197266 0.33255720138549805
Car 0.0 0 -2.0875210762023926 1002.5934448242188 513.5872802734375 1112.7745361328125 576.1748046875 3.7861273 1.6875393 1.5422505 7.1057973 2.3791537 37.626987 -1.9008708000183105 0.19338922202587128
Car 0.0 0 -1.8662532567977905 853.1382446289062 518.2811889648438 956.0324096679688 588.753173828125 3.6500273 1.6224136 1.6457669 2.2096024 2.3533864 32.6114 -1.7986011505126953 0.18862950801849365
Car 0.0 0 -1.3447022438049316 0.0 506.4459533691406 26.7114200592041 582.3543090820312 4.1659718 1.673118 1.6600249 -20.782785 2.0656939 31.037926 -1.9347281455993652 0.18790896236896515
Car 0.0 0 -2.342270612716675 1391.68212890625 559.3999633789062 1600.0 740.019775390625 3.7279265 1.791306 1.7635498 9.348858 2.7629826 16.102484 -1.8162492513656616 0.1802430897951126
Car 0.0 0 -1.6194748878479004 655.9739990234375 510.9754943847656 703.0706787109375 553.1567993164062 4.066272 1.5088323 1.6280336 -5.3697643 2.301176 49.406464 -1.7277354001998901 0.1719762682914734
Car 0.0 0 1.5840885639190674 65.12094116210938 506.6748352050781 168.384765625 602.8724975585938 4.1605053 1.6392918 1.6175622 -13.479572 1.9592185 24.495865 1.0810308456420898 0.16097627580165863
Car 0.0 0 -2.092237710952759 1083.660400390625 520.27392578125 1212.3160400390625 595.00390625 3.5966046 1.6943005 1.5715169 8.34366 2.4687 32.14976 -1.8383147716522217 0.1589919924736023
Car 0.0 0 1.6860440969467163 926.859375 511.3092041015625 1058.3001708984375 631.8950805664062 4.008103 1.8014296 1.7761761 3.1230164 2.1760468 21.793924 1.8283727169036865 0.15442118048667908
Car 0.0 0 -1.1148874759674072 13.80911922454834 506.7189025878906 183.06539916992188 593.3115234375 4.2914367 1.8264259 1.7251828 -16.672148 2.2091475 29.671778 -1.6268101930618286 0.15175701677799225
Car 0.0 0 -1.1179856061935425 538.3418579101562 511.1866760253906 610.2557373046875 554.760986328125 3.3909822 1.6658202 1.5686475 -9.879381 2.5012484 51.919533 -1.3060202598571777 0.13728871941566467
Car 0.0 0 2.1083974838256836 0.0 504.9270324707031 65.93413543701172 619.4202270507812 3.6542287 1.641697 1.5764434 -13.913768 1.878418 20.468178 1.5113743543624878 0.13545843958854675
Car 0.0 0 -2.5007779598236084 1521.2386474609375 493.75189208984375 1600.0 642.0078735351562 4.488175 1.7050494 1.6985159 12.02653 1.739492 17.034088 -1.8860182762145996 0.13407699763774872
Car 0.0 0 -2.4379172325134277 1186.68359375 529.73779296875 1310.1307373046875 590.9021606445312 3.644426 1.853123 1.8265294 14.599997 3.2108383 42.942642 -2.110189199447632 0.13153843581676483
