Pedestrian 0.0 0 0.46968594193458557 259.396240234375 161.5401153564453 279.4429626464844 199.4832000732422 0.63667655 1.7173432 0.5761351 -15.590954 1.205623 32.95158 0.027750253677368164 0.584172785282135
Pedestrian 0.0 0 -2.202007293701172 1109.9522705078125 144.2278594970703 1136.512451171875 180.86561584472656 0.8494665 1.7799062 0.6966465 25.193037 0.38957167 35.479908 -1.584558367729187 0.577770471572876
Pedestrian 0.0 0 0.23293551802635193 871.8720092773438 110.79298400878906 945.1004028320312 237.56246948242188 0.9025508 1.7805382 0.5089856 4.3304152 0.90921926 10.601093 0.6207373142242432 0.5398156642913818
Pedestrian 0.0 0 -1.7238000631332397 914.4144287109375 138.63931274414062 938.9887084960938 190.8501434326172 0.9053051 1.8911681 0.6998482 11.650337 0.65221 26.659794 -1.3118091821670532 0.5389124155044556
Pedestrian 0.0 0 3.3720664978027344 345.5815734863281 155.2149200439453 359.96282958984375 184.84329223632812 0.80358744 1.9213731 0.44456723 -16.804281 0.7778527 47.054333 3.0290584564208984 0.3865150809288025
Pedestrian 0.0 0 2.007261276245117 231.39820861816406 149.710693359375 254.57342529296875 190.0693817138672 0.80742115 1.7799201 0.64264435 -16.430685 0.75960004 32.233574 1.535853385925293 0.3671530783176422
Cyclist 0.0 0 -2.271651268005371 1013.3554077148438 92.3853530883789 1092.20751953125 174.8051300048828 1.741253 1.7276552 0.4765594 9.736792 0.041256756 16.018824 -1.7254911661148071 0.48576146364212036
Cyclist 0.0 0 2.007261276245117 231.39820861816406 149.710693359375 254.57342529296875 190.0693817138672 0.80742115 1.7799201 0.64264435 -16.430685 0.75960004 32.233574 1.535853385925293 0.11598216742277145
Car 0.0 0 1.9962949752807617 236.49508666992188 188.44427490234375 356.9503173828125 252.0194549560547 3.9478762 1.5208999 1.5985855 -8.666427 2.0013077 20.22454 1.5914547443389893 0.912718653678894
Car 0.0 0 -1.5347143411636353 599.0266723632812 175.09381103515625 627.5125732421875 201.5442657470703 4.3081155 1.5552161 1.6231054 0.21327782 1.7019849 44.97725 -1.5299724340438843 0.8799910545349121
Car 0.0 0 -0.08364476263523102 714.6807250976562 160.00450134277344 775.3070068359375 178.8013458251953 5.0558815 1.6071856 1.7719291 11.6855 0.50887305 62.82541 0.10025334358215332 0.5434847474098206
Car 0.0 0 -1.1809443235397339 729.1780395507812 150.4602508544922 818.396728515625 200.1676788330078 3.7522044 1.5529588 1.6580448 5.593998 0.85369134 24.550646 -0.9569137096405029 0.5282967686653137
Car 0.0 0 2.143864154815674 141.50360107421875 166.31698608398438 243.3156280517578 209.76199340820312 3.720052 1.5181017 1.5356581 -15.604503 1.2900364 27.106556 1.621524453163147 0.4337490499019623
Car 0.0 0 1.2327377796173096 1070.54736328125 152.0218505859375 1113.982421875 174.61988830566406 3.728304 1.6580621 1.5986089 36.637535 0.12992418 54.941856 1.82086181640625 0.398647278547287
Car 0.0 0 1.4747700691223145 991.2083740234375 156.7481689453125 1018.9505004882812 176.9459228515625 3.6957483 1.5585375 1.5934439 31.524418 0.31610733 57.686234 1.974907398223877 0.38414105772972107
Car 0.0 0 1.8615436553955078 305.38507080078125 171.3887481689453 414.43658447265625 237.9549560546875 4.1207786 1.5916295 1.6343338 -6.5942135 1.5569526 19.339413 1.5329334735870361 0.34282198548316956
Car 0.0 0 -1.7705662250518799 427.8470764160156 165.5383758544922 452.4967041015625 183.18313598632812 3.624807 1.6046927 1.5558338 -15.95011 0.9397348 67.588715 -2.0023140907287598 0.3334227502346039
Car 0.0 0 1.488290786743164 730.7284545898438 166.46791076660156 760.736083984375 191.4994354248047 4.498567 1.7351109 1.7657276 9.7701235 1.2928045 52.339638 1.6728346347808838 0.3231847584247589
