Pedestrian 0.0 0 1.7656173706054688 217.5023193359375 159.62844848632812 239.55967712402344 206.31033325195312 1.0141089 1.9368479 0.64187616 -16.165266 1.3884729 30.512152 1.2784167528152466 0.1486368477344513
Pedestrian 0.0 0 -1.4496219158172607 46.3337287902832 154.52130126953125 79.13557434082031 221.58567810058594 0.79443073 1.7617984 0.6144687 -14.791144 1.2805516 19.450203 -2.099785327911377 0.14090941846370697
Pedestrian 0.0 0 0.04004298150539398 523.4724731445312 173.8424835205078 533.6586303710938 198.53689575195312 0.68701404 1.7188284 0.5888763 -5.7337165 1.788897 50.56328 -0.07287153601646423 0.12770237028598785
Car 0.0 0 -1.489752173423767 661.9739990234375 180.64324951171875 701.6326904296875 213.99378967285156 3.6302078 1.4390594 1.5700504 3.3856425 1.8268299 33.957672 -1.390378713607788 0.18740025162696838
Car 0.0 0 -1.5938959121704102 629.73974609375 170.937744140625 651.1016845703125 191.39779663085938 4.106455 1.5706967 1.5987834 2.3671722 1.4239464 57.45632 -1.5527197122573853 0.15165893733501434
Car 0.0 0 -1.3335527181625366 429.8049621582031 169.6473846435547 470.418212890625 196.8549041748047 4.281635 1.7417796 1.6986471 -10.68436 1.5368557 48.34607 -1.5510542392730713 0.14179323613643646
Car 0.0 0 1.8058488368988037 514.427978515625 175.20220947265625 544.8661499023438 194.83895874023438 3.9824636 1.5124917 1.5543505 -6.459731 1.7088182 58.140514 1.6951971054077148 0.12465428560972214
Car 0.0 0 1.4723865985870361 1157.8504638671875 184.20260620117188 1196.015869140625 209.63949584960938 3.681828 1.5617841 1.6400799 37.689484 2.349612 48.070675 2.137321710586548 0.11836738139390945
Car 0.0 0 0.6294636130332947 955.0385131835938 186.12594604492188 1242.0 375.0 3.8903627 1.493324 1.6618391 3.428523 1.5904915 3.22643 1.4452197551727295 0.1045551747083664
Car 0.0 0 1.2695460319519043 747.3634033203125 180.43032836914062 775.7728881835938 196.5962371826172 3.9523087 1.4728118 1.5791215 14.585284 2.2264023 69.68988 1.4758565425872803 0.10302215814590454
