Pedestrian 0.0 0 -1.0263917446136475 666.5120849609375 513.5889892578125 715.0248413085938 576.5823364257812 1.6412623 1.9540708 0.8262821 -4.0370784 2.6823206 40.847176 -1.1249055862426758 0.264344185590744
Pedestrian 0.0 0 -0.866005539894104 732.0928955078125 479.5751037597656 787.4139404296875 614.6490478515625 0.62638783 2.4484348 0.8107827 -1.0465616 2.2321484 23.45187 -0.9106019139289856 0.25175273418426514
Pedestrian 0.0 0 -2.972411632537842 1033.4630126953125 499.7245788574219 1060.4520263671875 542.4527587890625 1.1808875 2.0314007 0.67328167 11.099548 2.4301019 60.926308 -2.792207956314087 0.24111586809158325
Pedestrian 0.0 0 -3.044914722442627 1057.7857666015625 493.2926025390625 1094.820556640625 562.0123291015625 0.9718156 1.9396669 0.74222744 7.450348 1.9915043 36.269333 -2.842315673828125 0.19291634857654572
Pedestrian 0.0 0 -3.5147485733032227 1450.1453857421875 497.20404052734375 1485.8297119140625 548.1181640625 0.9034342 1.771803 0.7566192 22.939821 1.9742827 44.58801 -3.039581060409546 0.16773317754268646
Pedestrian 0.0 0 0.20705492794513702 596.555908203125 493.1932067871094 620.25830078125 537.9688110351562 0.86093956 1.8830086 0.7228267 -8.805312 1.9549689 53.667152 0.044431209564208984 0.1648043841123581
Pedestrian 0.0 0 -1.8085386753082275 1457.1771240234375 516.248291015625 1489.052490234375 576.369873046875 1.2022119 1.9023552 0.6574986 21.401575 2.721729 41.278786 -1.3302290439605713 0.15917634963989258
Pedestrian 0.0 0 -1.9987514019012451 897.9530639648438 510.6625671386719 951.698974609375 583.0642700195312 1.3274465 2.026561 1.0992861 3.1354268 2.5937116 36.685986 -1.91349196434021 0.15666650235652924
Pedestrian 0.0 0 -0.0905163362622261 719.1653442382812 486.859375 746.3382568359375 561.3953857421875 0.68065697 2.0028152 0.6487518 -2.2715874 1.8779297 34.402645 -0.1564500629901886 0.1550481915473938
Pedestrian 0.0 0 -0.5205736756324768 989.7393798828125 502.1783447265625 1016.2499389648438 545.0291137695312 1.0125352 1.9472774 0.66089845 8.593039 2.4425838 58.288082 -0.3742043972015381 0.14311358332633972
Pedestrian 0.0 0 0.27168095111846924 39.52174758911133 468.806640625 122.26226043701172 606.256591796875 1.105667 2.2684863 0.5126389 -12.348768 1.8938363 21.288054 -0.25396251678466797 0.14018401503562927
Pedestrian 0.0 0 -0.8696260452270508 1402.628662109375 498.4584045410156 1444.10888671875 553.5906372070312 1.1335078 1.8789866 0.7389478 21.031006 2.122938 43.87435 -0.42263755202293396 0.13825543224811554
Pedestrian 0.0 0 -1.459423542022705 847.5201416015625 483.7461242675781 886.2704467773438 596.5270385742188 0.82031804 2.058313 0.633085 0.94758534 1.916672 23.566063 -1.4192354679107666 0.13808250427246094
Pedestrian 0.0 0 0.3667200207710266 661.1453247070312 483.9405822753906 716.426025390625 602.0343017578125 0.85213685 2.1596565 0.6374804 -2.3693233 2.0212831 23.57952 0.2665739059448242 0.1377750039100647
Pedestrian 0.0 0 -1.7965526580810547 906.7078857421875 476.59625244140625 959.430908203125 596.3572387695312 0.8047958 2.1676147 0.8092026 2.1486588 1.8977358 23.374403 -1.7048866748809814 0.13493011891841888
Pedestrian 0.0 0 2.3412160873413086 1462.73095703125 505.5101318359375 1503.0972900390625 561.8165893554688 1.005009 1.8732744 0.7096963 22.564896 2.3527706 42.8716 2.8257102966308594 0.1324637532234192
Pedestrian 0.0 0 -2.6730175018310547 1558.59033203125 494.3467102050781 1597.215576171875 557.7764892578125 0.76908284 1.8675302 0.6703298 22.75239 1.9534961 37.835484 -2.131605386734009 0.13197733461856842
Pedestrian 0.0 0 -0.6196373701095581 33.31452560424805 479.63330078125 91.9717025756836 561.9096069335938 0.91350186 1.8197442 0.67720413 -16.99167 1.5571259 28.564388 -1.1562652587890625 0.12776142358779907
Pedestrian 0.0 0 -0.912056565284729 1499.5965576171875 497.6022644042969 1542.67578125 559.05615234375 1.0406463 1.926127 0.71035624 22.444683 2.1227865 40.32941 -0.40421080589294434 0.1248704195022583
Pedestrian 0.0 0 -2.469099521636963 1594.8189697265625 497.4893798828125 1600.0 583.8160400390625 0.96171886 2.0696516 0.6854845 19.753319 2.218794 31.00654 -1.9018681049346924 0.12039650231599808
Pedestrian 0.0 0 -2.9827723503112793 604.41845703125 490.99249267578125 643.7649536132812 554.0972290039062 1.2547809 2.1846428 0.75515896 -6.705282 2.166828 44.225292 -3.1332428455352783 0.11780925840139389
Pedestrian 0.0 0 0.4228096902370453 565.7288208007812 494.5867004394531 591.47216796875 542.1800537109375 0.81241953 1.9248718 0.7125617 -9.703305 2.0517118 51.718098 0.23734664916992188 0.11598953604698181
Pedestrian 0.0 0 -0.8264355659484863 538.4325561523438 503.7785339355469 570.018310546875 552.1024169921875 1.1419134 1.9720006 0.6977053 -10.898281 2.4890332 52.688847 -1.0304014682769775 0.11340490728616714
Cyclist 0.0 0 -1.4630547761917114 1420.8775634765625 498.537841796875 1449.4425048828125 553.7784423828125 1.417455 1.8644085 0.7381809 21.380848 2.1116683 43.74152 -1.0084073543548584 0.24908705055713654
Cyclist 0.0 0 -1.2678539752960205 475.236083984375 487.5196533203125 507.2505187988281 540.7039184570312 1.849393 2.0009089 0.6680231 -12.458096 1.8508929 48.586147 -1.518858790397644 0.15686191618442535
Cyclist 0.0 0 -1.5425840616226196 1466.239013671875 498.4277648925781 1491.517578125 563.1987915039062 1.6103256 1.9764705 0.656659 20.772802 2.1980922 39.69172 -1.0604286193847656 0.14659415185451508
Cyclist 0.0 0 -0.8264355659484863 538.4325561523438 503.7785339355469 570.018310546875 552.1024169921875 1.1419134 1.9720006 0.6977053 -10.898281 2.4890332 52.688847 -1.0304014682769775 0.14165081083774567
Car 0.0 0 1.2555205821990967 1083.4356689453125 505.3265075683594 1219.722900390625 589.7977905273438 4.0097156 1.5986558 1.5996461 6.9609675 1.9122368 26.687317 1.5106699466705322 0.31716087460517883
Car 0.0 0 -1.9084067344665527 1047.185791015625 515.2926025390625 1112.57568359375 552.8461303710938 4.320246 1.5952804 1.6355572 12.207338 2.7437172 58.896904 -1.7040343284606934 0.24295341968536377
Car 0.0 0 -2.28916597366333 1216.7991943359375 518.9842529296875 1413.3681640625 606.557373046875 3.9213152 1.5778441 1.5993236 10.22174 2.1935298 26.261059 -1.917973518371582 0.21485881507396698
Car 0.0 0 -1.8768384456634521 1598.9886474609375 517.4000854492188 1600.0 603.1122436523438 3.9342115 1.7027057 1.6647042 19.208166 2.3300679 28.562006 -1.284803032875061 0.2010079026222229
Car 0.0 0 -2.0349314212799072 1071.0682373046875 507.5379943847656 1199.621337890625 577.12841796875 4.2029777 1.6873316 1.6254132 8.461504 2.145432 33.96106 -1.7907500267028809 0.18347065150737762
Car 0.0 0 -2.5431103706359863 930.4923095703125 518.1399536132812 1020.0681762695312 554.7540283203125 3.988554 1.5952644 1.6119022 7.4958315 2.895424 59.89992 -2.4186182022094727 0.13062234222888947
Car 0.0 0 -1.5315996408462524 558.5205688476562 511.85858154296875 612.4191284179688 561.8773803710938 3.4972813 1.622501 1.7219867 -8.059261 2.3663936 44.438553 -1.7110071182250977 0.11611077934503555
