Pedestrian 0.0 0 -3.250744104385376 904.2213134765625 82.26947021484375 980.4280395507812 245.6673126220703 0.7474348 1.8654174 0.80627906 3.9726722 0.6912718 8.703 -2.822521448135376 0.49940747022628784
Cyclist 0.0 0 1.1205873489379883 795.4325561523438 120.83001708984375 835.6421508789062 178.36961364746094 1.7476236 1.8016363 0.5608624 6.766926 -0.23259851 23.629585 1.3994978666305542 0.5162419676780701
Cyclist 0.0 0 -1.8434745073318481 788.5435791015625 131.6368408203125 817.65625 181.5299530029297 1.9167428 1.7569675 0.530927 7.120037 -0.1392412 26.413244 -1.580169916152954 0.40011173486709595
Car 0.0 0 -1.1659016609191895 165.97352600097656 195.68141174316406 382.2909240722656 310.97491455078125 3.4708178 1.3246511 1.5334095 -4.579365 1.5014529 10.317361 -1.583629846572876 0.9679011106491089
Car 0.0 0 -1.3773943185806274 384.0635986328125 181.1948699951172 483.24774169921875 244.1929931640625 4.4375787 1.4536747 1.6859598 -4.452194 1.362026 18.833515 -1.6095300912857056 0.9605056643486023
Car 0.0 0 -1.5712206363677979 576.1325073242188 177.6578369140625 658.64892578125 250.00157165527344 3.606768 1.4812201 1.6902837 0.1658428 1.3276061 16.526043 -1.5611857175827026 0.9020528197288513
Car 0.0 0 -1.037178635597229 109.1872329711914 187.33929443359375 289.9571838378906 265.2166442871094 3.686377 1.4089135 1.6025823 -8.319727 1.4597746 14.9666 -1.5445297956466675 0.8752956986427307
Car 0.0 0 2.2694597244262695 0.0 189.3382568359375 99.27794647216797 272.1551818847656 3.9124486 1.4779472 1.5998336 -12.818974 1.5762901 14.983736 1.5617663860321045 0.6638469099998474
Car 0.0 0 -1.170458197593689 237.35791015625 177.8350067138672 327.2114562988281 216.18679809570312 4.2334895 1.349657 1.5934287 -12.324996 1.0910509 27.427586 -1.5927839279174805 0.6251392960548401
Car 0.0 0 -1.346971035003662 354.8491516113281 180.9883270263672 418.9454040527344 220.42877197265625 3.8915858 1.4142355 1.5391023 -8.482006 1.2637836 27.769087 -1.643418312072754 0.6008872985839844
Car 0.0 0 -1.3437992334365845 195.55978393554688 146.9674530029297 253.59156799316406 184.2754669189453 3.8552396 1.6753769 1.6280617 -18.317074 -0.046649814 34.454662 -1.832428216934204 0.5125709772109985
Car 0.0 0 1.647883653640747 659.8544921875 179.2776641845703 682.737060546875 198.42811584472656 3.7202268 1.5311577 1.6049004 5.267851 1.0575188 59.438595 1.7362794876098633 0.4825581908226013
Car 0.0 0 2.1297852993011475 0.0 199.04527282714844 125.19183349609375 255.70179748535156 3.9093482 1.4338337 1.5988668 -16.241674 1.8817265 21.19714 1.47598397731781 0.4356001317501068
