Pedestrian 0.0 0 -1.5923103094100952 623.0220336914062 151.1074676513672 638.6924438476562 194.20445251464844 0.8307287 1.7901856 0.64025134 0.83262056 0.8872241 30.3861 -1.5649157762527466 0.4304768741130829
Pedestrian 0.0 0 2.7274067401885986 775.7789306640625 153.09130859375 798.7598266601562 193.705078125 0.8014605 1.7786804 0.63331527 7.8130565 0.9135311 31.978456 2.9670348167419434 0.3198365271091461
Pedestrian 0.0 0 1.656872272491455 671.3543090820312 153.7501678466797 685.6318969726562 191.01791381835938 0.8170034 1.8411252 0.64452726 3.392971 0.8977032 36.102665 1.7505781650543213 0.26688745617866516
Pedestrian 0.0 0 -1.7815086841583252 811.9935302734375 145.84898376464844 831.6207275390625 187.21420288085938 0.8314113 1.7668853 0.65503293 9.129222 0.6137431 31.255836 -1.4973331689834595 0.2435915470123291
Pedestrian 0.0 0 1.7606912851333618 554.070068359375 147.8520965576172 579.6823120117188 203.9792022705078 1.4479455 1.7678521 0.57169354 -1.4368049 0.98071784 23.478428 1.699570655822754 0.11282187700271606
Cyclist 0.0 0 1.7606912851333618 554.070068359375 147.8520965576172 579.6823120117188 203.9792022705078 1.4479455 1.7678521 0.57169354 -1.4368049 0.98071784 23.478428 1.699570655822754 0.2351406216621399
Cyclist 0.0 0 2.7178642749786377 847.1243286132812 152.89076232910156 864.9437866210938 177.6962890625 1.0815856 1.8250891 0.6403139 18.197956 0.35663432 53.455364 3.0459907054901123 0.2211138904094696
Car 0.0 0 -1.5961211919784546 785.7349853515625 165.6573486328125 850.8085327148438 225.75326538085938 3.9030643 1.5920718 1.6748432 6.003888 1.4017746 21.210575 -1.3202762603759766 0.9134178757667542
Car 0.0 0 -1.8181747198104858 804.6376953125 147.37396240234375 1026.15087890625 305.7359924316406 4.523817 1.8117595 1.8136309 4.075497 1.5206101 10.605969 -1.4513065814971924 0.9128059148788452
Car 0.0 0 -2.1240453720092773 904.0322875976562 184.88018798828125 1242.0 375.0 4.0618086 1.4900535 1.645022 3.5980165 1.6109216 5.153602 -1.51455819606781 0.9091708064079285
Car 0.0 0 2.24029803276062 810.1046142578125 156.2516632080078 861.9476318359375 177.3954315185547 3.843892 1.5085703 1.6133083 16.661896 0.32438147 53.226273 2.5436737537384033 0.5402206778526306
Car 0.0 0 2.1894257068634033 0.0 69.2906723022461 334.71856689453125 375.0 4.348156 1.5617456 1.6651938 -3.8405924 1.0836085 5.51344 1.580993890762329 0.38836216926574707
Car 0.0 0 -2.9111626148223877 763.4755859375 152.88720703125 844.5335693359375 185.05563354492188 3.597079 1.5164449 1.5554043 9.510882 0.57555246 35.546005 -2.649721384048462 0.28070127964019775
