Car 0.0 0 -1.915602445602417 759.028564453125 191.27569580078125 1109.663818359375 375.0 4.307883 1.479199 1.6778042 2.7309308 1.7228605 7.364461 -1.56049644947052 0.9572475552558899
Car 0.0 0 3.3599133491516113 276.5594177246094 174.92098999023438 451.425048828125 232.6908721923828 4.0793996 1.4243428 1.5939941 -6.3603387 1.481656 18.86923 3.034799337387085 0.946053147315979
Car 0.0 0 0.5062201023101807 0.0 172.51316833496094 344.89306640625 311.5489807128906 4.3661222 1.4881499 1.6235402 -5.723142 1.4848598 8.695099 -0.07590028643608093 0.8985010385513306
Car 0.0 0 -0.2984314560890198 749.6906127929688 177.2611541748047 877.9360961914062 223.1393280029297 3.8368597 1.4712949 1.5564803 6.7062325 1.6241063 24.126558 -0.027314897626638412 0.8932291865348816
Car 0.0 0 2.767871379852295 767.686767578125 175.17144775390625 981.437255859375 247.47035217285156 4.3456573 1.5818233 1.6781117 5.977825 1.6388894 16.747545 3.110713005065918 0.8735339045524597
Car 0.0 0 -0.3687358498573303 861.9788818359375 178.83261108398438 1128.0267333984375 273.28131103515625 3.681117 1.46717 1.5796264 6.3372846 1.5776904 12.311131 0.10665035247802734 0.8576223254203796
Car 0.0 0 -3.2871551513671875 690.3884887695312 172.6952667236328 772.4125366210938 208.96469116210938 3.844368 1.77406 1.7191194 6.0001254 1.7666535 36.185543 -3.1228346824645996 0.8302980065345764
Car 0.0 0 3.374871253967285 326.5920715332031 166.19471740722656 485.9612121582031 221.66778564453125 4.2677684 1.5707083 1.6653074 -5.9727387 1.3825102 21.343874 3.1020166873931885 0.82200026512146
Car 0.0 0 -0.2673342525959015 736.8489990234375 171.98971557617188 846.6875 216.74053955078125 3.5991328 1.5885605 1.6433243 6.5674005 1.5582386 26.475279 -0.02418433502316475 0.7560264468193054
Car 0.0 0 3.9146618843078613 0.0 152.18186950683594 71.55644226074219 347.6153869628906 3.828102 1.4930484 1.5936081 -7.4304957 1.3354781 6.4605465 3.059551477432251 0.6281850337982178
