Pedestrian 0.0 0 -3.3027210235595703 1002.4668579101562 485.1364440917969 1053.1690673828125 568.4437866210938 1.1744503 2.0898 0.6771285 5.356985 1.9299903 32.109642 -3.1374094486236572 0.27305808663368225
Pedestrian 0.0 0 -0.9298551678657532 17.934490203857422 476.24102783203125 117.37415313720703 613.46435546875 1.2172723 2.0612936 0.7500503 -11.604638 1.8319756 19.668903 -1.4628887176513672 0.24837008118629456
Pedestrian 0.0 0 0.06679661571979523 691.6695556640625 484.2644958496094 726.6507568359375 568.9771118164062 0.7820146 1.9762484 0.62281656 -2.5211961 1.8072878 29.862236 -0.017431210726499557 0.19915199279785156
Pedestrian 0.0 0 -2.7105746269226074 304.4882507324219 463.2109069824219 376.48162841796875 576.3006591796875 1.0532324 2.071369 0.71421444 -8.853487 1.5530921 23.589931 -3.069615125656128 0.19323132932186127
Pedestrian 0.0 0 -1.7929627895355225 1198.9296875 503.0264892578125 1234.0489501953125 560.433349609375 1.1445634 1.8897505 0.89447725 13.435436 2.2822266 42.54021 -1.4870479106903076 0.18365608155727386
Pedestrian 0.0 0 -1.2652735710144043 1081.94873046875 503.5619201660156 1103.362060546875 544.2786865234375 1.2209829 2.0005586 0.7121796 13.828488 2.6102934 63.34876 -1.0503535270690918 0.16479335725307465
Pedestrian 0.0 0 0.7206519246101379 69.30146789550781 489.7607421875 114.5387191772461 561.2998657226562 0.8283001 1.9751741 0.72031784 -20.243372 1.9269581 35.40108 0.2012038230895996 0.15619906783103943
Pedestrian 0.0 0 0.08991310000419617 214.9787139892578 490.7974548339844 258.7770080566406 558.7005615234375 1.2911379 2.2804034 0.7770621 -19.713545 2.2565713 43.111435 -0.3389696776866913 0.15217334032058716
Pedestrian 0.0 0 -0.9921326637268066 450.8556823730469 488.36517333984375 496.5343322753906 567.0604248046875 1.1230356 2.0916412 0.69277185 -9.270961 2.0081313 34.301254 -1.256105899810791 0.15181714296340942
Pedestrian 0.0 0 -1.5413984060287476 1213.666748046875 507.688720703125 1232.8486328125 562.9894409179688 1.4243386 2.2412245 0.71654403 16.90162 2.9231606 52.57913 -1.2303797006607056 0.15067322552204132
Cyclist 0.0 0 -1.5014368295669556 1148.185791015625 510.0647277832031 1168.0543212890625 560.842041015625 1.833434 2.015344 0.66121453 14.029334 2.7908893 51.95056 -1.2376768589019775 0.3985936641693115
Cyclist 0.0 0 -0.6026985049247742 261.81085205078125 497.8815002441406 341.6021423339844 584.2852783203125 1.9311994 2.301866 0.788084 -14.166772 2.4827454 34.912437 -0.9881777763366699 0.3515729010105133
Cyclist 0.0 0 -1.129290223121643 1077.3309326171875 510.2061462402344 1104.140869140625 551.2772216796875 1.640768 2.007742 0.6786289 13.776986 2.9586816 63.54622 -0.9157917499542236 0.28470784425735474
Cyclist 0.0 0 -0.9620954394340515 944.0513305664062 490.74560546875 1013.8314819335938 585.3658447265625 1.823583 2.2284844 0.7778432 3.9629993 2.2105503 30.763107 -0.8339779376983643 0.2792583703994751
Cyclist 0.0 0 -0.8925051689147949 225.74246215820312 496.14874267578125 275.8529357910156 560.1107177734375 1.4867947 2.1350994 0.8069441 -19.28385 2.2965035 43.215115 -1.3122189044952393 0.1871180683374405
Cyclist 0.0 0 -0.9921326637268066 450.8556823730469 488.36517333984375 496.5343322753906 567.0604248046875 1.1230356 2.0916412 0.69277185 -9.270961 2.0081313 34.301254 -1.256105899810791 0.10383627563714981
Car 0.0 0 0.8712828159332275 1324.00244140625 515.9192504882812 1516.6573486328125 601.83642578125 3.8762798 1.6102862 1.5716397 12.7461405 2.170533 26.989077 1.3125016689300537 0.32827332615852356
Car 0.0 0 1.488580346107483 619.7971801757812 507.2674560546875 759.2935180664062 644.7174682617188 4.593005 1.7267694 1.6703402 -2.0043612 1.9916861 18.875153 1.3827863931655884 0.25307750701904297
Car 0.0 0 -1.5237629413604736 676.9246215820312 512.3237915039062 726.2635498046875 560.0280151367188 3.9500232 1.5936121 1.6001519 -4.132047 2.3837976 46.06501 -1.613223910331726 0.2520469129085541
Car 0.0 0 -1.274857521057129 0.0 508.4566345214844 54.15300750732422 624.4207763671875 4.0272937 1.759191 1.5988866 -14.72166 2.082553 22.00168 -1.8645533323287964 0.22786220908164978
Car 0.0 0 -1.250239610671997 90.78167724609375 507.45806884765625 230.59759521484375 588.1267700195312 4.556669 1.7703941 1.6883103 -15.976009 2.1922932 31.115665 -1.7245808839797974 0.2245323657989502
Car 0.0 0 0.8853609561920166 1450.773681640625 522.5567016601562 1600.0 593.6124877929688 4.43698 1.6679152 1.659344 19.297468 2.5607212 34.08775 1.4004896879196167 0.22180865705013275
Car 0.0 0 -1.1563222408294678 55.26871871948242 509.6882629394531 155.05886840820312 560.2575073242188 4.060847 1.6557972 1.591903 -25.225513 2.332973 45.071747 -1.666562795639038 0.2191373109817505
Car 0.0 0 -1.4527034759521484 501.7264709472656 518.9188232421875 566.966064453125 575.3960571289062 4.1653132 1.5903078 1.5206116 -8.825422 2.500293 39.89324 -1.670422911643982 0.2082998901605606
Car 0.0 0 1.6383644342422485 443.41485595703125 512.5243530273438 509.37628173828125 575.1988525390625 4.28429 1.707388 1.6338829 -10.21292 2.3800755 38.274258 1.3776047229766846 0.2068268209695816
Car 0.0 0 1.7694690227508545 126.00100708007812 508.9644470214844 206.2810821533203 565.0602416992188 3.7613719 1.6776763 1.6065658 -21.068336 2.2730913 41.165417 1.2964284420013428 0.20299583673477173
Car 0.0 0 -2.1621296405792236 1277.5523681640625 510.8423767089844 1380.6376953125 558.2830200195312 4.2711086 1.6929411 1.606781 19.88 2.4798691 49.286556 -1.7787339687347412 0.19618098437786102
Car 0.0 0 -1.1407686471939087 16.473957061767578 506.5008239746094 111.49764251708984 552.3925170898438 3.7880957 1.5622594 1.5492302 -27.465376 2.1344032 46.360287 -1.6756057739257812 0.1694345325231552
Car 0.0 0 -1.9082632064819336 1108.8302001953125 508.8932800292969 1239.6260986328125 589.3316650390625 4.2678933 1.7473898 1.7179047 8.553783 2.19805 30.640907 -1.6360316276550293 0.16377252340316772
Car 0.0 0 1.1227507591247559 776.4246215820312 512.7684936523438 926.2389526367188 600.5045776367188 3.9390535 1.6492363 1.6352217 0.6604354 2.1378176 26.97035 1.1472333669662476 0.15255525708198547
Car 0.0 0 -1.1799180507659912 100.12532043457031 508.6933288574219 196.09678649902344 559.6279907226562 4.0530777 1.6665394 1.5828742 -23.63033 2.3047771 44.938927 -1.6640170812606812 0.14663875102996826
