Pedestrian 0.0 0 -1.0110371112823486 287.97406005859375 541.2999877929688 437.7387390136719 780.859375 1.5130813 2.2708995 0.79395914 -4.842118 3.0684016 13.187722 -1.362924337387085 0.31700363755226135
Cyclist 0.0 0 -0.8025801181793213 338.3379211425781 535.1595458984375 380.1286315917969 586.6514282226562 1.8177925 2.137243 0.6511 -20.65548 5.069495 55.401466 -1.1594493389129639 0.2984651029109955
Cyclist 0.0 0 -1.0110371112823486 287.97406005859375 541.2999877929688 437.7387390136719 780.859375 1.5130813 2.2708995 0.79395914 -4.842118 3.0684016 13.187722 -1.362924337387085 0.19982679188251495
Car 0.0 0 -1.1516492366790771 251.23204040527344 540.5686645507812 322.9647216796875 583.8469848632812 3.6796541 1.5923445 1.465629 -23.191338 4.7376313 53.97701 -1.5574536323547363 0.36867859959602356
Car 0.0 0 -0.7815393805503845 0.0 549.71337890625 12.190670013427734 658.7960205078125 3.861961 1.7241483 1.6164368 -18.374447 3.431756 24.801508 -1.4191652536392212 0.26780495047569275
Car 0.0 0 -2.294127941131592 1408.91015625 523.6619873046875 1592.1029052734375 628.0067749023438 3.0250034 1.8690367 1.7638302 13.806668 3.0478885 25.838982 -1.8033910989761353 0.21508708596229553
Car 0.0 0 2.133629560470581 0.0 525.5570678710938 129.4916229248047 655.3292236328125 4.2645 1.7011569 1.610706 -13.318771 2.7013621 20.403975 1.5553209781646729 0.1885531097650528
Car 0.0 0 -1.1010949611663818 207.6484375 538.544189453125 286.4345397949219 581.789794921875 3.7601318 1.5866748 1.5401231 -24.885502 4.641862 53.921047 -1.5334854125976562 0.1747407466173172
Car 0.0 0 1.8523222208023071 153.3076934814453 542.9755859375 358.9221496582031 697.7149658203125 4.1732535 1.7628325 1.6412152 -8.248883 2.968129 18.50811 1.4330581426620483 0.15757380425930023
Car 0.0 0 -1.425607442855835 181.45700073242188 538.42431640625 237.8913116455078 582.8959350585938 4.0421023 1.6335644 1.6482266 -26.982235 4.751272 54.89438 -1.8824560642242432 0.1431342214345932
Car 0.0 0 -1.1457514762878418 0.0 543.3407592773438 142.606201171875 653.6755981445312 4.3107686 1.7971023 1.6437649 -15.759553 3.4289625 25.628016 -1.6970798969268799 0.13899078965187073
Car 0.0 0 2.1057655811309814 0.0 524.8319702148438 250.4432373046875 667.1028442382812 4.519234 1.7390455 1.6695698 -10.819896 2.6860533 19.351496 1.5959440469741821 0.1346946358680725
Car 0.0 0 -0.8002414703369141 344.4788513183594 545.895751953125 436.8194885253906 590.032470703125 3.8586352 1.6403006 1.6751693 -19.398088 5.1544805 55.89442 -1.1342847347259521 0.11282442510128021
Car 0.0 0 1.7858480215072632 333.95257568359375 526.8272705078125 524.3093872070312 682.2206420898438 4.432249 1.7670273 1.693681 -5.598456 2.6958604 18.192484 1.487310528755188 0.10908602178096771
