Pedestrian 0.0 0 3.203406810760498 348.5013732910156 158.73960876464844 373.9031677246094 199.95701599121094 1.0363778 1.8145396 0.62172055 -11.136574 1.1935312 32.200253 2.8704307079315186 0.4075865149497986
Cyclist 0.0 0 3.230825901031494 346.446044921875 157.19757080078125 372.19610595703125 198.76954650878906 1.0339812 1.8260118 0.6011109 -11.188669 1.1386751 32.107605 2.8955111503601074 0.20494063198566437
Car 0.0 0 -2.064788341522217 305.96234130859375 163.0126953125 386.0708312988281 198.195556640625 4.48523 1.6213839 1.768176 -13.035243 1.1682107 35.39671 -2.417638063430786 0.7656869888305664
Car 0.0 0 -2.134012460708618 844.793212890625 162.3252716064453 889.5722045898438 181.5010223388672 4.008232 1.5595433 1.6682634 21.60101 0.7036116 60.817753 -1.792733907699585 0.611436665058136
Car 0.0 0 1.2009927034378052 466.6982421875 166.0762939453125 509.0292663574219 190.50242614746094 3.6969945 1.6105107 1.6374686 -8.456395 1.1639887 49.577797 1.032050371170044 0.5770500898361206
Car 0.0 0 -2.2661139965057373 720.699462890625 164.10679626464844 773.644775390625 186.02337646484375 4.032751 1.5706986 1.6883557 10.167233 0.94417 53.879986 -2.0796055793762207 0.5245300531387329
Car 0.0 0 -2.165313243865967 361.1970520019531 161.44654846191406 426.44696044921875 192.3269805908203 3.4908893 1.53326 1.5602379 -11.304522 0.96722066 37.53001 -2.4578824043273926 0.4658563435077667
Car 0.0 0 -2.503436326980591 652.8295288085938 161.32334899902344 713.4078979492188 184.83615112304688 3.8318985 1.5212848 1.6419505 4.864188 0.7756061 48.577374 -2.4036362171173096 0.45803990960121155
Car 0.0 0 -2.3106625080108643 581.38427734375 160.59176635742188 648.4498901367188 186.03466796875 4.2079344 1.4673562 1.6554091 0.21810636 0.76052 43.726067 -2.3056745529174805 0.33631208539009094
Car 0.0 0 1.06016206741333 539.7776489257812 168.97674560546875 598.541259765625 195.0428466796875 3.9302783 1.4065148 1.6138626 -2.406533 1.1976576 41.02129 1.0015637874603271 0.32229775190353394
Car 0.0 0 -2.7232866287231445 810.8126220703125 164.10842895507812 869.6056518554688 183.92230224609375 4.2623024 1.5612257 1.6631962 18.732937 0.8724793 58.887527 -2.4152956008911133 0.3184407353401184
