Pedestrian 0.0 0 -0.2610471248626709 982.3482055664062 69.71415710449219 1074.2022705078125 225.84555053710938 0.84839505 1.8026174 0.5155383 4.988927 0.47022367 8.654586 0.2618753910064697 0.3503493666648865
Pedestrian 0.0 0 -3.39062762260437 800.9397583007812 122.40672302246094 838.7821044921875 198.77235412597656 0.7337928 1.7749722 0.5943774 4.966632 0.31622982 17.014482 -3.1066129207611084 0.34234514832496643
Pedestrian 0.0 0 1.005574107170105 72.66785430908203 86.81439208984375 184.02467346191406 287.0606689453125 0.53348297 1.7350956 0.67566043 -4.4708166 0.8835983 6.6414638 0.4130845069885254 0.33252835273742676
Pedestrian 0.0 0 3.086437225341797 555.0000610351562 164.99078369140625 565.7178344726562 185.07717895507812 0.9231538 1.7784154 0.5363771 -4.229375 -0.011259337 63.96904 3.0204174518585205 0.271059513092041
Pedestrian 0.0 0 -3.4463322162628174 1010.2766723632812 64.87101745605469 1123.1944580078125 238.73704528808594 0.92422456 1.8347826 0.5750408 5.0111575 0.5659342 7.9774156 -2.885457992553711 0.2668668329715729
Pedestrian 0.0 0 -2.0841264724731445 921.1414794921875 87.01561737060547 1017.40869140625 223.40609741210938 1.6818225 1.7439439 0.4177054 4.943121 0.48944896 10.039054 -1.6265861988067627 0.19023269414901733
Pedestrian 0.0 0 -1.5634657144546509 548.8921508789062 150.1171112060547 557.21240234375 184.12057495117188 1.7346165 1.7831067 0.43563768 -2.964487 -0.059064496 38.62929 -1.6400575637817383 0.15545089542865753
Pedestrian 0.0 0 -2.212899923324585 870.1239624023438 82.59728240966797 953.137451171875 195.74838256835938 1.4688327 1.7672353 0.4873727 4.9840894 0.16563463 11.9953575 -1.8191020488739014 0.11498016864061356
Cyclist 0.0 0 1.0319939851760864 916.062255859375 84.21015930175781 1009.816650390625 215.40419006347656 1.6565065 1.7164676 0.39293894 4.9586134 0.39609993 10.243634 1.4828147888183594 0.5013454556465149
Cyclist 0.0 0 1.5728806257247925 548.9236450195312 149.90394592285156 557.180419921875 184.18865966796875 1.7268276 1.798232 0.43262845 -2.9690716 -0.05531816 38.62988 1.4961719512939453 0.4946154057979584
Cyclist 0.0 0 -1.5302668809890747 545.5818481445312 146.6169891357422 556.0966186523438 185.54022216796875 1.6439775 1.8040323 0.4342639 -2.7308283 0.016172264 34.143982 -1.6100767850875854 0.3840523362159729
Cyclist 0.0 0 -2.212899923324585 870.1239624023438 82.59728240966797 953.137451171875 195.74838256835938 1.4688327 1.7672353 0.4873727 4.9840894 0.16563463 11.9953575 -1.8191020488739014 0.341529905796051
Car 0.0 0 -1.5985044240951538 574.5980224609375 176.34213256835938 621.0335693359375 216.17266845703125 3.9651608 1.4510219 1.6948347 -0.4901633 1.1288903 28.20282 -1.6158826351165771 0.8289507031440735
Car 0.0 0 -1.3631443977355957 354.0768127441406 188.86514282226562 478.2264099121094 269.41815185546875 4.1802487 1.3995453 1.6151259 -3.8113077 1.4866248 14.802104 -1.615154504776001 0.7885224223136902
Car 0.0 0 -0.8155559301376343 0.0 194.4938201904297 118.88723754882812 370.60638427734375 3.9115696 1.5185483 1.5883638 -7.8622694 1.6528335 8.356769 -1.5704747438430786 0.6325645446777344
Car 0.0 0 -1.0257411003112793 34.015663146972656 178.6267852783203 185.35089111328125 243.99276733398438 3.3829818 1.4536355 1.524367 -12.13975 1.3082396 17.713772 -1.6265522241592407 0.5834737420082092
Car 0.0 0 -1.7497079372406006 643.9617309570312 170.33628845214844 703.6215209960938 216.09507751464844 3.4382222 1.5412815 1.545929 2.2803211 1.0412332 25.99175 -1.6621994972229004 0.39516717195510864
Car 0.0 0 0.2875312268733978 396.3764343261719 177.3583984375 469.98211669921875 204.27635192871094 3.901985 1.5486614 1.6414486 -10.256171 1.0977409 42.270164 0.049497365951538086 0.3514907658100128
Car 0.0 0 1.9902098178863525 17.871057510375977 142.39602661132812 122.30976104736328 191.37185668945312 2.9639375 1.3896568 1.4789459 -16.384424 0.17580834 22.001183 1.3501051664352417 0.34543555974960327
Car 0.0 0 1.558728575706482 516.4035034179688 158.96421813964844 553.1091918945312 191.90591430664062 4.4674883 1.5289952 1.700257 -3.6857622 0.31165874 35.67861 1.4557892084121704 0.28331246972084045
