Pedestrian 0.0 0 -1.5129681825637817 0.0 146.0210723876953 28.165119171142578 203.7129364013672 0.56499934 1.7335184 0.70353556 -18.347984 0.92760366 22.114002 -2.2055583000183105 0.6266797184944153
Pedestrian 0.0 0 -0.3288748562335968 362.0216369628906 123.11695861816406 401.9535217285156 215.9087371826172 0.51149184 1.7850063 0.8414127 -4.5973277 0.82858807 14.367493 -0.6385607719421387 0.5220292210578918
Pedestrian 0.0 0 3.0725600719451904 282.9026184082031 162.58697509765625 300.3433532714844 200.01715087890625 0.6996635 1.7100023 0.573252 -14.769555 1.2413101 33.377586 2.655961275100708 0.4771507680416107
Pedestrian 0.0 0 3.238217353820801 532.745361328125 162.01893615722656 544.903564453125 184.41159057617188 0.9655844 1.8523602 0.45679513 -5.931715 0.95642215 59.913506 3.1395342350006104 0.4376337230205536
Pedestrian 0.0 0 -1.007541298866272 713.5391235351562 138.23516845703125 749.0838012695312 201.3694305419922 0.7811822 1.7127813 0.66168666 3.331299 0.77395856 20.083708 -0.8431671857833862 0.4276803135871887
Pedestrian 0.0 0 0.48917505145072937 222.72434997558594 159.13816833496094 241.7401580810547 186.23126220703125 1.117467 1.9272548 0.46318668 -27.020817 0.9519435 51.55868 0.0064504146575927734 0.42481884360313416
Pedestrian 0.0 0 1.562451958656311 1017.140380859375 131.04161071777344 1032.7877197265625 175.83261108398438 0.9319259 1.9158422 0.5811585 18.018112 0.12776172 31.40812 2.0832912921905518 0.40363308787345886
Pedestrian 0.0 0 0.23336757719516754 404.73004150390625 153.79188537597656 429.1502685546875 189.7948455810547 1.1247566 1.8545 0.5676004 -10.056588 0.87297565 37.46334 -0.02888791449368 0.4013349413871765
Pedestrian 0.0 0 2.1308579444885254 963.8038330078125 136.2583465576172 1001.0794067382812 203.26043701171875 0.7155576 1.7128377 0.57470584 9.692957 0.7776664 18.872417 2.605329751968384 0.37968242168426514
Cyclist 0.0 0 2.118509531021118 224.14083862304688 160.05018615722656 240.3313751220703 187.38925170898438 1.1710345 1.9306017 0.48717937 -27.012714 1.026793 51.550167 1.6358402967453003 0.19832415878772736
Car 0.0 0 2.966606855392456 215.32904052734375 190.40188598632812 296.70172119140625 219.7632293701172 3.947615 1.51446 1.6609188 -20.24194 2.5625591 41.243202 2.5103507041931152 0.7462413311004639
Car 0.0 0 -2.2929322719573975 1044.0775146484375 153.11590576171875 1102.8482666015625 174.7446746826172 3.7714481 1.5686789 1.6334801 34.793114 0.13748369 54.316414 -1.723219394683838 0.44750306010246277
Car 0.0 0 -1.228257179260254 1147.1165771484375 148.08538818359375 1204.415283203125 174.54107666015625 3.9489832 1.6396842 1.6768353 36.43034 0.10492012 46.480526 -0.5634872317314148 0.4370079040527344
Car 0.0 0 -3.0305004119873047 980.0286865234375 152.19383239746094 1057.88916015625 178.67054748535156 4.164204 1.621056 1.7003592 26.060259 0.35648027 46.082523 -2.5158252716064453 0.40332722663879395
Car 0.0 0 -3.7905898094177246 1185.028076171875 137.0382080078125 1242.0 172.84593200683594 4.0583334 1.5553637 1.6533021 28.451426 -1.40070915e-05 32.311157 -3.0686280727386475 0.39918455481529236
Car 0.0 0 -2.412789821624756 1154.2490234375 151.9676971435547 1242.0 178.89321899414062 3.7654386 1.4308819 1.599831 32.781338 0.32129493 40.32721 -1.730242133140564 0.38263192772865295
Car 0.0 0 2.9112565517425537 557.6885986328125 165.85360717773438 611.0202026367188 182.1885223388672 4.6904216 1.4825041 1.6389204 -2.4029453 0.8475286 66.88929 2.875347852706909 0.37876853346824646
