Pedestrian 0.0 0 -2.9064621925354004 569.0032958984375 514.3413696289062 611.3152465820312 593.1045532226562 1.0926129 2.2562816 0.6591816 -6.910516 3.5663295 36.645214 -3.0928523540496826 0.19159956276416779
Pedestrian 0.0 0 -0.01704806089401245 1219.1007080078125 502.3498229980469 1265.600830078125 613.3275146484375 0.8297913 2.0523002 0.71493846 7.92435 2.6818576 23.904362 0.303053617477417 0.17261287569999695
Pedestrian 0.0 0 -1.3563309907913208 778.6690063476562 527.7904663085938 809.9373168945312 599.7206420898438 1.2127628 2.1944385 0.7560232 -1.0231866 4.06892 39.95866 -1.3819315433502197 0.16992703080177307
Pedestrian 0.0 0 -2.175459861755371 60.91261672973633 506.8033447265625 131.50341796875 629.9945068359375 0.92794037 2.1997883 0.73247504 -13.530735 2.8976023 23.21563 -2.703157663345337 0.16868218779563904
Pedestrian 0.0 0 -0.006600514054298401 458.6205139160156 534.1819458007812 559.4669189453125 672.483642578125 1.5116192 2.0657694 0.6507414 -4.9844694 3.1004772 19.687141 -0.25457364320755005 0.1632031947374344
Pedestrian 0.0 0 -3.340975761413574 1161.9942626953125 510.1016540527344 1196.978759765625 569.3311157226562 0.96050453 1.8578326 0.70256335 11.320095 3.1576698 40.20626 -3.0665297508239746 0.16139395534992218
Pedestrian 0.0 0 0.23507872223854065 6.388585090637207 511.32452392578125 86.71907043457031 617.4885864257812 1.2457738 2.0539155 0.6773885 -15.648213 2.901208 25.159273 -0.32133588194847107 0.13855518400669098
Pedestrian 0.0 0 0.8042473793029785 713.402099609375 502.659912109375 778.5648803710938 588.9461059570312 1.0850149 1.8445554 0.97704136 -1.8053813 2.5953116 28.058441 0.7399923801422119 0.1301845759153366
Cyclist 0.0 0 -1.2666653394699097 621.7371826171875 515.7166137695312 655.9984741210938 578.447021484375 1.570255 2.0034785 0.6988598 -6.2911606 3.568811 42.051968 -1.4151684045791626 0.16831618547439575
Car 0.0 0 -1.7637923955917358 1035.506591796875 534.4884643554688 1118.07568359375 608.0891723632812 4.2260833 1.8675091 1.6439117 7.4415846 3.9128547 37.61038 -1.568455457687378 0.37766411900520325
Car 0.0 0 -1.5813908576965332 697.8861083984375 536.6287231445312 787.8179931640625 650.8234252929688 3.9419057 1.8827842 1.6538451 -1.6947688 3.3235068 25.05404 -1.6489324569702148 0.3398432433605194
Car 0.0 0 -1.826451063156128 773.4593505859375 530.9201049804688 863.9009399414062 604.0128784179688 3.9140666 1.727425 1.597603 -0.2828918 3.5416903 35.203125 -1.8344868421554565 0.24449187517166138
Car 0.0 0 -2.0182011127471924 884.0633544921875 540.263427734375 1049.9033203125 648.7261962890625 4.3234825 1.7767296 1.6808289 2.7799673 3.3565924 25.844893 -1.9110496044158936 0.20038215816020966
Car 0.0 0 -1.5404424667358398 871.8949584960938 532.7438354492188 935.2406005859375 608.7263793945312 3.9894001 1.7260033 1.5859798 2.132642 3.5284529 33.92111 -1.4776544570922852 0.189652681350708
Car 0.0 0 -1.27951979637146 36.413719177246094 533.2882080078125 138.2286834716797 593.022216796875 4.274546 1.5548098 1.6115799 -23.32427 3.6745408 39.68308 -1.8108932971954346 0.1862395703792572
Car 0.0 0 1.4394946098327637 569.7830810546875 545.745849609375 675.920166015625 646.4407348632812 3.9051538 1.6405703 1.6413838 -4.246593 3.3214445 25.688648 1.2756661176681519 0.1763661652803421
Car 0.0 0 -2.271212100982666 1080.6177978515625 532.2286987304688 1272.90966796875 639.742919921875 3.9138155 1.8512554 1.7569116 7.21509 3.2595437 26.200304 -2.002490997314453 0.16074822843074799
Car 0.0 0 -2.5486257076263428 559.8200073242188 540.6392822265625 674.490966796875 591.2754516601562 3.7940462 1.5902249 1.6735524 -7.559099 4.227284 45.211327 -2.7142882347106934 0.1528039127588272
Car 0.0 0 -1.8937970399856567 923.9302368164062 530.9274291992188 1040.8985595703125 613.2249145507812 4.9367723 1.8674989 1.740803 4.231451 3.6894808 34.861977 -1.7730106115341187 0.15042966604232788
Car 0.0 0 -2.0032896995544434 1185.76025390625 534.0552978515625 1306.875244140625 603.9246826171875 4.2412705 1.6379933 1.627744 11.829582 3.5710444 35.600018 -1.6824769973754883 0.13727574050426483
