Pedestrian 0.0 0 -1.9304782152175903 861.5095825195312 488.64300537109375 896.619384765625 555.9140625 1.1959668 2.2665644 0.8330278 2.1442473 2.1700656 43.366024 -1.8810731172561646 0.3589341938495636
Pedestrian 0.0 0 -0.9268754124641418 38.13640213012695 514.95361328125 160.2418975830078 602.6155395507812 2.139321 1.7801111 1.2745979 -15.507845 2.3098845 27.47137 -1.4407899379730225 0.16771338880062103
Pedestrian 0.0 0 -2.0892579555511475 37.61737823486328 473.6408996582031 103.69056701660156 581.03515625 1.058484 2.1106305 0.7141 -14.989688 1.7595044 25.461924 -2.6213345527648926 0.16761279106140137
Pedestrian 0.0 0 -2.292551040649414 703.7810668945312 505.65185546875 728.9369506835938 543.929443359375 1.1435305 1.9436245 0.71998775 -5.1645026 2.681941 65.44677 -2.3712992668151855 0.13816282153129578
Pedestrian 0.0 0 -1.1350489854812622 665.421142578125 507.82989501953125 687.181884765625 547.5875854492188 1.2320461 2.1285343 0.7276642 -7.630307 3.0278711 69.07584 -1.245065689086914 0.1181948184967041
Pedestrian 0.0 0 -1.1951141357421875 722.216796875 506.9776916503906 747.75390625 556.7213745117188 1.3190309 2.2923267 0.768276 -3.8181581 3.0291362 59.569317 -1.259122610092163 0.11655908077955246
Pedestrian 0.0 0 -1.4038358926773071 693.872314453125 496.31591796875 712.0836791992188 532.6453247070312 1.3571956 1.889134 0.74067223 -5.966184 2.1452603 66.74591 -1.492985486984253 0.11107349395751953
Pedestrian 0.0 0 -1.63651442527771 689.4518432617188 484.9657897949219 731.7394409179688 589.1217041015625 1.0746479 2.4833622 0.95604545 -2.577447 2.3274002 30.797274 -1.7200106382369995 0.1073266789317131
Cyclist 0.0 0 -1.731055736541748 984.525634765625 468.65374755859375 1019.9097290039062 559.014404296875 2.3631716 2.649199 0.689999 5.6095076 1.9791832 38.315483 -1.5856853723526 0.14033684134483337
Car 0.0 0 -1.5146251916885376 541.2789306640625 538.794921875 628.9869384765625 638.721435546875 4.434056 1.8351496 1.6311312 -4.98206 2.9565895 27.73374 -1.6923683881759644 0.6470025777816772
Car 0.0 0 -1.6366610527038574 462.6671142578125 503.7886047363281 529.7791748046875 567.2814331054688 4.0605383 1.7321568 1.6629704 -9.54233 2.1178546 37.583645 -1.885303020477295 0.3750123083591461
Car 0.0 0 -1.4822704792022705 542.653564453125 506.5697937011719 616.9873046875 575.09326171875 3.8120162 1.9439673 1.9032236 -7.1836963 2.4289544 38.788555 -1.665397047996521 0.23332111537456512
Car 0.0 0 -1.7008877992630005 666.4446411132812 513.7051391601562 712.0609130859375 555.0858764648438 3.7200866 1.7243006 1.5680231 -5.7356763 2.7564592 56.895535 -1.8013590574264526 0.14513613283634186
Car 0.0 0 -1.1427905559539795 386.83148193359375 524.9816284179688 537.8695678710938 607.7542114257812 3.944294 1.5240849 1.6063893 -7.456793 2.2944715 27.070919 -1.4115787744522095 0.13375495374202728
Car 0.0 0 -1.9299556016921997 660.826904296875 517.6061401367188 714.9594116210938 553.1505126953125 3.2489874 1.6380397 1.6342233 -6.3943734 2.9707763 62.85069 -2.031345844268799 0.1321493685245514
Car 0.0 0 -1.2183067798614502 599.837646484375 512.4393920898438 675.3850708007812 560.9052734375 3.6568687 1.6742778 1.6352348 -6.638976 2.4901762 47.402233 -1.3574578762054443 0.12317865341901779
Car 0.0 0 -1.4337507486343384 810.9954833984375 518.176025390625 865.3644409179688 564.6074829101562 3.7795117 1.6491413 1.6105375 0.88974726 2.7284117 49.259407 -1.4156901836395264 0.11711190640926361
Car 0.0 0 -1.8907787799835205 710.3402099609375 519.5750732421875 775.235595703125 561.7642822265625 3.7415042 1.6305437 1.652469 -3.1529078 2.86618 53.707817 -1.9494162797927856 0.1157175824046135
Car 0.0 0 -1.6264911890029907 787.2156982421875 523.6441040039062 832.0770874023438 567.5548706054688 3.0562518 1.7069112 1.7126169 -0.30376372 3.094836 53.115845 -1.6322100162506104 0.11338024586439133
