Pedestrian 0.0 0 1.322813868522644 422.33734130859375 168.73052978515625 452.177978515625 232.5043182373047 0.6417673 1.6649947 0.63562864 -4.664259 1.5576977 19.267141 1.0852997303009033 0.4977070689201355
Pedestrian 0.0 0 2.9857282638549805 510.73651123046875 164.45028686523438 523.4707641601562 184.8765106201172 1.1318458 1.9200921 0.4883661 -8.80184 1.1304892 68.21581 2.857408046722412 0.4849455654621124
Pedestrian 0.0 0 2.677262783050537 430.1133728027344 159.62863159179688 446.9267272949219 191.96571350097656 0.7119518 1.8260343 0.6650843 -9.833151 1.0795718 41.22515 2.443114757537842 0.43810054659843445
Cyclist 0.0 0 -1.6138731241226196 704.946044921875 156.07296752929688 714.1731567382812 186.36985778808594 1.709162 1.7029634 0.44899508 5.67633 0.76007295 41.426064 -1.4776979684829712 0.7013643383979797
Cyclist 0.0 0 -1.7760603427886963 708.4490356445312 154.85353088378906 723.1922607421875 187.74562072753906 1.7020929 1.707873 0.43423897 5.5761127 0.77358323 38.32468 -1.631577491760254 0.5870636105537415
Cyclist 0.0 0 -3.6212270259857178 1029.82666015625 113.11779022216797 1122.1094970703125 190.54818725585938 1.7038398 1.7213016 0.54083496 10.510387 0.3937053 16.383768 -3.050841808319092 0.42373910546302795
Cyclist 0.0 0 1.9031133651733398 512.6024780273438 164.40335083007812 521.5450439453125 184.8993377685547 1.0849203 1.920834 0.51329714 -8.799152 1.1292169 68.20121 1.7748045921325684 0.23366253077983856
Car 0.0 0 1.867771029472351 259.8491516113281 190.88912963867188 455.85430908203125 307.5835266113281 4.454158 1.4558157 1.7683411 -3.9202023 1.8107209 11.937164 1.550464153289795 0.9632430076599121
Car 0.0 0 -1.8135064840316772 712.9280395507812 185.072509765625 879.3104858398438 307.4728698730469 3.454092 1.5116252 1.6065277 2.5846982 1.7275568 10.991155 -1.5825413465499878 0.9601686000823975
Car 0.0 0 -1.6741344928741455 652.7401123046875 179.72096252441406 723.6384887695312 234.46653747558594 3.749019 1.4479297 1.6908101 2.183491 1.6700951 21.427385 -1.5725830793380737 0.8924506902694702
Car 0.0 0 3.3293395042419434 385.670166015625 173.76341247558594 495.2064208984375 216.2379150390625 3.9823139 1.627585 1.7040951 -6.6980143 1.6651984 28.621159 3.0994534492492676 0.7958827614784241
Car 0.0 0 0.8421466946601868 899.7239379882812 209.79820251464844 1242.0 375.0 4.0076857 1.4076866 1.5898598 2.7618601 1.6676036 3.0580673 1.5766934156417847 0.7810618877410889
Car 0.0 0 -0.750162661075592 0.0 213.3249053955078 210.162841796875 375.0 3.7314453 1.4209741 1.5645523 -3.0820706 1.6648389 2.4126034 -1.6568025350570679 0.7148004174232483
Car 0.0 0 1.6852753162384033 537.3896484375 178.14764404296875 560.3635864257812 197.94775390625 4.0210595 1.7229449 1.6442276 -5.571254 2.221772 65.90548 1.600941777229309 0.683098554611206
