Car 0.0 0 -1.9497597217559814 448.39007568359375 192.3653564453125 583.4120483398438 272.6226501464844 3.7610319 1.3967546 1.5767246 -2.1964355 1.8727448 15.562438 -2.089970588684082 0.9835864901542664
Car 0.0 0 -1.7282277345657349 347.3062438964844 182.4137420654297 407.81378173828125 225.8339080810547 3.932484 1.5699489 1.7206599 -9.497478 1.9852281 29.171762 -2.042975902557373 0.9499600529670715
Car 0.0 0 1.6737159490585327 0.0 204.1676025390625 94.68004608154297 308.9699401855469 3.8562644 1.3530457 1.5848545 -10.123205 1.9886887 12.586449 0.9963622093200684 0.907561182975769
Car 0.0 0 1.2733705043792725 998.8036499023438 161.33152770996094 1174.2818603515625 245.9279327392578 4.2306747 1.4345855 1.7213806 9.25256 1.2395451 14.501493 1.841293215751648 0.8901978731155396
Car 0.0 0 1.673205852508545 149.31085205078125 186.28419494628906 192.84275817871094 217.56947326660156 3.9880683 1.5374006 1.6349472 -23.97302 2.312232 39.454 1.1272025108337402 0.852201521396637
Car 0.0 0 1.422315001487732 890.7288208007812 159.97853088378906 995.5795288085938 228.5089569091797 3.8152552 1.3621439 1.5780212 7.3696847 1.1065826 16.388874 1.8448995351791382 0.8489459156990051
Car 0.0 0 -1.5889116525650024 312.8545227050781 179.27882385253906 335.1791687011719 198.29376220703125 4.116433 1.4915818 1.655987 -23.954084 2.0487711 60.3139 -1.9669647216796875 0.8424307703971863
Car 0.0 0 1.8005744218826294 0.0 210.4393310546875 59.112548828125 375.0 4.1602435 1.4724946 1.6593844 -7.730532 2.0184562 8.254858 1.0479648113250732 0.7940518260002136
Car 0.0 0 -2.8554351329803467 523.6876831054688 166.70338439941406 614.8873291015625 205.44033813476562 3.7257864 1.651337 1.6370652 -1.8211164 1.3894972 31.976532 -2.912325382232666 0.7899688482284546
Car 0.0 0 -2.230971336364746 587.231201171875 143.5931854248047 935.935302734375 338.8616027832031 4.359973 1.7423959 1.7283248 1.424509 1.4816573 8.76329 -2.069826602935791 0.6567410230636597
Car 0.0 0 -1.697953224182129 330.1924743652344 180.94081115722656 378.4975280761719 215.6429901123047 4.1271834 1.4978904 1.6494238 -12.272803 1.9084834 34.38674 -2.0407662391662598 0.6398885846138
