Pedestrian 0.0 0 -1.2980964183807373 1008.2053833007812 129.07345581054688 1063.2967529296875 232.51185607910156 0.7316314 1.688819 0.6344091 7.1843734 0.97438014 12.259962 -0.7680325508117676 0.6911367774009705
Pedestrian 0.0 0 -1.965535044670105 1080.0753173828125 117.72814178466797 1142.76123046875 230.84303283691406 0.79427344 1.7390044 0.55812365 7.94665 0.89186895 11.536312 -1.362339735031128 0.6730543375015259
Pedestrian 0.0 0 0.500442385673523 158.41546630859375 70.93485260009766 244.3831329345703 234.62289428710938 0.72818846 1.8885747 0.5270649 -4.9057894 0.71302545 8.592269 -0.01834585890173912 0.5242904424667358
Pedestrian 0.0 0 1.4048943519592285 957.1104125976562 111.72661590576172 994.9705200195312 192.10496520996094 0.94615346 1.8262901 0.6422963 8.530493 0.43776226 16.938396 1.8714327812194824 0.38892802596092224
Pedestrian 0.0 0 1.5038676261901855 1.1098909378051758 73.18489074707031 76.86090087890625 248.4972686767578 0.7027353 1.7649968 0.5867573 -6.169037 0.7619135 7.718768 0.829599142074585 0.2835407555103302
Pedestrian 0.0 0 -2.934992551803589 489.8734130859375 110.7951431274414 546.9520263671875 227.30130004882812 0.7503082 1.7388494 0.69457424 -1.4550245 0.81298137 11.141199 -3.0648560523986816 0.2659332752227783
Pedestrian 0.0 0 0.6939772963523865 96.88664245605469 59.84014892578125 195.21180725097656 229.58876037597656 0.74826145 1.8244929 0.5471805 -5.2292933 0.61015487 8.068539 0.11893248558044434 0.2601562440395355
Pedestrian 0.0 0 0.6894687414169312 1103.1153564453125 115.61109161376953 1157.0233154296875 181.3973846435547 1.1309102 1.8667333 0.637462 15.14579 0.24278247 21.09959 1.3120571374893188 0.24548806250095367
Pedestrian 0.0 0 -0.951561450958252 314.2882080078125 83.58924865722656 390.86273193359375 229.4396514892578 0.67901546 1.7952704 0.6584021 -3.3584235 0.6968699 9.29423 -1.298307180404663 0.21075497567653656
Pedestrian 0.0 0 1.08432936668396 1135.6820068359375 122.32909393310547 1182.727783203125 184.7099151611328 1.0904647 1.822651 0.69348866 16.432955 0.34676585 21.673323 1.7330650091171265 0.19483421742916107
Pedestrian 0.0 0 -0.41961169242858887 1138.576904296875 115.57220458984375 1221.8232421875 234.04794311523438 0.8468966 1.7708657 0.58051354 8.75135 0.9150283 11.166472 0.24512124061584473 0.18540941178798676
Pedestrian 0.0 0 2.0745222568511963 486.70294189453125 140.31417846679688 605.3746337890625 302.58026123046875 1.7716609 1.7639087 0.6684195 -0.7780133 1.4105434 8.786075 1.9862020015716553 0.1429096907377243
Cyclist 0.0 0 2.0745222568511963 486.70294189453125 140.31417846679688 605.3746337890625 302.58026123046875 1.7716609 1.7639087 0.6684195 -0.7780133 1.4105434 8.786075 1.9862020015716553 0.4326646625995636
Cyclist 0.0 0 -2.184114456176758 1023.0184326171875 97.41934204101562 1108.8404541015625 203.42286682128906 1.5436144 1.8131961 0.52055526 8.197879 0.52323985 13.124139 -1.6257730722427368 0.3596908748149872
Cyclist 0.0 0 1.0233941078186035 955.1375122070312 112.72581481933594 1031.2496337890625 201.69485473632812 1.7491883 1.7387064 0.5614951 7.8659835 0.56398976 14.988925 1.5066736936569214 0.3122289776802063
Cyclist 0.0 0 2.1668894290924072 938.5399169921875 101.13088989257812 999.5050659179688 175.14447021484375 1.613181 1.8319393 0.6006552 9.171172 0.05705042 18.514847 2.626803398132324 0.22164662182331085
Cyclist 0.0 0 1.4267082214355469 957.19189453125 106.7459487915039 995.4262084960938 190.68844604492188 1.1492866 1.8987532 0.63940024 8.547327 0.40376788 16.96457 1.893418312072754 0.21455271542072296
Cyclist 0.0 0 0.7208060622215271 1100.9376220703125 113.04975128173828 1156.2313232421875 177.30755615234375 1.1836338 1.8269325 0.6464844 15.144786 0.12697855 21.161211 1.3419822454452515 0.1755926012992859
Car 0.0 0 -1.1192225217819214 473.75799560546875 129.46165466308594 647.519775390625 225.10169982910156 3.890715 1.4866148 1.6446863 -0.7849417 0.81248856 13.324703 -1.1780632734298706 0.20930951833724976
Car 0.0 0 1.3816094398498535 876.2691040039062 137.40545654296875 938.246826171875 176.3558807373047 3.8226562 1.4981085 1.6616818 12.143313 0.13504705 29.786367 1.7687190771102905 0.2086281180381775
Car 0.0 0 -1.1470228433609009 1147.922607421875 120.63050842285156 1242.0 173.3870086669922 3.8951385 1.6909602 1.7080498 20.46466 0.017442256 24.748621 -0.4560927450656891 0.1879831850528717
