Pedestrian 0.0 0 -2.0627784729003906 906.8116455078125 153.5164337158203 949.4224243164062 227.79237365722656 0.9487547 1.8189341 0.6029557 7.9473653 1.345737 18.16373 -1.650334119796753 0.4615172743797302
Pedestrian 0.0 0 2.0615601539611816 197.2310028076172 174.12803649902344 233.51858520507812 232.1598358154297 0.8993446 1.8628019 0.70297337 -12.960253 1.9056922 23.631756 1.5599266290664673 0.35400083661079407
Pedestrian 0.0 0 -0.27597755193710327 995.2097778320312 143.6976318359375 1137.070068359375 337.671875 1.0061573 1.7428619 0.66491985 4.2870975 1.4812493 6.9378505 0.27752065658569336 0.3080229163169861
Pedestrian 0.0 0 -0.16672754287719727 1020.5820922851562 104.8468246459961 1146.720458984375 285.2342529296875 1.0201582 1.8018154 0.7209979 4.978909 1.1228778 7.736743 0.4050934314727783 0.22065110504627228
Cyclist 0.0 0 -1.4504321813583374 482.1261901855469 163.08685302734375 496.781005859375 201.4170379638672 1.8750532 1.7067691 0.44342366 -5.5559044 1.272215 33.072685 -1.6168688535690308 0.2043994665145874
Cyclist 0.0 0 1.1003440618515015 904.9869995117188 156.277099609375 948.7153930664062 230.15274047851562 1.0256991 1.809098 0.60867846 7.9282527 1.403514 18.196629 1.5112417936325073 0.125107541680336
Car 0.0 0 1.7638518810272217 372.8233337402344 194.9992218017578 514.7300415039062 300.5176696777344 4.8259573 1.5523136 1.7496436 -3.0525742 2.058965 14.062787 1.5501004457473755 0.9700326919555664
Car 0.0 0 -2.397616386413574 675.0492553710938 186.00474548339844 730.5344848632812 207.5330352783203 4.3974786 1.5614325 1.6660713 7.295044 2.6458602 57.258293 -2.2708933353424072 0.64879310131073
Car 0.0 0 -2.901268720626831 557.2393798828125 204.58995056152344 642.6634521484375 242.94735717773438 3.4398549 1.5042939 1.5398775 -0.45516053 2.9317884 31.308699 -2.9158055782318115 0.4555596113204956
Car 0.0 0 1.1729261875152588 976.7484741210938 152.46664428710938 1145.6776123046875 244.8335723876953 3.9043703 1.7123396 1.6352566 9.356911 1.3347473 15.424545 1.7182025909423828 0.2581429183483124
Car 0.0 0 1.99776029586792 163.48904418945312 201.26156616210938 257.524169921875 248.57098388671875 3.856349 1.520723 1.6936613 -15.176411 2.684644 27.564035 1.4944663047790527 0.24413171410560608
Car 0.0 0 -0.9830898642539978 725.9782104492188 177.64720153808594 775.8632202148438 201.19908142089844 4.094227 1.6780725 1.7005213 10.6076145 2.0527694 54.295124 -0.7901505827903748 0.20729327201843262
Car 0.0 0 1.9299697875976562 645.7633056640625 180.3662872314453 714.709716796875 218.18365478515625 4.1140747 1.5044426 1.6847343 3.125765 1.8590038 31.79998 2.027949571609497 0.19020788371562958
