Pedestrian 0.0 0 1.5449061393737793 972.7730712890625 148.38182067871094 997.3723754882812 202.49404907226562 0.6907946 1.8046311 0.7228246 12.699297 0.98884714 24.528915 2.022634983062744 0.6196479201316833
Pedestrian 0.0 0 3.401151418685913 349.7848815917969 116.48635864257812 433.70477294921875 272.2469177246094 0.88837284 1.8662499 0.533119 -2.738649 1.1912371 8.925689 3.103442430496216 0.36779409646987915
Pedestrian 0.0 0 -2.794123411178589 591.6448974609375 162.74929809570312 602.0277099609375 183.97291564941406 0.7316749 1.7500037 0.5093248 -1.114378 0.91717285 59.85112 -2.8127403259277344 0.327584832906723
Pedestrian 0.0 0 -0.7784204483032227 963.8070068359375 158.04299926757812 983.4833374023438 192.8415069580078 0.64215344 1.7735375 0.6378388 18.69626 1.0190395 37.173252 -0.3124161660671234 0.30596011877059937
Pedestrian 0.0 0 1.8346580266952515 292.9788818359375 154.26536560058594 312.90631103515625 193.02626037597656 0.5888195 1.7300913 0.6984261 -13.885502 0.9007463 32.543156 1.4313656091690063 0.30312925577163696
Pedestrian 0.0 0 -0.6743506789207458 995.2771606445312 143.13706970214844 1020.2127685546875 178.26629638671875 0.96475106 1.8684403 0.6730056 21.34275 0.288225 38.78793 -0.17132163047790527 0.2999654710292816
Pedestrian 0.0 0 -1.9547216892242432 944.3607177734375 148.27337646484375 966.038818359375 190.1132049560547 0.7079325 1.7622895 0.6122308 14.671105 0.72731423 30.760353 -1.509684681892395 0.2907683849334717
Pedestrian 0.0 0 2.2296652793884277 1036.8836669921875 144.1488800048828 1068.01416015625 197.4525909423828 0.6308672 1.7473736 0.63067883 14.704507 0.8067357 24.057163 2.7783026695251465 0.2894660234451294
Cyclist 0.0 0 -0.4098778963088989 1197.8836669921875 137.41476440429688 1242.0 175.2525634765625 1.6546382 1.7625296 0.7704326 29.017132 0.11208615 34.21542 0.29349565505981445 0.2750655710697174
Cyclist 0.0 0 2.156766891479492 1060.223388671875 140.47203063964844 1096.9383544921875 176.24154663085938 1.8702029 1.7661483 0.6181065 23.527027 0.16762087 36.279568 2.732081651687622 0.2734432816505432
Car 0.0 0 0.0994085893034935 566.3674926757812 175.79605102539062 826.3038940429688 268.7409362792969 4.559473 1.5615448 1.701517 1.559978 1.6224039 13.5190525 0.21429157257080078 0.8902393579483032
Car 0.0 0 -2.317159414291382 0.0 189.27207946777344 32.627323150634766 260.5288391113281 3.5449288 1.4723202 1.5624452 -15.3769655 1.8620604 16.214117 -3.076064109802246 0.5480473041534424
Car 0.0 0 -2.552651882171631 242.49612426757812 169.85572814941406 292.2513122558594 184.9449005126953 4.1414685 1.4282643 1.5814949 -32.9463 1.1448212 69.37716 -2.9960079193115234 0.3935791850090027
Car 0.0 0 1.2224931716918945 568.490234375 153.84555053710938 636.2977294921875 189.89013671875 4.2037 1.4830397 1.6517676 -0.45566702 0.7013026 31.942749 1.2082290649414062 0.38564950227737427
Car 0.0 0 -1.106461763381958 215.8976287841797 165.95401000976562 262.8299560546875 188.64413452148438 3.5306036 1.5509223 1.5387417 -26.215448 1.0796498 51.088768 -1.5805623531341553 0.3830133378505707
Car 0.0 0 2.259398937225342 372.9710998535156 169.58448791503906 419.5618591308594 189.9836883544922 3.9238434 1.6381447 1.5877198 -17.765448 1.3759464 60.056076 1.971786618232727 0.3703448176383972
Car 0.0 0 0.45878639817237854 941.9788818359375 151.76052856445312 1054.2066650390625 192.53131103515625 3.7521799 1.5693706 1.6066388 15.886713 0.75778735 29.763975 0.949073076248169 0.2811998128890991
