Pedestrian 0.0 0 -1.5155177116394043 1489.125 494.7115173339844 1539.256103515625 613.04296875 1.1262933 2.015602 0.71084356 12.280684 2.073646 22.273544 -1.0116329193115234 0.31034496426582336
Pedestrian 0.0 0 -1.4140645265579224 1125.332275390625 476.388916015625 1167.0462646484375 608.5274047851562 0.8409877 1.933385 0.4804134 4.9574556 1.7121841 19.011074 -1.1589784622192383 0.2936502993106842
Pedestrian 0.0 0 -2.015070915222168 1460.510498046875 492.04547119140625 1527.11083984375 623.4778442382812 1.232807 2.5081427 0.6865269 13.253775 2.5189564 24.80408 -1.5243313312530518 0.23713336884975433
Pedestrian 0.0 0 -1.767634630203247 1504.5174560546875 470.3374938964844 1557.44287109375 567.9140014648438 1.1531923 1.9233731 0.720539 14.446754 1.50609 25.622988 -1.254243016242981 0.189604714512825
Pedestrian 0.0 0 -2.6961092948913574 240.18531799316406 468.4248046875 317.383544921875 581.5560302734375 1.1419878 2.0436852 0.63196933 -9.845369 1.6267099 23.218521 -3.097158670425415 0.17267245054244995
Pedestrian 0.0 0 -2.7098019123077393 287.0115051269531 472.3584289550781 357.8802490234375 577.3427734375 1.1435399 2.0782206 0.68845 -9.914215 1.6991628 25.447447 -3.0813069343566895 0.1473013460636139
Pedestrian 0.0 0 -1.100325107574463 160.92672729492188 457.19573974609375 248.98741149902344 586.504150390625 1.6846148 2.0309186 0.598706 -9.981842 1.4920242 20.739016 -1.5489071607589722 0.1440354436635971
Pedestrian 0.0 0 -2.701035737991333 1129.335205078125 492.1959533691406 1162.864013671875 546.2123413085938 0.984529 1.9987597 0.76466584 12.367091 2.0249202 47.48549 -2.446256160736084 0.14298167824745178
Pedestrian 0.0 0 -3.2232532501220703 1262.3790283203125 491.7021789550781 1296.21337890625 557.866943359375 0.90578115 1.9723078 0.68338263 13.961817 1.9782617 38.202976 -2.872868776321411 0.14159032702445984
Pedestrian 0.0 0 -1.6195017099380493 1120.68017578125 508.4360046386719 1142.2857666015625 563.1963500976562 1.1004703 2.0613058 0.7528277 12.10705 2.7199962 48.662502 -1.375656247138977 0.1400519162416458
Pedestrian 0.0 0 -0.17345315217971802 976.5994873046875 503.1612243652344 1002.623046875 544.77587890625 1.1834428 2.0645149 0.7280833 8.678568 2.651772 63.42946 -0.037475116550922394 0.1387488842010498
Pedestrian 0.0 0 -0.15079624950885773 918.8922729492188 502.8505859375 943.6472778320312 541.5618286132812 1.2283599 2.0567973 0.71645397 6.163993 2.6686356 67.912766 -0.06028086692094803 0.12878350913524628
Pedestrian 0.0 0 -2.8912787437438965 1091.6318359375 494.2441711425781 1124.3521728515625 560.94384765625 0.8767782 2.14653 0.7730643 9.525885 2.2370658 41.34516 -2.6648313999176025 0.12324310839176178
Pedestrian 0.0 0 -0.17375707626342773 1006.4204711914062 501.1519470214844 1025.08642578125 538.5941772460938 0.78810155 1.8416964 0.8083707 9.907458 2.3239794 62.91496 -0.01756592094898224 0.12122315168380737
Pedestrian 0.0 0 -3.1166694164276123 805.2452392578125 474.4732666015625 851.8170776367188 596.7000732421875 0.83059233 2.1872568 0.52894783 0.2267609 1.8824353 22.941383 -3.106785297393799 0.11481007188558578
Pedestrian 0.0 0 -0.8642635345458984 1387.0462646484375 462.2913513183594 1492.5892333984375 612.2889404296875 1.2480733 2.10548 0.7399315 9.037658 1.6953853 18.363129 -0.406904935836792 0.11445556581020355
Pedestrian 0.0 0 -0.30554449558258057 672.86279296875 483.4082336425781 733.37890625 605.8001708984375 0.92296445 2.1878645 0.7375 -2.0727491 2.0430908 23.156214 -0.39481815695762634 0.11139541119337082
Pedestrian 0.0 0 -3.417588710784912 1163.749267578125 493.5688781738281 1209.3018798828125 555.3510131835938 1.3321716 2.0852864 0.7639758 12.610954 2.1561806 43.157833 -3.13329815864563 0.10432448238134384
Pedestrian 0.0 0 -1.4746620655059814 1047.7413330078125 501.428466796875 1077.1724853515625 574.8839111328125 1.2178558 2.4137945 0.85672003 8.269547 2.752366 42.511497 -1.282536506652832 0.10011053830385208
Cyclist 0.0 0 -0.7874126434326172 419.4007568359375 489.735107421875 508.8861389160156 584.652587890625 2.0081248 2.0327764 0.70553076 -7.8077574 1.9948276 28.169863 -1.0577924251556396 0.5456815958023071
Cyclist 0.0 0 -1.4234975576400757 1209.60693359375 508.07177734375 1240.0687255859375 580.8680419921875 1.5014795 2.189166 0.686158 12.680308 2.713802 39.28482 -1.1112759113311768 0.2719462811946869
Cyclist 0.0 0 -1.9753921031951904 1164.35498046875 491.74371337890625 1203.84033203125 551.5930786132812 1.5608939 2.0099237 0.74346507 12.581531 2.018178 43.356556 -1.6929616928100586 0.24544519186019897
Cyclist 0.0 0 -1.3733761310577393 253.00509643554688 463.073486328125 309.2178955078125 576.46240234375 1.7672312 2.0256238 0.6273379 -9.931995 1.5176746 23.552307 -1.772447943687439 0.18454495072364807
Cyclist 0.0 0 -1.451485514640808 1512.65625 469.14874267578125 1569.0255126953125 589.31494140625 1.9271317 2.0591345 0.6502205 12.982371 1.6760088 22.668184 -0.9313714504241943 0.11875394731760025
Cyclist 0.0 0 -1.1509102582931519 1383.29296875 496.8558654785156 1481.7493896484375 645.7245483398438 1.636142 2.1077082 0.70703584 9.150334 2.1904063 18.783823 -0.6976041793823242 0.11371561139822006
Cyclist 0.0 0 -1.2455344200134277 391.9099426269531 476.4287109375 438.3898620605469 560.9620361328125 1.4637454 2.038193 0.6606277 -9.891819 1.6746366 31.27274 -1.5518847703933716 0.10907917469739914
Cyclist 0.0 0 -1.4746620655059814 1047.7413330078125 501.428466796875 1077.1724853515625 574.8839111328125 1.2178558 2.4137945 0.85672003 8.269547 2.752366 42.511497 -1.282536506652832 0.10798420757055283
Car 0.0 0 -1.872422218322754 888.9063110351562 515.4417114257812 998.6973876953125 592.1893920898438 4.3378534 1.7825676 1.6336802 3.2516103 2.4520032 33.131504 -1.7745929956436157 0.1801222711801529
Car 0.0 0 -2.140364408493042 1277.678955078125 515.0577392578125 1416.0931396484375 578.8341674804688 4.1406345 1.6180415 1.6409352 14.947673 2.3266366 35.922527 -1.7460488080978394 0.16141515970230103
Car 0.0 0 -1.4869194030761719 932.3380737304688 515.5106201171875 971.3693237304688 552.3762817382812 3.423548 1.6117033 1.542903 6.401594 2.775451 59.571835 -1.379870057106018 0.1568109542131424
Car 0.0 0 1.2381255626678467 823.4501342773438 520.0235595703125 915.30908203125 581.96435546875 4.4326835 1.8083922 1.6445051 1.6723273 2.7961082 41.505272 1.278395652770996 0.15587152540683746
Car 0.0 0 -1.379176139831543 700.0424194335938 503.0346984863281 795.4288330078125 572.0166015625 4.0143933 1.5657742 1.629995 -1.6366763 1.8720757 31.548971 -1.4310070276260376 0.14214813709259033
Car 0.0 0 1.2669893503189087 909.1467895507812 515.9385375976562 1001.5194091796875 573.5439453125 4.811858 1.6938932 1.6671253 4.521044 2.5508986 41.900978 1.3744717836380005 0.13978271186351776
Car 0.0 0 -1.14718496799469 252.89393615722656 501.65771484375 428.7881774902344 602.3363647460938 3.794967 1.6778346 1.618651 -8.674709 1.8813895 23.447086 -1.5015381574630737 0.13823102414608002
Car 0.0 0 -2.062239408493042 1371.076416015625 513.4832153320312 1600.0 682.0269165039062 3.9368527 1.67908 1.5857962 8.25906 1.9755096 15.106925 -1.5619280338287354 0.13774710893630981
Car 0.0 0 -1.2222867012023926 957.742431640625 526.3179931640625 1078.576416015625 620.253173828125 3.1151502 1.7747517 1.5665882 4.344659 2.5636954 26.95979 -1.062507152557373 0.12413114309310913
Car 0.0 0 -1.6229124069213867 600.1129760742188 498.81622314453125 677.6318969726562 569.7782592773438 3.7566984 1.5480573 1.6212072 -4.259262 1.7329594 30.037983 -1.763769268989563 0.12000735104084015
Car 0.0 0 -1.9159538745880127 1141.33544921875 513.1231079101562 1217.270751953125 554.81591796875 4.249142 1.5516553 1.6263075 14.718575 2.468833 51.56036 -1.6378865242004395 0.11918757110834122
Car 0.0 0 -2.005035877227783 1024.4329833984375 515.8089599609375 1116.237548828125 576.364990234375 3.4080763 1.8226597 1.664161 8.263941 2.6537156 41.45594 -1.808272361755371 0.11714697629213333
Car 0.0 0 -2.1176629066467285 361.67181396484375 515.9300537109375 493.281005859375 579.1632690429688 3.8454154 1.5486516 1.6542788 -10.586782 2.2480798 34.37352 -2.416435956954956 0.11712811887264252
Car 0.0 0 1.0894241333007812 1349.1455078125 512.593017578125 1578.494384765625 627.5633544921875 4.31429 1.6852933 1.6382926 10.814526 2.0798907 21.529587 1.5549179315567017 0.11629228293895721
Car 0.0 0 -1.746097445487976 754.0517578125 519.7384643554688 826.655029296875 566.1832275390625 3.9255087 1.3372043 1.6923121 -0.89128816 2.2998724 41.093445 -1.7677834033966064 0.11571726948022842
Car 0.0 0 0.9727342128753662 1230.7608642578125 513.7743530273438 1357.4766845703125 571.1754760742188 4.2633505 1.6678423 1.7149537 15.314829 2.4258342 40.83547 1.3315377235412598 0.10991823673248291
Car 0.0 0 -2.14886474609375 1060.2513427734375 525.6926879882812 1128.52978515625 563.73681640625 3.3707452 1.6930583 1.6725785 13.492891 3.4063218 61.596043 -1.9332165718078613 0.1060619130730629
