Pedestrian 0.0 0 -3.206295967102051 809.3671264648438 98.8739242553711 876.8160400390625 220.9752197265625 0.97833663 1.8728939 0.6797106 3.6461022 0.73848224 11.512003 -2.899569511413574 0.5362672209739685
Pedestrian 0.0 0 2.6700363159179688 711.4774169921875 155.3207550048828 750.5403442382812 217.36415100097656 0.93043566 1.7682773 0.643767 3.472408 1.2689264 21.009233 2.8338356018066406 0.4365392327308655
Pedestrian 0.0 0 -1.5403974056243896 691.9541015625 156.0120849609375 708.7764282226562 196.61026000976562 0.78106123 1.6735804 0.6761154 3.7424302 0.9796633 30.178947 -1.417019248008728 0.36235085129737854
Pedestrian 0.0 0 2.877253293991089 464.6793518066406 144.3778076171875 493.8942565917969 182.06924438476562 1.305748 1.8241518 0.5830532 -6.462506 0.44634777 35.461487 2.696991443634033 0.23092272877693176
Cyclist 0.0 0 0.9746085405349731 891.2877807617188 99.32616424560547 981.4981689453125 204.42208862304688 1.7344012 1.7210675 0.5641066 5.651427 0.5173217 12.71671 1.39280366897583 0.47238415479660034
Cyclist 0.0 0 2.877253293991089 464.6793518066406 144.3778076171875 493.8942565917969 182.06924438476562 1.305748 1.8241518 0.5830532 -6.462506 0.44634777 35.461487 2.696991443634033 0.3570983111858368
Cyclist 0.0 0 -3.223320722579956 800.6964721679688 94.68241882324219 872.2108154296875 219.14093017578125 1.0324391 1.9082439 0.6701877 3.5350528 0.710046 11.498316 -2.92505145072937 0.19100120663642883
Car 0.0 0 1.821942925453186 466.5065002441406 181.58474731445312 542.6751098632812 228.0089874267578 4.0560446 1.3983204 1.6093445 -3.5407715 1.7221212 24.624504 1.679131269454956 0.9514418840408325
Car 0.0 0 -1.613376259803772 616.2915649414062 174.23667907714844 656.328125 210.94564819335938 3.2984962 1.4520959 1.5311671 1.0187789 1.5137347 30.31993 -1.5797879695892334 0.8257296085357666
Car 0.0 0 1.6541433334350586 508.0592041015625 175.7390899658203 554.445068359375 214.90078735351562 4.2089095 1.5828457 1.6740493 -3.421122 1.7180542 31.59786 1.546292781829834 0.7962371706962585
Car 0.0 0 0.3563944697380066 462.55029296875 163.84718322753906 522.2714233398438 188.0089111328125 3.4874823 1.5310475 1.6024774 -7.646951 0.9606736 46.841972 0.19457197189331055 0.5667077302932739
Car 0.0 0 -1.6207869052886963 660.763916015625 161.56454467773438 683.0713500976562 181.02195739746094 3.9542246 1.5247464 1.601775 4.968951 0.640426 58.543003 -1.536112904548645 0.5356351137161255
Car 0.0 0 1.7175213098526 473.8333740234375 165.155517578125 503.26483154296875 185.4771728515625 4.243441 1.5137324 1.6465558 -9.388628 0.9406407 55.88114 1.55106520652771 0.45434263348579407
Car 0.0 0 1.5472135543823242 653.5383911132812 162.20455932617188 671.2034912109375 179.62155151367188 3.6999571 1.6175787 1.5911263 4.95993 0.6288845 68.89529 1.6190818548202515 0.3894641101360321
Car 0.0 0 1.642923355102539 531.713134765625 165.1043243408203 552.57666015625 182.49533081054688 3.9900525 1.5551468 1.6339978 -6.247112 0.86250985 66.531044 1.549300193786621 0.3815591335296631
