Pedestrian 0.0 0 1.0991677045822144 695.3834838867188 167.26104736328125 709.157958984375 195.3891143798828 1.1044534 1.9009252 0.4848655 6.278822 1.5233045 49.361206 1.2256897687911987 0.40977686643600464
Pedestrian 0.0 0 -0.5790181159973145 1163.8536376953125 141.07351684570312 1225.8284912109375 255.9095916748047 0.5651095 1.7400997 0.5015062 9.021956 1.2588909 11.208029 0.09873676300048828 0.1947668492794037
Pedestrian 0.0 0 1.4119056463241577 760.1783447265625 173.85841369628906 774.93994140625 207.07310485839844 1.2189864 1.714758 0.5701522 8.235707 1.768761 37.909733 1.6258268356323242 0.16227461397647858
Cyclist 0.0 0 0.949601411819458 841.5585327148438 127.2281265258789 881.4921875 178.61871337890625 1.5463897 1.773313 0.5425163 8.90204 0.19927856 25.713438 1.2828885316848755 0.21520525217056274
Cyclist 0.0 0 1.0988709926605225 694.2837524414062 167.62290954589844 708.9595947265625 194.99899291992188 1.2245507 1.8528056 0.4948848 6.2501087 1.4991249 49.49065 1.2244946956634521 0.19029642641544342
Cyclist 0.0 0 1.3957319259643555 760.0238037109375 174.02670288085938 774.9011840820312 206.98834228515625 1.1527537 1.7033622 0.56994295 8.231679 1.7662983 37.913 1.6095337867736816 0.14943312108516693
Car 0.0 0 2.086245536804199 137.22108459472656 190.1503143310547 234.7753448486328 236.61949157714844 3.5230472 1.5767727 1.6954666 -16.127733 2.2806678 27.57313 1.556997299194336 0.9552412033081055
Car 0.0 0 1.9133837223052979 377.1575012207031 183.207275390625 415.15252685546875 205.6133575439453 3.8167095 1.5861064 1.5787474 -16.226543 2.4011302 54.823963 1.625623345375061 0.7542785406112671
Car 0.0 0 1.7371152639389038 441.9161376953125 179.93447875976562 465.0771179199219 195.77183532714844 3.8298419 1.4484179 1.5753139 -15.100237 2.1517045 69.679436 1.5237051248550415 0.3518455922603607
Car 0.0 0 -3.555196762084961 1200.6251220703125 192.35516357421875 1242.0 229.43836975097656 3.3952773 1.5629771 1.7255583 29.563461 2.496241 33.16905 -2.8272109031677246 0.16783030331134796
Car 0.0 0 1.1715521812438965 760.6765747070312 165.31675720214844 821.09814453125 196.4573516845703 3.66435 1.455524 1.5869362 8.830784 1.1035876 35.655647 1.4143353700637817 0.12864990532398224
Car 0.0 0 1.792044997215271 554.1257934570312 181.25433349609375 580.2073364257812 198.46142578125 3.6263323 1.5040824 1.6591151 -3.9588337 2.3053656 66.868484 1.7329107522964478 0.1279117614030838
