Pedestrian 0.0 0 1.1124908924102783 809.2453002929688 146.68154907226562 827.8837280273438 181.75538635253906 0.79643273 1.7391994 0.6084981 10.428812 0.44174936 36.221786 1.392824411392212 0.6688272953033447
Pedestrian 0.0 0 0.8330342769622803 1152.9395751953125 150.69281005859375 1174.4810791015625 182.3460693359375 0.75540966 1.7553318 0.6063212 30.973928 0.5267409 40.411907 1.4869840145111084 0.45485761761665344
Pedestrian 0.0 0 1.4940998554229736 691.1128540039062 140.77020263671875 709.97705078125 188.63394165039062 0.74967057 1.7525084 0.6381532 3.3155413 0.57813317 26.805246 1.6171648502349854 0.4172278642654419
Pedestrian 0.0 0 1.8499709367752075 866.0068969726562 130.56407165527344 889.709716796875 182.37635803222656 0.8476433 1.8085755 0.58150893 9.49928 0.3327477 25.697174 2.2040538787841797 0.41630834341049194
Pedestrian 0.0 0 -1.1475698947906494 1217.7642822265625 138.96942138671875 1242.0 202.22804260253906 0.554741 1.8495629 0.5425196 18.503426 0.8591995 21.45667 -0.43594253063201904 0.3911018669605255
Pedestrian 0.0 0 1.49189293384552 839.3975830078125 134.40225219726562 857.6122436523438 182.17539978027344 0.7918237 1.813497 0.6052339 9.156004 0.3542033 27.843513 1.8095922470092773 0.3254661560058594
Cyclist 0.0 0 1.1124908924102783 809.2453002929688 146.68154907226562 827.8837280273438 181.75538635253906 0.79643273 1.7391994 0.6084981 10.428812 0.44174936 36.221786 1.392824411392212 0.12450657784938812
Car 0.0 0 -1.5491435527801514 599.1965942382812 178.4683380126953 627.8557739257812 205.26470947265625 3.956002 1.511881 1.6462692 0.2183961 1.8666376 43.54422 -1.5441280603408813 0.7296945452690125
Car 0.0 0 -2.6722359657287598 378.7967529296875 162.10755920410156 434.0914611816406 183.21527099609375 3.8838751 1.6238855 1.5821505 -15.994789 0.79748344 56.65848 -2.947377920150757 0.5875471234321594
Car 0.0 0 -0.6457878351211548 793.3763427734375 157.6103515625 870.2251586914062 186.07693481445312 3.759847 1.483224 1.6080688 11.9442835 0.6893265 38.989994 -0.3485226631164551 0.44344818592071533
Car 0.0 0 -1.0708411931991577 279.1041259765625 168.49781799316406 322.7023010253906 188.02232360839844 4.335316 1.6705654 1.6815251 -27.3639 1.2981976 63.971966 -1.4750373363494873 0.43299877643585205
Car 0.0 0 -1.700325846672058 373.3265380859375 161.44895935058594 402.5712585449219 184.28399658203125 3.4977772 1.572437 1.5554526 -15.933607 0.7874357 51.59677 -1.9998456239700317 0.41072002053260803
Car 0.0 0 2.2544965744018555 137.73684692382812 162.8800811767578 199.64224243164062 188.20680236816406 3.7195046 1.6674387 1.6395266 -30.20469 1.0111423 49.45461 1.70620596408844 0.3719554841518402
Car 0.0 0 1.0258009433746338 928.4868774414062 159.1987762451172 978.7781372070312 180.8139190673828 3.5939927 1.4716864 1.5678893 24.197666 0.5423163 50.991222 1.4688786268234253 0.353622168302536
Car 0.0 0 1.2367408275604248 1060.9356689453125 158.17672729492188 1100.2564697265625 177.57623291015625 3.7937553 1.5759354 1.6086283 39.47806 0.38397202 60.646656 1.8137849569320679 0.34838831424713135
Car 0.0 0 -1.7339493036270142 747.5929565429688 158.40045166015625 774.7462768554688 178.1975555419922 3.7011807 1.5756096 1.5991058 12.366698 0.42564002 59.30578 -1.5283708572387695 0.341740220785141
Car 0.0 0 2.3589208126068115 200.6335906982422 152.45687866210938 292.5541687011719 187.6890411376953 3.702617 1.5065469 1.5784765 -16.49372 0.6347125 32.85668 1.8936827182769775 0.3290911614894867
