Pedestrian 0.0 0 -1.8106544017791748 1511.3890380859375 493.2341003417969 1573.1048583984375 600.071044921875 1.2859814 1.9115803 0.7032368 13.395385 1.9444634 23.397636 -1.2906932830810547 0.2786403298377991
Pedestrian 0.0 0 0.1632068008184433 544.010986328125 468.4192199707031 595.9893188476562 644.0061645507812 0.6188413 2.4895825 0.7929185 -3.5621881 2.1622279 18.361155 -0.028419453650712967 0.21266061067581177
Pedestrian 0.0 0 -2.4700238704681396 466.2076721191406 469.2251281738281 537.1814575195312 604.3468627929688 0.94410944 2.245205 0.6964436 -5.350984 1.8749647 21.555807 -2.713344097137451 0.20766998827457428
Pedestrian 0.0 0 -1.3604289293289185 427.49835205078125 474.256103515625 475.2459411621094 608.5154418945312 1.1632837 2.3405943 0.591281 -6.523142 2.0398514 22.678757 -1.6405009031295776 0.18559040129184723
Pedestrian 0.0 0 -0.9698558449745178 729.6380004882812 501.59759521484375 762.2040405273438 545.7381591796875 1.5351226 1.9221568 0.70226324 -3.1250684 2.3779743 56.36935 -1.025238275527954 0.15714223682880402
Pedestrian 0.0 0 3.0831382274627686 514.2463989257812 497.097900390625 537.577392578125 548.1990966796875 0.8264834 1.9198325 0.6636482 -11.031646 2.1341295 48.107643 2.8577237129211426 0.15692926943302155
Pedestrian 0.0 0 0.090712770819664 500.4504089355469 464.48388671875 552.10693359375 641.5997314453125 0.6602812 2.5072474 0.7990943 -4.196858 2.124708 18.367424 -0.1339254230260849 0.14553949236869812
Pedestrian 0.0 0 -2.8976504802703857 847.8045654296875 497.67486572265625 879.1182250976562 560.2185668945312 0.8787853 2.0484204 0.7727804 1.5707862 2.2557049 42.06793 -2.860328435897827 0.13770292699337006
Cyclist 0.0 0 -0.8756802082061768 724.8748779296875 507.74676513671875 763.38525390625 552.5814208984375 1.8823082 1.9408957 0.6622526 -3.2079473 2.6772125 56.46694 -0.9324302673339844 0.3665730655193329
Cyclist 0.0 0 -1.2089029550552368 479.3123779296875 483.6302185058594 511.9302062988281 539.8729248046875 1.8354357 2.1416156 0.61751986 -12.438034 1.8416793 49.169647 -1.4566670656204224 0.29461726546287537
Cyclist 0.0 0 -1.8606036901474 1526.0238037109375 498.3564453125 1588.48974609375 604.322265625 1.235977 1.8880284 0.66738397 13.634639 2.0178902 23.331448 -1.3317420482635498 0.13639989495277405
Car 0.0 0 -2.2179830074310303 1339.4405517578125 514.3359985351562 1450.07080078125 559.8473510742188 4.1837187 1.5845392 1.6692406 22.09437 2.4997377 48.546387 -1.790880560874939 0.27924296259880066
Car 0.0 0 -1.9609719514846802 1438.6070556640625 513.9755859375 1564.0682373046875 580.7522583007812 3.954704 1.6354731 1.6114864 18.53217 2.2829795 34.446163 -1.4673854112625122 0.24946874380111694
Car 0.0 0 -0.981334924697876 40.65004348754883 501.3228759765625 193.73715209960938 579.623046875 3.2648582 1.6810851 1.5423603 -16.084003 1.9213731 29.307896 -1.483251929283142 0.2296587973833084
Car 0.0 0 -1.5339734554290771 517.9105834960938 508.707763671875 566.5784912109375 556.5953979492188 3.8642077 1.614811 1.5914942 -9.960054 2.270202 46.21248 -1.7462536096572876 0.20954851806163788
Car 0.0 0 -2.2897720336914062 1465.417724609375 516.185546875 1600.0 581.5828247070312 4.2079754 1.6443516 1.5992184 20.494339 2.3840535 35.738815 -1.769105315208435 0.1654442697763443
Car 0.0 0 0.9065268039703369 1294.959716796875 520.5459594726562 1494.6834716796875 610.4205932617188 4.39422 1.7435247 1.72344 12.830652 2.4487906 28.41841 1.3306198120117188 0.1653147041797638
Car 0.0 0 -1.1627660989761353 159.1982421875 500.58001708984375 272.04010009765625 564.798095703125 3.762052 1.7321041 1.5781959 -17.275322 2.0079894 36.60265 -1.6037386655807495 0.16106963157653809
Car 0.0 0 1.276151180267334 933.5546264648438 515.9874267578125 1034.1173095703125 583.4702758789062 3.87396 1.6495817 1.654806 4.49295 2.3558164 34.488384 1.405695915222168 0.15710584819316864
Car 0.0 0 -1.8203787803649902 780.8656005859375 505.2264404296875 877.0259399414062 583.1080932617188 2.726725 1.7228796 1.6580914 0.25832748 2.065158 30.073387 -1.8117890357971191 0.15668846666812897
Car 0.0 0 -1.4644008874893188 654.1909790039062 507.28955078125 729.9540405273438 575.3547973632812 4.0561633 1.6371504 1.5622251 -3.2190704 2.0792785 33.441082 -1.560366153717041 0.15365415811538696
Car 0.0 0 -2.1265735626220703 1224.7125244140625 517.1226196289062 1319.58349609375 562.57958984375 3.8657515 1.5825533 1.6174097 17.383698 2.6046052 48.470127 -1.7822155952453613 0.1533799022436142
Car 0.0 0 1.2902185916900635 1046.044677734375 508.0355529785156 1174.9456787109375 594.35791015625 4.116445 1.6798241 1.6434349 6.298413 2.0668058 27.549746 1.5149755477905273 0.1522473692893982
Car 0.0 0 -1.1536495685577393 436.2535705566406 507.90203857421875 527.0877075195312 554.079345703125 3.982468 1.5148109 1.6539097 -11.858159 2.126229 45.130978 -1.410591721534729 0.1487877368927002
Car 0.0 0 -2.2419400215148926 1352.7386474609375 517.8256225585938 1540.801513671875 597.7777099609375 4.282343 1.6391733 1.6330805 14.654385 2.3039098 29.720894 -1.783854365348816 0.13596653938293457
Car 0.0 0 1.5948376655578613 636.0845947265625 495.835693359375 711.5354614257812 571.8013916015625 3.8362107 1.6372153 1.6340059 -3.2666733 1.7448225 29.501036 1.4845560789108276 0.13532108068466187
