Pedestrian 0.0 0 3.1289353370666504 508.301025390625 167.56015014648438 516.6329956054688 187.8789520263672 0.73251784 1.8106272 0.50499266 -8.753815 1.3392458 64.59775 2.9942431449890137 0.3918376564979553
Pedestrian 0.0 0 1.6293892860412598 372.2074279785156 143.79722595214844 394.60516357421875 201.73402404785156 0.67976385 1.7131094 0.60661787 -6.8671756 0.8542993 21.735922 1.3233765363693237 0.2761884331703186
Cyclist 0.0 0 1.0454256534576416 810.8570556640625 148.63624572753906 838.4209594726562 179.14340209960938 1.777733 1.763413 0.77262646 12.642291 0.3639059 42.659245 1.3335353136062622 0.42063063383102417
Cyclist 0.0 0 0.08082080632448196 600.1405029296875 163.76422119140625 619.8982543945312 186.47044372558594 1.578367 1.8469121 0.5367011 -0.019418292 1.1079124 59.017696 0.08049178123474121 0.4165707230567932
Cyclist 0.0 0 -1.205886960029602 162.12855529785156 149.47891235351562 189.83145141601562 187.4742431640625 1.8340311 1.923289 0.62114084 -22.564163 0.74042094 37.47822 -1.747820258140564 0.403719961643219
Cyclist 0.0 0 -1.9161816835403442 1006.1546630859375 113.30774688720703 1056.417236328125 180.42877197265625 1.8504643 1.7671161 0.6043744 11.573162 0.19978145 19.957796 -1.3906863927841187 0.2508309781551361
Car 0.0 0 -1.5762383937835693 588.2509155273438 183.13006591796875 617.0436401367188 207.8114013671875 3.677826 1.3222767 1.6045868 -0.4755959 1.9478831 42.047222 -1.587548851966858 0.9319671392440796
Car 0.0 0 -1.0211377143859863 0.0 202.34765625 353.7855529785156 375.0 3.9442263 1.4576918 1.6365646 -3.6282446 1.776941 5.820244 -1.5785738229751587 0.9250088930130005
Car 0.0 0 -1.5765684843063354 513.0767822265625 182.01377868652344 541.2186279296875 208.32456970214844 4.2469115 1.4668888 1.6222 -5.0958576 2.0534322 43.96655 -1.691956639289856 0.8729811906814575
Car 0.0 0 -0.47372427582740784 261.904296875 168.57540893554688 312.3643798828125 189.396484375 3.4086778 1.6582099 1.6519889 -26.534658 1.3178165 59.307365 -0.8944215774536133 0.6978614330291748
Car 0.0 0 1.123673915863037 1021.4650268554688 148.23745727539062 1124.7003173828125 193.1014862060547 3.9037795 1.4882412 1.5771794 16.475897 0.6720133 25.96362 1.6891299486160278 0.2755485475063324
Car 0.0 0 0.6240206956863403 1053.5103759765625 151.0330047607422 1179.0682373046875 196.4687957763672 3.6055274 1.5474588 1.4470605 18.434458 0.80463374 26.512272 1.2315974235534668 0.27051061391830444
