Pedestrian 0.0 0 2.3030409812927246 273.0990905761719 188.87547302246094 394.7725524902344 374.0 0.814686 1.7767845 0.64500993 -2.4279077 1.8494213 6.441585 1.9425954818725586 0.8878552913665771
Pedestrian 0.0 0 1.5719274282455444 556.593017578125 177.04920959472656 577.4581298828125 232.68051147460938 0.9208751 1.8467255 0.69236755 -1.1898025 1.7000625 24.319532 1.5230426788330078 0.844600260257721
Pedestrian 0.0 0 -1.223484754562378 575.7078857421875 180.3751983642578 608.1226196289062 246.36814880371094 0.83755714 1.667152 0.59305215 -0.27290356 1.639918 18.637032 -1.2381267547607422 0.8110162019729614
Pedestrian 0.0 0 2.374699831008911 528.6304321289062 168.91915893554688 563.4581298828125 231.36180114746094 0.89076626 1.8037808 0.5583288 -1.6652621 1.4414952 21.266363 2.2965543270111084 0.6796854138374329
Pedestrian 0.0 0 -0.9015498161315918 477.920166015625 189.4879150390625 520.4293823242188 268.9570007324219 0.77045864 1.7162567 0.59392184 -2.3217874 1.9017777 16.089977 -1.04486083984375 0.6419774889945984
Pedestrian 0.0 0 1.4443483352661133 598.5905151367188 177.79434204101562 616.2815551757812 219.4769287109375 0.84751815 1.6997346 0.629146 0.2273651 1.549617 29.747742 1.451991319656372 0.6351085901260376
Pedestrian 0.0 0 1.7274038791656494 695.6845703125 169.0644073486328 719.917724609375 223.81236267089844 0.8268022 1.7340535 0.65625024 3.4209764 1.3412795 23.241926 1.873544454574585 0.6210430860519409
Pedestrian 0.0 0 2.38173770904541 778.9490356445312 169.03729248046875 834.010498046875 257.9085388183594 0.7711662 1.7242482 0.73306865 4.0777693 1.4837037 14.438222 2.6569972038269043 0.5320072174072266
Pedestrian 0.0 0 -0.6409029960632324 897.4329833984375 166.05142211914062 984.0740356445312 289.6443786621094 0.99378157 1.7139323 0.55277693 4.825913 1.5010185 10.3302 -0.20386628806591034 0.4860486090183258
Pedestrian 0.0 0 -0.3076993525028229 513.3605346679688 185.4908447265625 550.6859130859375 243.69229125976562 1.0237474 1.7478739 0.54927325 -2.163348 1.8742238 22.086367 -0.4053373634815216 0.42046603560447693
Pedestrian 0.0 0 3.5124597549438477 267.0924987792969 178.79110717773438 344.5920104980469 316.79473876953125 0.7421012 1.6033494 0.45774195 -3.5663872 1.5732245 8.580485 3.118544340133667 0.3536113202571869
Pedestrian 0.0 0 2.6618998050689697 445.0011901855469 168.10122680664062 508.4822998046875 282.2331237792969 0.83181363 1.8358151 0.6777448 -2.1391883 1.6215887 12.073929 2.4865453243255615 0.3363906741142273
Pedestrian 0.0 0 -1.1702104806900024 546.6544799804688 167.16539001464844 562.4369506835938 200.3511962890625 0.7662587 1.825332 0.62809986 -2.6081564 1.0376981 39.97342 -1.235365390777588 0.30928459763526917
Pedestrian 0.0 0 1.3896307945251465 608.4590454101562 182.08407592773438 625.7608032226562 224.0893096923828 0.72155017 1.7795299 0.6217574 0.65460974 1.8059019 30.84601 1.4108494520187378 0.29347413778305054
Pedestrian 0.0 0 -1.9551740884780884 755.908447265625 172.13673400878906 784.673583984375 218.9904022216797 0.97023046 1.6508594 0.69216585 6.0440655 1.3220105 25.840088 -1.7254022359848022 0.2653924524784088
Pedestrian 0.0 0 3.061893939971924 621.8220825195312 181.87286376953125 640.8875732421875 222.71109008789062 0.74366754 1.6743227 0.5882459 1.219609 1.6909108 29.762081 3.1028497219085693 0.2617366313934326
