Pedestrian 0.0 0 1.7132331132888794 399.00726318359375 126.18669128417969 427.67095947265625 189.2707977294922 0.99392813 1.8507136 0.69990975 -5.951722 0.48198152 21.70196 1.4455660581588745 0.612208366394043
Pedestrian 0.0 0 -0.8100296854972839 678.1915893554688 114.31354522705078 731.8455810546875 207.5375518798828 0.7978713 1.7795048 0.69595057 1.8306576 0.66241425 14.291976 -0.6826335191726685 0.5983071327209473
Pedestrian 0.0 0 2.792632818222046 729.7293090820312 141.0391845703125 780.4437866210938 222.61740112304688 1.0222365 1.8810478 0.61777204 3.3651223 1.1478131 17.018133 2.987851858139038 0.488345742225647
Pedestrian 0.0 0 2.7932050228118896 766.52978515625 112.53562927246094 827.6627807617188 215.39271545410156 0.90224725 1.8279545 0.68346334 3.360501 0.75634694 13.204998 3.0424022674560547 0.38892996311187744
Pedestrian 0.0 0 2.209838628768921 1025.8284912109375 114.5166015625 1077.9014892578125 195.8783721923828 0.7766067 1.5864584 0.5327079 8.801651 0.44930604 14.45906 2.7566518783569336 0.3707410395145416
Pedestrian 0.0 0 1.948662281036377 313.7372741699219 123.32266235351562 372.8701477050781 213.35971069335938 1.8232235 1.7793082 0.5339389 -5.623058 0.80082965 15.173757 1.5937741994857788 0.16201451420783997
Cyclist 0.0 0 1.907060980796814 319.2198791503906 121.69944763183594 373.6766357421875 211.15576171875 1.8042886 1.7810445 0.5189155 -5.594461 0.7629328 15.2687435 1.555851697921753 0.5770373940467834
Cyclist 0.0 0 2.018881320953369 379.8775634765625 116.56275177001953 429.8927307128906 186.93057250976562 1.7951219 1.852314 0.6139349 -5.68437 0.37089992 19.927101 1.741003394126892 0.3554767370223999
Cyclist 0.0 0 2.792632818222046 729.7293090820312 141.0391845703125 780.4437866210938 222.61740112304688 1.0222365 1.8810478 0.61777204 3.3651223 1.1478131 17.018133 2.987851858139038 0.11697572469711304
Car 0.0 0 2.001370668411255 15.451091766357422 202.28518676757812 377.96112060546875 375.0 4.22484 1.4129819 1.6446613 -3.9867494 1.8191812 7.8019443 1.5289663076400757 0.9571729302406311
Car 0.0 0 1.8036187887191772 371.8234558105469 197.37281799316406 478.97857666015625 275.57452392578125 3.5537505 1.3997499 1.4833852 -3.9652805 1.9984337 15.818516 1.5580065250396729 0.952089250087738
Car 0.0 0 1.7741085290908813 432.6726379394531 186.07928466796875 514.748291015625 241.70262145996094 4.24689 1.478843 1.6642935 -4.146182 1.9278967 22.337467 1.5905816555023193 0.861548662185669
Car 0.0 0 -1.4577391147613525 605.7633056640625 179.30213928222656 644.9799194335938 210.1643524169922 4.295931 1.5092499 1.6158812 0.8378188 1.8732784 38.454388 -1.4359551668167114 0.8525169491767883
Car 0.0 0 0.9756031632423401 829.578857421875 115.24625396728516 1242.0 375.0 4.457476 1.6443564 1.723929 3.6268458 1.3089924 6.4967365 1.484763264656067 0.8514652848243713
Car 0.0 0 -1.056567907333374 644.9683837890625 167.40635681152344 695.7278442382812 192.69839477539062 3.5856225 1.4990209 1.5738604 3.741722 1.1765056 44.68652 -0.9730300903320312 0.5187904238700867
Car 0.0 0 1.3042736053466797 970.6712036132812 118.29525756835938 1073.336181640625 184.27432250976562 3.1084645 1.483352 1.4233282 10.053846 0.25711182 17.899492 1.816042423248291 0.38205575942993164
