Pedestrian 0.0 0 1.9146465063095093 402.2694396972656 116.35707092285156 454.20196533203125 228.50576782226562 0.7916418 1.7737526 0.5961342 -3.0205562 0.8805507 11.831171 1.6646811962127686 0.29656994342803955
Pedestrian 0.0 0 1.3399794101715088 439.4502868652344 126.54874420166016 486.4239807128906 224.11793518066406 0.85166657 1.8311473 0.71941656 -2.9285343 0.9624629 14.076741 1.1348645687103271 0.27498552203178406
Pedestrian 0.0 0 -2.0800564289093018 1114.11865234375 66.45404052734375 1242.0 252.55111694335938 1.7383472 1.8036864 0.6667943 6.293332 0.7727968 7.9023347 -1.4075212478637695 0.1166146919131279
Cyclist 0.0 0 -2.0800564289093018 1114.11865234375 66.45404052734375 1242.0 252.55111694335938 1.7383472 1.8036864 0.6667943 6.293332 0.7727968 7.9023347 -1.4075212478637695 0.37198978662490845
Cyclist 0.0 0 0.8728446960449219 882.481689453125 117.26627349853516 920.2142944335938 176.25205993652344 1.0007354 1.8199106 0.6040206 9.163134 0.1051999 22.828608 1.2545472383499146 0.32799750566482544
Car 0.0 0 -1.6255561113357544 785.193359375 165.54942321777344 849.6778564453125 221.90927124023438 4.087912 1.5887102 1.6869644 6.330195 1.3831615 22.514965 -1.3514766693115234 0.9028776288032532
Car 0.0 0 -2.0877718925476074 852.5911865234375 186.31881713867188 1242.0 375.0 4.203972 1.4681159 1.6418797 3.6097436 1.6262838 6.3516645 -1.5709764957427979 0.8874717950820923
Car 0.0 0 -1.7998621463775635 791.4605102539062 146.6608428955078 979.6417846679688 282.36083984375 4.4586444 1.786109 1.8072499 4.156328 1.4417075 11.808896 -1.4614371061325073 0.8778598308563232
Car 0.0 0 2.150986671447754 817.5706787109375 161.22752380371094 865.0802612304688 181.55914306640625 3.8445718 1.4770386 1.5467056 17.378942 0.6327635 54.225597 2.461137056350708 0.6557868719100952
Car 0.0 0 -1.363451361656189 781.608154296875 136.53111267089844 841.0897827148438 180.55198669433594 4.697485 1.9728131 1.8375462 9.75306 0.34534606 34.840767 -1.0905053615570068 0.39585474133491516
Car 0.0 0 -0.748076856136322 873.2965698242188 143.34947204589844 985.8826293945312 190.96749877929688 3.4025986 1.5622059 1.5738407 11.001328 0.59460795 24.968666 -0.33306291699409485 0.3792838752269745
