Pedestrian 0.0 0 -1.96860933303833 1275.0146484375 498.2874755859375 1369.19140625 643.7687377929688 2.0999904 2.324465 0.7439714 8.459465 2.8337936 21.487062 -1.5935454368591309 0.6423424482345581
Pedestrian 0.0 0 2.750601053237915 1236.3150634765625 502.6861572265625 1289.827392578125 604.0235595703125 0.88741076 2.0981662 0.6535794 9.232102 2.7994862 26.516867 3.0856354236602783 0.1736031025648117
Pedestrian 0.0 0 -3.001091480255127 969.1139526367188 497.8542785644531 1011.9193725585938 589.7628784179688 0.8810456 2.0394294 0.6659394 3.7332087 2.6832833 28.504293 -2.8708627223968506 0.1487266570329666
Pedestrian 0.0 0 0.005532369017601013 738.9086303710938 506.8487243652344 780.4940795898438 605.14501953125 0.8738887 2.0477753 0.60898787 -1.4217397 2.842051 26.66821 -0.04772936552762985 0.12809905409812927
Pedestrian 0.0 0 0.608910858631134 239.2559814453125 516.038818359375 300.231201171875 608.6736450195312 1.0987251 2.0951939 0.6968579 -12.984401 3.1859608 29.225897 0.1908261775970459 0.12249058485031128
Pedestrian 0.0 0 -3.336761713027954 1573.0079345703125 456.7302551269531 1600.0 675.3060302734375 1.0893967 2.1477067 0.7097378 8.341835 2.0174701 12.841967 -2.7606844902038574 0.11508994549512863
Pedestrian 0.0 0 -0.08158938586711884 827.2372436523438 498.92889404296875 887.196044921875 626.3906860351562 0.9470773 2.0726314 0.6934161 0.5036859 2.5644577 20.914669 -0.05751114338636398 0.11439089477062225
Pedestrian 0.0 0 -2.3791961669921875 0.0 443.474365234375 92.595458984375 722.4635620117188 0.8697303 2.2391326 0.6036339 -6.72227 2.0263643 10.433451 -2.9515538215637207 0.11216530203819275
Pedestrian 0.0 0 2.9480574131011963 808.3438110351562 519.9705200195312 839.2899780273438 581.9370727539062 0.87957704 1.9529561 0.73209524 -0.0932869 3.5924265 40.64597 2.9457623958587646 0.10449827462434769
Pedestrian 0.0 0 1.745358943939209 191.85963439941406 520.0750732421875 233.4733123779297 617.7709350585938 0.80205846 2.0960627 0.70210457 -13.642672 3.2291303 27.856583 1.289947509765625 0.10137784481048584
Pedestrian 0.0 0 -2.983966827392578 741.0770263671875 513.560546875 777.3749389648438 581.18603515625 1.010986 2.0402722 0.7938944 -2.082414 3.4061315 38.821323 -3.0375564098358154 0.10135748982429504
Car 0.0 0 -1.3470019102096558 317.45074462890625 550.0140380859375 427.4373779296875 621.9606323242188 4.324976 1.5281076 1.8748192 -12.188499 3.8378243 33.897175 -1.6921792030334473 0.280709832906723
Car 0.0 0 -1.311010479927063 228.50010681152344 531.4539794921875 365.39453125 635.3609619140625 4.1604557 1.7336568 1.548783 -10.717798 3.0975652 25.631832 -1.7070597410202026 0.18634968996047974
Car 0.0 0 -1.0949877500534058 41.69586181640625 528.1953125 171.22584533691406 599.7113647460938 3.9216163 1.7792711 1.6443691 -20.826546 3.5637903 36.411575 -1.6145464181900024 0.16278257966041565
Car 0.0 0 -1.7956565618515015 723.9376831054688 532.1228637695312 821.4088745117188 615.7373046875 4.6756825 1.9071319 1.6907113 -1.5738053 3.7530212 34.737648 -1.8409310579299927 0.1507355123758316
Car 0.0 0 -1.3985226154327393 413.236083984375 544.3342895507812 508.00518798828125 618.2489624023438 4.420889 1.5652262 1.6843485 -9.677254 3.6846976 33.42446 -1.6803429126739502 0.12498621642589569
Car 0.0 0 1.5114846229553223 967.1307373046875 525.0750732421875 1074.2950439453125 645.4304809570312 3.3072329 1.7494915 1.6139859 3.2587845 2.7708173 21.505848 1.6618707180023193 0.12077009677886963
Car 0.0 0 -2.3111989498138428 1341.773193359375 522.4403686523438 1551.1917724609375 618.9853515625 4.008493 1.6369472 1.5429685 12.577791 2.8029685 25.708015 -1.8561837673187256 0.11416270583868027
Car 0.0 0 0.4321258068084717 0.0 531.4487915039062 73.06344604492188 620.4719848632812 4.3937216 1.6160517 1.6530504 -18.15756 2.933324 25.634886 -0.1841585487127304 0.11373487859964371
Car 0.0 0 -1.298901081085205 105.06714630126953 532.4837646484375 256.143798828125 634.09130859375 4.1376233 1.6639329 1.6581386 -12.967522 3.0407028 25.405457 -1.770851969718933 0.10904201120138168
Car 0.0 0 -1.6275639533996582 825.1812133789062 520.9034423828125 937.202880859375 643.2394409179688 3.6174998 1.7269566 1.6622568 0.8361623 2.6555734 21.025204 -1.5878154039382935 0.10423461347818375
Car 0.0 0 -1.4856559038162231 1022.3671264648438 530.9754638671875 1082.7022705078125 588.0608520507812 3.6181793 1.553886 1.6020396 7.293688 3.6079192 40.23635 -1.306331992149353 0.10314226895570755
Car 0.0 0 -1.706557273864746 888.9583129882812 527.7654418945312 960.0355834960938 590.7299194335938 3.9109154 1.5959642 1.5968745 2.8706772 3.4141874 37.423756 -1.6299998760223389 0.10263260453939438
Car 0.0 0 -1.5185739994049072 638.0288696289062 532.5081176757812 708.5706176757812 612.2850952148438 4.539442 1.9245089 1.7802829 -4.3627286 3.8467016 36.19113 -1.6385420560836792 0.10184406489133835
