Pedestrian 0.0 0 -0.1713566780090332 1283.37548828125 499.96392822265625 1320.5074462890625 558.7318115234375 1.0942757 2.0077722 0.71719825 16.812141 2.3036885 43.855892 0.19471406936645508 0.26093071699142456
Pedestrian 0.0 0 -1.9746437072753906 1258.6551513671875 500.2904052734375 1281.7958984375 542.1314086914062 1.1427233 2.014886 0.66806346 22.156149 2.447762 61.82348 -1.6305251121520996 0.16927996277809143
Pedestrian 0.0 0 -2.826516628265381 559.222412109375 489.24322509765625 609.8680419921875 571.6123046875 1.0515844 1.9807372 0.69176954 -5.64239 1.9262981 30.866829 -3.0073182582855225 0.16540557146072388
Pedestrian 0.0 0 -0.15328103303909302 1541.330322265625 506.7673034667969 1572.1842041015625 557.8618774414062 0.9974982 2.057732 0.67836916 30.281338 2.6879106 51.798794 0.3757345676422119 0.1490088850259781
Pedestrian 0.0 0 -0.9603686332702637 90.50556182861328 470.69964599609375 170.4990997314453 599.2160034179688 1.1190683 2.0566857 0.63068545 -11.2786255 1.7236978 20.858809 -1.456053614616394 0.14041198790073395
Pedestrian 0.0 0 -0.23884184658527374 858.2525634765625 502.3669738769531 882.9227905273438 542.0105590820312 1.1502066 2.0455506 0.7104485 2.8311293 2.6159637 66.05789 -0.19600975513458252 0.1257678121328354
Pedestrian 0.0 0 -2.96984601020813 778.93603515625 499.6664123535156 800.7482299804688 535.506591796875 1.0236353 1.8356234 0.69550484 -1.3638792 2.260175 65.474304 -2.990673780441284 0.12110491096973419
Pedestrian 0.0 0 -1.892943024635315 1438.4967041015625 511.9923400878906 1469.2476806640625 565.9446411132812 1.1142751 2.0131006 0.732699 24.318375 2.804417 48.315945 -1.4266430139541626 0.11981358379125595
Cyclist 0.0 0 -1.817796230316162 1526.0291748046875 508.9330139160156 1571.157470703125 586.80810546875 1.979636 2.0754437 0.6216329 20.3668 2.5747888 35.25241 -1.2939037084579468 0.33933889865875244
Cyclist 0.0 0 -1.1617121696472168 1388.9254150390625 412.908203125 1600.0 631.6392211914062 2.238467 2.25714 3.0519578 8.828251 1.4460583 14.960886 -0.6286122798919678 0.2359447330236435
Cyclist 0.0 0 -1.7025718688964844 1461.54052734375 503.8684997558594 1498.8106689453125 590.2532958984375 1.8226088 2.1895835 0.63446677 17.464355 2.5244374 33.34065 -1.2200536727905273 0.1301867961883545
Cyclist 0.0 0 -0.9603686332702637 90.50556182861328 470.69964599609375 170.4990997314453 599.2160034179688 1.1190683 2.0566857 0.63068545 -11.2786255 1.7236978 20.858809 -1.456053614616394 0.1094658300280571
Car 0.0 0 1.2396087646484375 1078.029541015625 514.2973022460938 1139.67724609375 551.0608520507812 4.3018336 1.6467526 1.6128495 14.206485 2.797238 61.70713 1.4658901691436768 0.33134937286376953
Car 0.0 0 1.229804515838623 690.67138671875 533.4136352539062 884.1375122070312 645.6807250976562 4.2472277 1.4278034 1.7289361 -0.5856669 2.1691232 20.110178 1.2006897926330566 0.32360726594924927
Car 0.0 0 -2.1767797470092773 1341.760986328125 513.0325317382812 1451.5867919921875 559.9549560546875 4.2228155 1.607191 1.6386677 21.749884 2.4547184 47.640015 -1.7484949827194214 0.2904457449913025
Car 0.0 0 -1.920947790145874 1014.2383422851562 512.2576904296875 1077.2412109375 548.6472778320312 4.042775 1.5652602 1.5971843 10.649769 2.5673325 59.028778 -1.7424514293670654 0.2312164306640625
Car 0.0 0 -2.0824828147888184 1164.9671630859375 513.4844970703125 1235.2059326171875 550.6194458007812 3.8162413 1.6802621 1.6140066 18.668522 2.787258 61.751507 -1.788901925086975 0.2031099498271942
Car 0.0 0 -2.2570784091949463 1551.996826171875 518.3963012695312 1600.0 566.9493408203125 4.0194426 1.5271384 1.6028416 27.849947 2.511032 44.2453 -1.6952897310256958 0.1806461066007614
Car 0.0 0 1.2183338403701782 981.7010498046875 520.6907958984375 1129.0283203125 619.132568359375 4.0827103 1.7403108 1.6281313 4.7643657 2.3846822 25.812634 1.4008545875549316 0.1761842966079712
Car 0.0 0 -1.7719323635101318 746.2003784179688 511.5523986816406 826.0883178710938 571.3255004882812 4.0857925 1.611059 1.5914134 -0.9552596 2.243044 37.758038 -1.7972264289855957 0.17077435553073883
Car 0.0 0 -1.4576866626739502 601.9705200195312 514.2614135742188 676.4192504882812 577.2156372070312 4.1284895 1.6596564 1.6913012 -5.1089244 2.361487 36.97707 -1.5949821472167969 0.16731010377407074
Car 0.0 0 -2.258269786834717 1552.4639892578125 514.312255859375 1600.0 561.2989501953125 4.2746344 1.6767235 1.6529446 31.08301 2.609554 49.577003 -1.6982592344284058 0.16254624724388123
Car 0.0 0 -2.1127524375915527 1409.799560546875 520.345947265625 1503.986572265625 568.345947265625 3.3431792 1.6255854 1.601577 23.558895 2.728139 46.690395 -1.6454499959945679 0.15427492558956146
Car 0.0 0 2.2482125759124756 126.31669616699219 504.2687072753906 349.91802978515625 612.5487060546875 3.5312212 1.64839 1.609011 -9.746579 1.8857232 21.640875 1.8250441551208496 0.14993233978748322
Car 0.0 0 -1.427499771118164 494.8714599609375 504.5673828125 566.0018310546875 559.540283203125 3.7352946 1.5547231 1.596124 -8.670225 1.9731965 38.654182 -1.648150086402893 0.144221693277359
Car 0.0 0 -1.8426077365875244 1484.91015625 529.7603759765625 1592.7650146484375 603.4248046875 3.7092242 1.7869442 1.6319062 19.765888 2.8981872 34.79184 -1.325960397720337 0.13190694153308868
Car 0.0 0 1.0810273885726929 1220.3663330078125 521.4424438476562 1311.6846923828125 568.2389526367188 3.888205 1.6085266 1.6343457 17.049385 2.7959545 48.18996 1.421079397201538 0.13096104562282562
Car 0.0 0 -2.0551114082336426 1304.0081787109375 519.0528564453125 1416.0533447265625 572.344970703125 4.264919 1.5765991 1.6007206 17.907969 2.5360281 41.91973 -1.6513816118240356 0.12318938970565796
Car 0.0 0 -1.9060982465744019 1123.6937255859375 514.29345703125 1183.5721435546875 549.494384765625 4.039357 1.6115186 1.6255649 16.667233 2.7777143 62.739365 -1.6464375257492065 0.11654161661863327
