Pedestrian 0.0 0 1.4105499982833862 514.3736572265625 154.32286071777344 535.5369873046875 201.5129852294922 0.88309956 1.8482803 0.7048843 -3.439464 1.1228349 28.779062 1.2916014194488525 0.7234048247337341
Pedestrian 0.0 0 -1.7874140739440918 948.7930297851562 133.1578369140625 971.7879028320312 180.00970458984375 0.586306 1.8886123 0.7346959 14.252353 0.28880608 29.453012 -1.3367280960083008 0.7130592465400696
Pedestrian 0.0 0 1.8159680366516113 805.044677734375 133.1028594970703 846.8955078125 226.0254669189453 0.77593684 1.81602 0.644038 4.3237886 1.0395072 14.596315 2.1039576530456543 0.5421147346496582
Pedestrian 0.0 0 -2.1203513145446777 955.4877319335938 101.93991088867188 1010.8143920898438 211.1077880859375 0.64825684 1.7996479 0.5789895 6.266081 0.63097703 12.237159 -1.6471073627471924 0.4940876364707947
Pedestrian 0.0 0 2.559046745300293 932.9534301757812 143.92926025390625 979.1489868164062 224.17391967773438 0.73867613 1.7477294 0.5615158 7.6374454 1.1181061 16.041313 3.003401279449463 0.48360875248908997
Pedestrian 0.0 0 1.45530366897583 494.6794128417969 138.62152099609375 516.12841796875 192.26597595214844 0.886332 1.8333112 0.64061755 -3.6982627 0.66376674 25.16685 1.3093981742858887 0.40295401215553284
Pedestrian 0.0 0 1.3536455631256104 465.44952392578125 139.4813232421875 495.72625732421875 204.66552734375 0.98622787 1.9162095 0.7021406 -3.9634452 0.9355162 21.79869 1.1737899780273438 0.38553252816200256
Pedestrian 0.0 0 -0.15752184391021729 913.7947387695312 127.85297393798828 962.4497680664062 201.45626831054688 1.0352364 1.8095409 0.5754393 8.192394 0.7035464 18.150162 0.26646876335144043 0.3686208128929138
Pedestrian 0.0 0 -3.382208824157715 859.1538696289062 114.88142395019531 921.23828125 196.93275451660156 1.2327696 1.855742 0.58715695 6.414898 0.54494333 16.685116 -3.0151631832122803 0.26823657751083374
Cyclist 0.0 0 -3.277195453643799 831.2564086914062 132.4833984375 874.8072509765625 176.89271545410156 1.6804626 1.8483891 0.56712747 10.207653 0.16845578 30.464224 -2.9538824558258057 0.4892233908176422
Cyclist 0.0 0 -3.2598910331726074 857.3250122070312 120.71289825439453 931.3650512695312 201.390380859375 1.5291176 1.8076476 0.57464755 6.482325 0.63973975 16.633678 -2.8882858753204346 0.47048988938331604
Cyclist 0.0 0 1.7612719535827637 901.592041015625 122.90744018554688 927.1641235351562 175.272705078125 1.418606 1.7553033 0.5576738 10.480134 0.08143422 24.928238 2.159250259399414 0.3850042521953583
Cyclist 0.0 0 -0.15752184391021729 913.7947387695312 127.85297393798828 962.4497680664062 201.45626831054688 1.0352364 1.8095409 0.5754393 8.192394 0.7035464 18.150162 0.26646876335144043 0.13409309089183807
Car 0.0 0 -2.025810718536377 807.2547607421875 165.12303161621094 1165.2164306640625 345.8766174316406 4.291131 1.4613441 1.6196396 3.593548 1.3991992 8.001744 -1.6037092208862305 0.9390923976898193
Car 0.0 0 -1.4312819242477417 531.5486450195312 182.96954345703125 602.4343872070312 235.75985717773438 4.511193 1.4519925 1.6404222 -1.3125428 1.8079456 23.046097 -1.4881733655929565 0.8739054799079895
Car 0.0 0 -1.4774399995803833 570.4512329101562 179.36509704589844 615.18310546875 214.61618041992188 3.8709357 1.4120388 1.6063244 -0.73551613 1.7156932 31.620583 -1.5006965398788452 0.8156818747520447
Car 0.0 0 -0.5116214156150818 691.8228759765625 169.3131866455078 778.8558349609375 203.6481170654297 3.9044535 1.6248645 1.6869103 6.1363263 1.4576567 35.590855 -0.3408869802951813 0.5759884119033813
Car 0.0 0 -1.4307054281234741 603.7530517578125 164.16111755371094 628.2133178710938 181.64291381835938 4.324855 1.5509992 1.6606582 0.56438404 0.7801175 66.274254 -1.422189712524414 0.46207624673843384
Car 0.0 0 1.5799579620361328 684.4476318359375 171.94503784179688 706.2944946289062 193.85626220703125 3.8862967 1.5623896 1.5498908 6.314721 1.497934 53.472324 1.6975067853927612 0.4501052498817444
Car 0.0 0 -1.7255666255950928 710.4610595703125 174.51351928710938 777.5166015625 222.7633056640625 3.7473965 1.459253 1.599274 4.2946196 1.5188034 23.841318 -1.547344446182251 0.4378785789012909
Car 0.0 0 -1.5527522563934326 721.783447265625 160.140625 743.340087890625 180.628173828125 3.8328571 1.5642011 1.6155628 9.703696 0.59390783 57.118725 -1.3844724893569946 0.3859034478664398
