Car 0.0 0 1.8803112506866455 385.57135009765625 187.53741455078125 478.33184814453125 240.67906188964844 4.211612 1.4613162 1.6825942 -5.638201 1.9776607 23.192436 1.6418323516845703 0.9641761183738708
Car 0.0 0 -1.9611945152282715 788.219970703125 178.30516052246094 1111.2655029296875 361.1364440917969 4.142314 1.4684258 1.6105887 3.2460716 1.5448495 7.990859 -1.575334906578064 0.9637089967727661
Car 0.0 0 2.195988416671753 0.0 202.57818603515625 280.6531677246094 375.0 4.339196 1.4383637 1.6721706 -5.7316356 1.8727853 8.345357 1.5941729545593262 0.9622704386711121
Car 0.0 0 1.9511685371398926 226.2438201904297 194.71035766601562 385.55084228515625 290.316650390625 3.7334561 1.5051454 1.5678968 -5.7827597 1.9890645 14.087105 1.561643123626709 0.9494401216506958
Car 0.0 0 1.3060859441757202 704.789306640625 181.12876892089844 806.7045288085938 249.59552001953125 3.6072261 1.4582287 1.5252371 3.3975139 1.682528 17.668848 1.4960556030273438 0.9436812400817871
Car 0.0 0 -1.6907731294631958 660.13916015625 179.23602294921875 706.207763671875 216.0685272216797 3.7456152 1.5111176 1.5921639 3.160711 1.8125333 32.14435 -1.5927594900131226 0.9033969640731812
Car 0.0 0 -1.795985460281372 674.6614990234375 183.50518798828125 755.395751953125 234.75433349609375 4.2407136 1.4575964 1.6832039 3.2780461 1.838827 23.612886 -1.6580426692962646 0.8252285122871399
Car 0.0 0 -2.6488349437713623 521.8744506835938 174.33856201171875 574.4573364257812 193.73922729492188 4.2178907 1.6336806 1.7608435 -5.391793 1.7663279 62.650715 -2.734684467315674 0.7311192750930786
Car 0.0 0 1.7976568937301636 480.64251708984375 182.3396453857422 524.1738891601562 212.26730346679688 3.5450354 1.4542648 1.5125946 -5.6583686 1.9788108 38.04351 1.6500052213668823 0.5149685144424438
Car 0.0 0 -2.41760516166687 969.6709594726562 215.52142333984375 1242.0 375.0 3.7497063 1.4848827 1.6029469 3.0037425 1.7532881 2.6551995 -1.5706931352615356 0.48068368434906006
