Pedestrian 0.0 0 1.3392276763916016 274.20849609375 178.595458984375 325.0138854980469 275.40118408203125 0.49075046 1.7303059 0.772167 -5.8041077 1.8404948 13.372294 0.929725170135498 0.6307715177536011
Pedestrian 0.0 0 1.4770249128341675 732.5047607421875 157.2271728515625 769.10595703125 241.5740509033203 0.7370991 1.7819946 0.7100651 2.9925208 1.4522048 15.641813 1.6660561561584473 0.5103168487548828
Car 0.0 0 -1.1531189680099487 97.25447845458984 209.899169921875 376.3057861328125 375.0 3.5720024 1.3868132 1.5704486 -4.151486 1.9215217 8.594495 -1.6031068563461304 0.9721898436546326
Car 0.0 0 -1.3033246994018555 367.6622009277344 184.7628631591797 483.21142578125 265.843505859375 4.0922427 1.6921033 1.7116827 -4.421989 2.0191789 17.727257 -1.5477817058563232 0.9488704800605774
Car 0.0 0 -1.7417420148849487 713.4521484375 181.68077087402344 844.919921875 290.8083801269531 3.4384086 1.5992963 1.6244246 2.74513 1.7753682 12.608007 -1.5273587703704834 0.9461913704872131
Car 0.0 0 -1.718174934387207 656.6019287109375 179.59339904785156 708.2947387695312 220.34255981445312 3.3593516 1.4566896 1.5114685 2.7177308 1.7353215 28.074095 -1.6216700077056885 0.9268192648887634
Car 0.0 0 1.6796858310699463 473.8703918457031 185.14419555664062 522.592041015625 225.76783752441406 3.9311266 1.6035105 1.6970043 -4.882215 2.1777804 31.689745 1.526824712753296 0.8743492364883423
Car 0.0 0 -2.3739571571350098 986.6934814453125 214.0455322265625 1242.0 375.0 3.6906648 1.4661672 1.5856235 2.7787752 1.7060014 2.2903934 -1.4925117492675781 0.6747089624404907
Car 0.0 0 1.8325825929641724 518.587646484375 186.28834533691406 557.9506225585938 212.18667602539062 3.9911916 1.5542656 1.6055902 -4.7107487 2.4796073 47.577274 1.7338917255401611 0.5890457630157471
Car 0.0 0 -1.5488719940185547 544.6317749023438 185.4504852294922 564.0133666992188 204.65599060058594 3.8115234 1.6437829 1.6934763 -5.1063285 2.8349714 66.25966 -1.6257853507995605 0.4724488854408264
