Pedestrian 0.0 0 -1.1521738767623901 491.7676086425781 488.2531433105469 532.8325805664062 559.792236328125 0.9204215 2.0784974 0.87858415 -8.953242 1.9839581 37.32705 -1.3875858783721924 0.5936307907104492
Pedestrian 0.0 0 -1.8666025400161743 1334.387939453125 522.7133178710938 1385.891845703125 588.6448364257812 1.2408969 2.0448864 1.2079338 17.425291 3.062333 40.607414 -1.4612507820129395 0.535932719707489
Pedestrian 0.0 0 -0.8400378227233887 633.2156982421875 486.632568359375 701.0271606445312 585.738037109375 1.2853379 2.1906652 0.9030147 -3.3821666 2.082917 28.778791 -0.957024097442627 0.26258355379104614
Pedestrian 0.0 0 -1.5668848752975464 1165.47998046875 481.8030700683594 1214.563232421875 592.2899169921875 1.1555945 2.187706 0.9371319 7.6033344 1.9955608 25.763733 -1.2799131870269775 0.2412969470024109
Pedestrian 0.0 0 -3.090339422225952 790.2760009765625 475.4671325683594 842.2381591796875 568.0836181640625 1.0748731 1.9518312 0.73407894 0.0067395642 1.6137997 27.083126 -3.09009051322937 0.19778554141521454
Pedestrian 0.0 0 -1.049050211906433 1214.1470947265625 479.30615234375 1284.5111083984375 589.8815307617188 1.5757817 2.2612474 0.71203595 9.132126 2.0117402 26.684952 -0.7193230390548706 0.17322483658790588
Pedestrian 0.0 0 0.6046538949012756 685.9075317382812 461.533447265625 739.9371337890625 574.211669921875 1.0115092 2.416722 0.6064181 -2.2583811 1.7738478 27.677483 0.523237943649292 0.14862798154354095
Pedestrian 0.0 0 -2.7620270252227783 405.72100830078125 485.7828674316406 459.2979431152344 566.2552490234375 1.2163143 2.1633525 0.7156972 -10.433953 2.0094678 34.45378 -3.056086540222168 0.14781858026981354
Pedestrian 0.0 0 -0.47238707542419434 1488.0831298828125 499.0689697265625 1540.8912353515625 579.6027221679688 0.9136404 1.9857934 0.7552982 17.465027 2.177371 31.692516 0.031282901763916016 0.10775288939476013
Pedestrian 0.0 0 -3.050663471221924 1209.1796875 508.4374084472656 1225.4239501953125 545.64306640625 0.76082724 1.9565883 0.7515611 21.389736 2.8661382 67.542046 -2.7439680099487305 0.10471857339143753
Cyclist 0.0 0 -1.3142744302749634 1406.2041015625 506.4632263183594 1452.99072265625 593.2760620117188 1.8253446 2.1658068 0.6486978 15.899169 2.5639722 32.810524 -0.8630425930023193 0.274802029132843
Cyclist 0.0 0 -1.1362030506134033 316.6004333496094 470.75103759765625 381.1961364746094 579.8629150390625 1.7354208 2.2987983 0.6480683 -10.154185 1.8615038 27.572475 -1.4890626668930054 0.23781132698059082
Cyclist 0.0 0 -1.2765957117080688 1184.0828857421875 505.3553771972656 1210.830322265625 551.4485473632812 1.4751649 2.1136367 0.8085076 17.88767 2.7724938 59.414078 -0.9841594696044922 0.21710079908370972
Cyclist 0.0 0 -1.7278966903686523 1238.4083251953125 507.22589111328125 1260.382080078125 550.8972778320312 1.4851737 2.2082133 0.85202485 22.367159 3.0301886 65.41942 -1.3984525203704834 0.12773065268993378
Cyclist 0.0 0 -1.1843056678771973 1194.736328125 501.75433349609375 1274.7850341796875 608.4827270507812 1.9960896 2.163322 0.93220073 8.915335 2.3898618 26.935286 -0.8646647930145264 0.11777833104133606
Car 0.0 0 -1.9147859811782837 1001.6906127929688 519.138916015625 1061.2176513671875 556.0264282226562 3.8944504 1.6336955 1.6167183 10.362569 3.014616 61.231247 -1.7471379041671753 0.3724682033061981
Car 0.0 0 -3.0742504596710205 1262.5001220703125 513.73876953125 1355.9888916015625 551.1384887695312 3.9736311 1.6467961 1.5677167 23.025463 2.7126596 59.16315 -2.70310115814209 0.2775675356388092
Car 0.0 0 -2.228224515914917 1366.4866943359375 519.3030395507812 1455.40283203125 556.0195922851562 4.156686 1.5473456 1.5160893 27.585585 2.8879297 58.88519 -1.7901225090026855 0.214446559548378
Car 0.0 0 1.158168077468872 1135.996826171875 515.7617797851562 1205.404052734375 554.0132446289062 4.3348274 1.7243695 1.6844113 17.359407 2.9594777 62.225033 1.4302287101745605 0.20387321710586548
Car 0.0 0 -2.0162434577941895 1189.3018798828125 520.29931640625 1335.4986572265625 596.5757446289062 4.340615 1.6511797 1.6999367 10.929845 2.4154181 31.364176 -1.6809219121932983 0.17443159222602844
Car 0.0 0 -1.970380187034607 1360.826171875 516.0751953125 1503.816650390625 594.0543823242188 3.8889744 1.6040823 1.5749568 14.132043 2.2105663 29.281063 -1.520721435546875 0.1607024371623993
Car 0.0 0 -1.5904712677001953 975.1672973632812 509.3526306152344 1044.6358642578125 583.3177490234375 3.9511256 1.6428713 1.585174 4.723344 2.1113803 31.185913 -1.440156102180481 0.1573617160320282
Car 0.0 0 0.9499136209487915 1136.2528076171875 515.585205078125 1218.953369140625 553.9676513671875 3.8798122 1.5671961 1.5792111 16.048935 2.6798213 56.42716 1.2270150184631348 0.15399660170078278
Car 0.0 0 0.9941097497940063 1300.361328125 512.8609619140625 1427.8724365234375 574.0225219726562 3.888085 1.6240816 1.5556983 15.962254 2.2842827 37.106167 1.400357961654663 0.1488245576620102
Car 0.0 0 -1.8976651430130005 911.5463256835938 515.1708374023438 967.14501953125 552.365478515625 4.106633 1.7570647 1.5945476 6.256036 3.0083072 64.78178 -1.8013927936553955 0.13891498744487762
Car 0.0 0 1.5193285942077637 551.1710205078125 509.9281311035156 622.4693603515625 582.6961059570312 4.664181 1.7909095 1.6870877 -6.377738 2.3340895 34.87909 1.3384737968444824 0.1384512037038803
Car 0.0 0 1.7658991813659668 427.6699523925781 499.1537780761719 529.1751708984375 576.15625 4.3798885 1.7694726 1.6327412 -8.389115 1.9748864 31.782824 1.5078336000442505 0.1351235955953598
Car 0.0 0 -1.1385977268218994 263.6130065917969 510.4851989746094 375.8373107910156 580.2939453125 3.2676978 1.7181466 1.5552764 -13.166303 2.249195 33.759315 -1.51045823097229 0.12557165324687958
Car 0.0 0 -1.3948653936386108 881.5930786132812 502.084716796875 977.4990844726562 573.2844848632812 4.1994743 1.5963596 1.6431283 2.8684292 1.8765389 31.302532 -1.3034849166870117 0.12027212232351303
Car 0.0 0 -2.2593748569488525 1498.393798828125 512.32470703125 1600.0 583.9234619140625 4.132294 1.4971623 1.5918013 18.22166 2.0240242 29.893555 -1.7119617462158203 0.11729519814252853
Car 0.0 0 -1.1124827861785889 1156.517578125 537.1417236328125 1322.610107421875 634.9380493164062 3.875366 1.7292445 1.7198008 8.814762 2.7454767 26.221363 -0.7881839275360107 0.1126573383808136
Car 0.0 0 1.6245710849761963 913.7416381835938 503.0247497558594 1002.3053588867188 590.0918579101562 4.047833 1.6508639 1.6314528 3.0545723 1.9131513 26.70795 1.73844575881958 0.11011990904808044
