Pedestrian 0.0 0 -1.6596473455429077 1504.970703125 494.5141906738281 1568.2708740234375 575.5833740234375 1.7717419 1.8046026 1.1193278 16.64351 1.8766549 29.305721 -1.1431448459625244 0.4979078471660614
Pedestrian 0.0 0 -2.497673511505127 46.28289031982422 467.7586364746094 114.39730834960938 564.8169555664062 0.8890531 1.8712801 0.73945445 -14.423878 1.4134104 24.835854 -3.023832082748413 0.32132747769355774
Pedestrian 0.0 0 -2.3844449520111084 1380.6854248046875 494.4505310058594 1419.0469970703125 552.96044921875 1.0419595 2.085469 0.73272175 21.11042 2.1934097 45.821266 -1.9527184963226318 0.26889029145240784
Pedestrian 0.0 0 0.5231714248657227 602.2379150390625 495.1855773925781 647.7425537109375 566.5505981445312 1.0803524 2.0289972 0.7293901 -5.5250773 2.136858 36.59773 0.3733351230621338 0.2655263841152191
Pedestrian 0.0 0 -1.4188179969787598 1047.7091064453125 501.63726806640625 1079.798583984375 560.3026733398438 1.2429856 1.840426 0.8335765 7.960509 2.1718435 40.706024 -1.2256944179534912 0.2498881071805954
Pedestrian 0.0 0 -2.9814653396606445 689.4269409179688 488.0397033691406 742.4696044921875 597.5593872070312 1.0743324 2.3655517 0.6005677 -2.1886253 2.290659 27.696657 -3.0603227615356445 0.22533969581127167
Pedestrian 0.0 0 -2.6051955223083496 210.60104370117188 487.0345764160156 253.1200408935547 556.9647827148438 0.8873138 2.0206838 0.7143996 -17.066881 1.8914464 36.995422 -3.037426710128784 0.20426714420318604
Pedestrian 0.0 0 -3.515953540802002 1365.25634765625 503.1384582519531 1400.3265380859375 562.1287841796875 0.89934015 2.0020933 0.7186631 19.459072 2.4052057 43.510853 -3.0954110622406006 0.19816550612449646
Pedestrian 0.0 0 -2.228555679321289 149.34178161621094 483.0400390625 210.88406372070312 569.57421875 1.0488285 1.9913851 0.8217866 -14.936231 1.7965355 29.741085 -2.6939687728881836 0.18866066634655
Pedestrian 0.0 0 -2.772742509841919 807.8941040039062 501.83380126953125 832.6286010742188 542.6552734375 1.0306919 1.9612142 0.67022806 0.19549352 2.4675553 61.595573 -2.769568681716919 0.18718399107456207
Pedestrian 0.0 0 -0.9869086146354675 734.4315185546875 494.9803161621094 770.4061279296875 554.273193359375 1.2733341 2.050091 0.6748497 -2.2427893 2.1743608 44.591362 -1.0371627807617188 0.1770811676979065
Pedestrian 0.0 0 3.0884013175964355 765.1561889648438 502.8724670410156 791.5235595703125 546.2109375 1.1425976 1.9196993 0.74733067 -1.7025518 2.432647 56.73662 3.0584022998809814 0.17582282423973083
Pedestrian 0.0 0 0.30250129103660583 11.366633415222168 473.4837341308594 86.95915985107422 582.5267333984375 1.1385219 2.1732643 0.76368904 -15.580615 1.8140529 25.74712 -0.24168911576271057 0.16449038684368134
Pedestrian 0.0 0 0.33215272426605225 787.5828857421875 486.3000793457031 812.5568237304688 530.166259765625 0.97319454 1.8891959 0.50037557 -0.70172477 1.6649452 54.931404 0.3193788528442383 0.16394011676311493
Pedestrian 0.0 0 -1.5319054126739502 260.1512451171875 485.57904052734375 312.6602478027344 591.1434326171875 1.0836779 2.0288303 0.91455865 -10.448769 1.9148997 25.006592 -1.9276963472366333 0.15623389184474945
Pedestrian 0.0 0 0.02872249111533165 765.1044311523438 499.1410827636719 790.0382690429688 545.5164184570312 1.0773544 2.0256522 0.7451614 -1.7017022 2.3643458 55.812973 -0.001757434569299221 0.14323216676712036
Pedestrian 0.0 0 -0.46823662519454956 1310.612548828125 500.99310302734375 1350.543701171875 558.9927368164062 1.0625099 2.0024686 0.7658813 17.980856 2.3373947 44.288387 -0.08257300406694412 0.1307869851589203
Pedestrian 0.0 0 -3.2071423530578613 1065.401611328125 496.3240966796875 1090.4891357421875 550.505615234375 0.7826077 1.8061273 0.7239119 8.819259 1.9701167 42.701405 -3.0034728050231934 0.12771230936050415
Cyclist 0.0 0 -0.9015383124351501 13.359124183654785 492.8855895996094 96.4670639038086 598.8383178710938 1.2711991 2.1071267 0.85063297 -15.544922 2.1360524 25.888466 -1.4422941207885742 0.5275300145149231
Cyclist 0.0 0 -1.0527760982513428 741.170166015625 499.711669921875 776.2373046875 556.558837890625 1.3169483 1.9559153 0.6668879 -2.0177696 2.2491493 44.52413 -1.0980637073516846 0.3125111758708954
Cyclist 0.0 0 -2.3031978607177734 1421.6654052734375 482.0234375 1475.674072265625 544.9689331054688 1.6990178 2.0364413 0.6204151 20.89424 1.7296233 41.87317 -1.8403595685958862 0.27073872089385986
Cyclist 0.0 0 -2.0494632720947266 1288.01123046875 526.2257080078125 1327.843505859375 582.033203125 1.8684583 2.1514459 0.71453863 19.78303 3.5759375 50.99312 -1.679383635520935 0.2043173760175705
Cyclist 0.0 0 -1.3952131271362305 1018.701171875 501.4859619140625 1041.7689208984375 549.9298706054688 1.347885 1.97566 0.7223357 8.911188 2.3969934 52.71519 -1.2277522087097168 0.18488605320453644
Cyclist 0.0 0 -0.9640406966209412 779.0365600585938 504.6927795410156 809.9688110351562 548.8317260742188 1.3770138 1.9040946 0.70468885 -0.95537716 2.493683 55.858646 -0.981142520904541 0.14576612412929535
Cyclist 0.0 0 -1.479520320892334 1238.8216552734375 513.3848876953125 1262.403076171875 566.8299560546875 1.2609717 1.9799172 0.7376535 16.54763 2.8257623 48.236275 -1.1490471363067627 0.1442827582359314
Car 0.0 0 1.8467228412628174 114.85679626464844 506.3587341308594 259.36163330078125 594.47998046875 4.287049 1.6976198 1.6838397 -13.492896 2.045678 27.419104 1.3894164562225342 0.34211665391921997
Car 0.0 0 -1.9883710145950317 1062.50048828125 513.2640380859375 1144.87744140625 557.6155395507812 4.033571 1.5850556 1.6414922 11.174104 2.4721084 49.49516 -1.7663317918777466 0.3265365660190582
Car 0.0 0 -1.7430000305175781 820.289306640625 513.6749877929688 869.8895874023438 549.0201416015625 4.1829314 1.5209148 1.6319923 1.3144946 2.599563 59.43141 -1.7208857536315918 0.3261450529098511
Car 0.0 0 2.0841665267944336 274.9886474609375 516.1505126953125 464.8848571777344 625.7171020507812 3.7091203 1.8694448 1.8737118 -8.50879 2.384866 24.495556 1.749845027923584 0.22847341001033783
Car 0.0 0 -2.2621877193450928 1409.6220703125 520.7500610351562 1600.0 611.8167114257812 3.9062188 1.6034547 1.6179749 14.033581 2.2447324 25.70018 -1.7623822689056396 0.2030080407857895
Car 0.0 0 2.1303529739379883 485.31329345703125 515.2188110351562 637.5851440429688 594.7169189453125 3.8363822 1.6473181 1.7044808 -5.863965 2.2405555 29.58824 1.9347026348114014 0.18833644688129425
Car 0.0 0 -1.197052001953125 24.416860580444336 504.6331481933594 137.4239044189453 566.7767944335938 3.6442938 1.6570222 1.5910245 -21.10835 2.0552475 36.500492 -1.721365213394165 0.14817765355110168
Car 0.0 0 -1.132534384727478 640.7354736328125 518.2155151367188 726.2430419921875 571.1395263671875 3.5057194 1.6519918 1.5707676 -4.5005455 2.6071298 43.37556 -1.23592209815979 0.14538374543190002
Car 0.0 0 0.6735280156135559 1556.5330810546875 517.544677734375 1600.0 634.8458862304688 4.147701 1.5372341 1.6117697 13.957509 1.9898267 19.796806 1.2876274585723877 0.13312885165214539
Car 0.0 0 -1.7894506454467773 794.00732421875 515.2316284179688 858.2283935546875 559.62841796875 3.97694 1.5295405 1.6063734 0.32836777 2.4683552 48.001095 -1.7826099395751953 0.1304217278957367
Car 0.0 0 1.1255202293395996 1470.9886474609375 518.4094848632812 1585.5655517578125 576.4849853515625 3.9784827 1.7450486 1.7651523 23.514305 2.6803868 41.98808 1.636026382446289 0.12694980204105377
Car 0.0 0 -1.9169716835021973 1238.6492919921875 514.4926147460938 1325.933837890625 564.9046630859375 3.8460753 1.593183 1.6137154 16.017317 2.421452 43.707375 -1.5657027959823608 0.12632954120635986
Car 0.0 0 -1.6594953536987305 527.1538696289062 505.0667419433594 593.06298828125 568.0592041015625 2.810454 1.7008255 1.6146854 -7.401775 2.1079822 36.449806 -1.8598387241363525 0.12565317749977112
