Pedestrian 0.0 0 -1.3124068975448608 0.0 144.76950073242188 21.517396926879883 196.34817504882812 0.48053914 1.9623569 0.7332687 -23.270674 0.8942152 27.82193 -2.0089609622955322 0.6046562790870667
Pedestrian 0.0 0 -1.5081835985183716 243.24545288085938 157.0904541015625 266.9512939453125 212.5609893798828 1.2592467 1.8591467 0.6584388 -12.276056 1.3311745 24.888132 -1.9664161205291748 0.375216007232666
Pedestrian 0.0 0 2.4486117362976074 710.01025390625 111.91928100585938 791.3916625976562 259.2425231933594 0.8003702 1.7884382 0.635897 1.7411771 1.0490757 9.228567 2.635092258453369 0.21422410011291504
Pedestrian 0.0 0 -0.7899956107139587 899.58056640625 164.38027954101562 916.3635864257812 191.53225708007812 0.88320816 1.8847636 0.65496594 20.848795 1.2969147 50.55631 -0.39885610342025757 0.14862675964832306
Cyclist 0.0 0 -1.4712276458740234 243.3265838623047 161.01161193847656 267.39031982421875 214.55636596679688 1.303724 1.7935531 0.62054455 -12.265378 1.3972342 24.8854 -1.9291585683822632 0.21994930505752563
Car 0.0 0 -0.14508724212646484 571.8810424804688 191.2607879638672 640.723876953125 219.70977783203125 3.6377664 1.4874839 1.5909079 -0.26552445 2.5394344 40.15799 -0.15169914066791534 0.8680222630500793
Car 0.0 0 -3.058563232421875 553.6502075195312 189.76361083984375 596.78076171875 209.24252319335938 3.5764225 1.6075077 1.7482519 -2.9917464 3.085296 62.103607 -3.1066994667053223 0.3012407124042511
Car 0.0 0 1.769808292388916 1021.4351196289062 196.5338592529297 1090.836669921875 235.75535583496094 4.338376 1.4171841 1.6997614 19.080883 2.500948 30.845276 2.323791980743408 0.2596871554851532
Car 0.0 0 1.083377480506897 643.737548828125 183.6190643310547 684.3239135742188 204.5992889404297 3.8213744 1.4812014 1.4656404 4.0575857 2.3338592 55.0794 1.1569125652313232 0.2296046018600464
Car 0.0 0 2.1047301292419434 231.1330108642578 189.2610321044922 375.6492614746094 258.7984619140625 4.0344577 1.4998273 1.5947366 -7.7909837 1.9725485 18.662548 1.7092578411102295 0.19350117444992065
Car 0.0 0 1.843458890914917 370.5136413574219 167.1343536376953 413.5822448730469 193.02403259277344 3.7404628 1.5374069 1.6089185 -13.488614 1.198115 44.73044 1.5505776405334473 0.1929938644170761
Car 0.0 0 -3.07167387008667 841.5234985351562 161.6407928466797 896.5300903320312 180.3440399169922 4.420956 1.5922236 1.6577752 22.616646 0.6379919 63.070847 -2.7273662090301514 0.1571737378835678
Car 0.0 0 0.3835374712944031 999.0419921875 156.31973266601562 1097.3826904296875 190.92453002929688 4.3574085 1.8338875 1.8142446 24.495447 0.95800865 40.522465 0.9272522926330566 0.15073536336421967
Car 0.0 0 0.9511242508888245 672.2864990234375 177.128662109375 721.003173828125 199.54437255859375 3.6447263 1.4811939 1.5446457 5.981539 1.7917968 50.3956 1.069263219833374 0.14652866125106812
Car 0.0 0 1.1273819208145142 657.41845703125 169.6446990966797 713.2283935546875 197.5360870361328 4.028833 1.5424366 1.6606274 4.2958813 1.3653147 42.075554 1.2291285991668701 0.14481902122497559
Car 0.0 0 -1.3970000743865967 812.6840209960938 149.57923889160156 853.625 179.77090454101562 3.6298409 1.6202452 1.6042511 12.588779 0.37155575 40.699787 -1.0970256328582764 0.1396804004907608
