Pedestrian 0.0 0 -1.6767356395721436 893.3160400390625 457.4527587890625 1212.5086669921875 549.1329345703125 2.7609773 2.3850875 8.292973 5.9956894 2.0590668 34.2488 -1.5034290552139282 0.9999862909317017
Pedestrian 0.0 0 -0.0268842875957489 307.72686767578125 267.2760314941406 543.7903442382812 894.831787109375 0.70711005 1.9145117 0.7168867 -1.3674636 1.2960997 4.277055 -0.3363339900970459 0.14514079689979553
Pedestrian 0.0 0 -2.6928000450134277 1319.9234619140625 482.7389831542969 1408.6239013671875 658.8943481445312 0.7941392 2.0305367 0.6018633 6.438507 2.188409 15.010176 -2.2875945568084717 0.14192332327365875
Pedestrian 0.0 0 -0.8024548292160034 26.786455154418945 334.730712890625 227.8336639404297 666.6015014648438 1.3269291 2.4949908 0.6932319 -5.6208014 1.4781573 10.149292 -1.3082201480865479 0.135381817817688
Pedestrian 0.0 0 0.020717818289995193 740.9984130859375 507.2300109863281 790.1724853515625 615.008544921875 0.97874314 2.1277921 0.6556989 -1.2257358 2.890403 25.310488 -0.027672354131937027 0.13494081795215607
Pedestrian 0.0 0 -2.278688430786133 1033.814697265625 504.6064147949219 1097.5860595703125 599.8219604492188 0.7674205 1.8625332 1.0227498 4.8687935 2.5840116 25.520304 -2.090172529220581 0.12898050248622894
Pedestrian 0.0 0 -1.867366909980774 1283.3800048828125 480.34930419921875 1390.40625 740.8939819335938 0.7468286 2.3568892 0.7448619 4.7770295 2.4576166 11.770214 -1.4818211793899536 0.12858125567436218
Pedestrian 0.0 0 -3.5157980918884277 1582.3218994140625 466.9819030761719 1600.0 630.9878540039062 0.8657557 2.0382307 0.7303277 10.279392 2.0009131 16.012344 -2.9450907707214355 0.12411563098430634
Pedestrian 0.0 0 -3.3930606842041016 1109.528076171875 504.4310302734375 1197.443115234375 653.5433959960938 1.2239579 2.366823 0.8265608 5.332579 2.9416873 20.492588 -3.138486623764038 0.12370140850543976
Pedestrian 0.0 0 -0.44040998816490173 1212.4794921875 476.5826416015625 1275.8123779296875 597.8930053710938 0.7324917 1.8504331 0.6404607 6.495943 1.9550917 19.51082 -0.1190129742026329 0.12262240052223206
Pedestrian 0.0 0 -1.3507249355316162 676.8050537109375 507.3858947753906 720.7664184570312 620.3463745117188 0.82529885 2.2147787 0.7207961 -2.5760536 2.9840493 25.3155 -1.4521337747573853 0.11594630777835846
Pedestrian 0.0 0 -1.4848246574401855 623.7171630859375 510.46026611328125 657.1199951171875 608.41259765625 0.76292855 1.9107583 0.6002991 -3.7346253 2.7367651 25.167667 -1.6321394443511963 0.10838501155376434
Pedestrian 0.0 0 -0.9999089241027832 802.1353149414062 513.2806396484375 852.9527587890625 627.4019165039062 0.76323247 2.2500694 0.7448745 0.021969706 3.153524 25.619926 -0.9990513920783997 0.10582312941551208
Pedestrian 0.0 0 -1.571962594985962 993.3975219726562 541.1508178710938 1033.6785888671875 643.4254150390625 1.2399437 2.0507514 0.83061355 3.9874406 3.6076055 26.732866 -1.4238954782485962 0.10557801276445389
Cyclist 0.0 0 -1.2225502729415894 1340.4267578125 518.5849609375 1406.181640625 641.6967163085938 2.499685 2.8404028 0.674923 13.520293 4.084876 30.941591 -0.8105916976928711 0.7033528685569763
Cyclist 0.0 0 -1.6609774827957153 358.6840515136719 400.8290100097656 503.4814453125 643.5770263671875 1.3266166 2.5976098 1.4611633 -4.533578 1.8575857 14.300442 -1.9679782390594482 0.1139029785990715
Car 0.0 0 -1.5809110403060913 624.8782958984375 537.6158447265625 686.479248046875 607.1156616210938 3.9722545 1.6292466 1.6343184 -4.8625107 3.6586425 35.508923 -1.717002272605896 0.25129130482673645
Car 0.0 0 -2.1126503944396973 1220.644775390625 527.99951171875 1600.0 753.9378051757812 4.1706715 1.7568148 1.6548691 5.7943726 2.4606497 13.027788 -1.694153904914856 0.17529703676700592
Car 0.0 0 1.2537115812301636 1242.8135986328125 533.8616943359375 1458.3956298828125 687.2062377929688 4.011728 1.6910203 1.5919288 7.1787996 2.6925588 17.586113 1.641274094581604 0.17506732046604156
Car 0.0 0 -3.3218801021575928 1283.1265869140625 541.0340576171875 1433.808837890625 596.7691040039062 4.0540485 1.5254822 1.6007046 16.326647 3.7855859 38.629707 -2.9220058917999268 0.16983793675899506
Car 0.0 0 -1.3672958612442017 689.1766967773438 540.3372802734375 774.4686279296875 614.6073608398438 4.0595007 1.7098936 1.579029 -2.57977 3.7921236 34.964653 -1.4409446716308594 0.16350078582763672
Car 0.0 0 -1.044424295425415 477.3332214355469 542.5310668945312 654.12841796875 648.32275390625 3.923338 1.6852249 1.7041174 -5.095749 3.2569263 25.010801 -1.245415210723877 0.15409128367900848
Car 0.0 0 1.6986668109893799 642.978759765625 529.3593139648438 753.0087890625 636.3919067382812 3.7905424 1.8118845 1.7259581 -2.510374 3.0998483 25.256847 1.5995984077453613 0.13443376123905182
Car 0.0 0 -0.9563210606575012 0.0 535.8131713867188 147.1497802734375 723.930908203125 3.463092 1.6185182 1.6385024 -9.2456455 2.4330971 13.753014 -1.5481882095336914 0.12285816669464111
Car 0.0 0 1.5405616760253906 857.8936767578125 527.3756713867188 921.2408447265625 602.0050659179688 3.7534857 1.6598828 1.5313174 1.5941818 3.2427793 32.663097 1.5893298387527466 0.11310247331857681
