Car 0.0 0 -2.0102298259735107 834.4972534179688 186.82920837402344 1168.396728515625 375.0 3.561792 1.466114 1.629968 3.6807833 1.6492611 7.646303 -1.561588168144226 0.9758427739143372
Car 0.0 0 -1.8818433284759521 742.6481323242188 184.05001831054688 912.715087890625 287.8757629394531 4.1557784 1.4750558 1.6228913 3.5727518 1.7069495 12.810797 -1.6098679304122925 0.9563405513763428
Car 0.0 0 1.8445398807525635 361.5356750488281 185.89822387695312 473.1161804199219 254.2724609375 4.151945 1.4250841 1.5974994 -4.6765428 1.7873172 17.92386 1.5893181562423706 0.9513772130012512
Car 0.0 0 -1.757136344909668 714.52734375 179.2105255126953 812.01708984375 247.54995727539062 4.063866 1.4761328 1.6160799 3.6384022 1.6531231 18.004719 -1.5577411651611328 0.9504460096359253
Car 0.0 0 1.749325156211853 496.52935791015625 179.03402709960938 542.4165649414062 212.6141815185547 3.4535031 1.4670274 1.5537561 -4.243685 1.7731992 33.93569 1.624920129776001 0.9331939220428467
Car 0.0 0 1.9272676706314087 237.46511840820312 188.10862731933594 418.6944274902344 297.07879638671875 3.8949394 1.5276221 1.6569413 -4.7345457 1.8358136 12.607923 1.568039894104004 0.9191505312919617
Car 0.0 0 2.153019666671753 0.0 196.11048889160156 303.4211120605469 375.0 4.0124264 1.5080644 1.663521 -4.7212963 1.8005699 7.048423 1.5628252029418945 0.9081975221633911
Car 0.0 0 -1.7129912376403809 702.5629272460938 179.7787628173828 767.9321899414062 227.3148956298828 3.590499 1.3893518 1.5788873 3.939553 1.6319925 23.428314 -1.546396255493164 0.735888659954071
Car 0.0 0 -1.7009023427963257 688.8201904296875 177.79348754882812 741.5654296875 216.30152893066406 3.9034145 1.4138448 1.5850312 4.107491 1.6258395 28.951971 -1.5599702596664429 0.5963038802146912
Car 0.0 0 -2.5695767402648926 1112.24609375 207.7471923828125 1242.0 375.0 3.8085017 1.50256 1.6024096 3.707336 1.7094722 2.3601623 -1.5656917095184326 0.5811299681663513
Car 0.0 0 1.7087552547454834 516.2530517578125 176.91232299804688 554.9744262695312 206.68182373046875 3.7515273 1.492081 1.5597452 -3.9646378 1.7201629 38.5825 1.606357216835022 0.5640937089920044
