Pedestrian 0.0 0 1.0673537254333496 861.5752563476562 155.43084716796875 917.3591918945312 249.6191864013672 0.87174094 1.8328055 0.7126785 5.5585384 1.4941272 14.518303 1.433001160621643 0.7844753861427307
Pedestrian 0.0 0 1.2367782592773438 796.1641235351562 169.80178833007812 819.5365600585938 212.62222290039062 1.0153964 1.7295941 0.62697154 8.086669 1.606668 29.669254 1.5028752088546753 0.26165148615837097
Pedestrian 0.0 0 -1.720374584197998 679.6483154296875 169.10556030273438 692.7151489257812 198.61558532714844 1.3461155 1.7554587 0.58944297 4.5650287 1.5328343 43.60499 -1.6160640716552734 0.23300695419311523
Pedestrian 0.0 0 -3.542747974395752 1042.4765625 96.73429870605469 1179.8973388671875 295.7012634277344 0.90217745 1.8012006 0.645171 4.724026 1.112465 6.933768 -2.9446780681610107 0.14950338006019592
Pedestrian 0.0 0 -0.027958497405052185 735.6895751953125 167.19766235351562 750.2280883789062 191.250244140625 1.0448446 1.7711445 0.51321095 9.821516 1.3549901 53.462223 0.15372514724731445 0.12831349670886993
Cyclist 0.0 0 -1.8672902584075928 697.0326538085938 162.67080688476562 722.685546875 209.4675750732422 1.8150078 1.8205616 0.5093943 3.9571662 1.424757 29.00424 -1.7316933870315552 0.8671922087669373
Cyclist 0.0 0 -1.7982391119003296 676.6270141601562 168.8037567138672 692.1546630859375 197.67822265625 1.6289911 1.7160263 0.5813897 4.4667106 1.4756756 43.723133 -1.6964333057403564 0.1700185239315033
Cyclist 0.0 0 1.1446588039398193 796.19091796875 168.42987060546875 821.774658203125 211.8563690185547 1.1037551 1.7508736 0.6113165 8.135679 1.5728593 29.681501 1.4121874570846558 0.1389131247997284
Car 0.0 0 -2.2716119289398193 1187.8123779296875 146.45034790039062 1242.0 186.7342529296875 4.248481 2.2381103 1.76304 36.34599 0.77152246 42.217678 -1.560813069343567 0.16297730803489685
Car 0.0 0 3.486844301223755 28.96082305908203 161.24908447265625 121.648193359375 186.57972717285156 4.288885 1.5127153 1.648117 -32.915607 0.8200414 44.492546 2.849902868270874 0.162339985370636
Car 0.0 0 -1.6856826543807983 540.51611328125 164.82298278808594 583.2453002929688 197.90528869628906 3.603098 1.5197816 1.6598371 -2.425195 1.1511996 35.067223 -1.7547311782836914 0.14805883169174194
