Pedestrian 0.0 0 -0.8596385717391968 356.38824462890625 516.5488891601562 414.2955017089844 598.8922729492188 0.901336 1.7924774 0.8635367 -10.032154 2.873244 28.501123 -1.1980865001678467 0.24475856125354767
Pedestrian 0.0 0 -2.4553651809692383 401.5328063964844 506.7547607421875 468.64276123046875 619.0101928710938 0.93788904 2.0009186 0.725167 -7.2387385 2.696212 23.177965 -2.758078098297119 0.23938493430614471
Pedestrian 0.0 0 -3.529334306716919 1494.5533447265625 504.50701904296875 1557.218505859375 596.327880859375 0.97963345 1.9280466 0.72471386 15.082923 2.6847072 27.04028 -3.02052640914917 0.17296826839447021
Pedestrian 0.0 0 -2.335991382598877 438.58984375 505.5718078613281 519.5274658203125 645.869873046875 1.0641537 2.299785 0.83248746 -5.957111 2.92796 21.484957 -2.6064658164978027 0.1551116406917572
Pedestrian 0.0 0 -0.4421938359737396 991.6609497070312 515.9996337890625 1035.4737548828125 582.3731689453125 1.2199873 2.070805 0.6794088 6.0098033 3.568871 40.284737 -0.29410287737846375 0.12956997752189636
Pedestrian 0.0 0 -3.4984381198883057 1353.242919921875 509.0433349609375 1413.478515625 593.0111083984375 1.1544956 1.9657515 0.6833989 13.348271 2.9145255 30.055758 -3.0804872512817383 0.12896016240119934
Pedestrian 0.0 0 -0.08847343921661377 356.1378479003906 505.76849365234375 422.0222473144531 627.936279296875 1.1406068 2.266767 0.6936439 -8.425002 2.9714108 24.119053 -0.42453253269195557 0.11830691993236542
Cyclist 0.0 0 -1.4445035457611084 1406.6920166015625 508.90478515625 1452.820556640625 613.9496459960938 1.879287 2.2168086 0.70199525 13.560833 3.121552 28.143745 -0.9954876899719238 0.6198129653930664
Cyclist 0.0 0 -0.988792896270752 357.74139404296875 531.56201171875 430.4599914550781 647.5866088867188 1.3192599 2.0975924 0.71756244 -8.32093 3.3203743 24.150013 -1.3206058740615845 0.3446744382381439
Cyclist 0.0 0 -0.9507107734680176 966.8931884765625 508.6824645996094 1020.2118530273438 577.9049072265625 1.8395326 2.064702 0.7240975 5.2484183 3.3074327 39.313725 -0.8179945945739746 0.1624378263950348
Car 0.0 0 1.2833054065704346 899.7228393554688 534.1922607421875 990.5097045898438 600.204345703125 3.451965 1.6423981 1.7322737 3.4122846 3.6161819 36.65136 1.3761389255523682 0.25250667333602905
Car 0.0 0 -1.4771411418914795 545.58837890625 537.5540161132812 599.8319702148438 589.33251953125 3.7809167 1.6040634 1.5980216 -9.259215 4.18564 45.90133 -1.6761900186538696 0.22770971059799194
Car 0.0 0 -2.135059118270874 1155.937255859375 519.6708984375 1336.7340087890625 611.981689453125 4.1955066 1.6152954 1.6314939 8.766014 2.7571952 26.559317 -1.8162627220153809 0.17745351791381836
Car 0.0 0 -2.3946056365966797 1284.141845703125 537.0174560546875 1465.7027587890625 619.725830078125 3.7563934 1.5675876 1.6254343 12.639365 3.2345579 29.108458 -1.984954833984375 0.14899659156799316
Car 0.0 0 -2.068362236022949 1053.577392578125 530.2737426757812 1170.8726806640625 598.856689453125 3.9297302 1.6718086 1.6372728 8.2137575 3.5236664 36.36832 -1.846239686012268 0.1356520801782608
Car 0.0 0 -1.8620576858520508 670.0606079101562 531.3419189453125 747.5054321289062 582.5614013671875 4.381393 1.5567402 1.6387037 -4.380264 3.9249473 46.01684 -1.9569599628448486 0.1251954734325409
Car 0.0 0 -1.8705390691757202 1044.810791015625 542.8990478515625 1158.4761962890625 626.5005493164062 3.3731787 1.6705729 1.7194252 6.480347 3.50986 29.848425 -1.6567484140396118 0.11584759503602982
Car 0.0 0 -1.54996657371521 745.2575073242188 530.3671264648438 792.341796875 578.0537109375 4.2279425 1.5169327 1.6879486 -2.1458855 3.9038916 47.390602 -1.5952165126800537 0.10640574991703033
