Pedestrian 0.0 0 -1.1131352186203003 571.6563720703125 167.3120574951172 636.9854736328125 282.33306884765625 0.97734576 1.6901426 0.6504524 0.0145636685 1.4829723 11.134933 -1.1118272542953491 0.7306683659553528
Pedestrian 0.0 0 1.5396945476531982 551.3953857421875 170.4862518310547 570.9840698242188 227.23556518554688 0.8058824 1.7684714 0.59417117 -1.3097814 1.4263606 22.810373 1.4823371171951294 0.6739290952682495
Pedestrian 0.0 0 1.565364956855774 795.6817016601562 142.75999450683594 848.1857299804688 276.38800048828125 0.67021334 1.6038609 0.6082443 2.7175717 1.1402297 9.026643 1.857795000076294 0.6306524276733398
Pedestrian 0.0 0 1.349780559539795 136.91790771484375 164.900146484375 203.78994750976562 315.7469482421875 0.5786801 1.7411722 0.579969 -5.2690516 1.5509145 8.698431 0.8051457405090332 0.6058283448219299
Pedestrian 0.0 0 1.994219183921814 395.004150390625 162.1633758544922 466.59881591796875 296.9007568359375 0.95498675 1.8104181 0.6554346 -2.4433239 1.5519242 10.179691 1.7586557865142822 0.5686044096946716
Pedestrian 0.0 0 1.161729335784912 570.9658813476562 170.9973602294922 594.9282836914062 225.47311401367188 0.688543 1.7700585 0.5643709 -0.6401918 1.4298934 23.769184 1.1348021030426025 0.5126246213912964
Pedestrian 0.0 0 0.5858045816421509 896.961181640625 144.19688415527344 998.374267578125 311.24591064453125 0.78646755 1.620087 0.52493995 3.522357 1.2596825 7.4362764 1.0281689167022705 0.48070666193962097
Pedestrian 0.0 0 -0.7756747007369995 153.5275115966797 211.29788208007812 306.52264404296875 374.0 0.8280426 1.6468216 0.72125864 -3.0145519 1.9093121 5.7865453 -1.2559484243392944 0.40722426772117615
Pedestrian 0.0 0 1.4072375297546387 524.0180053710938 172.03819274902344 543.5366821289062 224.06765747070312 0.57147866 1.7459861 0.57509184 -2.3302875 1.4295499 24.452776 1.3122270107269287 0.40059250593185425
Pedestrian 0.0 0 2.604215383529663 958.1760864257812 115.74015808105469 1066.6304931640625 284.4190673828125 0.8080064 1.7382369 0.6177043 4.3462596 1.0619452 7.7185006 3.1170578002929688 0.3845217227935791
Pedestrian 0.0 0 3.3067822456359863 447.8533935546875 187.81837463378906 481.0885009765625 257.1351013183594 0.70807374 1.6438837 0.56546664 -3.3415718 1.8005098 17.377535 3.1168084144592285 0.3100314736366272
Pedestrian 0.0 0 1.4802021980285645 682.2761840820312 145.67037963867188 700.6282348632812 190.61602783203125 0.7709606 1.8932688 0.70868033 3.8214004 0.3849747 30.653292 1.6042275428771973 0.3089997470378876
Pedestrian 0.0 0 -2.1804022789001465 469.9363708496094 168.6279754638672 493.0171813964844 215.6353302001953 0.5827652 1.7146411 0.6222547 -4.467557 1.2461655 26.625277 -2.3466475009918213 0.2915990352630615
Pedestrian 0.0 0 -1.63970148563385 581.790283203125 162.52249145507812 601.8048706054688 215.53953552246094 0.8771212 1.6550946 0.57620794 -0.339246 1.0637602 22.883602 -1.6545252799987793 0.2903446555137634
Pedestrian 0.0 0 -3.2305781841278076 833.4581909179688 152.58070373535156 873.504638671875 233.8763885498047 0.75851285 1.692968 0.53725666 5.3253136 1.0919639 15.309416 -2.8958239555358887 0.24296675622463226
Pedestrian 0.0 0 -2.8061912059783936 708.454345703125 148.43284606933594 736.4077758789062 208.09251403808594 0.7014081 1.8491652 0.63791436 3.8012695 0.82535267 22.71059 -2.640349864959717 0.2295469045639038
Pedestrian 0.0 0 0.2275121659040451 248.03240966796875 173.46597290039062 375.6259765625 285.3474426269531 1.786768 1.6922871 0.5082305 -4.546541 1.5720714 11.252938 -0.15646477043628693 0.11806891858577728
Cyclist 0.0 0 1.8424499034881592 472.43304443359375 169.89479064941406 526.9411010742188 262.9797668457031 1.4752704 1.512283 0.5628504 -1.7770715 1.3250327 12.435486 1.700507640838623 0.8062194585800171
Cyclist 0.0 0 0.2275121659040451 248.03240966796875 173.46597290039062 375.6259765625 285.3474426269531 1.786768 1.6922871 0.5082305 -4.546541 1.5720714 11.252938 -0.15646477043628693 0.2737983167171478
Cyclist 0.0 0 -2.0494158267974854 823.9783325195312 150.35540771484375 873.8998413085938 231.04762268066406 1.2912879 1.6692065 0.47452986 5.2939734 1.0261837 15.530794 -1.720898151397705 0.25981128215789795
Cyclist 0.0 0 1.0064680576324463 0.0 168.76307678222656 109.94715118408203 306.1231384277344 1.8712915 1.6993892 0.5285684 -7.4379606 1.5431491 9.44518 0.3394033908843994 0.22516928613185883
Cyclist 0.0 0 -1.8828566074371338 631.51220703125 161.50413513183594 671.2243041992188 233.67471313476562 1.6788031 1.6517476 0.45431572 1.1477046 1.1953182 17.307163 -1.8166396617889404 0.22301214933395386
