Pedestrian 0.0 0 1.3809666633605957 583.6407470703125 109.86088562011719 617.4614868164062 197.47042846679688 0.7705445 1.8188487 0.5848831 -0.063878655 0.332796 15.345054 1.3768038749694824 0.534465491771698
Pedestrian 0.0 0 1.671076774597168 482.5314025878906 148.12832641601562 499.3936767578125 198.4266357421875 0.6148171 1.7195435 0.51964074 -3.8458216 0.5797414 24.875809 1.5176903009414673 0.5141617059707642
Pedestrian 0.0 0 -0.509366512298584 1151.12841796875 64.90360260009766 1238.0 261.2966613769531 0.35739678 1.7858409 0.7145464 5.6489887 0.7269853 6.912366 0.17579221725463867 0.4856034815311432
Pedestrian 0.0 0 3.0630908012390137 236.9952850341797 167.4875946044922 262.3800964355469 224.70257568359375 0.6793347 1.7965816 0.66700315 -11.298605 1.3576909 23.013565 2.606706142425537 0.3751203715801239
Pedestrian 0.0 0 -1.9892163276672363 753.3096923828125 159.9149169921875 773.61669921875 200.02157592773438 0.64028144 1.8166913 0.7079542 7.410462 0.8398988 32.918682 -1.7677931785583496 0.2984195351600647
Pedestrian 0.0 0 0.04332733154296875 0.0 137.5924835205078 81.47127532958984 374.0 0.5896995 1.7101678 0.5604114 -3.4165492 1.483516 4.1301427 -0.6477940082550049 0.23108094930648804
Pedestrian 0.0 0 -2.501676321029663 655.3905029296875 159.76412963867188 707.1448364257812 208.177490234375 1.8309803 1.7168612 0.6976471 2.8940954 0.9471083 26.350344 -2.3922834396362305 0.10085980594158173
Cyclist 0.0 0 -2.527243137359619 652.2281494140625 158.69839477539062 702.9049072265625 207.34051513671875 1.8047723 1.7381775 0.6656207 2.7767153 0.9244385 26.511002 -2.4228854179382324 0.5089781880378723
Cyclist 0.0 0 2.35205078125 735.2578125 144.97531127929688 771.7147827148438 183.7672882080078 1.7425811 1.821206 0.6844621 7.2956214 0.107360676 34.486122 2.5605292320251465 0.2910117208957672
Cyclist 0.0 0 1.370788812637329 582.484375 106.59793090820312 618.5355224609375 196.14950561523438 0.86543024 1.8525854 0.6070627 -0.066273704 0.3042964 15.343142 1.366469383239746 0.12852267920970917
Car 0.0 0 -0.6888710260391235 787.54296875 192.11062622070312 1047.734130859375 296.2802734375 3.4886994 1.3811622 1.4944226 4.742545 1.5622265 10.967303 -0.2807275056838989 0.9497866630554199
Car 0.0 0 2.671229839324951 777.3045043945312 153.99371337890625 861.4780883789062 185.77462768554688 3.6195335 1.5032405 1.5529171 10.602912 0.20310298 35.05713 2.9649298191070557 0.5656176209449768
Car 0.0 0 1.202324628829956 643.3324584960938 154.93385314941406 700.583251953125 187.00238037109375 3.7650752 1.5218188 1.6061659 3.4750807 0.2620277 36.11534 1.2982510328292847 0.31842994689941406
Car 0.0 0 -2.3538386821746826 870.5614624023438 148.20462036132812 985.6922607421875 190.84544372558594 3.9430895 1.4829296 1.6411377 12.187168 0.32607397 27.113358 -1.9314093589782715 0.31042104959487915
Car 0.0 0 -2.238027334213257 853.9874877929688 147.3343048095703 916.220947265625 176.92453002929688 3.4073477 1.6198397 1.5922395 16.431736 -0.27710387 41.758595 -1.863142490386963 0.22291654348373413
