Pedestrian 0.0 0 -1.629274845123291 716.1978149414062 506.5289001464844 741.439453125 552.2560424804688 1.2787263 2.101743 1.1076779 -4.105604 2.814393 59.375504 -1.6983113288879395 0.5586068034172058
Pedestrian 0.0 0 -1.108534812927246 430.317138671875 508.47601318359375 484.1739501953125 587.8206176757812 1.3056278 1.940674 0.8118491 -9.059297 2.3790298 31.998362 -1.384432077407837 0.30455249547958374
Pedestrian 0.0 0 2.6612586975097656 1061.4461669921875 493.6761779785156 1104.806884765625 573.6859741210938 0.9413831 2.1562169 0.70334816 7.2914796 2.2163103 34.619904 2.868839979171753 0.24943913519382477
Pedestrian 0.0 0 -0.8861967325210571 1104.130615234375 472.7455749511719 1197.17578125 617.834716796875 1.5099765 2.3820431 0.7419865 5.6915135 2.0740206 21.53548 -0.6278188228607178 0.20828010141849518
Pedestrian 0.0 0 -2.8001668453216553 536.555908203125 486.796142578125 588.30322265625 576.0708618164062 1.036562 2.1637318 0.8123297 -6.2409697 2.0495543 31.170145 -2.997776508331299 0.14937247335910797
Pedestrian 0.0 0 -0.47221535444259644 1251.66552734375 490.49114990234375 1289.849853515625 563.3141479492188 0.7556838 2.0423865 0.76298785 12.894699 2.0138943 35.94436 -0.1277751475572586 0.14636777341365814
Pedestrian 0.0 0 0.28918367624282837 1066.731689453125 501.2550964355469 1112.379150390625 570.6525268554688 1.2269105 2.1319218 0.7841407 8.573006 2.4426003 39.7232 0.5017421245574951 0.14024868607521057
Pedestrian 0.0 0 -0.5970063805580139 951.7405395507812 484.9726867675781 1005.2575073242188 575.8513793945312 1.3373278 2.5358045 0.7136878 4.605987 2.3534737 35.957882 -0.4696062207221985 0.1366340070962906
Pedestrian 0.0 0 -2.818455696105957 631.8463745117188 486.99505615234375 672.0042724609375 561.5398559570312 0.9480087 2.0253274 0.6153096 -4.5127535 1.9027395 34.80098 -2.9474093914031982 0.1296284943819046
Pedestrian 0.0 0 -1.9654624462127686 1409.507080078125 476.7194519042969 1512.5830078125 610.7037353515625 1.1367297 1.9428899 1.0162411 9.633226 1.7284563 18.969107 -1.495564341545105 0.12174471467733383
Pedestrian 0.0 0 -3.2774415016174316 1071.66845703125 496.0986022949219 1098.6187744140625 541.8876342773438 0.96591455 1.8158689 0.7261422 10.759982 2.001126 50.699783 -3.068315029144287 0.11854647099971771
Pedestrian 0.0 0 -0.4907110929489136 1056.9716796875 490.4771423339844 1119.2645263671875 573.2335205078125 1.4542761 2.1438463 0.68007475 7.152537 2.1171658 33.334545 -0.27934756875038147 0.11352986097335815
Pedestrian 0.0 0 -3.4616847038269043 1555.7850341796875 480.1059875488281 1600.0 577.9191284179688 0.88951457 2.0234368 0.7188928 16.176664 1.7875855 26.647856 -2.91609525680542 0.1129128485918045
Pedestrian 0.0 0 -1.92626953125 919.4695434570312 485.2697448730469 974.0215454101562 622.9548950195312 0.9088216 2.2487028 0.6314492 2.1767032 2.1468337 21.202396 -1.8239648342132568 0.10759726166725159
Cyclist 0.0 0 -2.0373079776763916 1397.080322265625 420.4267883300781 1600.0 669.5340576171875 2.3433616 2.2932725 0.9309663 6.8683486 1.6389099 12.841382 -1.5461623668670654 0.952613115310669
Cyclist 0.0 0 -1.4913722276687622 621.3270874023438 482.22637939453125 652.2814331054688 563.1298828125 1.2205036 2.1251206 0.7255162 -4.7957535 1.8813415 33.896698 -1.6319208145141602 0.10513339936733246
Car 0.0 0 1.59235680103302 827.9644775390625 507.3248291015625 881.2386474609375 564.033447265625 4.006885 1.6311351 1.5752763 1.2401422 2.151354 39.608067 1.6236568689346313 0.21851898729801178
Car 0.0 0 1.1362080574035645 1268.7362060546875 526.9988403320312 1420.367431640625 608.7093505859375 4.1190376 1.6455768 1.6599792 12.149869 2.5286365 29.416151 1.5278998613357544 0.14313958585262299
Car 0.0 0 -1.7258086204528809 354.5777893066406 502.1116027832031 441.5615539550781 576.2933349609375 2.8295777 1.6523898 1.5545871 -10.031508 1.9194915 30.284288 -2.04567813873291 0.1430748999118805
Car 0.0 0 -2.3721020221710205 0.0 516.0682373046875 215.5805206298828 601.8838500976562 3.7611656 1.5479572 1.6052992 -13.9355545 2.0536416 24.818302 -2.8837339878082275 0.13380421698093414
Car 0.0 0 -2.1457746028900146 1443.09423828125 523.5423583984375 1600.0 615.378173828125 4.1312623 1.7823856 1.6796904 15.900675 2.5483305 28.166315 -1.6318458318710327 0.1322537660598755
Car 0.0 0 -1.8239914178848267 517.296630859375 519.8019409179688 598.8360595703125 576.8666381835938 3.6059191 1.5909176 1.6210188 -8.041354 2.5118146 39.241657 -2.0261120796203613 0.1307273954153061
Car 0.0 0 -1.285544991493225 585.7962036132812 507.1018371582031 654.2545776367188 555.6947021484375 3.29278 1.637098 1.565638 -7.0115767 2.2189393 45.514835 -1.4383938312530518 0.12743401527404785
Car 0.0 0 -2.098705291748047 1090.1456298828125 507.6502990722656 1184.27490234375 553.4651489257812 3.916534 1.5611343 1.6109337 11.783808 2.1837823 46.741154 -1.8517439365386963 0.12440434843301773
Car 0.0 0 -1.5363935232162476 739.1875610351562 513.6072998046875 780.0465698242188 552.5337524414062 3.955705 1.5545412 1.6293961 -2.4199874 2.5457733 54.81522 -1.5805130004882812 0.12413245439529419
Car 0.0 0 -1.2148780822753906 937.4635009765625 532.9483032226562 1053.858154296875 612.7971801757812 3.7577064 1.6462742 1.5307823 4.33968 2.7011113 30.219048 -1.0722458362579346 0.1172700747847557
Car 0.0 0 -1.3346710205078125 631.7230224609375 509.17047119140625 684.9386596679688 547.0531005859375 3.4678886 1.5743479 1.5710382 -6.9657865 2.3824959 56.130806 -1.4581389427185059 0.10797718167304993
