Pedestrian 0.0 0 0.9213035702705383 370.3858947753906 147.59886169433594 402.6134948730469 209.4044189453125 0.6799416 1.7381084 0.59383005 -6.467515 1.0282366 20.727549 0.6188514232635498 0.3761885166168213
Pedestrian 0.0 0 0.9665213227272034 718.6732177734375 147.99606323242188 764.9774169921875 225.0989532470703 0.7306224 1.8044976 0.8289752 3.1229055 1.2230864 17.388018 1.1442277431488037 0.19147448241710663
Pedestrian 0.0 0 -2.2693541049957275 0.0 148.22933959960938 29.09710121154785 199.1905517578125 0.71992844 1.8915443 0.68268275 -22.560543 0.9779003 27.178907 -2.9621665477752686 0.1539335995912552
Pedestrian 0.0 0 -2.3796281814575195 899.7073364257812 148.21121215820312 925.8243408203125 182.9195556640625 1.080028 1.7593749 0.6658869 15.567218 0.5105834 37.200386 -1.983302116394043 0.1368480920791626
Cyclist 0.0 0 -0.1454395353794098 898.0244750976562 146.2150421142578 938.920654296875 181.0758514404297 1.8594108 1.7714139 0.68678194 15.864624 0.41814244 37.230152 0.2573819160461426 0.5015333890914917
Cyclist 0.0 0 -1.6648048162460327 399.25146484375 136.07196044921875 436.42462158203125 240.3340301513672 1.2125353 1.8253179 0.5446841 -3.6047213 1.1817317 13.2925205 -1.9296200275421143 0.14552660286426544
Car 0.0 0 2.2032690048217773 975.2127075195312 173.4347686767578 1119.308349609375 225.77452087402344 4.181333 1.4966536 1.6469901 13.4306 1.5161649 22.228624 2.7467732429504395 0.7336826920509338
Car 0.0 0 -1.2094106674194336 1125.3260498046875 168.67462158203125 1242.0 274.7474670410156 4.2622347 1.6512228 1.7991257 11.407317 1.5865207 13.02627 -0.4901750981807709 0.7172122001647949
Car 0.0 0 2.680634021759033 564.30078125 153.31381225585938 762.961181640625 237.97219848632812 4.4529266 1.8495334 1.8035742 1.2488606 1.4229963 17.440342 2.752119541168213 0.42783111333847046
Car 0.0 0 -0.575600266456604 897.8240966796875 162.020751953125 976.5517578125 188.63052368164062 3.9954214 1.5392275 1.6680632 19.37396 0.9129422 42.859344 -0.15105465054512024 0.19801683723926544
Car 0.0 0 0.18802370131015778 674.9679565429688 182.3167266845703 796.4890747070312 227.81517028808594 4.1090508 1.5167966 1.6287559 4.5172358 1.8796489 26.153225 0.359058141708374 0.15864193439483643
Car 0.0 0 -0.19310814142227173 873.2630615234375 161.59304809570312 951.9539794921875 190.31170654296875 3.5005352 1.4343966 1.5505302 15.482194 0.8723098 37.14586 0.20179200172424316 0.1518736034631729
Car 0.0 0 1.4770244359970093 727.3480224609375 182.65850830078125 774.9214477539062 221.3912811279297 4.2525063 1.478054 1.587119 5.918409 1.9272205 30.833754 1.666663646697998 0.1513557881116867
