Pedestrian 0.0 0 2.883577585220337 339.75616455078125 126.20487213134766 430.6528015136719 313.9244689941406 0.6756054 1.6824105 0.6951606 -2.2252176 1.2646822 6.938691 2.573242425918579 0.3528708517551422
Pedestrian 0.0 0 1.4960111379623413 927.6517333984375 155.70924377441406 959.1129760742188 217.47923278808594 1.1081157 1.8154956 0.7816777 10.0406 1.3119478 21.859632 1.9265897274017334 0.3266216218471527
Pedestrian 0.0 0 1.2600486278533936 442.87432861328125 177.55718994140625 498.4323425292969 275.517822265625 0.78106374 1.7428257 0.81302965 -2.6503482 1.8342166 13.424476 1.0651288032531738 0.19332315027713776
Pedestrian 0.0 0 -0.17605561017990112 831.7471313476562 167.98313903808594 855.5504760742188 202.12997436523438 1.1183738 1.8022318 0.5995549 12.409961 1.545511 38.452106 0.13612914085388184 0.1660289317369461
Cyclist 0.0 0 2.810901403427124 295.77044677734375 186.14955139160156 336.2075500488281 221.2244415283203 1.8479376 1.774949 0.69930154 -15.529449 2.4924052 38.042213 2.4233322143554688 0.13116270303726196
Cyclist 0.0 0 -0.3550789952278137 1047.5052490234375 164.15249633789062 1080.0084228515625 198.9175567626953 1.330431 1.8409046 0.650824 24.266884 1.380494 38.65893 0.20547199249267578 0.10482770204544067
Car 0.0 0 2.0833146572113037 117.34063720703125 194.62510681152344 368.09259033203125 313.00531005859375 4.2013307 1.4668369 1.7980741 -5.7474895 1.8907298 11.881728 1.6327714920043945 0.9443211555480957
Car 0.0 0 0.5210614204406738 179.27207946777344 199.37533569335938 261.0455322265625 225.77224731445312 4.0869994 1.5063771 1.6611264 -23.671822 3.1503634 43.830566 0.02586960792541504 0.16799978911876678
Car 0.0 0 -1.3019047975540161 626.1981811523438 167.0391387939453 664.4297485351562 191.47694396972656 3.8380432 1.5613332 1.5878825 2.3688588 1.1901792 48.167385 -1.2527647018432617 0.13948500156402588
Car 0.0 0 -0.9782975912094116 126.84388732910156 172.227783203125 180.17214965820312 192.38702392578125 3.8548112 1.5245327 1.661162 -35.71111 1.4775335 56.513832 -1.5418435335159302 0.1371922343969345
