Pedestrian 0.0 0 -1.5199729204177856 683.2274780273438 164.05592346191406 733.8134765625 281.4049377441406 0.7970306 1.5900489 0.673464 1.4855417 1.3550102 10.18701 -1.3751665353775024 0.9026498794555664
Pedestrian 0.0 0 -1.7719650268554688 622.7744140625 161.24664306640625 674.4778442382812 280.68902587890625 0.8189765 1.5940855 0.56319726 0.6007314 1.3251095 10.029403 -1.7121394872665405 0.8632726669311523
Pedestrian 0.0 0 1.9740551710128784 277.3700256347656 156.21237182617188 350.1983947753906 286.2757568359375 0.75487274 1.6645485 0.6602324 -3.86211 1.3422512 9.574535 1.590644359588623 0.8517571091651917
Pedestrian 0.0 0 -1.5504316091537476 453.17596435546875 171.3101348876953 474.3101806640625 220.0906524658203 1.0356592 1.64359 0.69711447 -4.7637725 1.3013358 24.769907 -1.7404327392578125 0.6952880024909973
Pedestrian 0.0 0 1.443198323249817 728.0590209960938 163.55477905273438 750.0242309570312 223.7571563720703 0.6849302 1.6548454 0.5187256 3.8150384 1.1627204 20.100403 1.6307663917541504 0.6386980414390564
Pedestrian 0.0 0 1.0366826057434082 755.6158447265625 142.50418090820312 794.1085205078125 218.25473022460938 0.81360704 1.7458307 0.54693747 4.0670886 0.84829855 17.02232 1.2712125778198242 0.6030585169792175
Pedestrian 0.0 0 1.2757912874221802 659.3192749023438 163.82823181152344 692.6529541015625 227.573974609375 1.0917468 1.8771132 0.7148662 2.2190983 1.3578651 21.754496 1.3774460554122925 0.5540469884872437
Pedestrian 0.0 0 3.4412617683410645 109.82315063476562 174.69386291503906 157.1287078857422 270.7325134277344 0.5766069 1.6679903 0.5333256 -8.37631 1.5510597 12.809205 2.8621294498443604 0.4177524447441101
Pedestrian 0.0 0 -0.1864803582429886 605.688720703125 171.24928283691406 623.14599609375 201.85743713378906 0.93497765 1.7505065 0.4665865 0.7467018 1.165051 41.387955 -0.1684407889842987 0.4134865403175354
Pedestrian 0.0 0 -2.9528486728668213 714.5241088867188 158.46774291992188 730.9386596679688 198.4570770263672 0.6293103 1.7936237 0.6266904 5.498392 0.7615104 32.61987 -2.7858588695526123 0.3260740339756012
Pedestrian 0.0 0 -0.2521766126155853 769.7567138671875 150.78363037109375 803.6310424804688 217.48524475097656 0.7315111 1.7257382 0.61165595 4.8326893 0.9322023 18.888968 -0.0017023480031639338 0.30452463030815125
Pedestrian 0.0 0 -2.632981538772583 377.9493713378906 177.61412048339844 397.3082275390625 213.978759765625 0.6642434 1.7785184 0.69555825 -10.583762 1.5893612 35.541332 -2.9224071502685547 0.253824383020401
Cyclist 0.0 0 1.8411128520965576 398.9003601074219 159.6353302001953 468.7351989746094 281.1753234863281 1.6508033 1.6958939 0.61255485 -2.5386422 1.3921269 10.857748 1.6114295721054077 0.9446632862091064
Cyclist 0.0 0 1.787520170211792 482.0454406738281 167.79428100585938 514.4624633789062 231.86245727539062 1.6765642 1.7307464 0.5609427 -2.922256 1.3616581 20.259195 1.644264817237854 0.8952504992485046
Cyclist 0.0 0 1.7504476308822632 501.4774169921875 169.96888732910156 540.5518798828125 249.05764770507812 1.7288585 1.7450696 0.6090647 -1.885808 1.491859 16.730207 1.6382026672363281 0.8357770442962646
Cyclist 0.0 0 1.4648759365081787 657.6146850585938 175.7325439453125 688.4446411132812 247.61349487304688 1.726875 1.639584 0.5497246 1.6662495 1.5092413 17.248444 1.5611799955368042 0.3305340111255646
Cyclist 0.0 0 -1.8860845565795898 751.7605590820312 145.796630859375 788.626708984375 217.0197296142578 1.0739567 1.66887 0.55983996 4.03813 0.8334873 17.388409 -1.657898187637329 0.2628101706504822
Cyclist 0.0 0 -1.5908211469650269 453.466796875 170.55828857421875 474.4493103027344 220.3762664794922 1.1507672 1.6750335 0.68541974 -4.7746344 1.3082192 24.784277 -1.7811373472213745 0.25754866003990173
Cyclist 0.0 0 1.4520845413208008 660.7330932617188 166.94761657714844 690.8619995117188 228.19105529785156 1.1866004 1.8007357 0.7673765 2.2081337 1.3739837 21.718405 1.5534074306488037 0.12098617106676102
Car 0.0 0 -0.6882243156433105 138.65357971191406 164.09959411621094 218.65554809570312 191.52786254882812 4.5081825 1.7372444 1.7620121 -28.091175 0.6358582 47.914757 -1.2184900045394897 0.38915520906448364
Car 0.0 0 1.6579636335372925 507.6681213378906 169.8753662109375 540.4136352539062 197.0550537109375 4.457049 1.6129072 1.6531241 -4.777793 0.92383903 44.868874 1.5518798828125 0.2987792491912842
Car 0.0 0 0.5677423477172852 321.3432922363281 178.3580322265625 435.59490966796875 222.705322265625 3.4725864 1.4532956 1.5465282 -7.681158 1.351421 24.741352 0.26671862602233887 0.29601240158081055
