Pedestrian 0.0 0 -0.6752489805221558 357.9953308105469 503.6003112792969 419.97454833984375 584.1192626953125 1.4746236 2.2379582 0.85182714 -12.239567 2.5927632 36.305065 -1.0004136562347412 0.21758264303207397
Pedestrian 0.0 0 -2.8747522830963135 725.2313232421875 484.1429748535156 750.9637451171875 527.4357299804688 0.9753481 1.860243 0.64930224 -3.382395 1.5438159 54.83385 -2.936358690261841 0.1786523312330246
Pedestrian 0.0 0 -2.9486162662506104 698.4012451171875 478.5393371582031 755.0037231445312 590.88037109375 0.97173107 2.1102421 0.6450393 -1.7034185 1.866653 24.168222 -3.018981695175171 0.1761884093284607
Pedestrian 0.0 0 -2.2022171020507812 988.3070068359375 502.252197265625 1031.6556396484375 568.9536743164062 0.98314714 1.9543313 0.87170535 5.8006196 2.281714 37.948135 -2.050534725189209 0.16871149837970734
Pedestrian 0.0 0 -2.580141544342041 780.0330810546875 486.93218994140625 836.2606201171875 584.652099609375 0.9973425 2.115632 0.7491578 -0.17829466 2.0165863 27.999039 -2.5865092277526855 0.16121169924736023
Pedestrian 0.0 0 -2.8493478298187256 1007.8336181640625 480.8275451660156 1080.448974609375 592.77197265625 1.159976 2.017926 0.7313139 4.2154503 1.8254153 23.417418 -2.6712417602539062 0.14020571112632751
Pedestrian 0.0 0 -2.3808202743530273 0.0 471.15460205078125 33.93616485595703 573.4125366210938 0.90667754 1.9752458 0.77063775 -16.096653 1.5821112 24.925524 -2.954230308532715 0.13598103821277618
Pedestrian 0.0 0 0.3845924437046051 196.7145538330078 483.5050354003906 241.64959716796875 543.2833862304688 1.2718465 2.1078715 0.7109685 -21.23123 1.8257068 45.04613 -0.05585066229104996 0.13340726494789124
Cyclist 0.0 0 -0.6902666091918945 262.88299560546875 471.49517822265625 367.58880615234375 606.9413452148438 1.5510447 2.2800012 0.8005493 -8.759067 1.943136 22.190325 -1.0662169456481934 0.34356093406677246
Cyclist 0.0 0 -1.104556679725647 203.66265869140625 502.4385070800781 240.26040649414062 559.2936401367188 1.2359027 1.9868189 0.69944835 -21.167017 2.381734 45.123936 -1.5431689023971558 0.14346453547477722
Car 0.0 0 -1.7231651544570923 870.73193359375 516.222412109375 947.492919921875 579.8772583007812 4.0360446 1.637396 1.5919439 2.5996032 2.3856251 36.26367 -1.6516014337539673 0.4559423625469208
Car 0.0 0 -1.2874906063079834 322.9429016113281 508.9452209472656 392.80804443359375 550.3606567382812 3.8497458 1.5375276 1.6123549 -18.277916 2.2620764 50.64742 -1.6338298320770264 0.30355557799339294
Car 0.0 0 1.4754079580307007 387.4674377441406 519.6018676757812 505.20477294921875 625.4888916015625 4.202089 1.7363961 1.7607197 -7.160118 2.3249884 24.253956 1.188347339630127 0.2532214820384979
Car 0.0 0 -1.5193359851837158 1008.3079833984375 513.828125 1082.5400390625 587.77685546875 3.4107578 1.7725312 1.7457151 6.075419 2.3929288 33.338932 -1.3390820026397705 0.2375635951757431
Car 0.0 0 1.6472969055175781 247.7890625 508.0454406738281 300.7349548339844 552.1283569335938 4.0646257 1.6595132 1.6712191 -22.000902 2.3608701 51.513134 1.243654727935791 0.19876128435134888
Car 0.0 0 1.5743224620819092 627.2890625 511.57440185546875 696.4860229492188 588.28466796875 4.338509 1.7261264 1.6145815 -3.8803759 2.2675946 31.922312 1.4533591270446777 0.18223091959953308
Car 0.0 0 -2.299522638320923 983.4862670898438 527.5286865234375 1106.37451171875 590.9514770507812 3.4653823 1.6856837 1.7409458 6.7731194 2.8154094 37.78596 -2.1221566200256348 0.16440054774284363
Car 0.0 0 -1.3669198751449585 211.70066833496094 507.86004638671875 287.2816162109375 557.839111328125 3.8153155 1.5354755 1.5581231 -18.8553 2.1074638 42.26609 -1.7865337133407593 0.14620886743068695
Car 0.0 0 -2.0851314067840576 1065.428955078125 507.5936584472656 1209.29345703125 585.048583984375 3.6805599 1.5926423 1.5604091 7.224459 1.9842094 28.844765 -1.8397197723388672 0.1400543451309204
Car 0.0 0 -2.020803928375244 901.1590576171875 522.2388305664062 986.950439453125 572.8703002929688 3.4673245 1.5974417 1.6293385 4.4123054 2.7158444 44.18006 -1.9212630987167358 0.13720694184303284
Car 0.0 0 -1.1560204029083252 13.219082832336426 514.1898193359375 139.4190216064453 582.6534423828125 3.5801237 1.7118635 1.6876605 -20.22799 2.3683536 34.77984 -1.682801365852356 0.13040612637996674
