Pedestrian 0.0 0 -1.2750229835510254 479.1836242675781 480.2169494628906 522.5217895507812 571.9205932617188 1.3046378 2.383422 0.7680507 -8.354182 2.0899863 33.586185 -1.5188140869140625 0.31042179465293884
Pedestrian 0.0 0 0.07508538663387299 518.184326171875 498.2581787109375 547.740478515625 547.1769409179688 1.1054345 1.9387891 0.7104719 -11.346251 2.211588 50.742065 -0.14490221440792084 0.20641790330410004
Pedestrian 0.0 0 -0.5632479190826416 939.7899780273438 499.173583984375 973.0690307617188 553.026611328125 1.0492812 1.9110683 0.5672321 5.042485 2.1898303 45.56363 -0.4530273377895355 0.19029666483402252
Pedestrian 0.0 0 -3.013112783432007 949.8134765625 497.9541320800781 979.6796264648438 564.15283203125 0.81217104 1.9721555 0.70660526 4.4881225 2.1691542 38.255722 -2.8963277339935303 0.16245593130588531
Pedestrian 0.0 0 -0.21748578548431396 538.9888305664062 499.7609558105469 566.8528442382812 543.6660766601562 1.0608642 1.8571068 0.61546504 -11.282296 2.2139444 54.252598 -0.42252203822135925 0.16183967888355255
Pedestrian 0.0 0 0.16830262541770935 524.23486328125 487.1422424316406 557.57861328125 537.7929077148438 1.1750344 1.975124 0.7290819 -10.817539 1.8049169 49.774925 -0.045698657631874084 0.1407129317522049
Pedestrian 0.0 0 -0.2600187659263611 925.2430419921875 485.18359375 959.6682739257812 543.9679565429688 0.9438676 1.8178421 0.6120849 3.9367967 1.6222953 39.540226 -0.16078148782253265 0.12415792793035507
Pedestrian 0.0 0 -2.3850629329681396 519.5149536132812 493.6578674316406 564.6893310546875 571.3621826171875 0.99955034 2.1482413 0.7503814 -7.710956 2.2097256 35.62347 -2.598231554031372 0.12212768942117691
Pedestrian 0.0 0 -1.9639391899108887 1173.9410400390625 504.7510986328125 1209.07763671875 572.26904296875 0.9347089 2.02628 0.7269616 11.462961 2.4363284 38.706684 -1.6760188341140747 0.1173076331615448
Pedestrian 0.0 0 -3.042987585067749 703.3272705078125 490.6587829589844 734.841552734375 553.8272094726562 0.9498389 2.0304136 0.7548635 -3.1489236 2.0031464 41.094093 -3.1194653511047363 0.11343488842248917
Pedestrian 0.0 0 -2.4486072063446045 341.1727294921875 483.99609375 391.1266174316406 572.1188354492188 0.95903146 2.1583953 0.6778213 -11.19352 1.9744282 31.501759 -2.790022373199463 0.11142715811729431
Pedestrian 0.0 0 -0.5463379621505737 955.7041015625 497.8612060546875 994.3882446289062 558.5372314453125 1.0143554 1.8740941 0.6492321 4.979229 2.0759377 39.724968 -0.4216457009315491 0.10866330564022064
Cyclist 0.0 0 -0.8828945159912109 539.439453125 506.1541748046875 571.691650390625 551.7706298828125 1.3874693 1.9183877 0.6194224 -11.214035 2.5575347 54.50378 -1.085810661315918 0.193482905626297
Cyclist 0.0 0 -1.1920188665390015 526.0048217773438 511.54217529296875 567.7592163085938 574.075927734375 2.014285 2.0141475 0.67327917 -9.027483 2.7033048 42.512016 -1.4012620449066162 0.19100186228752136
Cyclist 0.0 0 -1.3781965970993042 748.7979736328125 467.8031921386719 794.1353759765625 552.8502197265625 2.4025254 2.3375742 0.84469926 -1.2556366 1.6860564 36.061054 -1.4130022525787354 0.15108329057693481
Cyclist 0.0 0 -1.1319019794464111 529.2001953125 502.041259765625 558.46240234375 551.0844116210938 1.2230877 1.9346834 0.6964915 -10.948575 2.363868 50.922234 -1.3436837196350098 0.11465232819318771
Car 0.0 0 -1.8825747966766357 799.8553466796875 509.36602783203125 903.3642578125 580.6047973632812 4.103304 1.7156028 1.5701672 0.8715053 2.222933 33.786125 -1.856785774230957 0.5191372036933899
Car 0.0 0 -1.7906007766723633 739.0531616210938 513.1526489257812 808.2161865234375 562.51171875 4.301132 1.6533449 1.6475075 -1.623814 2.490936 46.71628 -1.8253458738327026 0.24740979075431824
Car 0.0 0 -0.16807183623313904 642.8330688476562 510.8543395996094 823.0043334960938 585.2769775390625 4.523032 1.8406799 1.6052297 -2.2102392 2.369461 33.306763 -0.23433475196361542 0.16859407722949982
Car 0.0 0 -1.6898714303970337 953.9519653320312 504.71917724609375 1030.4873046875 567.96240234375 3.9411786 1.5869265 1.6074514 4.7459846 1.9685009 34.590714 -1.5535187721252441 0.13946294784545898
Car 0.0 0 -1.9768680334091187 1095.007568359375 527.4812622070312 1207.1380615234375 605.20751953125 3.3864853 1.7990357 1.5915662 8.593229 2.7806902 32.764782 -1.720374584197998 0.1306614726781845
Car 0.0 0 -1.6929376125335693 386.337646484375 517.2360229492188 457.68914794921875 576.6956176757812 3.4341555 1.6170933 1.6347094 -11.861067 2.4275143 37.988903 -1.995571494102478 0.12234098464250565
Car 0.0 0 1.78651762008667 231.94622802734375 517.9405517578125 346.7164001464844 596.3832397460938 3.9364984 1.6157261 1.6607407 -12.21011 2.2764559 29.572176 1.3949472904205322 0.11547880619764328
Car 0.0 0 -1.2791417837142944 715.771240234375 507.2328186035156 794.63671875 558.2962036132812 3.766078 1.5866781 1.633623 -2.0044353 2.1410937 42.623005 -1.326134204864502 0.11318197846412659
Car 0.0 0 1.6789875030517578 537.0439453125 506.4053955078125 591.0366821289062 549.7608032226562 3.9020917 1.544346 1.6132288 -9.618349 2.138703 48.50881 1.483245849609375 0.11253209412097931
Car 0.0 0 1.931491732597351 638.7911376953125 523.1743774414062 716.7152709960938 571.7211303710938 3.7586138 1.5860901 1.587782 -4.984275 2.7874706 46.026665 1.8236210346221924 0.1060224249958992
Car 0.0 0 -1.369694471359253 135.3857421875 497.5728454589844 253.99485778808594 577.0420532226562 3.8701384 1.6243486 1.6277767 -13.782798 1.7697476 28.279612 -1.82319176197052 0.10517753660678864
Car 0.0 0 -1.8948538303375244 991.8013916015625 499.66082763671875 1091.4613037109375 558.4637451171875 4.3943768 1.6425622 1.647015 6.7363334 1.9039817 38.307453 -1.720784306526184 0.10041801631450653
Car 0.0 0 -1.7653881311416626 952.9100341796875 500.041748046875 1050.85986328125 573.7388305664062 3.8078637 1.6420043 1.6290188 4.4145246 1.8613857 30.609678 -1.622155785560608 0.10008714348077774
