Pedestrian 0.0 0 -3.249099016189575 684.8506469726562 171.63047790527344 749.5269775390625 319.42327880859375 0.653447 1.6191924 0.73266864 1.1586031 1.6061456 8.278752 -3.110053062438965 0.5971945524215698
Pedestrian 0.0 0 -0.21840620040893555 981.7354736328125 89.92501831054688 1050.3016357421875 227.25486755371094 0.7072758 1.8164325 0.5961792 5.5156307 0.7199064 9.927323 0.2887270450592041 0.511401891708374
Pedestrian 0.0 0 -0.5502349138259888 853.8914794921875 102.88514709472656 921.3600463867188 202.18692016601562 1.0547577 1.8348651 0.568784 5.215096 0.5423616 13.706917 -0.18667563796043396 0.2997179627418518
Pedestrian 0.0 0 -0.12208829820156097 426.3289794921875 152.62405395507812 447.2198486328125 193.44839477539062 0.78777665 1.7096462 0.66034216 -7.4053946 0.86281234 30.661419 -0.3590714931488037 0.2837674021720886
Pedestrian 0.0 0 -2.183300018310547 922.5402221679688 96.90180969238281 1007.9182739257812 202.82711791992188 1.6861699 1.795839 0.5066034 6.3535085 0.5085169 13.102864 -1.7318096160888672 0.11152513325214386
Cyclist 0.0 0 -0.24850066006183624 497.13623046875 155.45709228515625 539.322021484375 196.997802734375 1.7567812 1.8116535 0.64288676 -4.1208963 1.0533062 32.086308 -0.3762330412864685 0.4473503530025482
Cyclist 0.0 0 2.3636302947998047 835.1087036132812 110.95459747314453 927.9741821289062 213.22483825683594 1.7715124 1.8532629 0.5552132 5.107684 0.7319274 13.687623 2.720787525177002 0.41221219301223755
Cyclist 0.0 0 -2.9865641593933105 842.8502197265625 125.02213287353516 923.3822021484375 196.7061309814453 1.843099 1.7606199 0.70756066 6.93947 0.58618677 18.480145 -2.6273467540740967 0.32507482171058655
Cyclist 0.0 0 -2.183300018310547 922.5402221679688 96.90180969238281 1007.9182739257812 202.82711791992188 1.6861699 1.795839 0.5066034 6.3535085 0.5085169 13.102864 -1.7318096160888672 0.29478564858436584
Car 0.0 0 -1.492075800895691 681.109375 171.76702880859375 715.0478515625 199.91908264160156 3.766381 1.5783923 1.6934347 5.1896563 1.5178076 42.4655 -1.3704700469970703 0.8870566487312317
Car 0.0 0 -1.6569955348968506 684.9767456054688 180.1066131591797 741.6751098632812 224.70111083984375 4.3685093 1.4375931 1.6452776 3.6216874 1.723722 26.20415 -1.5196551084518433 0.8711457252502441
Car 0.0 0 -2.7382562160491943 245.63587951660156 195.5959014892578 419.8996887207031 262.5140380859375 3.5056114 1.4454864 1.5526253 -6.496301 2.0082767 16.99881 -3.1032912731170654 0.6770558953285217
Car 0.0 0 -2.8797264099121094 508.6022644042969 169.39974975585938 585.4500122070312 198.98338317871094 4.2642474 1.7162365 1.7538872 -3.7682805 1.5162029 43.089912 -2.96695613861084 0.5260591506958008
Car 0.0 0 -1.7356775999069214 722.632080078125 186.52719116210938 927.7999267578125 357.029541015625 3.4077044 1.4005772 1.5232557 2.0728688 1.5855145 7.9724655 -1.4813063144683838 0.39404523372650146
Car 0.0 0 -2.8720829486846924 522.007080078125 182.72776794433594 571.3626098632812 201.5140838623047 3.9461434 1.5608822 1.6801633 -5.4792576 2.431011 62.373768 -2.9597036838531494 0.33415940403938293
Car 0.0 0 -1.3077841997146606 689.4197998046875 160.3257293701172 724.6629028320312 181.54946899414062 4.4402037 1.640036 1.719921 7.8363676 0.67228794 58.13307 -1.1737914085388184 0.3326425850391388
Car 0.0 0 -1.7267786264419556 740.6275024414062 155.85723876953125 779.177001953125 182.40518188476562 3.903386 1.5351553 1.6916182 8.995201 0.55266243 43.70999 -1.5238193273544312 0.2952321767807007
Car 0.0 0 1.7584295272827148 470.4640808105469 166.5297088623047 499.224853515625 185.80331420898438 3.8168457 1.5020865 1.6016108 -10.073769 1.0095618 58.15131 1.5868982076644897 0.2924758493900299
Car 0.0 0 1.2704828977584839 706.5316162109375 161.79638671875 746.5646362304688 185.5089111328125 4.141775 1.6214323 1.662625 8.237522 0.86568546 51.50261 1.4290833473205566 0.28762486577033997
Car 0.0 0 -0.880815327167511 0.0 0.0 206.3473663330078 375.0 3.8371766 1.948362 1.5931478 -3.1398435 1.284171 2.675336 -1.7459226846694946 0.2700140178203583
