Pedestrian 0.0 0 -0.12192648649215698 786.5961303710938 125.30010986328125 837.8121948242188 232.4169921875 0.7825782 1.7893974 0.55165076 3.4063227 0.9953631 12.380621 0.14656376838684082 0.5571211576461792
Pedestrian 0.0 0 -3.2650339603424072 922.5335083007812 123.79524993896484 966.1011962890625 200.87725830078125 0.8995816 1.8331268 0.5480023 8.073552 0.6667936 17.553848 -2.8339524269104004 0.522605299949646
Pedestrian 0.0 0 -1.945265531539917 737.115966796875 153.60548400878906 755.9785766601562 190.81556701660156 0.58820486 1.6909761 0.6828403 6.2295 0.81660366 33.139748 -1.7594571113586426 0.49669957160949707
Pedestrian 0.0 0 -1.1643315553665161 505.44891357421875 158.8391571044922 522.4871215820312 192.91082763671875 0.7485152 1.8060664 0.66470706 -5.183371 1.063528 38.6945 -1.2974951267242432 0.4950026571750641
Pedestrian 0.0 0 0.957697868347168 745.3600463867188 152.94662475585938 760.658203125 184.2998809814453 0.89071983 1.9125998 0.5046959 8.788886 0.6985754 44.521698 1.1525987386703491 0.44278767704963684
Pedestrian 0.0 0 1.9672151803970337 310.1428527832031 128.49513244628906 348.1495666503906 201.92877197265625 0.78863525 1.8162968 0.6424058 -7.1414776 0.71948904 18.24537 1.5941331386566162 0.3611154556274414
Pedestrian 0.0 0 -0.7567363977432251 1069.2550048828125 91.50225830078125 1177.9566650390625 197.3594512939453 1.7295913 1.7842611 0.40371957 8.827733 0.41340593 12.480516 -0.14111383259296417 0.10891074687242508
Cyclist 0.0 0 -1.6317570209503174 689.8972778320312 169.32276916503906 712.9393920898438 227.1173858642578 1.9574368 1.7745332 0.6091046 2.8714786 1.6664677 23.147255 -1.5083348751068115 0.8048679232597351
Cyclist 0.0 0 2.484570264816284 1085.0687255859375 96.66419219970703 1201.482421875 200.46484375 1.7271671 1.7588211 0.40977123 9.135496 0.46820197 12.448642 3.1176581382751465 0.3677942156791687
Cyclist 0.0 0 0.984967052936554 745.2640380859375 152.37428283691406 760.461669921875 183.8461151123047 0.9000759 1.919805 0.5059894 8.780194 0.67088485 44.52408 1.1796698570251465 0.1266394853591919
Car 0.0 0 1.9316245317459106 338.20318603515625 169.79283142089844 486.06195068359375 259.3177185058594 4.24124 1.7011831 1.7297757 -4.2057137 1.6433717 15.906047 1.6731303930282593 0.928305447101593
Car 0.0 0 1.808284044265747 464.305419921875 178.5227813720703 547.5916137695312 230.8646697998047 4.4279456 1.4984585 1.6727984 -3.302742 1.7008939 23.43341 1.6682647466659546 0.8910231590270996
Car 0.0 0 1.8146029710769653 580.1434326171875 177.4386749267578 625.2704467773438 207.2248077392578 3.7405593 1.524289 1.6190449 -0.38442382 1.7886964 39.546432 1.8048824071884155 0.8893404603004456
Car 0.0 0 -0.12280210852622986 789.27880859375 160.1698760986328 864.656005859375 189.5582733154297 4.0174127 1.6612464 1.6797571 12.519208 0.944605 41.946365 0.16723895072937012 0.417938232421875
Car 0.0 0 1.8091589212417603 663.5228271484375 176.54071044921875 692.6248779296875 196.22824096679688 3.9321034 1.6274846 1.6314375 5.9133754 1.9583857 62.564102 1.9033960103988647 0.38682135939598083
Car 0.0 0 -2.9328999519348145 502.56842041015625 159.4734344482422 571.3357543945312 185.57659912109375 3.976792 1.5734814 1.5915179 -4.5101595 0.76726776 44.49589 -3.0339162349700928 0.38055330514907837
