Pedestrian 0.0 0 1.448781132698059 873.8765869140625 125.83651733398438 907.0681762695312 193.15245056152344 1.0455972 1.7560257 0.7071954 7.485434 0.5298701 19.412695 1.8168078660964966 0.7243735194206238
Pedestrian 0.0 0 -1.7274798154830933 720.40625 141.3428192138672 745.0352783203125 196.06939697265625 0.6795543 1.7775664 0.7011646 3.9932585 0.75441396 23.776583 -1.5610835552215576 0.5968074798583984
Pedestrian 0.0 0 1.732905626296997 937.98779296875 146.09518432617188 958.058837890625 194.2322235107422 0.6479835 1.7773299 0.5858592 12.641438 0.789691 27.070826 2.1697871685028076 0.5772064924240112
Pedestrian 0.0 0 1.0311567783355713 909.9514770507812 147.2023162841797 930.1246337890625 181.22979736328125 0.7589546 1.8645967 0.74136436 17.132057 0.45932475 39.96101 1.4361735582351685 0.49540284276008606
Pedestrian 0.0 0 1.7039406299591064 805.0224609375 135.690185546875 834.4892578125 198.0625457763672 0.8265815 1.703649 0.6912137 5.8371134 0.6889084 20.222878 1.9849423170089722 0.49391692876815796
Pedestrian 0.0 0 1.6301023960113525 948.5489501953125 120.567626953125 978.2926635742188 192.15164184570312 1.0224843 1.7553484 0.6197286 8.916452 0.47356546 18.287962 2.083747386932373 0.40534573793411255
Pedestrian 0.0 0 1.8276575803756714 966.363525390625 152.05148315429688 995.9701538085938 211.6312255859375 0.7836726 1.7255023 0.60219634 10.9580145 1.1233938 21.386637 2.3011574745178223 0.3959074914455414
Car 0.0 0 -1.6068756580352783 586.9091186523438 178.48040771484375 622.9697265625 212.96766662597656 4.498157 1.6490175 1.7009686 -0.35533434 1.9598621 37.528973 -1.61634361743927 0.8840320706367493
Car 0.0 0 1.9149549007415771 294.85205078125 189.7080078125 400.6487731933594 247.03982543945312 4.235632 1.501536 1.7276748 -7.9817524 2.071336 22.25772 1.570633888244629 0.8803079128265381
Car 0.0 0 2.3704230785369873 0.0 190.55677795410156 82.40904998779297 375.0 3.7461512 1.5069997 1.5781795 -8.018089 1.7479142 7.9224596 1.5790258646011353 0.6863874793052673
Car 0.0 0 2.54585862159729 223.70521545410156 169.19078063964844 295.3000183105469 194.52352905273438 3.8421059 1.5398871 1.6402739 -22.282446 1.3175714 45.93076 2.0941765308380127 0.5733003616333008
Car 0.0 0 -0.3403388261795044 737.5282592773438 150.2021942138672 834.0159301757812 186.62721252441406 3.829919 1.5633556 1.6262608 7.7083125 0.5915022 31.97263 -0.10376252233982086 0.5157794952392578
Car 0.0 0 1.6721595525741577 716.6793823242188 157.94821166992188 755.0715942382812 187.4650421142578 3.606593 1.4521642 1.6078974 6.537035 0.7191896 37.44895 1.8449769020080566 0.43722665309906006
Car 0.0 0 -0.801272988319397 1007.89501953125 136.9365692138672 1155.747314453125 193.3094940185547 3.5164762 1.5321957 1.556018 13.491632 0.5563311 20.758993 -0.22495582699775696 0.410020112991333
Car 0.0 0 -2.950636863708496 455.0360107421875 160.80899047851562 516.4481201171875 186.7634735107422 3.65193 1.6382706 1.6139046 -7.987411 0.8783372 46.385475 -3.1211609840393066 0.3407767713069916
