Pedestrian 0.0 0 -2.97145414352417 1171.22705078125 483.4353942871094 1201.58935546875 539.0280151367188 0.95007336 1.9245276 0.48640075 12.938639 1.6450998 44.268414 -2.6870975494384766 0.32785212993621826
Pedestrian 0.0 0 -3.2033376693725586 1188.4927978515625 462.62738037109375 1238.2108154296875 526.5178833007812 1.4868203 2.0102243 0.35141766 12.596204 1.1015662 40.194736 -2.8996517658233643 0.20167161524295807
Pedestrian 0.0 0 0.1092291846871376 485.4060363769531 472.811279296875 546.9751586914062 580.1650390625 1.0144975 1.9072311 0.6852999 -5.4166574 1.5750837 22.901278 -0.12302469462156296 0.19700190424919128
Pedestrian 0.0 0 -2.9161481857299805 634.4318237304688 487.5839538574219 668.1046142578125 548.666259765625 1.0608159 2.2087293 0.83029985 -6.0219793 2.0668685 46.25755 -3.0456037521362305 0.18647317588329315
Pedestrian 0.0 0 -1.3412461280822754 1150.0379638671875 503.2152404785156 1184.73046875 572.3482055664062 1.2684314 2.20655 0.8266699 11.491806 2.596563 41.4312 -1.0706770420074463 0.18011455237865448
Pedestrian 0.0 0 -3.201282262802124 1283.074462890625 490.0818176269531 1314.606201171875 564.5365600585938 0.7254993 1.916964 0.7587657 12.598146 1.8802681 33.07669 -2.837369203567505 0.1715656816959381
Pedestrian 0.0 0 -0.9848525524139404 1176.818359375 502.05474853515625 1200.962646484375 542.5808715820312 1.153884 2.0299628 0.6473093 18.942875 2.5712903 64.376236 -0.6986769437789917 0.1636611372232437
Cyclist 0.0 0 -1.2183572053909302 618.53466796875 487.68255615234375 650.7615356445312 546.0254516601562 1.1894419 2.0363414 0.76650244 -6.427536 1.902854 44.863304 -1.3606581687927246 0.2625634968280792
Cyclist 0.0 0 -1.3540163040161133 1169.5506591796875 480.36151123046875 1208.0784912109375 548.92626953125 1.9432021 2.1584032 0.79421645 12.044475 1.807543 40.909195 -1.0676867961883545 0.23070095479488373
Cyclist 0.0 0 -1.4955264329910278 1143.7373046875 496.2722473144531 1169.4566650390625 559.703125 2.0356007 2.2633176 0.7595081 12.487738 2.4421334 46.43717 -1.232824444770813 0.16518008708953857
Car 0.0 0 -1.755861759185791 877.2105102539062 514.5333862304688 921.57958984375 549.20556640625 4.0207753 1.653922 1.5670644 4.2513995 2.8787785 65.27572 -1.6908237934112549 0.4941064417362213
Car 0.0 0 -1.9170513153076172 892.063720703125 511.42041015625 963.8236694335938 552.1174926757812 4.3172503 1.598756 1.697676 4.73621 2.4889517 54.30922 -1.8300632238388062 0.44088125228881836
Car 0.0 0 -2.555739402770996 1507.5804443359375 514.033935546875 1600.0 645.148681640625 4.048102 1.5941005 1.641004 12.387446 1.9590302 18.331644 -1.9614806175231934 0.3227863907814026
Car 0.0 0 -1.660361647605896 754.3621215820312 509.3167724609375 803.0633544921875 551.8709716796875 3.9306386 1.5467283 1.5657668 -1.5121065 2.2756462 49.78727 -1.6907236576080322 0.28777623176574707
Car 0.0 0 -1.5687812566757202 657.4931030273438 506.7543029785156 721.070556640625 570.8880615234375 4.370633 1.57744 1.6134156 -3.449924 2.0196276 34.474056 -1.6685222387313843 0.2386390119791031
Car 0.0 0 -2.340149402618408 1551.7850341796875 510.2057189941406 1600.0 594.6104736328125 4.482924 1.5580807 1.5981895 17.929266 1.9879472 26.765905 -1.7499430179595947 0.23252734541893005
Car 0.0 0 -1.9165728092193604 1142.3472900390625 518.2545776367188 1200.879638671875 552.7684326171875 3.7625675 1.5529386 1.5709609 17.330032 2.9013982 61.912235 -1.64364492893219 0.21839796006679535
Car 0.0 0 -1.4388644695281982 834.1781005859375 514.3578491210938 875.5123291015625 548.4974365234375 3.8959122 1.6164488 1.6126884 2.0020952 2.8220625 64.76365 -1.4079604148864746 0.21008798480033875
Car 0.0 0 -2.1162476539611816 1154.0518798828125 505.7435607910156 1313.164306640625 581.4447631835938 4.0835514 1.567155 1.5869926 9.509933 1.9198152 29.202131 -1.8014198541641235 0.19685415923595428
Car 0.0 0 -1.570202350616455 600.41796875 510.3290710449219 640.2072143554688 551.9655151367188 3.7625897 1.6218684 1.591044 -8.213392 2.440526 53.10195 -1.7236584424972534 0.19341039657592773
Car 0.0 0 -1.9167944192886353 798.4053955078125 503.5983581542969 898.7181396484375 565.84765625 3.9350882 1.6181666 1.5940295 0.850603 1.9807951 35.862217 -1.893080234527588 0.18426242470741272
Car 0.0 0 0.7272887825965881 1346.611083984375 518.428466796875 1556.8388671875 608.0675048828125 3.9101808 1.6635624 1.5983692 13.363672 2.2799482 26.883503 1.1886101961135864 0.17947356402873993
Car 0.0 0 1.3359814882278442 868.2599487304688 520.2191772460938 1009.4166259765625 623.635009765625 4.2499337 1.6358534 1.644426 2.1624117 2.2186637 23.485857 1.4277955293655396 0.164735808968544
Car 0.0 0 -1.3552460670471191 491.169921875 516.1732788085938 570.3958740234375 574.252685546875 3.431012 1.5585047 1.5662022 -8.323674 2.3158135 37.162655 -1.5755889415740967 0.1640293300151825
Car 0.0 0 -1.4275872707366943 846.2214965820312 513.1397094726562 894.9501953125 554.3215942382812 3.8055143 1.6080483 1.5299057 2.3311865 2.5575738 53.5755 -1.3841025829315186 0.15233619511127472
