Cyclist 0.0 0 -2.1162567138671875 942.0697631835938 67.36200714111328 1046.4747314453125 211.05282592773438 1.6950554 1.7266892 0.37752846 4.992617 0.3116082 9.491988 -1.6320401430130005 0.5860806107521057
Cyclist 0.0 0 0.8943482637405396 798.7630615234375 115.25202941894531 854.6156616210938 179.92413330078125 1.7657347 1.7795087 0.56488544 6.280449 -0.15919267 20.851818 1.1869003772735596 0.4905491769313812
Cyclist 0.0 0 1.270254373550415 822.4353637695312 107.53394317626953 867.5660400390625 178.95350646972656 1.8276759 1.7358471 0.5841399 6.0481014 -0.16846767 18.546974 1.585477590560913 0.39992809295654297
Car 0.0 0 -1.589822769165039 567.9876708984375 171.7258758544922 626.6586303710938 225.41494750976562 3.385726 1.5373423 1.6828505 -0.4046017 1.1522038 22.303032 -1.607961893081665 0.9634418487548828
Car 0.0 0 -0.8836339712142944 0.0 193.65426635742188 178.4724884033203 337.0303039550781 4.0259347 1.4379365 1.5788735 -7.699567 1.5738177 9.459106 -1.56684410572052 0.874702513217926
Car 0.0 0 -1.239406943321228 279.4088134765625 178.00326538085938 347.8467712402344 213.65017700195312 3.644122 1.4111675 1.569895 -12.353471 1.1267776 30.316671 -1.6263458728790283 0.8502690196037292
Car 0.0 0 -0.027862347662448883 499.5628662109375 165.87081909179688 542.0025634765625 182.37777709960938 3.852357 1.4935555 1.5817599 -8.065432 -0.26552054 66.4729 -0.14860625565052032 0.7686671614646912
Car 0.0 0 -0.8269573450088501 0.0 212.24258422851562 243.8675994873047 376.0 3.9468405 1.4259294 1.573 -3.7413485 1.646607 3.8406718 -1.5992563962936401 0.7299522161483765
Car 0.0 0 -1.2300504446029663 289.38043212890625 180.28860473632812 379.66619873046875 230.665771484375 3.3080144 1.3837018 1.4901413 -8.077438 1.2495015 21.40952 -1.5908207893371582 0.7011477947235107
Car 0.0 0 -1.458194375038147 619.0986938476562 164.8793487548828 640.3853759765625 181.25221252441406 3.8262777 1.4760627 1.5881904 2.0927284 -0.3836806 67.78199 -1.4273297786712646 0.6425055265426636
Car 0.0 0 1.5309631824493408 696.2373046875 153.43321228027344 733.9307861328125 185.16766357421875 4.3287144 1.4774903 1.667187 5.2417827 -0.0014052317 35.711807 1.676702618598938 0.46608415246009827
