Pedestrian 0.0 0 -0.10357606410980225 1233.197265625 500.4631042480469 1257.0560302734375 540.2623291015625 1.0092117 1.8830694 0.751974 20.521492 2.3151033 60.613007 0.22287631034851074 0.31204673647880554
Pedestrian 0.0 0 -2.5399978160858154 1515.246826171875 522.1123657226562 1570.8551025390625 592.942138671875 1.1709236 2.1631646 0.9900621 22.98337 3.1492329 40.06038 -2.019127368927002 0.2283947616815567
Pedestrian 0.0 0 -0.009233981370925903 260.3547058105469 472.1966247558594 308.3535461425781 618.5267944335938 0.6130998 2.013176 0.627875 -7.49084 1.7475073 17.832697 -0.40691474080085754 0.20557627081871033
Pedestrian 0.0 0 -0.5519404411315918 198.02061462402344 497.1058654785156 274.5350036621094 588.2352294921875 1.4451684 2.1262913 0.8470556 -13.951629 2.2647724 30.487719 -0.9811086654663086 0.20019106566905975
Pedestrian 0.0 0 2.902249813079834 1001.85107421875 502.9471740722656 1023.227294921875 541.7978515625 0.87093943 1.8312678 0.6725706 9.340677 2.379217 60.28556 3.0559680461883545 0.19517271220684052
Pedestrian 0.0 0 -0.4546792507171631 1221.6492919921875 497.8106689453125 1263.9676513671875 558.8712158203125 1.1414181 2.016478 0.7181375 14.256211 2.2293715 42.34121 -0.12990333139896393 0.17484113574028015
Pedestrian 0.0 0 -0.4181256592273712 945.0671997070312 502.3384704589844 973.5057373046875 546.9708251953125 1.1342301 2.0508597 0.6858033 6.653477 2.5591407 58.931137 -0.3056991696357727 0.1623816043138504
Pedestrian 0.0 0 -2.547917366027832 1286.916015625 481.5126953125 1345.2576904296875 584.7252807617188 0.8184959 1.8736305 0.5868138 9.268036 1.6922011 23.49287 -2.1721577644348145 0.14760397374629974
Pedestrian 0.0 0 -2.9922142028808594 890.3814086914062 491.8675842285156 929.3513793945312 557.1805419921875 1.3006495 2.3238332 0.7557203 3.3720105 2.3369527 45.5772 -2.9183642864227295 0.1406990885734558
Pedestrian 0.0 0 -2.3852267265319824 1413.585693359375 469.9142150878906 1481.7081298828125 613.0249633789062 0.6462948 1.8885244 0.5148104 8.521559 1.6035798 17.104053 -1.9230051040649414 0.13908471167087555
Pedestrian 0.0 0 -2.0816636085510254 957.4771118164062 497.4925842285156 980.31689453125 538.4783935546875 0.7381844 1.8180532 0.75216395 6.844052 2.0888083 56.80198 -1.961751937866211 0.13477078080177307
Pedestrian 0.0 0 -3.455714464187622 1207.284423828125 495.3482360839844 1256.157958984375 565.4181518554688 1.2180891 2.068852 0.736735 12.394056 2.1846316 37.80221 -3.138892650604248 0.13396035134792328
Pedestrian 0.0 0 -0.020581461489200592 663.3623657226562 505.553466796875 696.2032470703125 570.9746704101562 1.0456 2.0930533 0.722893 -4.4359026 2.5539055 41.124996 -0.1280299425125122 0.1284782439470291
Pedestrian 0.0 0 -1.3263015747070312 967.5875244140625 503.5806579589844 987.6967163085938 545.86083984375 1.2248659 2.0034485 0.6862921 7.789495 2.5925982 61.101543 -1.1995011568069458 0.1272338330745697
Pedestrian 0.0 0 -0.47724607586860657 1138.8497314453125 480.1756591796875 1202.5987548828125 591.9801025390625 0.9089522 1.9755028 0.6468363 6.371828 1.7752851 22.785671 -0.2045694887638092 0.1252741515636444
Cyclist 0.0 0 -1.6344575881958008 1240.4232177734375 502.50677490234375 1264.695068359375 561.8103637695312 1.2934825 1.9438081 0.688866 14.63124 2.31907 42.489727 -1.3028271198272705 0.19016598165035248
Cyclist 0.0 0 -1.0017749071121216 739.9403686523438 489.2210693359375 787.23974609375 559.6256103515625 1.6476437 2.275061 0.79912525 -1.7306509 2.2011905 41.836113 -1.0431187152862549 0.17784380912780762
Cyclist 0.0 0 -1.6612391471862793 804.47705078125 494.0877685546875 826.1534423828125 554.5891723632812 1.4981756 2.1062207 0.63609934 -0.03990215 2.199355 44.928577 -1.6621272563934326 0.14794126152992249
Cyclist 0.0 0 -1.229896068572998 970.6640625 501.0950927734375 993.8504638671875 541.834716796875 1.3423316 1.9315981 0.7017685 8.020144 2.400364 61.158806 -1.099503755569458 0.14016246795654297
Car 0.0 0 -1.9674972295761108 967.9548950195312 514.138916015625 1052.3218994140625 561.2198486328125 4.277058 1.6327084 1.658074 7.344273 2.5380075 48.382034 -1.8168498277664185 0.26156085729599
Car 0.0 0 -0.9792690873146057 0.0 518.5205688476562 156.2378387451172 593.2666625976562 3.9427412 1.7872314 2.006587 -19.72304 2.551084 33.77939 -1.5077497959136963 0.2381286919116974
Car 0.0 0 -1.9360750913619995 955.4674072265625 510.28564453125 1044.4188232421875 564.0866088867188 4.0601087 1.650194 1.6056433 6.10173 2.3124793 42.50694 -1.7935023307800293 0.22785961627960205
Car 0.0 0 -2.1395883560180664 1043.680908203125 510.1936950683594 1187.317626953125 579.8831787109375 4.1528635 1.6176732 1.6367654 7.6600294 2.1349115 32.82344 -1.9103209972381592 0.21651002764701843
Car 0.0 0 -0.9710529446601868 0.0 508.9084167480469 113.30497741699219 587.7472534179688 4.037476 1.683316 1.6137203 -18.645134 2.1236968 29.997585 -1.5271707773208618 0.18105484545230865
Car 0.0 0 1.4694960117340088 410.201416015625 518.5833129882812 540.0995483398438 644.4531860351562 4.0474787 1.7279264 1.6150869 -5.604085 2.2128322 20.501354 1.2026625871658325 0.18060100078582764
Car 0.0 0 -2.2333173751831055 1380.696044921875 510.5655212402344 1539.7236328125 575.542724609375 4.176786 1.592989 1.6385616 17.449203 2.146156 34.550076 -1.7656450271606445 0.16233736276626587
Car 0.0 0 -0.9075057506561279 0.0 512.9306030273438 214.4432373046875 604.9554443359375 4.248385 1.6275061 1.5970712 -14.249093 2.0990958 25.654682 -1.4144997596740723 0.15910233557224274
Car 0.0 0 -1.325547695159912 0.0 506.1827697753906 12.815622329711914 577.830810546875 3.8801026 1.595429 1.5741782 -21.16079 1.9806495 31.149652 -1.9222638607025146 0.15469926595687866
Car 0.0 0 1.31084144115448 1003.3593139648438 498.8476867675781 1114.1324462890625 573.2447509765625 3.9861226 1.6504661 1.6458734 5.7645183 1.8393997 30.547129 1.4973571300506592 0.14621274173259735
Car 0.0 0 -2.0897328853607178 931.07470703125 510.52471923828125 1046.641357421875 575.7698364257812 3.557974 1.6489213 1.6178821 4.721725 2.2052865 35.09669 -1.9560010433197021 0.12644514441490173
