Pedestrian 0.0 0 2.405510902404785 993.5995483398438 119.98136901855469 1047.413330078125 220.32656860351562 0.63726085 1.7351185 0.5299709 7.2681565 0.60825044 12.753968 2.9234843254089355 0.31651967763900757
Pedestrian 0.0 0 -2.456730365753174 1089.9302978515625 82.13224029541016 1168.5753173828125 205.16464233398438 0.78025407 1.7287787 0.5197069 7.581402 0.28144196 10.541345 -1.8332302570343018 0.3016382157802582
Pedestrian 0.0 0 -2.068326473236084 1172.6689453125 83.32109832763672 1241.0 232.579345703125 0.62719697 1.7899193 0.6106069 7.5371895 0.5691205 8.984923 -1.3703291416168213 0.2836604714393616
Cyclist 0.0 0 -1.9489173889160156 873.8099365234375 117.18754577636719 923.0657348632812 185.58692932128906 2.077638 1.8300838 0.55260116 8.118145 0.01106403 20.269419 -1.567969799041748 0.3880246579647064
Car 0.0 0 -1.5388662815093994 653.7615966796875 180.5767059326172 718.3923950195312 240.57418823242188 3.4398522 1.6337423 1.7613169 2.3373508 1.5085529 21.39725 -1.4300616979599 0.9484802484512329
Car 0.0 0 -1.2808513641357422 272.27471923828125 186.6831817626953 396.9309997558594 260.6513366699219 4.077704 1.5132484 1.6168412 -6.2787356 1.5530953 16.873423 -1.6370842456817627 0.9424911737442017
Car 0.0 0 -1.3651936054229736 371.3575744628906 188.8274688720703 444.68865966796875 235.31741333007812 4.1480875 1.4238026 1.5849006 -6.7301593 1.5585041 24.461042 -1.633687973022461 0.9209069013595581
Car 0.0 0 1.7385921478271484 736.9970703125 181.2680206298828 770.9586181640625 204.43760681152344 3.9546332 1.520256 1.6466846 10.045024 1.2623634 49.30462 1.939575433731079 0.6460356116294861
Car 0.0 0 1.6580219268798828 817.9635620117188 182.92120361328125 838.91455078125 199.16482543945312 4.024408 1.5236905 1.5959054 21.382498 1.3095915 69.59123 1.9561245441436768 0.36670851707458496
Car 0.0 0 -1.581783652305603 554.9942016601562 165.65663146972656 571.8904418945312 183.91465759277344 2.740724 1.608045 1.4902743 -4.0274253 -0.11896579 64.93177 -1.64372980594635 0.3556297719478607
Car 0.0 0 1.8118680715560913 821.4940185546875 157.1551055908203 862.8494262695312 184.224365234375 3.9411466 1.6651177 1.6501116 15.1698475 -0.065878436 46.47886 2.1273491382598877 0.30182814598083496
Car 0.0 0 0.07922732830047607 570.872802734375 174.73316955566406 616.192138671875 193.32525634765625 3.6065433 1.5018631 1.5221875 -1.1593267 0.65621996 58.93226 0.05955767631530762 0.2968820631504059
