Pedestrian 0.0 0 -1.9409366846084595 1006.0445556640625 128.24269104003906 1041.758056640625 189.58636474609375 0.89432013 1.8293389 0.66474175 12.56637 0.4993366 22.005812 -1.4220776557922363 0.4013742208480835
Pedestrian 0.0 0 0.7294588088989258 0.0 102.68028259277344 86.3814468383789 238.08514404296875 0.7815831 1.8016131 0.58972347 -7.8553963 0.86828303 9.915149 0.05945396423339844 0.37895435094833374
Pedestrian 0.0 0 -1.8825428485870361 966.37158203125 98.2923583984375 1006.7655639648438 199.1185760498047 0.6142302 1.7019949 0.45275232 6.4724846 0.44371647 12.517364 -1.4053244590759277 0.35891687870025635
Pedestrian 0.0 0 -0.2058415412902832 470.8548889160156 159.95716857910156 483.5216064453125 184.50726318359375 0.7842573 1.7176807 0.54038376 -9.395388 0.81569445 50.879215 -0.3884451389312744 0.31978845596313477
Pedestrian 0.0 0 3.628835678100586 71.39572143554688 121.40992736816406 137.97811889648438 239.331787109375 0.66771656 1.7886553 0.55992466 -7.92679 1.0087022 11.261365 3.0155019760131836 0.31882837414741516
Pedestrian 0.0 0 -0.12429927289485931 709.4042358398438 158.71185302734375 723.7948608398438 189.09730529785156 0.78810054 1.8170749 0.60201305 6.38406 0.9717209 43.455215 0.02156853675842285 0.3115829527378082
Pedestrian 0.0 0 -1.9139516353607178 924.443603515625 98.75030517578125 996.0471801757812 219.6658172607422 1.577585 1.815634 0.5306349 5.56022 0.7032714 11.64344 -1.468432068824768 0.1302022635936737
Cyclist 0.0 0 1.9689635038375854 287.905029296875 120.18091583251953 335.13604736328125 185.8465576171875 1.8657694 1.8276362 0.5966232 -8.710494 0.361973 21.013847 1.5760096311569214 0.49808841943740845
Cyclist 0.0 0 -0.9813820719718933 155.33990478515625 109.29261016845703 226.1990509033203 203.80267333984375 1.3188325 1.8150964 0.60455734 -8.464312 0.5947371 14.531491 -1.5088200569152832 0.42670077085494995
Cyclist 0.0 0 1.844934105873108 450.66387939453125 146.39599609375 470.01141357421875 182.7755889892578 1.5366578 1.7959875 0.56276894 -7.5791364 0.49016714 36.404007 1.6396712064743042 0.3985532224178314
Cyclist 0.0 0 1.7679284811019897 429.0061340332031 145.01173400878906 448.3740539550781 183.8318328857422 1.615189 1.7868258 0.585867 -8.107377 0.5056493 34.026283 1.5340217351913452 0.39335277676582336
Cyclist 0.0 0 -1.903458595275879 921.5643310546875 95.37470245361328 994.5018920898438 214.43251037597656 1.7278453 1.7977462 0.5267602 5.585853 0.6281841 11.779945 -1.4606767892837524 0.3882715106010437
Cyclist 0.0 0 1.0563380718231201 741.2115478515625 136.3365936279297 774.3854370117188 181.2764892578125 1.62123 1.7565105 0.58394325 5.8954744 0.32955712 29.060286 1.256492257118225 0.37102174758911133
Car 0.0 0 1.8703999519348145 262.5370178222656 185.449462890625 450.5423583984375 305.35723876953125 4.073893 1.5365993 1.7054226 -3.906574 1.7776524 11.730504 1.5489251613616943 0.9527354836463928
Car 0.0 0 1.4579068422317505 643.8607788085938 181.31947326660156 712.6590576171875 239.64572143554688 3.8359485 1.596979 1.6668816 1.968829 1.881196 22.253506 1.5461498498916626 0.9214451313018799
Car 0.0 0 1.754518747329712 469.9440612792969 184.3023223876953 533.989501953125 227.23007202148438 4.4489083 1.5089478 1.7416601 -4.2602253 2.002371 28.817875 1.607749104499817 0.9162741303443909
Car 0.0 0 -1.704285740852356 626.3485717773438 183.9636993408203 676.595703125 223.53924560546875 3.5238168 1.4437747 1.5589433 1.5751125 1.921141 29.159124 -1.6503204107284546 0.4848860502243042
Car 0.0 0 -1.4156969785690308 464.9560852050781 162.12347412109375 496.2425537109375 185.570068359375 3.9819365 1.6467514 1.654718 -9.432719 0.8934606 52.682594 -1.5928677320480347 0.4095902442932129
Car 0.0 0 1.8340178728103638 512.2509155273438 184.86270141601562 553.4102172851562 212.3697052001953 3.6718478 1.5344731 1.5892609 -4.6779194 2.2973857 43.87746 1.7278058528900146 0.39064469933509827
