Pedestrian 0.0 0 -2.124079465866089 1210.603759765625 521.7586059570312 1264.8436279296875 593.0707397460938 1.4710311 2.1187525 0.9613469 13.017293 3.073786 39.15405 -1.8031119108200073 0.32565954327583313
Pedestrian 0.0 0 -2.7619473934173584 958.6459350585938 494.9761047363281 997.44091796875 561.5279541015625 0.9878656 2.0422158 0.762465 5.046553 2.1519692 39.49417 -2.6348564624786377 0.17642953991889954
Pedestrian 0.0 0 -2.9885413646698 714.3177490234375 497.251708984375 738.0202026367188 539.4866943359375 0.9299602 1.8149287 0.69522303 -3.9036262 2.0657523 54.90989 -3.059513568878174 0.16722668707370758
Pedestrian 0.0 0 -0.09424498677253723 794.845947265625 492.1944580078125 830.514892578125 549.6407470703125 1.1887133 1.99216 0.6911085 -0.12957427 2.0164375 44.32882 -0.09716800600290298 0.1351735144853592
Pedestrian 0.0 0 0.5517129898071289 0.0 476.7810974121094 29.982229232788086 608.0029907226562 1.07136 1.976169 0.66066116 -12.797035 1.7543995 19.418688 -0.030967406928539276 0.12885543704032898
Pedestrian 0.0 0 -1.5833775997161865 294.8327331542969 474.79595947265625 330.2272644042969 575.7018432617188 1.1331965 2.132186 0.697606 -10.9109 1.7790732 27.41676 -1.9621280431747437 0.1186671033501625
Pedestrian 0.0 0 -0.09353338181972504 833.044677734375 498.928955078125 865.977783203125 554.4725341796875 1.0717149 1.8916963 0.7190727 1.1411657 2.1497152 43.63177 -0.06738487631082535 0.11344552785158157
Pedestrian 0.0 0 -2.711775541305542 393.31585693359375 480.10882568359375 444.9161071777344 546.2495727539062 1.1147646 1.7419959 0.7198626 -10.588164 1.4417919 33.7817 -3.0155065059661865 0.1067509800195694
Pedestrian 0.0 0 -2.7667109966278076 409.1404724121094 483.53887939453125 471.1233825683594 595.8680419921875 0.9654388 2.1585007 0.71540755 -7.3382807 2.0053854 24.733341 -3.055133819580078 0.10563081502914429
Pedestrian 0.0 0 -1.7412623167037964 1408.6793212890625 494.19366455078125 1476.2706298828125 592.27197265625 1.3468376 1.8753126 0.9831099 12.362081 1.9301045 25.042948 -1.2827194929122925 0.10101643949747086
Cyclist 0.0 0 -1.6041322946548462 805.2200317382812 507.2998962402344 825.9180908203125 562.907958984375 1.3025345 1.9061203 0.6832746 -0.02972126 2.46868 44.448784 -1.6048009395599365 0.13696254789829254
Car 0.0 0 -1.6005595922470093 717.3670043945312 514.080810546875 754.5999755859375 550.8662109375 4.265548 1.552295 1.5832353 -3.7282593 2.631287 58.335476 -1.6643834114074707 0.1994277536869049
Car 0.0 0 1.1875187158584595 958.3585815429688 520.2833251953125 1068.8231201171875 588.500732421875 3.7223122 1.6030821 1.6000719 5.139035 2.4082074 33.438057 1.3400137424468994 0.19778910279273987
Car 0.0 0 -1.2787282466888428 134.68435668945312 510.6192321777344 262.09405517578125 587.947509765625 3.8725579 1.6034248 1.5929483 -14.195173 2.076436 29.30489 -1.7298150062561035 0.16678684949874878
Car 0.0 0 1.7498340606689453 118.40265655517578 494.578369140625 249.61524963378906 587.2069091796875 3.9267612 1.6389647 1.5991293 -12.200139 1.7038717 24.655697 1.2903387546539307 0.14540043473243713
Car 0.0 0 -2.2546703815460205 919.0738525390625 523.7052001953125 1037.3665771484375 583.3505249023438 3.4729526 1.588848 1.6754735 4.7758083 2.596623 37.721165 -2.128732204437256 0.1368786096572876
Car 0.0 0 -1.4287630319595337 621.1454467773438 511.13909912109375 664.2512817382812 547.3544921875 3.4639485 1.6223991 1.5590886 -8.242365 2.5849264 60.353615 -1.5644912719726562 0.12853001058101654
Car 0.0 0 -1.2928874492645264 16.807666778564453 505.7619934082031 147.4608917236328 577.8763427734375 4.040534 1.5411636 1.6288136 -17.322983 1.9039748 30.075022 -1.815467119216919 0.12741291522979736
Car 0.0 0 -1.632754921913147 680.6123657226562 506.74267578125 773.3156127929688 599.3490600585938 3.9076126 1.8263705 1.7756245 -2.020346 2.1844347 27.707762 -1.7055423259735107 0.1093253642320633
Car 0.0 0 1.3561540842056274 819.6714477539062 522.4080200195312 941.9000244140625 619.2861328125 4.110686 1.6703621 1.5934404 1.2012149 2.3421414 25.372272 1.4034624099731445 0.10918417572975159
