Pedestrian 0.0 0 2.502194881439209 1069.61083984375 70.83352661132812 1166.3697509765625 237.57833862304688 0.67736816 1.7847099 0.56082106 5.56905 0.6931182 8.011124 3.109668254852295 0.3654269874095917
Pedestrian 0.0 0 -1.9420523643493652 903.868896484375 117.5101318359375 957.5503540039062 225.01002502441406 0.63326967 1.7254279 0.6202699 5.2291913 0.8374884 11.907838 -1.5282673835754395 0.35081297159194946
Pedestrian 0.0 0 -0.5286422371864319 962.274658203125 80.4040756225586 1052.11474609375 216.47463989257812 0.783174 1.6842076 0.6620804 5.0311627 0.54027045 9.271246 -0.031449440866708755 0.29006579518318176
Pedestrian 0.0 0 -2.0187618732452393 868.9585571289062 153.87594604492188 964.0784912109375 278.6353454589844 1.7083784 1.6548157 0.5707783 4.3260083 1.4034476 10.43636 -1.6258070468902588 0.14325056970119476
Pedestrian 0.0 0 -2.2058181762695312 929.0515747070312 177.7720947265625 1076.0191650390625 341.36358642578125 1.6511308 1.6731709 0.61084014 4.378461 1.7359309 8.290548 -1.7199232578277588 0.13023197650909424
Cyclist 0.0 0 -2.0746243000030518 906.3842163085938 107.85172271728516 1004.16748046875 236.35606384277344 1.589883 1.6277537 0.50009495 4.6546564 0.80473304 9.946641 -1.636933445930481 0.6346996426582336
Cyclist 0.0 0 3.436357021331787 279.62017822265625 152.32872009277344 315.4246520996094 184.29397583007812 1.7783886 1.7857217 0.5180947 -17.637941 0.6394459 40.6645 3.027104377746582 0.3558180332183838
Cyclist 0.0 0 -2.2058181762695312 929.0515747070312 177.7720947265625 1076.0191650390625 341.36358642578125 1.6511308 1.6731709 0.61084014 4.378461 1.7359309 8.290548 -1.7199232578277588 0.32208412885665894
Cyclist 0.0 0 3.322221279144287 420.5445251464844 164.61325073242188 438.26739501953125 183.38555908203125 1.5395358 1.7642838 0.6139603 -17.075834 0.9901488 68.16601 3.076768636703491 0.2804759740829468
Cyclist 0.0 0 -1.9570738077163696 855.573974609375 160.5790557861328 941.0736083984375 282.9539489746094 1.6708174 1.6305509 0.54904205 4.0743566 1.4673545 10.450497 -1.5853288173675537 0.2784527838230133
Car 0.0 0 1.9110846519470215 302.5152893066406 186.66299438476562 400.3346252441406 238.98597717285156 4.09534 1.4206686 1.6158386 -8.049215 1.895039 22.717163 1.570563793182373 0.9337533116340637
Car 0.0 0 1.7388612031936646 457.33001708984375 180.60032653808594 493.32879638671875 205.4123077392578 3.9349124 1.4388506 1.5749379 -8.392775 1.944202 45.05543 1.5546953678131104 0.7895544767379761
Car 0.0 0 1.8548598289489746 318.0226745605469 166.92465209960938 347.6095275878906 185.5399169921875 3.798153 1.7179871 1.6260144 -26.311663 1.1711304 68.54694 1.488353967666626 0.46093446016311646
