Pedestrian 0.0 0 1.6427347660064697 857.0731811523438 488.8842468261719 884.9259033203125 572.4747924804688 0.6195685 1.8644543 0.58508575 1.2385551 1.8059531 28.588303 1.6860315799713135 0.20049864053726196
Pedestrian 0.0 0 -2.548191785812378 1348.4310302734375 486.3476257324219 1406.0472412109375 600.2987670898438 0.70190924 1.8937701 0.55816776 9.516877 1.8080242 21.492382 -2.1313395500183105 0.18207760155200958
Pedestrian 0.0 0 1.599858283996582 666.17333984375 485.8730773925781 695.1442260742188 573.9210205078125 0.61396974 1.8780905 0.60427535 -2.9240766 1.7579157 27.342537 1.4933208227157593 0.18076984584331512
Pedestrian 0.0 0 -1.443381428718567 494.82818603515625 481.2477111816406 532.2006225585938 579.4130859375 0.5692607 1.9695772 0.67146295 -6.1459155 1.7637349 25.728107 -1.6778665781021118 0.1652076095342636
Pedestrian 0.0 0 -3.207732677459717 1050.95263671875 497.8349609375 1076.0098876953125 540.0404052734375 1.025096 1.822061 0.7548477 10.779623 2.1002903 55.2436 -3.0150251388549805 0.16443917155265808
Pedestrian 0.0 0 0.6174764633178711 233.3303985595703 459.00164794921875 327.04998779296875 624.917236328125 0.9345633 2.1077378 0.6254141 -6.9745016 1.6947997 16.494303 0.21743416786193848 0.157851904630661
Pedestrian 0.0 0 -0.06435584276914597 630.8146362304688 462.41815185546875 688.5421142578125 614.1060791015625 0.77330166 2.1101353 0.67339146 -2.234026 1.7054783 18.020103 -0.18770058453083038 0.13948002457618713
Pedestrian 0.0 0 -0.2805992364883423 1123.3809814453125 474.1181335449219 1194.20361328125 607.0889282226562 0.96021205 2.0985432 0.6265436 5.4841027 1.8241104 20.307894 -0.01684281975030899 0.13717834651470184
Pedestrian 0.0 0 -2.262509346008301 1114.592529296875 486.1539001464844 1153.619384765625 550.1207275390625 1.0843922 2.117094 0.75382334 10.677971 1.9399203 42.56602 -2.0167245864868164 0.13221658766269684
Pedestrian 0.0 0 -0.656843364238739 1577.7662353515625 463.58953857421875 1600.0 578.2186889648438 1.0734414 1.8767697 0.74181116 13.479655 1.4196892 21.151836 -0.08946172147989273 0.13030573725700378
Pedestrian 0.0 0 -2.382988929748535 1295.1622314453125 477.01031494140625 1355.4129638671875 596.9660034179688 0.70888674 1.9744946 0.6186714 8.555325 1.7358744 21.29664 -2.0009992122650146 0.12154772877693176
Car 0.0 0 -2.0599024295806885 999.99560546875 510.3211364746094 1155.255859375 597.4798583984375 4.099411 1.7220374 1.6377972 5.707165 2.1731648 28.168312 -1.859999179840088 0.4141474962234497
Car 0.0 0 -1.7999614477157593 687.4388427734375 504.2966003417969 781.5860595703125 570.4695434570312 4.146486 1.6289687 1.6352104 -2.2762563 1.9973483 34.25539 -1.8663134574890137 0.24450621008872986
Car 0.0 0 -2.281893014907837 1391.9259033203125 512.4620971679688 1600.0 640.1416015625 4.109383 1.6482866 1.6168127 10.787195 2.0025735 19.236969 -1.7708313465118408 0.18038244545459747
Car 0.0 0 -1.5689661502838135 929.50439453125 512.0321655273438 980.5448608398438 566.5365600585938 3.5118334 1.6281816 1.57442 4.4985423 2.3230774 41.043377 -1.4597973823547363 0.16961528360843658
Car 0.0 0 1.8082047700881958 593.9326171875 507.45135498046875 690.7552490234375 578.4937744140625 4.2475395 1.7008001 1.5738004 -4.5226383 2.1501448 33.49694 1.6739999055862427 0.15227442979812622
Car 0.0 0 -0.8267832398414612 0.0 506.7738952636719 7.37126350402832 570.7760009765625 3.3248491 1.586553 1.5713173 -23.692804 2.0173545 33.982807 -1.4356273412704468 0.15085037052631378
Car 0.0 0 1.3434548377990723 843.6077270507812 498.6466979980469 930.8875732421875 562.2651977539062 3.8257775 1.6660637 1.6266171 1.9376847 1.8784244 35.644073 1.3977633714675903 0.14446409046649933
Car 0.0 0 -1.5440456867218018 846.108154296875 504.4733581542969 903.1454467773438 561.6170654296875 4.1147017 1.6542526 1.6736294 1.8758671 2.082713 39.73421 -1.4968702793121338 0.134718120098114
Car 0.0 0 -1.5216376781463623 150.99365234375 524.61279296875 226.66094970703125 597.8523559570312 3.850382 1.7976791 1.6858742 -17.320393 2.7698092 35.08601 -1.9801965951919556 0.12579311430454254
Car 0.0 0 0.9662690162658691 1396.18896484375 508.0779724121094 1600.0 690.4588623046875 3.861904 1.7631752 1.705136 8.531273 1.9801786 14.594509 1.4952534437179565 0.12559328973293304
Car 0.0 0 -1.2934483289718628 0.0 509.3240966796875 28.415842056274414 586.270751953125 3.8074293 1.6229203 1.5799192 -19.9297 2.0699031 29.71661 -1.8842095136642456 0.12234118580818176
