Car 0.0 0 -1.7796225547790527 742.0728149414062 186.45045471191406 871.3211669921875 276.5113830566406 4.312545 1.5282248 1.6901677 3.8681836 1.8542902 15.092012 -1.528717041015625 0.9816681742668152
Car 0.0 0 -1.9002900123596191 799.3401489257812 193.28807067871094 1052.8697509765625 348.3586730957031 4.0539265 1.4353304 1.6380837 3.6508343 1.757005 9.281166 -1.5255212783813477 0.9723702669143677
Car 0.0 0 1.7860634326934814 457.005615234375 189.13365173339844 529.71240234375 243.2708740234375 3.8815696 1.6445701 1.702506 -4.006792 2.25604 25.09655 1.627744436264038 0.9441909790039062
Car 0.0 0 0.4202493727207184 190.33340454101562 191.824951171875 316.8775329589844 233.0016326904297 4.3729067 1.6031808 1.7545929 -14.743135 2.4157813 29.931446 -0.03743131086230278 0.8044077754020691
Car 0.0 0 1.727248191833496 496.1041564941406 185.30931091308594 549.4104614257812 232.0008087158203 3.9998665 1.7590758 1.617093 -3.6315877 2.3173978 30.291622 1.6079301834106445 0.7708423137664795
Car 0.0 0 -1.6383875608444214 692.6080932617188 184.7095184326172 725.335205078125 211.99755859375 4.1380873 1.4902565 1.6631354 5.8670797 2.238004 43.364048 -1.5039058923721313 0.5742086172103882
Car 0.0 0 1.7070752382278442 599.6226806640625 184.63145446777344 623.4473876953125 202.4670867919922 4.0203133 1.5252563 1.6697346 0.15346225 2.6469545 66.589134 1.70937979221344 0.5402439832687378
Car 0.0 0 1.787561297416687 532.8941650390625 187.62623596191406 578.7412719726562 221.05062866210938 4.209413 1.6521443 1.6558733 -2.962637 2.5126345 39.808773 1.7132765054702759 0.5399977564811707
Car 0.0 0 -3.0693743228912354 1052.4908447265625 176.077880859375 1242.0 261.04833984375 3.6279726 1.4866678 1.5817703 11.132798 1.5600817 14.552811 -2.416346549987793 0.5156893730163574
Car 0.0 0 -2.522989273071289 158.67916870117188 199.37374877929688 223.0041046142578 223.9851531982422 3.415051 1.5682327 1.7457803 -28.588354 3.4152033 49.212475 -3.0492589473724365 0.4250408411026001
