Pedestrian 0.0 0 -1.1740533113479614 245.04153442382812 478.1217041015625 301.2690734863281 577.6098022460938 1.1776013 2.193684 0.76788485 -12.216143 1.8985405 28.515999 -1.5787969827651978 0.20626357197761536
Pedestrian 0.0 0 -2.821962833404541 559.5476684570312 500.1156005859375 587.565185546875 544.5927124023438 1.0824643 1.9975492 0.7026788 -11.008814 2.3909676 57.457924 -3.0112664699554443 0.17669327557086945
Pedestrian 0.0 0 -2.148550510406494 149.43112182617188 483.76690673828125 195.94168090820312 554.0994262695312 0.9928229 2.022423 0.7992613 -18.806389 1.7998542 37.01016 -2.618690013885498 0.1576864868402481
Pedestrian 0.0 0 0.12792226672172546 594.681640625 491.40240478515625 628.7467651367188 548.346923828125 1.1292539 2.0454762 0.7730671 -7.407533 2.0417168 45.89483 -0.03210002928972244 0.1493302285671234
Pedestrian 0.0 0 -2.8829894065856934 700.38720703125 498.8309631347656 733.1109619140625 554.7846069335938 1.1025443 2.104767 0.68601954 -3.783673 2.385973 48.188423 -2.9613468647003174 0.14686013758182526
Pedestrian 0.0 0 -0.021081387996673584 574.8533935546875 497.1717224121094 610.4962158203125 557.0609741210938 1.2843596 2.1904788 0.77101004 -8.287193 2.4025927 46.918144 -0.1959090381860733 0.1447771042585373
Pedestrian 0.0 0 -2.4461493492126465 106.52149963378906 481.85308837890625 162.3082733154297 566.548828125 0.98626155 2.0358622 0.6873328 -16.619162 1.8038056 30.876825 -2.9399194717407227 0.142992302775383
Pedestrian 0.0 0 -2.4730031490325928 691.6312255859375 493.93865966796875 733.8862915039062 572.29150390625 1.1580901 2.3821225 0.63280874 -3.1985753 2.4583626 39.12268 -2.554579257965088 0.13853585720062256
Pedestrian 0.0 0 0.1340339481830597 778.5232543945312 498.350830078125 807.4679565429688 556.8267211914062 0.9133845 2.0058305 0.74344575 -0.8042062 2.2456796 43.9612 0.11574244499206543 0.1375165730714798
Pedestrian 0.0 0 0.08943134546279907 203.82125854492188 470.6640625 270.861083984375 582.9103393554688 1.1915451 2.2653303 0.79463524 -11.930433 1.8446808 26.131334 -0.3388616740703583 0.13248218595981598
Pedestrian 0.0 0 0.47302162647247314 0.0 487.8769836425781 44.492557525634766 559.5056762695312 1.1391397 2.0501695 0.7449648 -23.138176 1.9462684 36.66972 -0.08987254649400711 0.12912288308143616
Cyclist 0.0 0 -0.8105306625366211 128.4727325439453 520.4852905273438 182.10606384277344 593.5970458984375 1.2654654 2.1294422 0.7739207 -19.909843 3.0191436 38.167126 -1.2913471460342407 0.2655239403247833
Cyclist 0.0 0 -1.152861475944519 569.3705444335938 503.1808166503906 599.05224609375 552.12109375 1.2760061 1.9952605 0.7620384 -9.646574 2.4873924 52.679028 -1.3339747190475464 0.19779174029827118
Cyclist 0.0 0 -1.4418764114379883 747.5130615234375 496.58990478515625 774.90966796875 557.1619873046875 1.5984861 2.0915916 0.76663744 -1.9349408 2.2743177 44.69843 -1.485138177871704 0.16261526942253113
Cyclist 0.0 0 -0.954406201839447 0.0 505.98876953125 49.28586959838867 573.882080078125 1.0684725 1.944866 0.7453796 -23.163229 2.375105 37.069298 -1.5129069089889526 0.1611417680978775
Car 0.0 0 -1.3685418367385864 316.1151428222656 511.3312072753906 378.0124816894531 550.9038696289062 4.2046194 1.5092217 1.5999478 -19.47174 2.368608 52.700844 -1.722461462020874 0.5795044898986816
Car 0.0 0 -1.377454161643982 430.1788024902344 503.7925720214844 517.3822021484375 568.7125244140625 4.092476 1.6837946 1.6121844 -9.592398 2.0508196 35.736897 -1.6396901607513428 0.287864089012146
Car 0.0 0 -1.2447483539581299 504.85626220703125 507.268798828125 604.8202514648438 586.6849975585938 3.4622028 1.8909377 1.4908434 -6.6826053 2.3202326 32.68271 -1.4464374780654907 0.2810894250869751
Car 0.0 0 -2.3739824295043945 1154.2320556640625 534.0654296875 1600.0 900.0 5.3185253 1.848139 1.6308945 2.5109522 2.0370326 2.899456 -1.6602678298950195 0.22922348976135254
Car 0.0 0 -1.0933451652526855 464.8901672363281 512.4812622070312 535.4365844726562 549.5905151367188 3.6349807 1.5710151 1.6336031 -14.378972 2.5604246 57.78319 -1.3372350931167603 0.20449359714984894
Car 0.0 0 1.4694688320159912 509.091552734375 510.48883056640625 583.0146484375 576.5942993164062 4.506282 1.7588829 1.686345 -8.0519 2.3566642 37.479286 1.2578494548797607 0.19103431701660156
Car 0.0 0 -1.0621755123138428 324.624755859375 500.0017395019531 445.8200378417969 560.7465209960938 3.8280983 1.6032468 1.5956326 -12.176426 1.8584452 36.018806 -1.388171672821045 0.18496692180633545
Car 0.0 0 -1.464407205581665 223.760009765625 508.2877502441406 276.6458740234375 550.2482299804688 3.817067 1.6285853 1.6169808 -23.588297 2.3564866 52.86897 -1.8840675354003906 0.1747170090675354
Car 0.0 0 -1.4115471839904785 531.279541015625 510.3086853027344 586.1818237304688 552.318115234375 3.1755688 1.6202804 1.7219784 -10.522787 2.415142 51.917923 -1.611519455909729 0.15130634605884552
Car 0.0 0 -1.5680041313171387 585.7432861328125 522.0234375 661.6093139648438 608.9165649414062 4.1096516 1.7915834 1.6431979 -4.518265 2.5610044 29.777245 -1.7185909748077393 0.14032426476478577
Car 0.0 0 1.7417304515838623 426.1058349609375 498.94329833984375 521.9520874023438 570.5735473632812 4.0463653 1.6207863 1.6041129 -8.346116 1.8161056 31.176262 1.480156660079956 0.13974648714065552
Car 0.0 0 -2.4355287551879883 40.992027282714844 514.256591796875 150.55224609375 554.3189086914062 3.6907787 1.5423543 1.6032269 -29.097364 2.4820766 51.178062 -2.952503204345703 0.13580378890037537
Car 0.0 0 -1.3599932193756104 388.3642272949219 500.6884765625 457.7812805175781 545.8007202148438 3.8753579 1.5659868 1.6713666 -14.4697 1.9196799 46.781574 -1.6599632501602173 0.13475444912910461
Car 0.0 0 1.4353423118591309 583.0579833984375 511.0702209472656 706.0792236328125 610.4553833007812 4.0127563 1.5878903 1.6982567 -3.234291 1.9803677 23.24576 1.2970951795578003 0.133836030960083
Car 0.0 0 1.8653144836425781 324.48919677734375 507.88616943359375 471.5201110839844 606.4299926757812 3.6683905 1.7467066 1.7452914 -8.121171 2.0928893 24.914803 1.5502166748046875 0.1330825835466385
Car 0.0 0 1.5477089881896973 286.2469482421875 507.0269775390625 350.2755432128906 571.8853759765625 3.974629 1.7117419 1.6271162 -14.430182 2.1865668 36.598186 1.1721374988555908 0.12817417085170746
Car 0.0 0 -1.6426335573196411 772.959228515625 516.80224609375 825.1747436523438 565.6285400390625 3.6931121 1.6016325 1.609107 -0.6534951 2.5471485 45.428783 -1.6570175886154175 0.1258847564458847
