Pedestrian 0.0 0 -1.5855904817581177 471.4179992675781 181.62240600585938 483.89739990234375 220.58302307128906 0.8283663 1.5939701 0.49960193 -5.580005 1.9666173 30.177116 -1.7684338092803955 0.38997387886047363
Pedestrian 0.0 0 -1.7184555530548096 826.3256225585938 153.36155700683594 846.2037963867188 203.5797119140625 0.4862764 1.8659414 0.6469494 8.45092 1.1420243 27.097286 -1.4161417484283447 0.25031161308288574
Pedestrian 0.0 0 1.0325617790222168 829.350830078125 122.69098663330078 871.6400146484375 188.22564697265625 1.1717787 1.8275781 0.64225405 6.8587446 0.42903015 20.76061 1.351645588874817 0.12363721430301666
Pedestrian 0.0 0 0.5424134731292725 146.9813232421875 138.44239807128906 173.7932586669922 185.15887451171875 0.68941045 1.8795799 0.6510012 -18.331573 0.49542952 29.35833 -0.015759937465190887 0.11629392206668854
Pedestrian 0.0 0 0.9527660012245178 944.9088745117188 119.78144073486328 1022.3798217773438 239.717529296875 0.93872 1.8638088 0.7018812 5.998333 1.039418 11.725151 1.4256333112716675 0.1071653962135315
Cyclist 0.0 0 -0.11079519987106323 827.806396484375 124.52779388427734 875.462646484375 189.96102905273438 1.2385775 1.8441169 0.61236227 6.8921833 0.4824887 20.760891 0.20973610877990723 0.13631995022296906
Car 0.0 0 1.7026917934417725 607.0270385742188 173.60723876953125 629.4009399414062 189.73439025878906 3.9061184 1.4880506 1.6359767 0.7937595 1.5623888 68.81488 1.7142260074615479 0.48971113562583923
Car 0.0 0 2.127706289291382 388.43994140625 178.62989807128906 462.910888671875 212.0663299560547 4.096985 1.4798484 1.5558957 -8.859967 1.7769192 34.875324 1.8789223432540894 0.15986689925193787
Car 0.0 0 -0.4653637111186981 733.0731201171875 172.9764404296875 799.1079711914062 198.20863342285156 3.6320534 1.5024414 1.5758667 9.513449 1.5105057 44.190693 -0.25331827998161316 0.14905662834644318
Car 0.0 0 -0.015994712710380554 756.2672729492188 168.26443481445312 827.1643676757812 197.00596618652344 3.8782034 1.6037323 1.6922219 10.385896 1.348 41.522305 0.22910451889038086 0.14464549720287323
