Pedestrian 0.0 0 1.4135442972183228 300.51531982421875 151.68922424316406 320.55181884765625 192.47190856933594 0.9286623 1.9020298 0.7408286 -14.253 0.915301 34.23804 1.0190730094909668 0.4372701346874237
Pedestrian 0.0 0 1.958176851272583 389.4123840332031 140.91586303710938 432.1270446777344 230.0101318359375 0.59498805 1.7604792 0.65773165 -4.072082 1.129748 14.587963 1.685965895652771 0.3858569264411926
Pedestrian 0.0 0 -0.3010898232460022 993.0242309570312 86.21228790283203 1067.5567626953125 218.30319213867188 0.75955456 1.7664008 0.55844355 5.7554665 0.6081323 10.001804 0.22107720375061035 0.3576510548591614
Pedestrian 0.0 0 1.9308764934539795 270.06463623046875 131.2635040283203 312.3529968261719 197.90155029296875 1.1012626 1.7831963 0.72588253 -8.813728 0.67061615 19.875711 1.5134894847869873 0.3552584946155548
Pedestrian 0.0 0 -1.3173768520355225 0.0 105.87173461914062 77.26567077636719 268.44659423828125 1.5598079 1.7438357 0.54610777 -6.910354 1.0257181 8.559776 -1.9965565204620361 0.17349673807621002
Pedestrian 0.0 0 -1.326432466506958 168.08462524414062 113.34303283691406 229.9697265625 220.2942657470703 1.6157013 1.7595491 0.57705253 -7.264103 0.7808396 12.723716 -1.845188021659851 0.13128213584423065
Cyclist 0.0 0 -2.159205913543701 1047.697998046875 55.8597412109375 1177.0267333984375 208.18592834472656 1.6509877 1.6619167 0.42235982 5.928365 0.38583797 8.696955 -1.5608950853347778 0.6228190660476685
Cyclist 0.0 0 1.2694414854049683 739.3425903320312 150.3278045654297 759.3295288085938 182.89492797851562 1.7133331 1.7937843 0.62192917 7.799324 0.55340827 40.62527 1.459115743637085 0.6008998155593872
Cyclist 0.0 0 -1.3195934295654297 0.0 105.169921875 78.29315185546875 269.1213684082031 1.5972456 1.7572309 0.55908626 -6.91789 1.0321512 8.573322 -1.998533010482788 0.5776245594024658
Cyclist 0.0 0 -1.326432466506958 168.08462524414062 113.34303283691406 229.9697265625 220.2942657470703 1.6157013 1.7595491 0.57705253 -7.264103 0.7808396 12.723716 -1.845188021659851 0.4548214077949524
Cyclist 0.0 0 -2.0738909244537354 1112.875 25.96742820739746 1242.0 232.59791564941406 1.7256873 1.7641283 0.40141246 5.528893 0.5104277 7.0414047 -1.4082412719726562 0.3707050085067749
Car 0.0 0 1.3692412376403809 697.3428344726562 174.41104125976562 837.80078125 277.0445556640625 3.8308935 1.4768939 1.5498283 2.460955 1.5080667 12.357686 1.5658133029937744 0.9723098278045654
Car 0.0 0 -1.9002399444580078 749.7137451171875 185.9534912109375 1035.966796875 373.38470458984375 3.529088 1.4157766 1.5654029 2.5213358 1.5837398 7.4618278 -1.5743869543075562 0.96544349193573
Car 0.0 0 2.3946433067321777 610.9640502929688 168.45223999023438 746.0914306640625 219.30592346191406 4.3390365 1.4819632 1.6209859 2.2002015 1.3540463 22.984138 2.490079402923584 0.9131962656974792
Car 0.0 0 0.797738254070282 950.6581420898438 227.27679443359375 1242.0 375.0 3.599737 1.3865739 1.5073442 2.508698 1.6959901 2.2484689 1.637784481048584 0.7228662967681885
Car 0.0 0 -3.0335824489593506 590.996826171875 156.5301971435547 664.9960327148438 182.9645233154297 4.5120497 1.6261367 1.691232 1.131039 0.62231755 45.520435 -3.0087406635284424 0.7001630663871765
Car 0.0 0 -0.7003998756408691 851.72607421875 154.16563415527344 919.3195190429688 180.92601013183594 3.5530963 1.5416944 1.6134876 16.346096 0.46539512 42.91387 -0.3364625871181488 0.366629958152771
