Pedestrian 0.0 0 -2.3228554725646973 0.0 145.32691955566406 105.87195587158203 285.0528564453125 1.1247151 1.7697432 0.4847608 -7.300892 1.3259239 9.275047 -2.9897143840789795 0.8544855713844299
Pedestrian 0.0 0 1.1035304069519043 845.6566772460938 91.90092468261719 908.6575317382812 204.1492462158203 0.8087614 1.8425852 0.7109711 4.575475 0.3898603 12.040552 1.4666821956634521 0.5970289707183838
Pedestrian 0.0 0 1.6338543891906738 519.4107055664062 105.04315948486328 550.9280395507812 192.9335174560547 0.77109885 1.8045727 0.6168388 -1.5052047 0.2569106 14.909079 1.5332363843917847 0.5250779390335083
Pedestrian 0.0 0 2.7338669300079346 705.7124633789062 117.82278442382812 742.8091430664062 187.04513549804688 0.7649383 1.7425612 0.5985756 3.0246615 0.16635682 18.17632 2.8987627029418945 0.5023594498634338
Pedestrian 0.0 0 -3.1994550228118896 770.7330932617188 98.46572875976562 829.5281372070312 206.0115203857422 0.9517359 1.8200195 0.69045436 3.3599875 0.4333852 12.3961525 -2.9347639083862305 0.40004658699035645
Pedestrian 0.0 0 -3.505066394805908 912.1682739257812 96.10890197753906 970.23388671875 207.15406799316406 0.72603506 1.8023412 0.5428891 5.541256 0.43426725 11.7693405 -3.065032958984375 0.37429654598236084
Pedestrian 0.0 0 -3.764723539352417 1093.4788818359375 89.67688751220703 1191.69140625 200.93511962890625 1.1506077 1.7692175 0.5875504 8.715405 0.32661235 11.545648 -3.1181161403656006 0.3104376494884491
Pedestrian 0.0 0 0.10710513591766357 562.9757080078125 123.99272918701172 603.9744873046875 214.0137176513672 0.7915018 1.827248 0.621648 -0.48048657 0.6818884 14.686102 0.07439970970153809 0.30749940872192383
Pedestrian 0.0 0 -0.5571233034133911 965.874267578125 83.85115814208984 1035.16357421875 195.25900268554688 0.7899753 1.8057373 0.6382326 6.540439 0.24087211 11.793878 -0.05078417435288429 0.28542450070381165
Pedestrian 0.0 0 1.5108805894851685 624.7316284179688 123.20863342285156 649.5491333007812 192.47784423828125 0.757413 1.7313863 0.5861277 0.7772238 0.30098137 18.05134 1.553910255432129 0.26340609788894653
Cyclist 0.0 0 -2.579531669616699 1123.3896484375 73.2792739868164 1224.0 178.7501983642578 1.6251208 1.7867113 0.46430358 10.369431 -0.03225687 12.844734 -1.9003610610961914 0.3649686276912689
Cyclist 0.0 0 -3.764723539352417 1093.4788818359375 89.67688751220703 1191.69140625 200.93511962890625 1.1506077 1.7692175 0.5875504 8.715405 0.32661235 11.545648 -3.1181161403656006 0.2358073741197586
Cyclist 0.0 0 -3.2299060821533203 767.6923217773438 96.37886810302734 831.84423828125 205.84278869628906 1.0228812 1.85128 0.68828183 3.3481455 0.43025166 12.381089 -2.96579909324646 0.17508156597614288
Car 0.0 0 -1.2979378700256348 499.3523254394531 141.74737548828125 582.0729370117188 194.80967712402344 3.656596 1.4752328 1.5851902 -1.8997821 0.39941263 21.595278 -1.3856841325759888 0.4666874408721924
Car 0.0 0 -1.877380609512329 647.5140380859375 133.41775512695312 745.4459838867188 195.60275268554688 3.697618 1.5365268 1.601002 2.3637512 0.37477025 19.430214 -1.7563221454620361 0.3901599049568176
Car 0.0 0 -2.947150468826294 524.8502807617188 150.7600555419922 616.1568603515625 186.30758666992188 3.9153502 1.5672174 1.6761423 -1.5586355 0.2575131 32.28168 -2.9953954219818115 0.3053570091724396
