Pedestrian 0.0 0 1.3040939569473267 688.65380859375 142.90496826171875 712.6149291992188 196.478271484375 0.89985055 1.8043908 0.59891254 3.0625708 0.7960421 24.7874 1.427024483680725 0.7740828394889832
Pedestrian 0.0 0 -2.338193655014038 442.36151123046875 157.2061309814453 468.32086181640625 199.6782989501953 0.83120865 1.6736643 0.61137587 -6.240332 1.0574001 28.915653 -2.5507454872131348 0.6820427775382996
Pedestrian 0.0 0 2.7695517539978027 750.5271606445312 144.76475524902344 774.4503784179688 195.18116760253906 0.6520065 1.7839097 0.6376494 5.425047 0.79037094 25.895979 2.9760591983795166 0.6564227938652039
Pedestrian 0.0 0 1.653887391090393 215.3822021484375 148.49586486816406 234.9738006591797 191.87510681152344 0.9152409 1.8089491 0.661759 -16.375069 0.79355353 30.63726 1.1630361080169678 0.5689175128936768
Car 0.0 0 -1.7098900079727173 687.2767944335938 178.5504608154297 774.5880126953125 247.40635681152344 3.989771 1.5053424 1.5877041 2.8659046 1.6645784 18.112753 -1.5529651641845703 0.9577704071998596
Car 0.0 0 2.0912938117980957 86.31720733642578 198.297119140625 322.7599792480469 316.6741943359375 3.6692219 1.4446216 1.6274312 -6.193589 1.9143503 11.453862 1.595585823059082 0.9545361995697021
Car 0.0 0 -1.2658747434616089 365.1728515625 184.65858459472656 457.37359619140625 246.55526733398438 4.0129557 1.7004238 1.651672 -6.1546254 2.1044586 22.633932 -1.531375527381897 0.8938112258911133
Car 0.0 0 -0.6462546586990356 989.7244262695312 153.7292022705078 1242.0 259.00732421875 4.3021417 1.4711677 1.6354983 8.269162 1.2042736 10.9034395 0.002600431442260742 0.8912284970283508
Car 0.0 0 2.744431495666504 816.6956787109375 152.89073181152344 1002.9981689453125 216.97418212890625 4.514926 1.7199633 1.7169303 8.258226 1.1845187 20.24352 3.131767511367798 0.8559070229530334
Car 0.0 0 2.61187744140625 907.0241088867188 136.5255584716797 1179.633056640625 237.2310333251953 4.2880287 1.8483002 1.7353699 8.2591915 1.1819032 14.107864 3.1415159702301025 0.8371033072471619
Car 0.0 0 1.7650935649871826 454.6994934082031 183.66183471679688 505.7257080078125 219.11849975585938 3.9424431 1.4997225 1.6150831 -6.034389 2.0348082 33.711185 1.5879669189453125 0.7719454169273376
Car 0.0 0 -0.6529365181922913 1152.7855224609375 142.8040771484375 1242.0 185.7631072998047 3.587354 1.5212777 1.5731552 22.241455 0.45749924 26.418251 0.046834707260131836 0.7698081731796265
