Pedestrian 0.0 0 1.0806450843811035 722.7638549804688 177.1670379638672 742.912841796875 214.3280792236328 0.87448275 1.7843925 0.6332133 5.963786 1.9987258 35.27857 1.248110294342041 0.6575899720191956
Pedestrian 0.0 0 -3.334484100341797 786.5540161132812 167.2033233642578 809.1949462890625 203.9007110595703 0.969861 1.7715318 0.59971315 9.111523 1.4991088 35.157524 -3.0809004306793213 0.6168929934501648
Pedestrian 0.0 0 1.6843693256378174 875.29052734375 166.47451782226562 900.7443237304688 217.3868408203125 0.8540897 1.6479331 0.6956218 9.165311 1.4417994 23.891415 2.0506789684295654 0.5316471457481384
Pedestrian 0.0 0 -2.6421658992767334 1174.2083740234375 187.48973083496094 1242.0 285.5486145019531 0.7881034 1.751986 0.6026875 11.139003 2.0361197 13.509371 -1.952640175819397 0.3480551540851593
Cyclist 0.0 0 2.557013988494873 870.578857421875 166.3673858642578 906.5460205078125 217.09519958496094 0.8838119 1.6497377 0.6769223 9.172587 1.439142 23.888657 2.9236276149749756 0.12432760000228882
Car 0.0 0 2.168396472930908 34.50363540649414 192.52134704589844 191.48487854003906 253.2620391845703 3.9693954 1.4427654 1.7084906 -13.889205 2.0535095 20.405825 1.5707762241363525 0.9069811701774597
Car 0.0 0 1.8923813104629517 345.75177001953125 180.73544311523438 398.6529541015625 210.90740966796875 4.3025312 1.6654954 1.7298424 -14.162433 2.1602821 43.106808 1.5749484300613403 0.9010438323020935
Car 0.0 0 2.1398916244506836 17.07461929321289 190.15440368652344 157.67906188964844 247.13995361328125 4.24315 1.5698318 1.6485491 -16.749323 2.181956 23.349445 1.517627477645874 0.5591445565223694
Car 0.0 0 2.2208850383758545 0.0 173.03192138671875 69.16532135009766 223.75181579589844 3.4252121 1.6834528 1.7852391 -21.442863 1.6905832 25.709322 1.5257238149642944 0.21547426283359528
Car 0.0 0 1.1203503608703613 916.7484741210938 196.65603637695312 1046.16357421875 266.1236267089844 3.336732 1.4718871 1.5719492 9.129314 2.1254668 18.118141 1.587094783782959 0.19433732330799103
