Pedestrian 0.0 0 -0.022174015641212463 571.9414672851562 487.1375732421875 615.7958374023438 563.9672241210938 1.2123779 2.156227 0.7510895 -6.331385 2.0335968 36.02854 -0.19613030552864075 0.16117191314697266
Pedestrian 0.0 0 -1.280200481414795 1141.294677734375 502.21435546875 1176.575927734375 564.5560302734375 1.3718853 1.8601735 0.6789551 10.507237 2.194755 38.811348 -1.0158121585845947 0.1494198888540268
Pedestrian 0.0 0 0.4741489887237549 37.668949127197266 477.1718444824219 107.3396224975586 574.507080078125 1.0906155 2.0455344 0.67834085 -15.837271 1.7442744 26.98369 -0.056597404181957245 0.14787954092025757
Pedestrian 0.0 0 -3.0115299224853516 1262.0377197265625 489.6967468261719 1315.2451171875 576.292236328125 1.1486297 2.1108625 0.77321786 11.743885 2.0667331 31.480799 -2.654470682144165 0.1287516951560974
Cyclist 0.0 0 -1.280200481414795 1141.294677734375 502.21435546875 1176.575927734375 564.5560302734375 1.3718853 1.8601735 0.6789551 10.507237 2.194755 38.811348 -1.0158121585845947 0.1978977769613266
Cyclist 0.0 0 -1.4803602695465088 635.9933471679688 500.1588134765625 662.115234375 561.9817504882812 1.1327351 1.9967123 0.75223964 -5.4927416 2.285193 41.645725 -1.6114954948425293 0.13344889879226685
Car 0.0 0 -1.7132726907730103 751.0122680664062 515.3585205078125 804.9002075195312 557.1809692382812 4.2057066 1.5597293 1.6263231 -1.6130635 2.5800629 51.9641 -1.7443046569824219 0.5348840951919556
Car 0.0 0 -1.8982996940612793 916.7767333984375 512.5298461914062 1033.416015625 586.5781860351562 3.9953222 1.6257026 1.6383959 3.822059 2.1777325 31.131752 -1.776140570640564 0.4896015524864197
Car 0.0 0 -1.5053342580795288 641.56201171875 518.5354614257812 686.3909912109375 560.5792846679688 3.741351 1.5948355 1.5981908 -6.2681775 2.7540874 52.406128 -1.6243764162063599 0.4736768305301666
Car 0.0 0 -1.4440339803695679 342.417724609375 510.9496154785156 437.71142578125 591.5921020507812 4.500583 1.7468994 1.6397895 -10.323992 2.2582552 30.941265 -1.7660822868347168 0.36777961254119873
Car 0.0 0 -1.3140677213668823 461.5582275390625 503.7959899902344 552.2760009765625 564.274658203125 4.3176837 1.6827663 1.6142393 -9.277429 2.0754535 38.294186 -1.551755428314209 0.2644868493080139
Car 0.0 0 -1.530164122581482 854.3880615234375 510.48809814453125 927.3007202148438 583.5357055664062 3.9390154 1.5938209 1.6008656 1.8638681 2.0850203 30.732529 -1.4695903062820435 0.23918938636779785
Car 0.0 0 -1.382875919342041 593.4658203125 509.33013916015625 645.0435791015625 549.6610717773438 3.674337 1.6486161 1.5634588 -8.562395 2.4527783 55.276875 -1.5365546941757202 0.1856275498867035
Car 0.0 0 1.1624424457550049 1153.8602294921875 522.9910278320312 1302.034912109375 603.2809448242188 4.397301 1.6331861 1.6981941 9.568123 2.4308019 29.812456 1.47300124168396 0.16350311040878296
Car 0.0 0 -1.6218205690383911 761.8032836914062 517.8509521484375 828.9790649414062 582.6671142578125 3.5137756 1.5879931 1.6379519 -0.6105114 2.339272 34.30679 -1.6396143436431885 0.15643541514873505
Car 0.0 0 -0.7002748847007751 0.0 506.16339111328125 36.58500671386719 583.129150390625 3.478999 1.5981141 1.5913451 -19.924314 1.9544528 28.902594 -1.3038246631622314 0.1386977881193161
Car 0.0 0 1.3525482416152954 994.1795654296875 518.4411010742188 1112.41015625 609.9017333984375 3.5842052 1.6382364 1.5990561 4.7046394 2.220888 25.57586 1.5344630479812622 0.13569438457489014
Car 0.0 0 -2.203770637512207 1358.899658203125 505.49017333984375 1546.923828125 584.0919189453125 4.1208234 1.5667325 1.601271 14.026104 1.9018091 28.18048 -1.741945505142212 0.1333579272031784
Car 0.0 0 -1.4898812770843506 454.6297607421875 498.9469909667969 543.8096313476562 579.6123046875 4.000799 1.6477034 1.6097405 -7.0259566 1.8266745 28.360464 -1.7327295541763306 0.12801077961921692
Car 0.0 0 -1.442224383354187 695.931396484375 514.769287109375 747.5178833007812 557.584228515625 3.8736832 1.603091 1.6077093 -3.8095124 2.5862274 51.544903 -1.5159969329833984 0.12754879891872406
Car 0.0 0 -2.1950321197509766 1372.42822265625 515.579345703125 1600.0 626.5101928710938 4.1840982 1.6240777 1.6153373 11.465668 2.0775087 21.671448 -1.7084014415740967 0.12726429104804993
Car 0.0 0 -2.363753080368042 1216.3399658203125 528.4954833984375 1367.1436767578125 600.647705078125 3.4779298 1.6282599 1.6230814 12.115777 2.632541 32.46579 -2.0065736770629883 0.12473823130130768
