Pedestrian 0.0 0 1.5458871126174927 541.6571655273438 159.02320861816406 566.0249633789062 224.30967712402344 0.8378226 1.7242557 0.63386995 -1.32464 1.1317973 19.415592 1.4777671098709106 0.8969799876213074
Pedestrian 0.0 0 3.1274373531341553 473.2702331542969 155.23434448242188 512.9172973632812 235.1437530517578 0.89197487 1.8092387 0.6460836 -2.5514736 1.2157682 16.653662 2.9754114151000977 0.877717137336731
Pedestrian 0.0 0 -0.2888278663158417 811.005859375 144.57286071777344 864.0734252929688 248.62704467773438 0.68174434 1.6778325 0.63039374 3.859044 1.0836895 11.903762 0.024668455123901367 0.8002919554710388
Pedestrian 0.0 0 -1.3026204109191895 567.566650390625 159.97265625 587.0540771484375 202.69985961914062 0.7893682 1.6875968 0.5948437 -0.98158646 0.83833855 28.822382 -1.3366636037826538 0.7915447950363159
Pedestrian 0.0 0 -0.003974873572587967 572.47412109375 158.9263153076172 608.8062744140625 233.65443420410156 0.79499435 1.634362 0.6573728 -0.27992424 1.14188 16.045053 -0.02141924388706684 0.7686886191368103
Pedestrian 0.0 0 -1.501314640045166 607.6058959960938 151.28042602539062 621.940673828125 188.51321411132812 0.70665073 1.7903689 0.6503305 0.642756 0.33813852 34.91962 -1.4829100370407104 0.75350022315979
Pedestrian 0.0 0 -1.5966740846633911 716.0487060546875 143.956787109375 742.5967407226562 215.40147399902344 0.6508629 1.7845222 0.6472846 3.2202141 0.84796476 18.309383 -1.4225767850875854 0.7412806749343872
Pedestrian 0.0 0 1.2897757291793823 615.8949584960938 157.0008544921875 635.6952514648438 203.1613006591797 0.7591657 1.7216845 0.560165 0.89914346 0.80895376 27.226452 1.3227883577346802 0.7316237688064575
Pedestrian 0.0 0 -1.1874899864196777 1050.770263671875 126.84703826904297 1159.369873046875 318.36474609375 0.857862 1.6924586 0.56742454 4.731992 1.2108674 6.817909 -0.5807662010192871 0.6927254796028137
Pedestrian 0.0 0 -1.2650494575500488 422.358642578125 174.76144409179688 482.18359375 281.696533203125 0.9995554 1.7865342 0.7591405 -2.6254907 1.6752408 12.533335 -1.4715441465377808 0.6740686893463135
Pedestrian 0.0 0 0.14578315615653992 527.3652954101562 152.8135528564453 545.1810302734375 190.36985778808594 0.78767717 1.8261274 0.6384691 -3.2040286 0.43218178 35.265976 0.05517864227294922 0.6626489758491516
Pedestrian 0.0 0 -1.0911463499069214 708.7869262695312 135.63209533691406 729.8206787109375 180.67588806152344 0.5406843 1.8026643 0.6693213 4.771042 -0.0329682 29.177702 -0.9290640354156494 0.6553294658660889
Pedestrian 0.0 0 1.888174295425415 531.9539794921875 154.88832092285156 551.85400390625 199.76034545898438 0.84693396 1.8673557 0.6057867 -2.5281634 0.7608888 30.373222 1.8051291704177856 0.6535486578941345
Pedestrian 0.0 0 0.9792634844779968 1130.7476806640625 77.4542236328125 1238.0 275.59747314453125 0.73726165 1.8102652 0.6429637 5.6575427 0.8610662 6.9565854 1.6620402336120605 0.6124964356422424
Pedestrian 0.0 0 -1.6598913669586182 594.1864624023438 165.33213806152344 606.8809814453125 200.9763946533203 0.69062644 1.328972 0.41842934 -0.057172 0.72719854 27.142954 -1.661997675895691 0.5705087780952454
Pedestrian 0.0 0 1.2988935708999634 833.9429321289062 121.3772964477539 881.79150390625 215.25634765625 0.8186987 1.7972901 0.69220746 5.0099835 0.64751226 14.181544 1.638482928276062 0.5532128214836121
Pedestrian 0.0 0 -2.379167079925537 551.32958984375 155.69908142089844 580.2120361328125 206.7257843017578 0.7970099 1.7166903 0.5986417 -1.2485722 0.84974945 24.651255 -2.4297733306884766 0.5178285837173462
Pedestrian 0.0 0 -0.4213621914386749 785.8240356445312 137.3087615966797 819.71875 194.9722442626953 0.8032778 1.7142518 0.61812884 6.053926 0.4016372 21.717888 -0.1495102345943451 0.48861995339393616
Pedestrian 0.0 0 -2.4562292098999023 9.9683198928833 161.04103088378906 155.83575439453125 374.0 0.6194913 1.686138 0.57397056 -3.716883 1.5505415 5.1118155 -3.084923028945923 0.48243439197540283
Pedestrian 0.0 0 -1.179793357849121 498.2227478027344 174.04397583007812 531.0111083984375 240.70123291015625 0.84710455 1.6712044 0.55908203 -2.2602248 1.4854535 18.489862 -1.3014311790466309 0.45395421981811523
Pedestrian 0.0 0 -2.860708713531494 650.812255859375 149.98641967773438 670.2779541015625 186.5107421875 0.8310849 1.8164822 0.64557 2.971713 0.25008413 36.171944 -2.7787375450134277 0.4519437849521637
Pedestrian 0.0 0 -1.5223147869110107 603.4689331054688 159.5947265625 619.824462890625 204.86578369140625 0.75339276 1.7571994 0.60938036 0.38745102 0.90796095 28.274508 -1.5086123943328857 0.42613208293914795
Pedestrian 0.0 0 1.2925604581832886 322.0282287597656 134.90374755859375 360.7636413574219 212.372802734375 0.74837786 1.782303 0.6828438 -6.202579 0.7114887 17.02723 0.9432263374328613 0.42216888070106506
Pedestrian 0.0 0 -0.9043252468109131 155.00030517578125 110.40037536621094 264.8091125488281 225.39646911621094 1.8103446 1.6926005 0.5426498 -6.252331 0.6474116 11.508278 -1.4020020961761475 0.13250325620174408
Pedestrian 0.0 0 -1.094557285308838 350.9807434082031 146.23101806640625 408.6054382324219 223.8095245361328 1.6756272 1.7303182 0.5959927 -5.2183466 0.94489306 16.896345 -1.3941086530685425 0.11924818158149719
Cyclist 0.0 0 -0.9043252468109131 155.00030517578125 110.40037536621094 264.8091125488281 225.39646911621094 1.8103446 1.6926005 0.5426498 -6.252331 0.6474116 11.508278 -1.4020020961761475 0.5616841912269592
Cyclist 0.0 0 -1.0926213264465332 352.5761413574219 134.68638610839844 411.2404479980469 212.9159698486328 1.7266818 1.7515699 0.602146 -5.1939173 0.7046238 16.984484 -1.3893940448760986 0.4997912347316742
Cyclist 0.0 0 1.888174295425415 531.9539794921875 154.88832092285156 551.85400390625 199.76034545898438 0.84693396 1.8673557 0.6057867 -2.5281634 0.7608888 30.373222 1.8051291704177856 0.18071383237838745
Cyclist 0.0 0 1.2988935708999634 833.9429321289062 121.3772964477539 881.79150390625 215.25634765625 0.8186987 1.7972901 0.69220746 5.0099835 0.64751226 14.181544 1.638482928276062 0.12704820930957794
Cyclist 0.0 0 -2.860708713531494 650.812255859375 149.98641967773438 670.2779541015625 186.5107421875 0.8310849 1.8164822 0.64557 2.971713 0.25008413 36.171944 -2.7787375450134277 0.11484676599502563
Car 0.0 0 -1.64970064163208 617.138427734375 164.6813507080078 637.669921875 181.07029724121094 3.95314 1.5062157 1.6347048 2.4749634 -0.04166304 68.13345 -1.613391399383545 0.4714760184288025
Car 0.0 0 -0.44636964797973633 799.103759765625 132.29653930664062 971.896728515625 194.96607971191406 3.9798281 1.5882791 1.6095523 7.4648666 0.34246087 19.153791 -0.07474526762962341 0.46868664026260376
Car 0.0 0 1.5866198539733887 500.6243591308594 160.3327178955078 522.9041137695312 181.05152893066406 4.1838827 1.551402 1.6614064 -6.9417586 -0.035849277 56.050926 1.463399887084961 0.4389517307281494
