Pedestrian 0.0 0 -0.7049562335014343 1188.6090087890625 89.95381164550781 1242.0 206.2012481689453 0.7533017 1.7445936 0.5524442 9.450367 0.5008196 11.102109 0.0002472400665283203 0.5339169502258301
Pedestrian 0.0 0 2.349414825439453 1106.527587890625 115.39205169677734 1174.3179931640625 219.11676025390625 0.77700275 1.7613102 0.57339996 9.198307 0.78592837 12.594815 2.9802045822143555 0.5057058334350586
Pedestrian 0.0 0 0.1766698658466339 651.211181640625 162.06712341308594 661.7940063476562 182.37625122070312 0.9521311 1.9258032 0.39096263 4.4118233 0.9033013 68.72009 0.2407817840576172 0.47446948289871216
Pedestrian 0.0 0 0.018108278512954712 853.693359375 135.56198120117188 877.1953735351562 190.1797332763672 0.7487674 1.8387324 0.61572254 8.705893 0.5836371 24.707417 0.35688352584838867 0.4086437523365021
Pedestrian 0.0 0 1.180018663406372 866.6166381835938 151.86163330078125 889.9129028320312 201.26210021972656 0.78647685 1.8490406 0.57182276 10.14174 1.0636623 27.407515 1.5344294309616089 0.3874005079269409
Pedestrian 0.0 0 0.1046837791800499 688.808349609375 160.0409393310547 699.1502685546875 181.5229949951172 0.8332941 1.8302915 0.4931948 7.1726923 0.7389648 61.804592 0.22022128105163574 0.38314488530158997
Pedestrian 0.0 0 -1.040376901626587 1137.4449462890625 106.19194030761719 1192.7001953125 206.82186889648438 0.59276575 1.7821369 0.5787418 10.064681 0.6019224 13.15543 -0.3873075246810913 0.303490549325943
Pedestrian 0.0 0 1.3651702404022217 789.2230834960938 144.0782928466797 806.8452758789062 181.18609619140625 1.2808886 1.7770152 0.58061486 9.12858 0.39936435 35.203846 1.6188884973526 0.16975151002407074
Cyclist 0.0 0 1.068283200263977 821.3579711914062 131.83494567871094 854.1015625 176.89404296875 1.5427725 1.825064 0.6327517 9.425049 0.16399473 30.040897 1.3722978830337524 0.3941119313240051
Cyclist 0.0 0 0.6591895818710327 883.0932006835938 115.20235443115234 942.1737670898438 177.4539337158203 1.5877825 1.8285233 0.66614336 9.179908 0.13547197 22.045834 1.0537543296813965 0.393941730260849
Cyclist 0.0 0 0.8344148993492126 765.8679809570312 143.1683349609375 797.6987915039062 178.81507873535156 1.749082 1.8057488 0.5815908 8.86698 0.30232683 37.454258 1.0668766498565674 0.38940057158470154
Cyclist 0.0 0 -2.1307616233825684 788.4752197265625 135.30471801757812 821.1950073242188 177.26629638671875 1.7532382 1.8439811 0.5837009 8.754372 0.19425431 32.628548 -1.8686312437057495 0.3371463716030121
Cyclist 0.0 0 0.9743356704711914 866.852294921875 128.7259521484375 904.8333129882812 177.3921356201172 1.5681403 1.8549529 0.6162623 10.772091 0.17333263 28.333324 1.3376500606536865 0.30477941036224365
Cyclist 0.0 0 1.3651702404022217 789.2230834960938 144.0782928466797 806.8452758789062 181.18609619140625 1.2808886 1.7770152 0.58061486 9.12858 0.39936435 35.203846 1.6188884973526 0.29072824120521545
Car 0.0 0 2.179152488708496 24.096059799194336 198.0049285888672 182.25927734375 258.64117431640625 4.257278 1.4652848 1.6829478 -14.798653 2.2835197 21.330605 1.5726162195205688 0.9411133527755737
Car 0.0 0 1.1137009859085083 673.515625 162.67852783203125 710.2411499023438 181.36050415039062 4.0211873 1.5922027 1.604719 7.161523 0.7253376 63.655037 1.225735068321228 0.4603399932384491
Car 0.0 0 1.7345826625823975 265.0302429199219 189.29603576660156 292.72137451171875 207.03598022460938 3.4115562 1.4408576 1.6981531 -29.326962 2.9407916 63.93514 1.3045185804367065 0.3096693754196167
