Pedestrian 0.0 0 -1.5208280086517334 1291.197021484375 490.8252868652344 1337.550537109375 585.7593994140625 1.4027865 1.9980944 0.86641353 10.813747 1.9837449 27.472116 -1.1458282470703125 0.21496650576591492
Pedestrian 0.0 0 -3.179029703140259 950.938232421875 487.3123779296875 1003.6467895507812 583.0219116210938 1.0827695 1.9966928 0.6302875 3.397798 1.909183 26.781889 -3.0528347492218018 0.18438439071178436
Pedestrian 0.0 0 -0.5582197904586792 569.1021728515625 457.885986328125 652.9508056640625 592.4544067382812 1.6062429 2.9755726 0.9945399 -4.67951 2.2321436 28.906036 -0.7187143564224243 0.16510097682476044
Pedestrian 0.0 0 -2.058634042739868 1248.2740478515625 509.64324951171875 1277.4749755859375 559.4312133789062 1.0380245 1.8548018 0.6343882 16.974112 2.5523427 48.14768 -1.719695806503296 0.1450842022895813
Pedestrian 0.0 0 -1.9032366275787354 1076.397705078125 463.9804382324219 1147.0308837890625 611.5789184570312 1.1942761 2.4557369 0.83443004 5.0489388 1.9977498 21.707796 -1.674713134765625 0.139529287815094
Pedestrian 0.0 0 2.848508596420288 831.5535278320312 493.1905517578125 864.981201171875 553.4295654296875 0.8745376 1.8671517 0.7322972 1.0012506 1.9206135 39.748558 2.8736929893493652 0.1280362755060196
Pedestrian 0.0 0 -0.657433271408081 1049.1026611328125 490.5702819824219 1111.3248291015625 580.7847900390625 1.2540196 2.109573 0.75482595 6.298348 2.0876672 30.22723 -0.45200592279434204 0.1279144436120987
Pedestrian 0.0 0 0.0013688504695892334 547.6161499023438 490.1278991699219 586.073974609375 559.09814453125 1.0806925 1.9696996 0.68464947 -7.2076797 1.930312 36.606846 -0.1930387020111084 0.1269150972366333
Pedestrian 0.0 0 0.29581865668296814 365.69427490234375 472.7500915527344 433.943359375 597.3810424804688 0.89393395 1.9649489 0.6296006 -6.6636953 1.6692235 20.290846 -0.021493442356586456 0.12497518211603165
Pedestrian 0.0 0 -2.7626678943634033 395.412841796875 481.39398193359375 466.9289855957031 598.0914306640625 1.0136702 2.012878 0.70156205 -6.7529655 1.8384397 22.236134 -3.057509660720825 0.12210113555192947
Pedestrian 0.0 0 -2.7732315063476562 296.9619140625 465.7894287109375 391.9820556640625 618.231201171875 1.0986252 2.1368892 0.68802625 -6.731531 1.776386 18.103088 -3.12923264503479 0.1210070252418518
Cyclist 0.0 0 -0.7898036241531372 572.3436889648438 460.5935974121094 659.4894409179688 607.5206298828125 1.2669657 3.2740715 1.5370322 -4.614684 2.5852053 29.183582 -0.9466311931610107 0.9112539291381836
Cyclist 0.0 0 -1.0178982019424438 574.5885620117188 459.79620361328125 648.6886596679688 582.4072265625 1.8956214 2.4494314 0.6135846 -4.2261953 1.8159351 26.292538 -1.1772724390029907 0.22533680498600006
Cyclist 0.0 0 -1.2682989835739136 1066.49560546875 497.75689697265625 1114.5509033203125 586.392578125 1.3572431 2.0665135 0.7577145 6.5938926 2.2204375 30.412907 -1.0547912120819092 0.12689214944839478
Car 0.0 0 -2.006713390350342 1514.1572265625 518.7842407226562 1600.0 568.3955688476562 3.9121637 1.6239494 1.5869843 26.902325 2.6518967 45.702126 -1.4746849536895752 0.2589559555053711
Car 0.0 0 -1.6064515113830566 866.063720703125 509.3126220703125 927.3690795898438 569.6959838867188 4.0889254 1.5501161 1.5788251 2.2237625 2.0823803 35.792652 -1.5444022417068481 0.19702890515327454
Car 0.0 0 -1.6489286422729492 591.2518920898438 520.0235595703125 654.10546875 580.266845703125 3.2956607 1.6659836 1.6341985 -5.92168 2.573422 38.50839 -1.8015097379684448 0.195140540599823
Car 0.0 0 -2.384962558746338 1422.0389404296875 518.0233154296875 1542.4063720703125 564.302001953125 3.900027 1.5337374 1.5609617 24.362436 2.5507078 46.47263 -1.9021179676055908 0.1738641858100891
Car 0.0 0 -1.9936237335205078 1372.7132568359375 513.723876953125 1465.8240966796875 558.5582885742188 4.000899 1.5292733 1.6322247 22.405697 2.3928921 47.21188 -1.5505201816558838 0.16052012145519257
Car 0.0 0 -1.7244560718536377 664.9761352539062 508.1582336425781 748.24169921875 571.4776000976562 3.940737 1.5116678 1.6003945 -2.9526243 1.97909 33.4456 -1.8125091791152954 0.15039005875587463
Car 0.0 0 -0.9669091701507568 213.93780517578125 506.5894775390625 432.01080322265625 610.9354248046875 3.8202868 1.5906379 1.6271037 -8.404824 1.8763885 21.945362 -1.3326650857925415 0.1465965211391449
Car 0.0 0 -1.0999064445495605 282.2359924316406 497.36199951171875 440.00244140625 584.3195190429688 3.6485763 1.6500282 1.5788592 -9.3094225 1.7799855 26.198689 -1.441329836845398 0.1332569271326065
Car 0.0 0 -1.874129056930542 934.7081298828125 510.1706848144531 1030.80224609375 571.115966796875 4.0065064 1.5898051 1.6121912 4.7213125 2.1580057 36.44232 -1.745290994644165 0.12122851610183716
