Pedestrian 0.0 0 1.3307641744613647 722.7232666015625 158.7061004638672 736.91357421875 189.22398376464844 0.6282698 1.8349872 0.7188763 7.225078 0.98465586 43.722668 1.4945321083068848 0.621721088886261
Pedestrian 0.0 0 1.2668322324752808 928.0069580078125 121.81631469726562 972.9765625 207.27359008789062 0.8653432 1.7585475 0.6306436 7.163675 0.70864695 15.315924 1.7043299674987793 0.5609174370765686
Pedestrian 0.0 0 -1.3077727556228638 354.1408996582031 166.4390106201172 365.1461486816406 186.88316345214844 0.8424239 1.7750965 0.7154312 -21.910149 1.2184632 63.09157 -1.64201819896698 0.48421692848205566
Pedestrian 0.0 0 1.3298282623291016 965.9558715820312 117.13387298583984 1009.693115234375 193.5187530517578 0.833636 1.8087926 0.7649924 9.142168 0.48969895 17.578667 1.8094040155410767 0.4253733456134796
Pedestrian 0.0 0 -1.5962016582489014 954.5811157226562 125.90465545654297 986.1775512695312 189.34130859375 0.91649735 1.8030994 0.8006932 10.475401 0.46898687 21.090351 -1.1352043151855469 0.39428457617759705
Pedestrian 0.0 0 0.042121194303035736 666.9884643554688 143.2664031982422 693.9283447265625 202.82968139648438 0.8073967 1.8143277 0.5631568 2.1367946 0.9134321 22.30995 0.13760757446289062 0.37322473526000977
Pedestrian 0.0 0 -1.6505250930786133 713.6073608398438 153.32180786132812 728.667724609375 190.7611846923828 0.8748542 1.8454049 0.67415035 5.5063047 0.8830118 36.022728 -1.498842716217041 0.36923786997795105
Car 0.0 0 -1.7755987644195557 572.7951049804688 177.386962890625 671.5299072265625 252.51548767089844 3.6662269 1.6018869 1.663002 0.13539882 1.7250156 17.578876 -1.7678965330123901 0.9685475826263428
Car 0.0 0 -1.4723308086395264 354.03173828125 181.3981475830078 415.0517272949219 230.6076202392578 4.2904015 1.583275 1.7028757 -8.158369 1.9217027 26.273983 -1.7734029293060303 0.900675892829895
Car 0.0 0 -1.7204340696334839 527.915771484375 182.32814025878906 581.9436645507812 224.19935607910156 3.6800392 1.4771146 1.5687377 -2.2641263 1.8751432 28.313122 -1.800231695175171 0.8711892366409302
Car 0.0 0 1.846052646636963 0.0 117.400146484375 328.61785888671875 375.0 4.506437 1.9072608 1.7180767 -4.229317 1.5128092 7.5261564 1.3340816497802734 0.8557524085044861
Car 0.0 0 -1.5665762424468994 512.135498046875 178.32669067382812 540.505126953125 205.27207946777344 3.5282497 1.4371729 1.5356973 -4.790927 1.7629846 41.067352 -1.6827114820480347 0.8320200443267822
Car 0.0 0 -1.7578744888305664 549.269775390625 177.9747314453125 615.8526611328125 230.6224365234375 3.4756083 1.577632 1.563749 -1.0223134 1.7605648 23.852798 -1.8007075786590576 0.79986572265625
Car 0.0 0 -1.5665428638458252 486.7994384765625 176.82557678222656 505.7049865722656 195.15826416015625 3.5368955 1.6007402 1.6550442 -10.367209 1.972973 65.68442 -1.7230850458145142 0.5488667488098145
