Pedestrian 0.0 0 2.9803528785705566 676.8668212890625 493.6440124511719 702.3643188476562 532.05419921875 1.2141925 1.9674672 0.69829094 -6.5441265 2.0786862 65.41805 2.8806490898132324 0.1831488013267517
Pedestrian 0.0 0 -2.091081142425537 933.5701904296875 484.2928466796875 970.1045532226562 554.9984130859375 1.3493208 2.0991578 0.49338374 4.0941763 1.8849756 38.31521 -1.9846298694610596 0.1674915999174118
Pedestrian 0.0 0 0.08021107316017151 404.8694763183594 480.4729919433594 459.8147277832031 568.753173828125 1.2010783 2.0761464 0.7432844 -9.167121 1.8166497 30.27383 -0.21381875872612 0.16563601791858673
Pedestrian 0.0 0 -2.783108949661255 676.6488037109375 498.9354248046875 701.6657104492188 547.5296630859375 0.83550847 1.9823467 0.6966108 -5.2411456 2.2913747 52.241096 -2.8831005096435547 0.15393710136413574
Pedestrian 0.0 0 -0.02625371515750885 631.9490356445312 493.16888427734375 666.5519409179688 553.3550415039062 1.2863299 2.2672892 0.76483005 -6.362099 2.3311815 48.212486 -0.1574552357196808 0.14139527082443237
Pedestrian 0.0 0 -2.7869982719421387 437.3658142089844 474.82220458984375 505.03125 604.841064453125 0.9225255 2.14837 0.67058444 -5.7960815 1.8726771 21.300613 -3.0526745319366455 0.13898669183254242
Pedestrian 0.0 0 -3.0295958518981934 735.3654174804688 498.17852783203125 757.2887573242188 543.0474853515625 0.900632 1.9924085 0.7713249 -3.131997 2.2936244 56.768085 -3.084711790084839 0.1348545253276825
Pedestrian 0.0 0 -1.6662981510162354 481.8558654785156 475.8512268066406 530.766357421875 618.9974365234375 0.7831697 2.2180018 0.6824746 -4.9256372 1.9754198 20.104858 -1.9065629243850708 0.12914638221263885
Pedestrian 0.0 0 -1.7713922262191772 869.3839721679688 483.12847900390625 899.4609375 549.1065063476562 1.3632233 1.9548645 0.64811397 2.0507777 1.7066163 38.24446 -1.717820644378662 0.12369130551815033
Pedestrian 0.0 0 -0.031821705400943756 650.17822265625 498.18768310546875 681.3517456054688 546.25 1.319159 2.060559 0.71490806 -6.524221 2.3524075 54.872463 -0.15016403794288635 0.12325713038444519
Pedestrian 0.0 0 -2.9485714435577393 599.427001953125 496.7391357421875 631.19482421875 546.8292236328125 1.1795512 2.0617452 0.75976694 -8.34388 2.280758 52.611134 -3.1058568954467773 0.11317308247089386
Pedestrian 0.0 0 -2.9742085933685303 712.21337890625 499.4729919433594 734.837158203125 540.9150390625 0.9696276 1.955126 0.7095629 -4.413006 2.33692 60.298443 -3.047264337539673 0.11193978041410446
Pedestrian 0.0 0 0.3262064754962921 205.87905883789062 472.61431884765625 288.725830078125 603.4354248046875 1.0160698 1.9919071 0.656572 -8.819475 1.7042423 19.657953 -0.09552144259214401 0.10778629034757614
Pedestrian 0.0 0 3.157635450363159 637.6788330078125 497.6921081542969 658.8134765625 548.312744140625 0.8322222 2.018973 0.7637185 -6.7684026 2.2703443 51.042103 3.0258002281188965 0.10264389216899872
Pedestrian 0.0 0 -0.8132888078689575 283.32293701171875 489.4920349121094 340.4878234863281 576.490966796875 1.07325 1.9576814 0.66561335 -11.58843 1.9123375 29.11903 -1.1920418739318848 0.1018831729888916
Cyclist 0.0 0 -1.5112428665161133 1127.0423583984375 491.1435852050781 1166.955078125 604.2301025390625 2.6406507 2.592731 0.77007073 7.9595604 2.584397 30.40973 -1.2552419900894165 0.49718400835990906
Cyclist 0.0 0 -1.3309237957000732 768.09375 503.37310791015625 798.3825073242188 552.1990966796875 2.1512403 1.9526837 0.7614275 -1.3531842 2.4536066 52.329617 -1.3567769527435303 0.16410695016384125
Cyclist 0.0 0 -1.970018744468689 756.9534301757812 502.04010009765625 785.5997314453125 547.450439453125 1.2610619 1.9047883 0.7978154 -1.930222 2.3617692 54.20442 -2.0056138038635254 0.13742351531982422
Cyclist 0.0 0 -1.2122471332550049 655.1134643554688 508.0807800292969 682.3790893554688 556.1012573242188 1.3828061 2.0457747 0.7431543 -6.4281635 2.7786236 55.237453 -1.328099250793457 0.10715402662754059
Car 0.0 0 1.8367810249328613 234.08050537109375 509.59014892578125 337.1005554199219 575.0423583984375 3.9445136 1.6523223 1.653283 -14.654471 2.1839838 35.171886 1.4420015811920166 0.2580268979072571
Car 0.0 0 -1.4472976922988892 363.18707275390625 513.0089721679688 429.2981872558594 566.7015380859375 4.004506 1.6412069 1.6220173 -14.050686 2.3993473 42.531258 -1.7663711309432983 0.20309866964817047
Car 0.0 0 1.4374783039093018 597.8214111328125 513.3870849609375 655.2964477539062 562.306640625 3.5268626 1.6732478 1.651356 -7.0679502 2.5178378 46.961246 1.2880935668945312 0.19522422552108765
Car 0.0 0 -1.757232666015625 1114.2689208984375 507.4076843261719 1215.6109619140625 587.9525146484375 3.9103408 1.7059063 1.5794748 8.076848 2.1031666 29.62835 -1.4910941123962402 0.1810571700334549
Car 0.0 0 1.3060128688812256 558.2664794921875 522.0120239257812 681.5712280273438 607.59326171875 4.078533 1.6575471 1.7075322 -4.463443 2.3927948 28.313778 1.1496574878692627 0.16450202465057373
Car 0.0 0 0.040638625621795654 300.2870788574219 516.1347045898438 469.8193054199219 582.4608764648438 4.2863708 1.6852835 1.5816641 -11.689217 2.3837194 34.55286 -0.2855748236179352 0.16094860434532166
Car 0.0 0 -1.50718355178833 965.6641235351562 521.0147705078125 1034.107177734375 584.038818359375 3.6692526 1.6954484 1.793698 5.539196 2.6247647 37.90396 -1.3620730638504028 0.14837419986724854
Car 0.0 0 -1.4273520708084106 507.7561950683594 506.9770202636719 564.4107666015625 551.5143432617188 3.9606678 1.6098496 1.5969839 -10.844515 2.2359672 49.222324 -1.6442047357559204 0.1338784545660019
Car 0.0 0 2.3644089698791504 421.1205749511719 505.1923522949219 584.6920166015625 582.9957275390625 3.98611 1.799917 1.6982422 -7.8850875 2.170949 32.19288 2.1242051124572754 0.13150161504745483
Car 0.0 0 -1.5847282409667969 560.6806030273438 517.3855590820312 602.8289794921875 560.9761962890625 3.6371322 1.6396428 1.6398677 -9.63245 2.7396755 51.88819 -1.7682774066925049 0.12786003947257996
Car 0.0 0 -1.7125239372253418 660.2693481445312 511.241455078125 703.3033447265625 547.6625366210938 2.9403656 1.639582 1.6411759 -6.4346676 2.606132 60.400036 -1.8186577558517456 0.11859019100666046
Car 0.0 0 -1.4616209268569946 220.57534790039062 499.2703857421875 377.3039245605469 633.7837524414062 3.9165785 1.6529031 1.611268 -7.1849613 1.7755678 17.907318 -1.8431875705718994 0.10607413947582245
Car 0.0 0 1.3293120861053467 848.3856201171875 536.8370971679688 980.9185180664062 618.99169921875 4.1180077 1.415846 1.810479 1.9536828 2.439363 26.413534 1.4031428098678589 0.10299181938171387
Car 0.0 0 -1.2838224172592163 518.4147338867188 528.9424438476562 663.3526000976562 639.1889038085938 3.6722379 1.7632673 1.6614407 -4.079368 2.5140004 23.477606 -1.4558604955673218 0.10069863498210907
Car 0.0 0 -1.5449364185333252 710.5078735351562 519.2876586914062 753.7620849609375 561.215087890625 3.437581 1.6210593 1.7172695 -3.493505 2.822928 53.0371 -1.6107105016708374 0.1000981405377388
