Car 0.0 0 -1.8454574346542358 714.3526000976562 177.70045471191406 873.44091796875 285.8600769042969 3.4151094 1.4587542 1.5601135 2.7265508 1.5489042 11.625054 -1.6150805950164795 0.9630645513534546
Car 0.0 0 -1.693261742591858 659.6278076171875 177.75230407714844 718.0579223632812 223.1461181640625 3.5925713 1.4595189 1.6004893 2.6590493 1.6446033 25.397654 -1.5889451503753662 0.9485146999359131
Car 0.0 0 0.5873539447784424 0.0 176.7206573486328 354.45391845703125 295.9288024902344 4.373129 1.529971 1.6360096 -6.154676 1.5901088 10.234896 0.045948028564453125 0.9420918226242065
Car 0.0 0 -3.331636667251587 706.6535034179688 172.9601593017578 813.1835327148438 212.7346649169922 4.1614795 1.6346077 1.7154499 6.239054 1.6395884 30.536488 -3.1300957202911377 0.9091756343841553
Car 0.0 0 0.48714080452919006 134.27647399902344 180.27261352539062 398.27099609375 272.0590515136719 4.0273485 1.5176631 1.5237176 -6.0868206 1.6596982 12.921409 0.04690814018249512 0.8724428415298462
Car 0.0 0 2.9878175258636475 668.5798950195312 164.1248779296875 728.9737548828125 189.93515014648438 3.6128922 1.6151054 1.6408528 5.599882 1.0692288 46.027317 3.10888671875 0.8367806673049927
Car 0.0 0 3.536292791366577 164.42617797851562 146.0803985595703 382.1661071777344 227.9950714111328 3.820026 1.6296085 1.69075 -7.0381155 1.0973327 15.267435 3.1043384075164795 0.8306934833526611
Car 0.0 0 0.31267645955085754 303.9285583496094 178.54443359375 471.91485595703125 232.9058074951172 4.339088 1.4880658 1.595129 -6.3470984 1.6586874 20.75444 0.015889883041381836 0.8126771450042725
Car 0.0 0 0.07179531455039978 451.71881103515625 161.97726440429688 528.937744140625 190.7010498046875 4.361012 1.643806 1.6455172 -6.997154 1.0217092 42.30924 -0.09210240840911865 0.7754641175270081
Car 0.0 0 -2.3579678535461426 914.1007080078125 211.33055114746094 1242.0 375.0 3.6445422 1.4630501 1.5584303 2.725904 1.7134916 2.8469172 -1.5942811965942383 0.7718680500984192
Car 0.0 0 0.26374536752700806 365.5540771484375 174.0891876220703 493.9457702636719 223.86080932617188 3.6930666 1.5267748 1.5446521 -5.7216525 1.5678601 22.97958 0.01971888542175293 0.7344131469726562
Car 0.0 0 3.740398645401001 0.0 157.18728637695312 211.7430419921875 375.0 4.1294875 1.5339756 1.639588 -5.6046276 1.4419256 5.465272 2.9424123764038086 0.6753098368644714
