Pedestrian 0.0 0 -0.4654577374458313 1097.1009521484375 495.08087158203125 1130.380615234375 546.8943481445312 1.0464289 1.9842768 0.71122944 11.514248 2.1239607 49.031456 -0.2348032146692276 0.294583797454834
Pedestrian 0.0 0 -3.0533177852630615 792.7514038085938 469.73577880859375 845.4039306640625 582.7479858398438 0.8993359 2.008697 0.6164299 0.0562617 1.62173 22.857199 -3.050856351852417 0.1720506101846695
Pedestrian 0.0 0 0.6710996627807617 121.53256225585938 449.33355712890625 231.3732452392578 645.4705810546875 0.8888036 2.0939143 0.6123717 -7.0183387 1.6436796 13.909779 0.20380949974060059 0.1688988208770752
Pedestrian 0.0 0 -0.981450080871582 1222.947021484375 471.6636657714844 1306.9185791015625 658.5564575195312 0.7204126 2.431994 0.7975721 6.0244875 2.173776 17.01464 -0.6411480903625488 0.16770096123218536
Pedestrian 0.0 0 3.0294206142425537 896.9111328125 467.6445007324219 989.3048095703125 648.3959350585938 1.1186557 2.2941768 0.73104376 1.6341991 1.9913025 16.446764 3.1284584999084473 0.154514342546463
Pedestrian 0.0 0 -1.3918304443359375 1466.9078369140625 470.3238830566406 1538.7171630859375 644.4542236328125 0.7715722 2.2679167 0.7226167 9.229559 1.9920213 17.021132 -0.8949636220932007 0.15359914302825928
Pedestrian 0.0 0 -0.07347685098648071 534.3731689453125 466.46185302734375 589.8355712890625 597.144775390625 0.84695685 2.1068397 0.69674116 -4.192575 1.7030663 20.866144 -0.27176374197006226 0.15060552954673767
Pedestrian 0.0 0 -2.9020140171051025 793.8077392578125 498.9692077636719 817.1893920898438 539.4552612304688 0.9710502 1.8971608 0.6893122 -0.5077342 2.2530682 59.955196 -2.910482406616211 0.15044231712818146
Pedestrian 0.0 0 -2.5390467643737793 23.274080276489258 427.605224609375 168.9916229248047 668.7288208007812 0.99931705 2.109865 0.5599663 -6.4708414 1.550715 11.403384 -3.055187940597534 0.14834871888160706
Pedestrian 0.0 0 0.04777822270989418 712.8281860351562 469.8201904296875 762.818359375 582.0405883789062 0.8509923 1.9474025 0.5671852 -1.3734806 1.5710618 22.266071 -0.013828624971210957 0.1462051421403885
Cyclist 0.0 0 -1.5026382207870483 666.5684204101562 514.7474365234375 685.8578491210938 562.4108276367188 1.8183817 1.9021939 0.6702198 -5.7838664 2.8800554 52.36332 -1.6126487255096436 0.24924933910369873
Car 0.0 0 -1.912184476852417 979.572021484375 514.1558227539062 1052.6646728515625 560.8264770507812 4.1690807 1.7261091 1.6107806 8.0200205 2.6805167 51.168648 -1.7567123174667358 0.4756524860858917
Car 0.0 0 1.0890862941741943 929.3917236328125 505.9291076660156 1052.76513671875 575.2022094726562 3.8572323 1.6670645 1.6178048 4.5402627 2.0716093 33.43489 1.2240549325942993 0.34908217191696167
Car 0.0 0 -1.1031678915023804 0.0 499.5690002441406 183.77008056640625 599.7064208984375 4.455572 1.8351785 1.7256348 -14.786875 2.0141494 25.844252 -1.6228601932525635 0.3398580849170685
Car 0.0 0 1.306928277015686 774.3964233398438 514.4232788085938 866.6552124023438 581.0341186523438 4.62003 1.795512 1.6309252 0.05510573 2.5320287 38.259663 1.3083685636520386 0.3021286427974701
Car 0.0 0 1.835788369178772 0.0 502.7389831542969 214.08644104003906 682.1959228515625 4.4562206 1.825154 1.6775274 -8.778875 1.9839851 15.542333 1.321625828742981 0.2767077386379242
Car 0.0 0 -2.054229497909546 1277.3316650390625 532.237060546875 1458.156982421875 631.06591796875 4.0934777 1.7569089 1.7338768 11.337064 2.6724088 26.35812 -1.6480330228805542 0.24471400678157806
Car 0.0 0 -1.7373924255371094 784.6751708984375 510.30023193359375 835.1766967773438 547.5858154296875 3.8427527 1.5216143 1.6063261 -0.31419453 2.3791995 55.759674 -1.7430272102355957 0.21987929940223694
Car 0.0 0 1.1725026369094849 871.27490234375 512.2144165039062 965.3544311523438 570.7144165039062 3.643386 1.6980382 1.6898054 3.1822088 2.387423 40.16646 1.2515630722045898 0.20128688216209412
Car 0.0 0 -0.9224210977554321 0.0 508.3911437988281 118.62877655029297 596.4876098632812 3.6818516 1.6724194 1.6305984 -16.645037 2.0535433 26.679749 -1.4802166223526 0.19163303077220917
Car 0.0 0 -1.5854474306106567 894.3485717773438 517.5543212890625 935.0416870117188 560.1180419921875 3.8550816 1.5672042 1.5729223 3.9348793 2.6570804 51.017033 -1.508471131324768 0.18918487429618835
Car 0.0 0 1.3006060123443604 1011.3824462890625 514.42333984375 1073.690185546875 556.5416870117188 4.2516146 1.7114166 1.6354798 9.962249 2.7651494 56.038975 1.476541519165039 0.18815195560455322
Car 0.0 0 -1.4255516529083252 307.7673034667969 513.9998168945312 424.19403076171875 620.538330078125 4.929853 1.9803141 1.6423056 -9.554303 2.509248 27.204288 -1.7633001804351807 0.14546996355056763
Car 0.0 0 -1.636644959449768 623.1350708007812 517.38623046875 707.1253051757812 606.4115600585938 4.786524 1.9092803 1.7282906 -3.7881215 2.5968156 31.132921 -1.757725477218628 0.14266979694366455
Car 0.0 0 -1.5866962671279907 933.7283325195312 515.1444091796875 975.7103271484375 561.0892333984375 3.9315856 1.6984016 1.6137112 5.5350533 2.6870496 50.93695 -1.4784561395645142 0.14113396406173706
Car 0.0 0 0.8745940923690796 1348.1966552734375 529.1163330078125 1600.0 643.7561645507812 4.048445 1.5763527 1.5998172 10.790296 2.2631195 20.975132 1.3497211933135986 0.1398898959159851
Car 0.0 0 -1.01430344581604 0.0 509.7012023925781 37.23208999633789 577.9139404296875 3.84264 1.6913886 1.5616441 -23.065487 2.213391 34.38744 -1.6051298379898071 0.1376330554485321
