Pedestrian 0.0 0 0.053575605154037476 277.2986145019531 159.01551818847656 298.9398193359375 193.60726928710938 1.0442084 1.8509051 0.5075184 -17.441746 1.1108056 39.028732 -0.3666931986808777 0.15516449511051178
Pedestrian 0.0 0 -0.2617485523223877 1009.4637451171875 194.60830688476562 1104.65087890625 375.0 0.6104074 1.7506967 0.60785437 4.068393 1.9643285 6.6936903 0.28438305854797363 0.14834490418434143
Pedestrian 0.0 0 -3.294464588165283 955.4539794921875 156.8879852294922 1034.41259765625 328.6415710449219 0.65101665 1.7342969 0.6178223 4.022114 1.5734367 7.68067 -2.812062978744507 0.1384311318397522
Pedestrian 0.0 0 2.8137714862823486 726.9137573242188 172.845458984375 758.6878662109375 224.29989624023438 0.8956407 1.6870477 0.594436 4.3702126 1.6871257 24.014395 2.9937846660614014 0.11028876900672913
Pedestrian 0.0 0 2.352078437805176 75.87432861328125 199.549072265625 116.5304183959961 253.97955322265625 0.95402426 1.7631902 0.6324513 -17.412611 2.6858242 24.40368 1.7323336601257324 0.10862190276384354
Cyclist 0.0 0 1.5442982912063599 732.538330078125 176.2620849609375 750.204345703125 228.40023803710938 1.4424361 1.6824502 0.53935665 4.3400517 1.8003683 24.132774 1.7222367525100708 0.1592126190662384
Cyclist 0.0 0 -1.7308876514434814 911.991455078125 147.24656677246094 987.3897094726562 305.6567077636719 1.8028431 1.7387694 0.5401511 4.0678988 1.4580505 8.857933 -1.3003780841827393 0.15492407977581024
Cyclist 0.0 0 3.6858320236206055 67.48782348632812 197.187255859375 116.83907318115234 251.8751220703125 1.1899303 1.7901331 0.64385474 -17.482212 2.6228716 24.311272 3.0624027252197266 0.12754695117473602
Cyclist 0.0 0 0.7631580829620361 960.3174438476562 200.177490234375 1133.2318115234375 375.0 1.4023542 1.7293336 0.57892936 4.070092 2.0207853 6.9306574 1.2941566705703735 0.11002210527658463
Car 0.0 0 1.9650771617889404 240.08140563964844 187.24917602539062 370.4511413574219 250.3324737548828 4.345897 1.4154491 1.6603421 -8.026484 1.8453374 19.352968 1.5719273090362549 0.9659553170204163
Car 0.0 0 1.7718956470489502 443.0240173339844 178.87222290039062 487.5845031738281 206.47576904296875 4.3255215 1.4745207 1.6920321 -8.320844 1.8403708 41.65078 1.5747150182724 0.9220890402793884
Car 0.0 0 0.36138275265693665 633.8475952148438 177.49899291992188 715.80126953125 207.3224639892578 4.171434 1.5498154 1.6535771 3.5184243 1.8161306 39.65881 0.44986844062805176 0.3766862750053406
Car 0.0 0 2.0342202186584473 169.7790985107422 191.4396209716797 269.279541015625 234.85870361328125 4.2392817 1.4301264 1.6357263 -14.90893 2.200311 27.740728 1.5410724878311157 0.26850083470344543
