Pedestrian 0.0 0 -1.6817195415496826 983.8714599609375 504.9257507324219 1005.8937377929688 551.9515991210938 1.0844878 1.914276 0.7873418 7.388682 2.475585 52.42124 -1.5416936874389648 0.2100864201784134
Pedestrian 0.0 0 -0.05974147468805313 871.7267456054688 498.7885437011719 904.3186645507812 554.55224609375 1.1932322 2.0984538 0.7676578 2.722901 2.3774798 48.14326 -0.0032433634623885155 0.19078241288661957
Pedestrian 0.0 0 -1.151445746421814 756.6566772460938 515.888427734375 845.8159790039062 593.7744140625 1.0500487 1.8279662 1.9311535 -0.36596143 2.4439106 31.128675 -1.1632015705108643 0.18984274566173553
Pedestrian 0.0 0 -1.4965912103652954 1084.841552734375 492.48809814453125 1108.2620849609375 562.6842651367188 1.42143 2.1054792 0.59618825 8.5868025 2.1361089 38.773098 -1.2786459922790527 0.1876443475484848
Pedestrian 0.0 0 -2.097536087036133 1095.095947265625 491.4892272949219 1140.0185546875 581.683349609375 0.9822498 2.3929834 0.79335475 8.126512 2.3925104 34.184772 -1.864145040512085 0.15998771786689758
Pedestrian 0.0 0 -2.1217448711395264 1187.9296875 509.2860107421875 1258.049072265625 586.4710083007812 2.1497993 2.016413 0.8282705 11.135246 2.5203485 34.75344 -1.8116728067398071 0.15571030974388123
Pedestrian 0.0 0 -0.31745797395706177 898.8629760742188 492.3460998535156 943.6566162109375 559.8956298828125 1.2973047 2.2260435 0.82837284 3.5025523 2.2544355 42.30134 -0.23484638333320618 0.1537586748600006
Pedestrian 0.0 0 -0.8392837643623352 715.070556640625 479.1562194824219 782.772216796875 627.904541015625 0.86221516 2.3210878 0.68306017 -1.0768759 2.1283636 20.311314 -0.8922526836395264 0.14655402302742004
Pedestrian 0.0 0 -0.06837950646877289 486.2249450683594 495.8930358886719 521.3721923828125 555.3324584960938 1.1521297 2.0558138 0.6755336 -10.950158 2.2112107 44.372185 -0.31032508611679077 0.13563834130764008
Pedestrian 0.0 0 -2.4220194816589355 1012.24169921875 478.27557373046875 1054.8831787109375 547.7117309570312 1.0832969 2.1747446 0.79480046 6.9179673 1.760332 40.335255 -2.2521605491638184 0.13142426311969757
Pedestrian 0.0 0 -3.1191601753234863 918.2058715820312 500.8591613769531 943.5648803710938 541.9405517578125 1.2373827 2.018249 0.7095189 5.689408 2.4853535 62.830936 -3.028855323791504 0.1270543783903122
Pedestrian 0.0 0 -1.688323974609375 1027.6749267578125 484.5284118652344 1051.1768798828125 541.0677490234375 1.1265746 2.0052052 0.7041492 8.011688 1.7577031 45.49665 -1.5140169858932495 0.1153857409954071
Pedestrian 0.0 0 -0.5971412658691406 934.79248046875 503.6239929199219 965.11376953125 563.0375366210938 0.7850384 2.0577705 0.73312306 4.704101 2.4891505 44.577877 -0.492004930973053 0.10893125087022781
Pedestrian 0.0 0 -0.3582959771156311 977.72021484375 500.6337890625 1003.3353881835938 544.8651733398438 0.93828046 1.9480551 0.7178739 7.7604737 2.3578985 56.416386 -0.22159677743911743 0.10034022480249405
Cyclist 0.0 0 -1.7115799188613892 1035.829833984375 491.176513671875 1063.4991455078125 551.1747436523438 1.9549224 2.040649 0.6787509 8.110022 2.0294065 44.063786 -1.5295650959014893 0.28551530838012695
Cyclist 0.0 0 -1.1714775562286377 493.3214111328125 498.19287109375 523.4846801757812 549.979248046875 1.3846664 1.9456309 0.63392645 -11.7835655 2.2055693 48.503403 -1.4098035097122192 0.11039847880601883
Car 0.0 0 -1.5508177280426025 553.4711303710938 509.76885986328125 636.426025390625 603.8704223632812 4.2556314 1.6903762 1.531271 -4.462802 2.0948272 25.829065 -1.7219107151031494 0.29379576444625854
Car 0.0 0 1.4358471632003784 639.4558715820312 499.1933898925781 721.8487548828125 569.2259521484375 4.7053432 1.7908303 1.6645697 -3.859983 2.020841 35.413227 1.327277421951294 0.211675226688385
Car 0.0 0 -1.6326836347579956 953.9100341796875 530.5538940429688 1041.15869140625 617.8890991210938 3.178744 1.804595 1.7994188 4.1371837 2.759092 29.302551 -1.4924222230911255 0.2096603959798813
Car 0.0 0 -1.2844808101654053 350.2714538574219 504.706787109375 472.1304626464844 587.2034912109375 3.4329004 1.6380512 1.6020775 -8.691094 1.9420375 27.43284 -1.5912905931472778 0.17944633960723877
Car 0.0 0 -1.49324631690979 1168.970947265625 512.1704711914062 1254.163818359375 583.2691040039062 4.099307 1.7090082 1.8657074 10.6645565 2.3004446 33.998302 -1.1892876625061035 0.1487978994846344
Car 0.0 0 -1.161615252494812 404.56024169921875 511.6800842285156 496.37359619140625 566.0170288085938 3.534155 1.6250259 1.5842319 -11.813373 2.3093448 41.10554 -1.4414646625518799 0.14694161713123322
Car 0.0 0 -1.525417447090149 810.844970703125 512.12646484375 857.9330444335938 562.5451049804688 3.7783532 1.6681631 1.5157237 0.68403995 2.4390001 45.412308 -1.5103557109832764 0.13973209261894226
Car 0.0 0 -1.267120361328125 336.9441833496094 497.7203369140625 439.6261291503906 559.8704833984375 3.9901068 1.6660928 1.6697466 -12.207299 1.8543653 36.36324 -1.5910032987594604 0.12546154856681824
Car 0.0 0 -1.4345388412475586 867.3001708984375 523.1694946289062 932.2821044921875 578.6349487304688 3.7371702 1.677928 1.685405 2.8518717 2.792878 42.595093 -1.3676855564117432 0.11716536432504654
Car 0.0 0 -1.5011930465698242 1060.0911865234375 519.2031860351562 1114.046630859375 571.6058959960938 3.3697987 1.7056435 1.643197 9.656172 2.7305772 45.018944 -1.289903163909912 0.11631262302398682
Car 0.0 0 -1.5894198417663574 1067.19140625 511.5055236816406 1129.4791259765625 577.2025146484375 4.1421323 1.7948996 1.73399 8.449115 2.4319792 38.14181 -1.3714216947555542 0.11247571557760239
Car 0.0 0 -1.8550951480865479 873.1232299804688 517.5067138671875 918.327880859375 549.1049194335938 3.1182435 1.571571 1.5921408 4.2094893 2.9916372 67.47397 -1.7927889823913574 0.10914158076047897
Car 0.0 0 1.5578879117965698 744.665283203125 510.2013244628906 834.4278564453125 599.0554809570312 4.0266466 1.7812709 1.8625315 -0.623705 2.2291007 28.293009 1.5358469486236572 0.10597819089889526
Car 0.0 0 -1.1926307678222656 355.72076416015625 501.9062194824219 482.93475341796875 569.9824829101562 4.0843663 1.5299895 1.5853819 -9.680082 1.803412 31.200333 -1.4934697151184082 0.10534410923719406
Car 0.0 0 -1.3699928522109985 904.8215942382812 515.5220336914062 957.29248046875 560.4073486328125 3.3732066 1.7480329 1.54881 4.8441668 2.7902906 53.124847 -1.2790597677230835 0.1044335663318634
Car 0.0 0 1.4706449508666992 788.1154174804688 507.72552490234375 850.3839111328125 563.7384643554688 4.012606 1.6853112 1.6374682 0.05037275 2.2419045 41.38419 1.4718621969223022 0.10022595524787903
