Pedestrian 0.0 0 1.783384084701538 350.99334716796875 175.97169494628906 383.1519775390625 232.66183471679688 1.3023151 1.9156297 0.8077405 -8.496714 2.027654 25.14772 1.4575542211532593 0.8079423904418945
Pedestrian 0.0 0 1.9170889854431152 416.4304504394531 175.3229217529297 432.4560241699219 206.0953826904297 0.8560757 1.8908767 0.71803373 -11.567234 2.046342 44.86724 1.6647731065750122 0.32862839102745056
Pedestrian 0.0 0 0.6945888996124268 1201.278564453125 126.25945281982422 1242.0 208.37515258789062 0.8200721 1.8802176 0.6110031 14.521795 0.81369215 16.973896 1.4022886753082275 0.23845994472503662
Pedestrian 0.0 0 -1.4268968105316162 315.5127258300781 160.81407165527344 330.30438232421875 199.31289672851562 0.52880883 1.9430553 0.6313789 -14.655291 1.3357519 36.744434 -1.806406021118164 0.17845278978347778
Pedestrian 0.0 0 1.6793349981307983 263.783203125 188.92080688476562 296.9551696777344 251.97877502441406 0.84620345 1.8333491 0.8256081 -9.984791 2.3305535 21.778103 1.249452829360962 0.17768435180187225
Pedestrian 0.0 0 2.1339151859283447 0.0 211.51792907714844 53.699588775634766 293.7514953613281 1.4798254 1.7318038 0.5347575 -13.678037 2.667295 16.681255 1.4471187591552734 0.13754993677139282
Cyclist 0.0 0 2.0765199661254883 0.0 204.43386840820312 63.335384368896484 285.8590393066406 1.8210672 1.7375981 0.5365294 -13.804493 2.5264559 17.06966 1.3964873552322388 0.32666587829589844
Cyclist 0.0 0 -1.2188291549682617 260.8651428222656 199.9739990234375 284.50958251953125 242.61964416503906 1.5762986 1.6823314 0.38093883 -14.186277 2.8511305 30.282433 -1.6569324731826782 0.28271886706352234
Cyclist 0.0 0 1.9951223134994507 175.6151123046875 207.65760803222656 214.42034912109375 260.5848083496094 1.708662 1.6589268 0.49063224 -14.192443 2.8899584 24.636911 1.4724886417388916 0.12835144996643066
Car 0.0 0 -1.5216419696807861 651.1766967773438 174.86802673339844 679.1948852539062 199.7530059814453 3.5466702 1.4624945 1.5550138 3.4079068 1.592421 44.559364 -1.445310354232788 0.22366692125797272
Car 0.0 0 -1.8314467668533325 657.6630249023438 172.4866180419922 691.2518920898438 194.0540008544922 3.592599 1.5336406 1.5895338 4.688454 1.5078741 53.211422 -1.7435637712478638 0.14446818828582764
Car 0.0 0 1.6453580856323242 307.729248046875 191.56565856933594 344.2816162109375 219.52716064453125 3.7036426 1.4687349 1.7399867 -16.76479 2.6273806 42.635624 1.2707180976867676 0.12354950606822968
