Pedestrian 0.0 0 -0.48701584339141846 476.17254638671875 173.6940460205078 499.7294006347656 208.27403259277344 0.9831735 1.7374902 0.67795 -6.2700744 1.7814124 36.84732 -0.6555650234222412 0.22839628159999847
Pedestrian 0.0 0 0.7134661078453064 1029.67626953125 187.06077575683594 1154.3443603515625 350.9023742675781 1.0117531 1.8024807 0.72263104 5.67323 1.984169 8.621666 1.2954587936401367 0.19326430559158325
Pedestrian 0.0 0 0.6343545317649841 481.6974792480469 182.95358276367188 500.43212890625 219.396484375 0.6125656 1.7581928 0.7033562 -5.889801 2.2619755 35.510864 0.46999168395996094 0.17422150075435638
Cyclist 0.0 0 0.7134661078453064 1029.67626953125 187.06077575683594 1154.3443603515625 350.9023742675781 1.0117531 1.8024807 0.72263104 5.67323 1.984169 8.621666 1.2954587936401367 0.10479911416769028
Car 0.0 0 1.7214832305908203 436.508056640625 194.7281951904297 544.5010375976562 287.5116882324219 3.6878195 1.5096749 1.5820935 -2.307695 2.0045495 14.45943 1.5632200241088867 0.9637520909309387
Car 0.0 0 -1.5476216077804565 538.7269897460938 184.69564819335938 579.795166015625 224.84304809570312 4.4166446 1.556106 1.6657755 -2.206364 2.110858 31.53292 -1.6174778938293457 0.9501002430915833
Car 0.0 0 -1.9396493434906006 777.4844970703125 173.4573974609375 1036.22998046875 338.2279357910156 4.148107 1.7085466 1.6703812 3.5201318 1.7186658 9.582135 -1.587589979171753 0.9256992340087891
Car 0.0 0 -1.6759146451950073 656.6209106445312 178.96405029296875 703.7362060546875 221.3070526123047 3.8559496 1.7086387 1.6448783 2.9714835 1.9930944 31.609264 -1.5821833610534668 0.8611195087432861
Car 0.0 0 1.953803300857544 594.239013671875 187.3920135498047 631.749755859375 208.999267578125 3.8389316 1.5336738 1.5982921 0.24553895 2.706089 56.08864 1.9581810235977173 0.37440812587738037
Car 0.0 0 1.4692668914794922 644.5341186523438 181.80079650878906 681.5384521484375 213.2919158935547 4.264734 1.6743475 1.7006 2.9801824 2.219089 41.7434 1.5405389070510864 0.209707573056221
