Pedestrian 0.0 0 1.397786021232605 675.0155029296875 132.7224578857422 703.3563842773438 200.26675415039062 0.7388975 1.8181448 0.6540416 2.1197872 0.7382498 19.809807 1.504387378692627 0.5626136064529419
Pedestrian 0.0 0 1.2803393602371216 918.245361328125 119.1312026977539 966.2223510742188 218.11453247070312 0.60497445 1.7579097 0.6466336 5.9954414 0.8041692 13.15537 1.7079572677612305 0.4678022861480713
Pedestrian 0.0 0 -1.1079676151275635 817.1755981445312 129.0321807861328 852.8046875 200.91639709472656 0.48941585 1.7814225 0.72049016 5.657995 0.6957959 18.304073 -0.8081729412078857 0.3870275914669037
Pedestrian 0.0 0 0.1940186470746994 584.5462646484375 160.99899291992188 596.2301025390625 180.96856689453125 0.9847767 1.797934 0.46982542 -1.7930045 0.7309412 65.27328 0.16655635833740234 0.38008955121040344
Pedestrian 0.0 0 -0.23217755556106567 1076.2305908203125 26.7932071685791 1242.0 354.3153991699219 0.7628315 1.6674173 0.50429606 3.0607963 0.9241789 4.054987 0.41440296173095703 0.37894901633262634
Car 0.0 0 -1.9222835302352905 758.2207641601562 184.37677001953125 1029.8912353515625 358.609130859375 3.8786454 1.5396345 1.6437439 2.964695 1.7083731 8.586388 -1.5898211002349854 0.9695233702659607
Car 0.0 0 -1.8348194360733032 704.8190307617188 176.07345581054688 843.207763671875 267.7178649902344 4.138816 1.5759788 1.6625051 3.0899932 1.6512189 14.666718 -1.6271754503250122 0.9436529874801636
Car 0.0 0 2.1703271865844727 0.0 193.39617919921875 281.50323486328125 375.0 3.818562 1.5247401 1.5884266 -4.4539094 1.7541604 6.1105204 1.5404726266860962 0.9420261383056641
Car 0.0 0 1.9329373836517334 221.9215087890625 180.5612335205078 424.75042724609375 313.5665283203125 4.0133595 1.6966654 1.6207657 -4.3178606 1.8407166 11.441868 1.572087287902832 0.8985243439674377
Car 0.0 0 -1.8172311782836914 577.1810302734375 181.98208618164062 605.6544799804688 201.0125732421875 3.8164027 1.5529773 1.5937873 -1.6734052 2.3750682 62.899452 -1.8438293933868408 0.7885216474533081
Car 0.0 0 -1.6392862796783447 502.9988708496094 181.0854034423828 533.2254638671875 207.0059051513672 4.0238442 1.5509776 1.6598288 -6.0121145 2.1080596 46.662598 -1.7674225568771362 0.6803121566772461
Car 0.0 0 -1.7097868919372559 628.8977661132812 176.89291381835938 662.7399291992188 204.9862060546875 3.653012 1.6221944 1.5669597 2.1152034 1.8799751 44.094772 -1.6618541479110718 0.6077154874801636
