Pedestrian 0.0 0 -0.819096565246582 1190.502685546875 136.9931640625 1242.0 263.609619140625 0.5913522 1.6937548 0.54970497 8.476165 1.2144004 9.955953 -0.11380968242883682 0.44038766622543335
Pedestrian 0.0 0 -1.8051402568817139 0.0 177.366455078125 27.972734451293945 253.17449951171875 0.6046665 1.8182249 0.6213829 -14.880046 1.9325073 17.783941 -2.5018694400787354 0.42040297389030457
Pedestrian 0.0 0 -0.9203577041625977 841.4173583984375 159.4456024169922 885.6188354492188 239.87469482421875 0.61694586 1.6737967 0.6534716 5.37797 1.3951145 15.455838 -0.585503876209259 0.4046007990837097
Pedestrian 0.0 0 -1.806217074394226 731.864990234375 164.7629852294922 750.4420166015625 200.6746368408203 1.1607658 1.8469415 0.70206285 6.810167 1.431177 37.705402 -1.6275283098220825 0.3652101755142212
Pedestrian 0.0 0 -3.261204242706299 752.0966186523438 175.41769409179688 767.6331176757812 202.9351806640625 0.93167603 1.7880853 0.5960084 9.786482 1.957644 47.28165 -3.0571036338806152 0.2725770175457001
Cyclist 0.0 0 -1.8428024053573608 1185.1363525390625 125.98702239990234 1242.0 248.99891662597656 1.6456705 1.7089387 0.44106755 9.136533 1.0581987 10.861431 -1.1434450149536133 0.5420966148376465
Cyclist 0.0 0 -3.244971752166748 751.7109375 175.3468475341797 768.1625366210938 202.90768432617188 0.99766606 1.7904875 0.606507 9.79201 1.9554453 47.28748 -3.040783643722534 0.11688035726547241
Car 0.0 0 2.1723649501800537 22.337141036987305 196.12876892089844 219.7168426513672 279.0152587890625 4.3346334 1.5470141 1.6294756 -11.188283 2.1619134 16.868542 1.5867223739624023 0.9202507138252258
Car 0.0 0 1.5408931970596313 600.1589965820312 173.2042999267578 627.5360107421875 197.7820281982422 3.9855242 1.4944379 1.6164135 0.17580475 1.5180779 45.94056 1.544719934463501 0.7875741124153137
Car 0.0 0 1.7946127653121948 510.576904296875 181.6525421142578 536.5427856445312 197.91552734375 3.9496214 1.4328386 1.5882473 -8.1109085 2.2853189 67.829796 1.675600528717041 0.26752394437789917
Car 0.0 0 2.0739386081695557 463.4781188964844 182.72720336914062 499.8141784667969 199.83380126953125 3.8648562 1.442965 1.5725454 -11.605175 2.366032 65.34658 1.8981770277023315 0.21810074150562286
