Pedestrian 0.0 0 1.742018461227417 983.6701049804688 164.0811309814453 1023.3128051757812 239.49462890625 0.90821785 1.7654637 0.6995494 9.479035 1.5604451 17.461933 2.2393479347229004 0.6155446171760559
Pedestrian 0.0 0 1.448486328125 1202.37109375 164.44021606445312 1233.9962158203125 234.27235412597656 0.66365695 1.677218 0.51620847 14.90215 1.475495 17.74592 2.1470000743865967 0.33637431263923645
Pedestrian 0.0 0 1.2752050161361694 391.7445373535156 170.39126586914062 421.7139892578125 230.50634765625 0.91864425 1.8467997 0.6686052 -6.4547057 1.7714999 22.73085 0.998525857925415 0.3324195444583893
Pedestrian 0.0 0 0.8724066615104675 1141.943359375 194.90228271484375 1242.0 375.0 0.6589758 1.6029856 0.5269837 4.241464 1.7705879 5.138703 1.5624421834945679 0.2991892993450165
Pedestrian 0.0 0 -1.4996553659439087 1221.8236083984375 151.9662322998047 1242.0 212.53733825683594 0.57228094 1.7798291 0.69552493 18.796858 1.1664183 21.647282 -0.7846189141273499 0.2983982264995575
Pedestrian 0.0 0 1.6695926189422607 824.1649780273438 150.1704864501953 860.5216674804688 219.61399841308594 1.0842851 1.8966432 0.87679327 6.5228066 1.2774683 20.375612 1.9794118404388428 0.21898867189884186
Car 0.0 0 1.6526262760162354 463.4436950683594 179.0941619873047 514.4747314453125 218.52549743652344 4.181537 1.4222614 1.674869 -4.8074656 1.6908344 28.857285 1.487547755241394 0.9241661429405212
Car 0.0 0 3.75075626373291 0.0 190.93991088867188 208.19070434570312 275.65234375 3.3797183 1.4853868 1.5376698 -9.842369 1.8508006 13.773311 3.130300521850586 0.9013013243675232
Car 0.0 0 1.320677638053894 651.8743896484375 165.8883819580078 721.074951171875 210.85098266601562 4.105181 1.6279441 1.7157145 2.863743 1.3761004 28.279013 1.4216010570526123 0.6343408226966858
Car 0.0 0 1.5859612226486206 485.9710388183594 179.48666381835938 520.3253173828125 209.56439208984375 4.183881 1.4321305 1.6689585 -5.5574064 1.7972945 37.499348 1.4388320446014404 0.39234834909439087
Car 0.0 0 -1.5100404024124146 567.3283081054688 171.81610107421875 589.5342407226562 192.53268432617188 4.0450077 1.6611583 1.6007887 -2.6127791 1.5782933 59.88971 -1.55363929271698 0.20372715592384338
