Pedestrian 0.0 0 2.500974655151367 252.06588745117188 118.77598571777344 302.27581787109375 207.8197479248047 0.79541343 1.7770523 0.50583744 -6.901934 0.6981715 14.867163 2.0663418769836426 0.5638245940208435
Pedestrian 0.0 0 2.3886678218841553 1138.47265625 110.0058364868164 1191.973876953125 201.6875762939453 0.5454232 1.7493596 0.62966657 10.7942095 0.55052507 14.10518 3.04186749458313 0.5495555996894836
Pedestrian 0.0 0 1.343445062637329 1053.1202392578125 121.424072265625 1086.303955078125 186.3946533203125 0.672239 1.8101453 0.6603272 13.022704 0.37761423 20.526596 1.908797264099121 0.4690084755420685
Pedestrian 0.0 0 -1.394372582435608 366.3403625488281 139.7645263671875 401.01177978515625 207.46530151367188 0.7782477 1.8015213 0.77741015 -6.1966305 0.9213666 19.633404 -1.7000943422317505 0.4481608271598816
Cyclist 0.0 0 2.1804311275482178 219.06997680664062 136.3721923828125 272.6991271972656 193.531982421875 1.8064405 1.7032535 0.55606306 -11.335376 0.6165231 22.431149 1.712519884109497 0.612493097782135
Car 0.0 0 -2.040217876434326 823.1436157226562 143.43678283691406 1242.0 375.0 4.1756973 1.5707036 1.660392 3.316228 1.3903848 6.517725 -1.5695538520812988 0.9630120396614075
Car 0.0 0 -1.3681128025054932 725.6036987304688 172.24514770507812 812.23974609375 232.3775177001953 3.4619293 1.4389098 1.5804096 4.2492623 1.4246985 19.165712 -1.149930477142334 0.961033284664154
Car 0.0 0 1.8711285591125488 309.69427490234375 181.13401794433594 478.8351745605469 291.16876220703125 3.8923738 1.5206002 1.6287688 -3.4834986 1.6838559 12.228253 1.593606948852539 0.9562835097312927
Car 0.0 0 1.7847628593444824 427.1484069824219 176.39517211914062 506.8612365722656 226.56820678710938 4.3471146 1.4768423 1.6788002 -4.6308546 1.6044581 23.735905 1.5920840501785278 0.9496613144874573
Car 0.0 0 -1.3381010293960571 521.0625 168.01156616210938 604.5479125976562 221.948974609375 4.349157 1.5488265 1.6896428 -1.4348614 1.4101326 23.002735 -1.4003981351852417 0.9118131399154663
Car 0.0 0 -1.0900306701660156 774.52197265625 165.0126190185547 885.132568359375 217.34234619140625 4.3631787 1.5828608 1.6862181 7.3317437 1.3460338 23.96829 -0.7931757569313049 0.7275711894035339
Car 0.0 0 -0.510384738445282 1126.5234375 141.6563720703125 1236.8106689453125 174.79537963867188 4.066443 1.6304531 1.7304604 28.928885 0.095874906 36.67072 0.15754032135009766 0.5330662131309509
