Pedestrian 0.0 0 2.1339571475982666 663.14111328125 149.24887084960938 685.2468872070312 189.66432189941406 0.6611629 1.6984923 0.69436914 2.699684 0.7068253 30.793777 2.2214033603668213 0.7689017653465271
Pedestrian 0.0 0 1.4084174633026123 734.8758544921875 109.4778823852539 763.2992553710938 185.28372192382812 0.5960146 1.6958519 0.54497945 3.1144524 0.27842322 16.443443 1.5956040620803833 0.5026131272315979
Pedestrian 0.0 0 -3.6639814376831055 1121.0609130859375 91.62736511230469 1194.1055908203125 214.81748962402344 0.6661269 1.7992668 0.59873325 8.183921 0.6132599 10.873663 -3.0187947750091553 0.45228496193885803
Cyclist 0.0 0 -1.0211819410324097 415.2209167480469 146.12684631347656 446.7518005371094 188.0934600830078 1.6677587 1.6908988 0.4696003 -7.453286 0.61437947 29.934975 -1.2652027606964111 0.564460039138794
Car 0.0 0 1.788718342781067 391.9933166503906 180.17152404785156 488.8905334472656 244.5611572265625 4.0213804 1.4617853 1.6209183 -4.344073 1.6738396 18.853832 1.5622625350952148 0.9593908190727234
Car 0.0 0 1.8291006088256836 302.657470703125 166.47569274902344 455.7896423339844 280.6324157714844 3.4196258 1.586174 1.528027 -3.6310663 1.497907 11.762578 1.5296846628189087 0.9480310082435608
Car 0.0 0 -2.0508534908294678 820.1226196289062 173.9257049560547 1242.0 375.0 3.8380828 1.4909823 1.6062437 3.2792277 1.5040889 6.6445513 -1.5924022197723389 0.9388455748558044
Car 0.0 0 -1.8965712785720825 713.8692626953125 143.64218139648438 892.96533203125 265.076904296875 4.197907 1.7736249 1.7142252 3.1028416 1.347327 12.700659 -1.6569591760635376 0.9358294010162354
Car 0.0 0 2.055178642272949 0.0 183.48605346679688 398.1346435546875 375.0 3.8829327 1.5695088 1.5958548 -3.4989684 1.7013109 6.9616203 1.5894466638565063 0.9303634166717529
Car 0.0 0 1.698612928390503 483.58587646484375 172.21218872070312 524.7865600585938 202.75848388671875 4.17627 1.5636209 1.6870936 -5.700749 1.5311254 39.03408 1.5535928010940552 0.7728525400161743
Car 0.0 0 -1.435528039932251 609.4832763671875 167.1311492919922 632.992919921875 185.72622680664062 3.751698 1.6183031 1.6207058 1.0167583 1.1206087 64.76804 -1.4198309183120728 0.6260270476341248
Car 0.0 0 -1.2773998975753784 618.2742309570312 162.57183837890625 653.2275390625 184.012451171875 3.9936862 1.6111828 1.645785 2.0259244 0.83887446 56.3738 -1.2414779663085938 0.4675758481025696
