Pedestrian 0.0 0 -0.9355793595314026 13.354369163513184 496.0789489746094 55.384376525878906 543.2227172851562 1.2222435 1.8571486 0.87618625 -31.26752 2.0423589 50.65851 -1.4885655641555786 0.5866867303848267
Pedestrian 0.0 0 -0.9698558449745178 795.1842651367188 512.9853515625 860.8007202148438 610.6575317382812 1.2505535 2.3140948 1.1023011 0.29393747 2.8572416 31.197117 -0.9604341983795166 0.4980649948120117
Pedestrian 0.0 0 0.5216249227523804 0.0 493.38623046875 10.944798469543457 541.8638305664062 1.1606352 2.0040603 0.6941072 -34.352463 2.082912 52.761684 -0.055514268577098846 0.19549746811389923
Pedestrian 0.0 0 -3.1700472831726074 869.551513671875 471.5330505371094 916.9724731445312 554.3469848632812 1.0941011 1.9273348 0.8558272 1.8106403 1.4624774 29.918608 -3.109602212905884 0.1881759613752365
Pedestrian 0.0 0 -2.3900341987609863 80.47988891601562 492.4350280761719 127.35820007324219 557.9177856445312 1.1109679 2.0683188 0.72483194 -22.775742 2.0983486 40.498127 -2.9023401737213135 0.13612252473831177
Pedestrian 0.0 0 -0.6640491485595703 137.506103515625 486.00262451171875 194.57382202148438 554.952880859375 1.4315002 2.0296175 0.6465278 -19.53171 1.867588 38.063576 -1.138148546218872 0.12987422943115234
Pedestrian 0.0 0 0.4829427897930145 178.43106079101562 488.2661437988281 227.82244873046875 557.4595947265625 1.0793269 2.0150313 0.7593443 -18.040773 1.9206496 37.277096 0.032206058502197266 0.11698257178068161
Pedestrian 0.0 0 -1.506176471710205 779.7841796875 489.5076599121094 807.9147338867188 561.3938598632812 1.1269722 2.009223 0.727569 -0.63077784 1.9533376 35.9764 -1.5237077474594116 0.1047062799334526
Cyclist 0.0 0 -1.5309730768203735 779.4049072265625 497.06494140625 806.041748046875 568.2478637695312 1.6478125 1.9710989 0.69223225 -0.6612204 2.132865 36.02882 -1.549323558807373 0.1834137886762619
Cyclist 0.0 0 -0.8848934173583984 0.0 497.8121643066406 22.182226181030273 544.42529296875 1.2334948 1.9179633 0.69518405 -33.969017 2.1847715 52.937714 -1.4553967714309692 0.11255907267332077
Car 0.0 0 -0.8734296560287476 0.0 508.0375061035156 62.55223083496094 560.8460693359375 3.9900842 1.6362708 1.6199845 -27.535368 2.2197547 42.62166 -1.4470171928405762 0.2543890178203583
Car 0.0 0 -1.0782508850097656 0.0 503.5852355957031 59.420589447021484 587.4638061523438 3.9164748 1.6877736 1.5936798 -18.608288 1.9749603 28.08862 -1.6633528470993042 0.23800702393054962
Car 0.0 0 1.970886468887329 0.0 546.0308837890625 254.13645935058594 808.048828125 4.295871 1.4811829 1.8628132 -6.2195516 2.024228 10.355875 1.4300391674041748 0.16214866936206818
Car 0.0 0 1.950793981552124 0.0 498.8010559082031 104.84356689453125 593.5009765625 4.042438 1.7319343 1.5968649 -16.016012 1.8917689 25.620287 1.3921010494232178 0.14718811213970184
Car 0.0 0 -0.9953251481056213 0.0 502.7153625488281 84.96945190429688 557.1891479492188 3.6199586 1.6084956 1.589443 -24.9434 1.9783735 39.968708 -1.553257703781128 0.11149078607559204
Car 0.0 0 1.6409337520599365 514.5020141601562 500.1362609863281 608.3019409179688 591.977294921875 4.147136 1.7297584 1.6197766 -5.236317 1.9244639 26.416346 1.445247769355774 0.10661651939153671
