Pedestrian 0.0 0 1.434462070465088 809.0521850585938 129.58641052246094 838.7250366210938 199.45213317871094 0.864213 1.7111646 0.6006891 5.3200126 0.65180486 18.141178 1.719720482826233 0.5684065818786621
Pedestrian 0.0 0 -1.825126051902771 863.748046875 113.12007904052734 906.2418823242188 208.93333435058594 0.8373666 1.8115941 0.5802435 5.3054347 0.68252957 14.086761 -1.4649310111999512 0.5392618179321289
Cyclist 0.0 0 -1.7341694831848145 809.25439453125 128.31204223632812 839.8026123046875 200.0348663330078 0.87774307 1.7439436 0.5934388 5.2977357 0.6612619 18.013355 -1.4481338262557983 0.2099004089832306
Cyclist 0.0 0 -1.825126051902771 863.748046875 113.12007904052734 906.2418823242188 208.93333435058594 0.8373666 1.8115941 0.5802435 5.3054347 0.68252957 14.086761 -1.4649310111999512 0.11130554229021072
Car 0.0 0 -1.8512917757034302 698.3194580078125 184.3763885498047 845.3685913085938 283.4156494140625 3.6224823 1.4511305 1.5644597 2.6573946 1.6868446 12.869417 -1.6476645469665527 0.9700689315795898
Car 0.0 0 -1.4179562330245972 421.7427673339844 186.1902313232422 527.5206909179688 270.1099548339844 3.9776466 1.4765738 1.6039962 -2.7818084 1.7976679 15.340827 -1.597340703010559 0.9603497385978699
Car 0.0 0 -1.9385735988616943 762.1527709960938 199.93421936035156 1074.6844482421875 375.0 3.9653594 1.4055045 1.6063992 2.8345096 1.771937 7.7548027 -1.5881428718566895 0.9579205513000488
Car 0.0 0 1.6610941886901855 504.8758850097656 180.3078155517578 562.2137451171875 225.03733825683594 4.382378 1.4502099 1.6882015 -2.7462294 1.7453225 26.327337 1.5571590662002563 0.9419211149215698
Car 0.0 0 -1.7865428924560547 678.653564453125 164.75523376464844 781.7243041992188 243.44046020507812 3.9066978 1.7050819 1.6494194 2.7528307 1.5299422 17.632635 -1.6316717863082886 0.9399239420890808
Car 0.0 0 -1.6506266593933105 643.1749267578125 178.06468200683594 681.1746826171875 208.1503143310547 3.7831597 1.391015 1.578915 2.5097268 1.6644756 35.915073 -1.5808606147766113 0.9387730956077576
Car 0.0 0 -2.399764060974121 897.2835693359375 202.47225952148438 1242.0 375.0 3.7012262 1.4856527 1.5670778 2.7008286 1.6809504 2.8455656 -1.6404556035995483 0.7971768379211426
Car 0.0 0 -0.6804001331329346 0.0 209.815673828125 274.1315002441406 375.0 3.6840403 1.4255587 1.541706 -3.1127613 1.6696292 2.8672926 -1.506823182106018 0.728360116481781
Car 0.0 0 1.5178500413894653 556.7645874023438 175.90499877929688 581.96826171875 198.3792724609375 3.899052 1.5663234 1.6330565 -3.036936 1.7987913 52.862198 1.460463047027588 0.5592255592346191
