Pedestrian 0.0 0 -2.554835557937622 697.2991333007812 154.14724731445312 712.2911987304688 183.99302673339844 0.52890795 1.8457857 0.88458884 5.8985286 0.68924123 45.12729 -2.424863815307617 0.32289645075798035
Pedestrian 0.0 0 2.463587999343872 835.6156616210938 127.50174713134766 874.98779296875 195.0757598876953 0.79974073 1.7887535 0.6151154 6.586436 0.5885906 19.523836 2.788952350616455 0.32024890184402466
Pedestrian 0.0 0 3.66886043548584 0.0 200.6486053466797 28.355770111083984 264.87890625 0.78377837 1.7780213 0.6879532 -17.412798 2.5925806 20.727827 2.9701602458953857 0.3148135244846344
Pedestrian 0.0 0 -0.7283017039299011 1035.0426025390625 74.34284210205078 1143.0860595703125 252.89056396484375 0.8150372 1.8098749 0.5173609 4.9961395 0.8116602 7.627316 -0.14839686453342438 0.2595420777797699
Pedestrian 0.0 0 -0.652207612991333 1143.0047607421875 49.71665573120117 1242.0 250.5216827392578 0.7365193 1.8092042 0.6152807 5.576964 0.70012474 6.817901 0.03340601921081543 0.24934813380241394
Pedestrian 0.0 0 -2.115452527999878 963.0175170898438 160.52703857421875 1074.67041015625 312.624755859375 1.6402651 1.7362576 0.41876242 5.0189962 1.5958979 9.061545 -1.6096363067626953 0.14144639670848846
Cyclist 0.0 0 -2.109440565109253 962.29345703125 154.64263916015625 1077.1390380859375 304.9482116699219 1.7160966 1.7271551 0.43522304 5.0770407 1.518247 9.153027 -1.6030080318450928 0.3321811556816101
Car 0.0 0 1.780948519706726 469.8575744628906 180.1852264404297 507.00653076171875 205.9717254638672 3.9518712 1.5885936 1.6292547 -8.001244 2.093043 47.600266 1.6144129037857056 0.7596273422241211
Car 0.0 0 -1.7249431610107422 350.7862243652344 169.15855407714844 380.6540832519531 191.1115264892578 3.6385295 1.5921774 1.5851824 -18.439434 1.3245157 54.3075 -2.052267074584961 0.3703742027282715
Car 0.0 0 2.6886727809906006 0.0 149.0821533203125 99.173583984375 197.34716796875 3.3072534 1.3772568 1.5432124 -18.142439 0.6992779 22.411337 2.0081534385681152 0.3659059703350067
Car 0.0 0 1.8623991012573242 315.5133972167969 170.03236389160156 345.87847900390625 188.39830017089844 3.8034472 1.6895761 1.6599762 -26.430273 1.4303565 68.335434 1.493347406387329 0.3111053705215454
Car 0.0 0 1.154954433441162 116.54218292236328 171.18470764160156 200.9615478515625 209.1492462158203 3.69139 1.523858 1.6940325 -19.258608 1.4572122 30.694622 0.5946123600006104 0.2325659692287445
Car 0.0 0 0.83900386095047 103.45257568359375 196.89894104003906 178.97247314453125 225.8321990966797 3.4153337 1.5139215 1.7984959 -26.810247 2.9325006 41.243343 0.26259326934814453 0.2098536640405655
