Pedestrian 0.0 0 -0.26953747868537903 796.4566040039062 154.51805114746094 845.5457153320312 219.46957397460938 1.2317315 1.8619752 0.69607717 6.093711 1.3366939 21.037344 0.012407779693603516 0.24533729255199432
Pedestrian 0.0 0 -0.7000980377197266 863.2784423828125 161.4031524658203 902.1985473632812 233.45849609375 0.64717144 1.7748295 0.655601 6.821498 1.4931362 18.186985 -0.3412609398365021 0.1872193068265915
Pedestrian 0.0 0 -0.20175498723983765 823.8994140625 170.08029174804688 862.9874267578125 238.2422332763672 0.87952626 1.7450279 0.52419406 6.01941 1.6743757 18.777655 0.10845804214477539 0.1839333325624466
Pedestrian 0.0 0 -0.008786946535110474 958.8164672851562 150.0744171142578 1015.0200805664062 265.5464782714844 0.7779068 1.7753494 0.49990767 5.9397564 1.4254777 11.489305 0.468353271484375 0.14479896426200867
Pedestrian 0.0 0 1.456274151802063 285.22882080078125 162.9278106689453 328.66021728515625 240.2204132080078 1.0939469 1.8535491 0.876408 -7.6148305 1.6158679 17.99225 1.0559051036834717 0.1432572454214096
Pedestrian 0.0 0 -1.4326649904251099 221.6851043701172 152.57432556152344 244.9747772216797 203.37977600097656 0.6539936 1.9280055 0.71352214 -14.553646 1.1587741 27.806904 -1.9148430824279785 0.12530452013015747
Cyclist 0.0 0 1.5994527339935303 812.2808227539062 159.46128845214844 836.663330078125 223.74407958984375 1.3648081 1.8172771 0.64896065 6.248226 1.4390227 21.144604 1.8867758512496948 0.10945825278759003
Car 0.0 0 1.8082642555236816 410.9779052734375 181.42230224609375 511.7695007324219 246.87841796875 3.7942677 1.4328827 1.6352377 -3.672974 1.6725717 18.224075 1.6093833446502686 0.9605659246444702
Car 0.0 0 1.8553483486175537 55.231266021728516 195.44296264648438 107.63088989257812 223.45628356933594 3.8706405 1.5435596 1.6291611 -33.094296 3.0257645 45.2335 1.2237064838409424 0.21363069117069244
Car 0.0 0 1.7087098360061646 485.8392333984375 186.95848083496094 527.7774658203125 218.76483154296875 3.8671465 1.4710371 1.6145881 -5.276132 2.233007 37.02222 1.5671504735946655 0.18989063799381256
