Pedestrian 0.0 0 3.426922559738159 213.80116271972656 164.73486328125 229.3074951171875 187.94705200195312 1.0171055 1.884269 0.49507594 -31.739649 1.2255491 58.916252 2.932777166366577 0.48763856291770935
Pedestrian 0.0 0 0.7188294529914856 1188.81298828125 101.13993835449219 1242.0 201.14280700683594 0.7367055 1.8130872 0.6949729 11.425513 0.5132438 13.494965 1.4213755130767822 0.3975012004375458
Pedestrian 0.0 0 -0.3501763343811035 875.7217407226562 151.18011474609375 893.3314208984375 182.16326904296875 0.82384694 1.827607 0.59268934 16.27091 0.5494846 42.860214 0.01264500617980957 0.39134344458580017
Pedestrian 0.0 0 -2.2351343631744385 1090.22900390625 117.58496856689453 1139.8209228515625 189.9986572265625 0.7189428 1.7515275 0.7114858 12.419947 0.41504946 17.828438 -1.6266690492630005 0.24819135665893555
Pedestrian 0.0 0 -1.8237438201904297 1008.7592163085938 123.92609405517578 1043.485107421875 185.1663360595703 1.3913498 1.8046649 0.584709 12.629664 0.36318526 22.00823 -1.302765965461731 0.12314789742231369
Pedestrian 0.0 0 2.0381622314453125 151.91065979003906 185.21730041503906 177.169921875 213.8436737060547 1.7139894 1.7514088 0.6642669 -28.285698 2.5514727 45.786663 1.4847779273986816 0.11466533690690994
Cyclist 0.0 0 0.7669528126716614 977.2184448242188 124.21002960205078 1032.2183837890625 180.71119689941406 1.692581 1.7964958 0.5364489 12.963039 0.25018337 23.826849 1.2652177810668945 0.7837625741958618
Cyclist 0.0 0 1.9864791631698608 152.33575439453125 182.62197875976562 176.23580932617188 211.02511596679688 1.6742036 1.7421211 0.671169 -28.26812 2.3734515 45.73047 1.4328235387802124 0.58633953332901
Cyclist 0.0 0 0.7148902416229248 1136.9366455078125 99.89405059814453 1240.0274658203125 186.7637939453125 1.7777112 1.7196773 0.5317002 12.081781 0.2757166 15.20338 1.386377215385437 0.42777422070503235
Cyclist 0.0 0 -1.9784530401229858 883.9627685546875 143.15626525878906 912.87353515625 179.05813598632812 1.5884849 1.7434717 0.76412225 14.274285 0.30164406 35.841534 -1.5994466543197632 0.374586820602417
Cyclist 0.0 0 -2.230196952819824 860.0107421875 152.659912109375 879.6849975585938 177.367919921875 1.6542851 1.8177682 0.46679983 19.389633 0.3324467 53.93955 -1.885110855102539 0.33486562967300415
Cyclist 0.0 0 -3.0097696781158447 962.8234252929688 130.76919555664062 1009.3994750976562 178.67620849609375 1.5085653 1.7827047 0.6163408 14.304052 0.21701288 27.532072 -2.530611515045166 0.3194062411785126
Cyclist 0.0 0 -1.8237438201904297 1008.7592163085938 123.92609405517578 1043.485107421875 185.1663360595703 1.3913498 1.8046649 0.584709 12.629664 0.36318526 22.00823 -1.302765965461731 0.31815895438194275
Cyclist 0.0 0 2.3577966690063477 213.7213897705078 164.41282653808594 228.8801727294922 188.17770385742188 1.0425125 1.9211478 0.49806502 -31.749313 1.239122 58.897133 1.8633884191513062 0.16843904554843903
Car 0.0 0 2.012044668197632 283.5223083496094 185.63800048828125 349.419921875 220.65382385253906 3.317589 1.4248977 1.4544944 -13.105168 2.02755 32.29444 1.6265461444854736 0.9107967019081116
Car 0.0 0 1.8947770595550537 424.5263366699219 179.5491485595703 456.4815673828125 196.658203125 4.26014 1.5039566 1.633362 -15.792908 2.1495752 67.34004 1.6644154787063599 0.5256601572036743
Car 0.0 0 -0.7378441095352173 258.1932373046875 171.1510772705078 312.89129638671875 191.92652893066406 3.8966093 1.5912054 1.6120609 -25.767698 1.4611363 57.368404 -1.1600008010864258 0.39321765303611755
Car 0.0 0 -0.7718836069107056 207.15794372558594 169.0722198486328 262.3389892578125 189.90794372558594 4.1575603 1.6891992 1.6372627 -31.539797 1.38296 60.72472 -1.250922441482544 0.3113671541213989
Car 0.0 0 1.3380427360534668 114.64845275878906 163.5339813232422 160.9458770751953 188.5829620361328 4.352864 1.6374278 1.6826218 -32.30443 1.0285447 49.27039 0.7577016353607178 0.2681422233581543
