Pedestrian 0.0 0 1.294227957725525 837.9649658203125 160.89151000976562 861.2218627929688 204.76695251464844 0.9371897 1.9070934 0.74510086 10.526727 1.3874884 31.843744 1.6134934425354004 0.5312396883964539
Pedestrian 0.0 0 -1.7034363746643066 654.2442016601562 172.77908325195312 667.264404296875 202.92633056640625 0.72655314 1.6648296 0.6325805 2.7913578 1.66105 40.225487 -1.6341546773910522 0.20180749893188477
Pedestrian 0.0 0 -1.4056873321533203 355.69476318359375 162.84890747070312 373.84527587890625 206.56417846679688 0.83448803 1.8664519 0.6172445 -10.662191 1.4396355 31.2657 -1.7343387603759766 0.14660561084747314
Pedestrian 0.0 0 1.8868728876113892 283.8643493652344 169.6197967529297 312.9376525878906 225.59535217285156 0.7807936 1.7538049 0.6420881 -9.980998 1.6528302 23.022724 1.4778010845184326 0.141969695687294
Pedestrian 0.0 0 2.4713125228881836 68.18304443359375 160.49118041992188 144.9296112060547 272.72711181640625 0.9419975 1.8486487 0.5560966 -8.695085 1.6453775 12.412537 1.8602455854415894 0.1300928145647049
Pedestrian 0.0 0 2.796018362045288 653.4769287109375 161.55545043945312 678.0183715820312 200.67529296875 1.0346618 1.8314843 0.54709226 2.5998588 1.3028748 34.17916 2.8719377517700195 0.12177129089832306
Cyclist 0.0 0 2.037402629852295 368.9547424316406 189.41683959960938 395.6573486328125 227.310302734375 1.5558456 1.7118835 0.56647605 -10.792909 2.5141363 34.117584 1.7310192584991455 0.11836844682693481
Car 0.0 0 1.764792561531067 448.0179443359375 183.0897216796875 559.8814697265625 263.1793518066406 4.033074 1.4803551 1.6757793 -2.2377677 1.7357936 15.91935 1.625138521194458 0.961823582649231
Car 0.0 0 -1.4386992454528809 577.5673828125 179.15269470214844 622.2422485351562 212.7666473388672 3.5291922 1.3946735 1.5600255 -0.44295892 1.6946056 32.470154 -1.4523404836654663 0.8998563885688782
Car 0.0 0 1.8138800859451294 294.3895568847656 160.0661163330078 359.0043640136719 207.72705078125 3.667257 1.7822587 1.5707107 -11.304029 1.3044193 28.898678 1.4410169124603271 0.299052894115448
Car 0.0 0 -3.2590198516845703 831.3380737304688 175.72393798828125 902.2866821289062 196.68418884277344 4.5009093 1.4144229 1.6122884 17.819813 1.6200576 50.322742 -2.9186878204345703 0.12268353253602982
Car 0.0 0 1.7598705291748047 408.36181640625 174.1839141845703 435.4322204589844 193.05323791503906 4.273885 1.7187822 1.7052284 -17.762108 1.8489172 68.218025 1.5051534175872803 0.11568696051836014
