Pedestrian 0.0 0 -3.0785465240478516 747.26513671875 159.04592895507812 760.1347045898438 191.8651123046875 0.65781265 1.7971672 0.67671156 7.9175653 1.0413997 39.91968 -2.8827500343322754 0.6656702756881714
Pedestrian 0.0 0 2.524747848510742 747.5958862304688 142.33917236328125 783.1571044921875 210.0395050048828 0.7049494 1.7706283 0.6120682 4.102729 0.97290444 19.288904 2.734323501586914 0.39169034361839294
Pedestrian 0.0 0 -0.17871470749378204 781.6369018554688 162.3470916748047 793.6295776367188 182.80714416503906 0.9959974 1.8543851 0.4444339 16.140066 0.9024551 65.646194 0.062367916107177734 0.34267106652259827
Pedestrian 0.0 0 -1.769000768661499 858.6577758789062 139.73512268066406 882.4078979492188 192.64471435546875 0.659804 1.7590111 0.635333 8.745054 0.6583118 24.357948 -1.4243106842041016 0.2950373589992523
Cyclist 0.0 0 -1.499581217765808 699.1021118164062 166.80088806152344 719.8462524414062 215.95118713378906 1.9691397 1.714008 0.6105778 3.5795262 1.503277 26.18559 -1.363724946975708 0.8226831555366516
Cyclist 0.0 0 -1.9245305061340332 1134.7169189453125 50.347900390625 1242.0 231.9421844482422 1.8970592 1.7272828 0.5350795 6.3194394 0.562391 7.844686 -1.2464027404785156 0.5210739374160767
Cyclist 0.0 0 2.6028356552124023 216.61952209472656 113.54460144042969 306.41400146484375 198.06309509277344 1.781968 1.7926214 0.559487 -7.838267 0.53503776 16.199165 2.1521763801574707 0.3152947425842285
Car 0.0 0 1.8523849248886108 458.5273132324219 170.1879425048828 549.279296875 229.80133056640625 4.2868 1.729619 1.7522967 -3.328091 1.6526242 23.176003 1.70975923538208 0.9280422329902649
Car 0.0 0 1.8244655132293701 530.1630249023438 175.02481079101562 595.0001220703125 214.6881561279297 4.393441 1.5486052 1.7050644 -1.9717692 1.6484306 30.740541 1.7604109048843384 0.9130651354789734
Car 0.0 0 1.8258191347122192 615.9315185546875 174.23582458496094 652.5237426757812 198.93576049804688 3.6155493 1.5235006 1.503386 1.5742266 1.6169639 46.666756 1.8595397472381592 0.755052387714386
Car 0.0 0 -2.7222900390625 0.0 0.0 1242.0 375.0 3.9486759 1.4829836 1.5411028 3.0016108 1.4882582 1.5327989 -1.6236319541931152 0.37724897265434265
Car 0.0 0 -0.3216177523136139 695.6942749023438 172.97866821289062 803.8478393554688 211.39248657226562 4.01618 1.5073509 1.6246067 5.61118 1.5129721 29.388548 -0.1329575628042221 0.3668741285800934
Car 0.0 0 -2.8154497146606445 751.5595092773438 167.0758819580078 795.7635498046875 184.6998291015625 3.666964 1.5875291 1.5816759 15.084507 1.0674051 66.6231 -2.5927882194519043 0.35399410128593445
