Pedestrian 0.0 0 0.40622806549072266 676.1328125 150.4626922607422 752.05078125 261.6748352050781 1.108885 1.80958 0.6680362 1.8187543 1.3224828 12.075973 0.5557138919830322 0.8892887234687805
Pedestrian 0.0 0 0.5065739154815674 393.75506591796875 142.21646118164062 477.1896667480469 281.5174560546875 0.97711337 1.8941314 0.6148932 -2.4447474 1.3752451 10.0347395 0.26760101318359375 0.79649817943573
Pedestrian 0.0 0 0.5928476452827454 48.24409484863281 170.69000244140625 106.04200744628906 263.5980224609375 0.64532316 1.6606104 0.55981815 -9.687124 1.4869113 12.928357 -0.050200626254081726 0.41056835651397705
Pedestrian 0.0 0 -1.5192313194274902 593.0327758789062 167.8139190673828 603.1410522460938 190.2080535888672 0.460887 1.7645396 0.7777003 -0.53335744 0.76618296 55.953327 -1.5287631750106812 0.36553969979286194
Pedestrian 0.0 0 2.0352044105529785 264.0868225097656 160.7367706298828 285.3637390136719 194.64442443847656 1.053732 1.8749611 0.6821339 -18.514463 0.7835263 39.628082 1.5981346368789673 0.34778836369514465
Pedestrian 0.0 0 0.1945728361606598 352.5927429199219 158.79287719726562 462.15478515625 263.1831970214844 1.7149371 1.7262332 0.6198635 -3.388935 1.3689281 12.063895 -0.07928460091352463 0.2894306182861328
Cyclist 0.0 0 -1.562633991241455 960.7362060546875 147.84030151367188 981.3284301757812 209.6675567626953 1.7345321 1.7188569 0.51121616 10.605407 0.8124622 20.53811 -1.0859708786010742 0.8356242775917053
Cyclist 0.0 0 0.13413487374782562 352.3642578125 156.80462646484375 463.4527893066406 260.3407287597656 1.7607704 1.704556 0.6231583 -3.3757133 1.3161011 12.065728 -0.138667032122612 0.7877705097198486
Cyclist 0.0 0 -1.9515283107757568 791.52783203125 155.1500701904297 808.99560546875 184.64556884765625 1.6870128 1.8059398 0.45476946 12.180759 0.2551794 44.149544 -1.6823276281356812 0.6957749724388123
Cyclist 0.0 0 -0.7173700928688049 1085.1280517578125 140.82635498046875 1146.3355712890625 191.18423461914062 1.7973335 1.7461932 0.5979057 17.947676 0.37201354 24.893284 -0.09269887208938599 0.6321426033973694
Cyclist 0.0 0 2.0352044105529785 264.0868225097656 160.7367706298828 285.3637390136719 194.64442443847656 1.053732 1.8749611 0.6821339 -18.514463 0.7835263 39.628082 1.5981346368789673 0.1540602147579193
Car 0.0 0 -1.073769450187683 0.0 191.0176544189453 383.25311279296875 370.0 3.9395037 1.4332728 1.6145293 -3.17326 1.5469749 5.5369606 -1.5941784381866455 0.9501019716262817
Car 0.0 0 1.7273660898208618 454.1348876953125 170.4395751953125 488.5445251464844 193.63931274414062 4.0175405 1.4477066 1.601581 -8.675726 0.8212651 46.147545 1.5415353775024414 0.8653980493545532
Car 0.0 0 -3.8652138710021973 1171.0904541015625 151.52590942382812 1224.0 200.84100341796875 3.883812 1.4161445 1.5842483 19.48278 0.5856874 21.131922 -3.1203978061676025 0.45349112153053284
Car 0.0 0 -2.8607568740844727 641.127197265625 172.87998962402344 704.2298583984375 196.0976104736328 4.204567 1.6083568 1.611763 4.8381143 1.0817975 50.49667 -2.765237808227539 0.34900209307670593
Car 0.0 0 2.07773756980896 489.82000732421875 178.4154815673828 533.8604125976562 198.32981872558594 4.0708995 1.4474267 1.5240878 -6.998088 1.2971987 53.55827 1.9478105306625366 0.300110399723053
