Pedestrian 0.0 0 2.7210240364074707 826.1864013671875 131.88226318359375 900.10498046875 249.2533721923828 0.94412583 1.8622996 0.6867647 4.0831814 1.2125686 11.82935 3.0533928871154785 0.4647100865840912
Pedestrian 0.0 0 1.0919088125228882 259.49884033203125 158.0532989501953 282.2128601074219 207.80218505859375 0.5168533 1.9206915 0.63896567 -13.3277025 1.3496279 28.264938 0.6512973308563232 0.2979687452316284
Pedestrian 0.0 0 -1.1981158256530762 316.2664794921875 157.81764221191406 338.5943603515625 207.31365966796875 0.41880295 1.9858443 0.73879796 -11.458111 1.3829241 29.156338 -1.5725634098052979 0.17852652072906494
Pedestrian 0.0 0 -3.0211174488067627 668.8401489257812 175.4770965576172 681.97998046875 208.41709899902344 0.67503065 1.8526276 0.6191124 3.6853564 2.0034442 41.010914 -2.931495428085327 0.1759180724620819
Pedestrian 0.0 0 -2.726637363433838 386.6546630859375 166.04592895507812 405.4759826660156 196.32313537597656 0.98256993 1.8937384 0.59211344 -13.515344 1.4682745 45.48251 -3.01548171043396 0.16342096030712128
Pedestrian 0.0 0 -1.4188804626464844 354.68572998046875 156.12203979492188 371.76373291015625 196.90707397460938 0.58873034 1.9494276 0.7000538 -11.950013 1.1500378 34.836884 -1.7493302822113037 0.1548745483160019
Cyclist 0.0 0 0.3166123032569885 674.47021484375 188.8160400390625 711.611083984375 224.1986541748047 1.8719516 1.8246845 0.60535276 4.388782 2.6909316 38.47287 0.43019604682922363 0.16813765466213226
Car 0.0 0 1.8228718042373657 346.04339599609375 190.97665405273438 480.4419860839844 287.70166015625 3.578441 1.4713472 1.549742 -3.5500839 1.8543828 13.439261 1.5646133422851562 0.9575284719467163
Car 0.0 0 2.9198994636535645 401.5309143066406 186.08506774902344 491.1983947753906 219.83712768554688 4.118652 1.5582254 1.7221216 -8.258771 2.2543921 36.27775 2.6960604190826416 0.9149807691574097
Car 0.0 0 1.6001501083374023 520.215087890625 183.65586853027344 549.6470947265625 210.6847686767578 4.013355 1.5185628 1.6799679 -4.594588 2.21227 44.24792 1.4966834783554077 0.5357846617698669
Car 0.0 0 1.097367525100708 622.6869506835938 167.9869384765625 657.8286743164062 188.41952514648438 3.894872 1.8818715 1.7506459 2.8242335 1.433965 68.58692 1.138521671295166 0.23061038553714752
Car 0.0 0 1.7673757076263428 465.461181640625 180.75376892089844 507.1021728515625 209.2019805908203 3.9906833 1.5360574 1.6473187 -7.1953206 2.0193946 42.093872 1.5980768203735352 0.19516338407993317
Car 0.0 0 1.380846619606018 694.1148681640625 158.958984375 751.2449951171875 198.01173400878906 4.0556536 1.5536058 1.6542591 4.6841063 1.0011894 30.760052 1.5319645404815674 0.1892232447862625
