Pedestrian 0.0 0 -2.151327610015869 1051.7899169921875 150.03109741210938 1072.189697265625 180.72447204589844 0.91891545 1.7344524 0.5779949 25.792088 0.4451103 41.23622 -1.5923891067504883 0.6239622235298157
Pedestrian 0.0 0 0.2578893303871155 869.8281860351562 151.4108428955078 891.5902709960938 197.3779754638672 0.6273738 1.7096405 0.6447393 10.193154 0.91247016 27.277494 0.6155054569244385 0.5699119567871094
Pedestrian 0.0 0 3.7586755752563477 0.0 120.88856506347656 55.219852447509766 248.4375762939453 0.7053052 1.7669923 0.52486086 -8.513967 1.0474502 10.281009 3.067018508911133 0.5602081418037415
Pedestrian 0.0 0 -2.938072919845581 450.2156982421875 143.6519012451172 523.066650390625 262.8197937011719 0.9576616 1.6960622 0.57272524 -1.8468236 1.2808 10.567404 -3.1110916137695312 0.4491720497608185
Pedestrian 0.0 0 0.9357179403305054 1129.03955078125 128.9691619873047 1160.30029296875 179.54354858398438 0.78037506 1.8739794 0.597007 20.049328 0.24823222 27.123672 1.5722594261169434 0.4462268650531769
Pedestrian 0.0 0 1.7704589366912842 317.70574951171875 158.16612243652344 337.8458557128906 202.08642578125 0.6084231 1.7422751 0.6464026 -11.371857 1.15998 28.975607 1.3964667320251465 0.44448691606521606
Pedestrian 0.0 0 2.113112211227417 269.2313232421875 157.6210174560547 291.9140930175781 197.63609313964844 0.8044769 1.7739676 0.5985786 -14.836524 1.0990094 32.418262 1.6839070320129395 0.44216325879096985
Pedestrian 0.0 0 2.3288185596466064 871.9465942382812 146.17807006835938 897.2755126953125 189.45343017578125 0.70969266 1.7343665 0.6547671 11.1323 0.6656208 29.363852 2.691192626953125 0.4398391544818878
Pedestrian 0.0 0 -3.466813087463379 844.1729125976562 152.07882690429688 864.1644897460938 183.48626708984375 0.95131093 1.7872597 0.5732501 13.953042 0.60539365 41.343555 -3.1413261890411377 0.3855970501899719
Pedestrian 0.0 0 1.513022780418396 453.1019287109375 153.603515625 463.1857604980469 185.3301544189453 0.9255204 1.8109952 0.5164887 -8.81342 0.7125124 41.69789 1.3047248125076294 0.38369789719581604
Pedestrian 0.0 0 -0.944717288017273 254.17503356933594 166.10394287109375 272.47161865234375 195.18589782714844 0.89149064 1.6879573 0.55115694 -20.384808 1.2965324 42.363712 -1.393200397491455 0.35230544209480286
Pedestrian 0.0 0 1.0462967157363892 17.221513748168945 156.71644592285156 44.05400085449219 202.20985412597656 0.51918083 1.8490015 0.6962219 -23.920448 1.1934764 29.741217 0.36894774436950684 0.34936922788619995
Pedestrian 0.0 0 -1.3633897304534912 29.8172664642334 155.03904724121094 52.574440002441406 194.38372802734375 0.6077241 1.75343 0.697571 -25.719286 0.95984864 32.580475 -2.0316386222839355 0.34781473875045776
Cyclist 0.0 0 -0.47252050042152405 365.5469665527344 188.09011840820312 393.8342590332031 216.84938049316406 1.6056712 1.6308949 0.33359328 -13.5354805 2.5394702 42.32361 -0.782050371170044 0.45647647976875305
Cyclist 0.0 0 1.6636760234832764 331.1577453613281 158.79464721679688 343.3561706542969 186.2730712890625 1.7957028 1.8108486 0.6047844 -18.353777 0.8846846 48.49308 1.3018558025360107 0.374671071767807
Cyclist 0.0 0 -2.151327610015869 1051.7899169921875 150.03109741210938 1072.189697265625 180.72447204589844 0.91891545 1.7344524 0.5779949 25.792088 0.4451103 41.23622 -1.5923891067504883 0.20407378673553467
Cyclist 0.0 0 1.513022780418396 453.1019287109375 153.603515625 463.1857604980469 185.3301544189453 0.9255204 1.8109952 0.5164887 -8.81342 0.7125124 41.69789 1.3047248125076294 0.19304051995277405
Car 0.0 0 -3.1636924743652344 550.8536376953125 173.0441131591797 715.262939453125 231.8756561279297 4.27327 1.5278658 1.7445494 0.55491596 1.5336294 19.626879 -3.1354267597198486 0.9103960990905762
Car 0.0 0 2.3513481616973877 389.60528564453125 182.2230224609375 516.6527709960938 230.80477905273438 4.217813 1.4122746 1.6415602 -5.1564097 1.7537217 24.046879 2.14011549949646 0.8619403839111328
Car 0.0 0 2.571830987930298 608.5742797851562 176.53709411621094 720.7415161132812 217.46002197265625 4.2830305 1.5328623 1.6778167 2.1838243 1.6907116 29.09534 2.6467480659484863 0.7778661251068115
Car 0.0 0 -0.9466184377670288 212.03907775878906 170.19583129882812 258.0679931640625 188.73231506347656 3.6555104 1.5090597 1.6004337 -31.493265 1.293016 60.662136 -1.4254751205444336 0.5205661058425903
Car 0.0 0 2.6226468086242676 530.2822875976562 163.80311584472656 581.9767456054688 183.87649536132812 3.6118112 1.4693656 1.5224036 -4.0788364 0.80720174 54.454815 2.5478832721710205 0.40758123993873596
Car 0.0 0 -1.4456807374954224 377.43438720703125 169.20053100585938 404.91741943359375 188.93093872070312 3.674347 1.5152769 1.6468906 -17.384438 1.2350525 57.36028 -1.7399557828903198 0.3814393877983093
