Pedestrian 0.0 0 2.7615044116973877 649.1345825195312 161.33279418945312 664.5913696289062 188.33782958984375 0.8844736 1.748711 0.49931777 3.0267942 1.0030125 47.09512 2.825685977935791 0.6240546703338623
Pedestrian 0.0 0 2.6679904460906982 295.5473327636719 165.58355712890625 309.4322204589844 190.69671630859375 0.7413756 1.8227993 0.6047708 -22.550703 1.2954435 52.847282 2.2646684646606445 0.42431098222732544
Pedestrian 0.0 0 -0.68560791015625 688.7778930664062 135.41795349121094 723.18798828125 193.9947052001953 0.7535658 1.7267909 0.7036234 2.846746 0.6235674 21.765175 -0.5555525422096252 0.3478008210659027
Pedestrian 0.0 0 -2.7502353191375732 485.0436096191406 151.59205627441406 505.0701599121094 186.87677001953125 0.779604 1.7496308 0.71480083 -5.803437 0.69569194 36.21307 -2.909142255783081 0.2912288308143616
Pedestrian 0.0 0 -1.0604746341705322 688.4129028320312 151.068359375 716.8394775390625 200.4778289794922 0.7105908 1.6357802 0.6946828 3.0863235 0.91488963 24.377077 -0.9345370531082153 0.2756742537021637
Cyclist 0.0 0 -2.0157175064086914 784.9820556640625 160.49928283691406 837.6075439453125 228.92559814453125 1.8985981 1.7820683 0.62721556 5.438691 1.460665 19.778328 -1.7473676204681396 0.7705269455909729
Cyclist 0.0 0 3.68723464012146 72.29627990722656 150.81375122070312 121.99471282958984 187.97183227539062 1.8634598 1.7736946 0.7022332 -24.801695 0.7219884 34.85689 3.068812847137451 0.2800806760787964
Car 0.0 0 -1.5421584844589233 587.4041748046875 176.48733520507812 639.6585693359375 228.2274932861328 4.54567 1.688799 1.7318333 0.14864817 1.8325522 26.172657 -1.5364789962768555 0.9153476357460022
Car 0.0 0 0.989101231098175 1123.1605224609375 143.1849822998047 1239.5262451171875 187.87437438964844 3.5543158 1.4681468 1.5134335 20.030052 0.49381077 25.535446 1.6542584896087646 0.46441060304641724
Car 0.0 0 1.881723165512085 0.0 164.35325622558594 54.82400894165039 195.68338012695312 4.129017 1.5276732 1.6970608 -30.575806 1.11353 37.41162 1.1965335607528687 0.46304625272750854
Car 0.0 0 1.752744197845459 217.2627716064453 168.02699279785156 262.1318664550781 195.71267700195312 3.8951154 1.5117526 1.6180108 -21.266018 1.2485356 41.494125 1.2791413068771362 0.43748903274536133
Car 0.0 0 1.702897071838379 131.50186157226562 153.86871337890625 178.48123168945312 189.3863067626953 3.6197228 1.7642158 1.6207831 -23.823643 0.82154435 37.82011 1.1407675743103027 0.3620747923851013
Car 0.0 0 0.16900566220283508 0.0 155.08018493652344 105.1713638305664 191.782470703125 3.7949991 1.4514594 1.5760416 -23.531694 0.7489191 30.12545 -0.49411872029304504 0.3602471947669983
Car 0.0 0 -0.7267953157424927 161.96139526367188 161.5878448486328 233.74383544921875 185.85867309570312 4.197599 1.5735818 1.6545887 -27.95249 0.8435062 49.030827 -1.2449395656585693 0.34876954555511475
Car 0.0 0 1.5630325078964233 534.6822509765625 165.9677276611328 559.9192504882812 191.6247100830078 4.137438 1.6708018 1.6401631 -4.316634 1.2227204 49.121742 1.4753813743591309 0.3295772969722748
Car 0.0 0 1.6181588172912598 288.5824890136719 164.20115661621094 315.78692626953125 189.74278259277344 4.1423206 1.8474177 1.6948293 -23.202784 1.2219174 54.42245 1.2151488065719604 0.3025040328502655
