Pedestrian 0.0 0 1.1088918447494507 727.3743286132812 158.39700317382812 799.3999633789062 300.0390625 0.6721279 1.5662055 0.5730909 1.8195963 1.312099 8.33629 1.3237953186035156 0.7746096253395081
Pedestrian 0.0 0 -2.2383408546447754 847.7774658203125 144.39013671875 981.7310180664062 370.246826171875 0.7936877 1.5863421 0.5669186 2.3199127 1.3270986 5.500539 -1.839216947555542 0.6489844918251038
Pedestrian 0.0 0 -0.2692295014858246 803.172607421875 153.0137176513672 900.8701782226562 329.0638427734375 0.7614463 1.6279712 0.583215 2.3554778 1.3659295 6.9529448 0.05740976333618164 0.5514754056930542
Pedestrian 0.0 0 2.3274636268615723 698.2892456054688 157.87362670898438 761.7158203125 278.3983154296875 0.65154153 1.5941176 0.5716052 1.7295531 1.2829518 9.922361 2.5000383853912354 0.5002990365028381
Pedestrian 0.0 0 1.16683030128479 703.0734252929688 151.49583435058594 730.8976440429688 207.3511505126953 0.78429925 1.7951369 0.64238083 3.756101 0.83192897 23.5425 1.3250423669815063 0.33965545892715454
Pedestrian 0.0 0 1.5269460678100586 778.2461547851562 161.48008728027344 819.8275756835938 280.70440673828125 0.6250882 1.5304122 0.50355136 2.5792446 1.2747612 9.57804 1.7899935245513916 0.32872262597084045
Pedestrian 0.0 0 -2.1096153259277344 0.0 96.27606201171875 87.07244110107422 299.7421875 0.56597155 1.7854095 0.63088447 -5.3618746 1.0389543 6.695156 -2.784879684448242 0.3072949945926666
Pedestrian 0.0 0 1.0386722087860107 195.5113525390625 131.3522186279297 259.9914855957031 267.21112060546875 0.46531412 1.7932508 0.6388102 -5.1761103 1.1326605 9.873032 0.5557994842529297 0.2982058823108673
Pedestrian 0.0 0 -2.792814016342163 792.330322265625 147.34405517578125 844.0931396484375 237.08673095703125 0.8175756 1.6865898 0.5745137 4.177286 1.0459359 13.971924 -2.502295970916748 0.2763344943523407
Pedestrian 0.0 0 -0.5210793018341064 814.61474609375 144.47723388671875 883.9598999023438 269.71466064453125 0.7625832 1.8172941 0.65121007 3.6761627 1.2813768 10.8138075 -0.19338490068912506 0.23532497882843018
Pedestrian 0.0 0 -0.37661927938461304 743.5050659179688 151.66099548339844 795.7286376953125 244.77723693847656 0.7837017 1.6646 0.5499204 3.0355427 1.1324519 13.169215 -0.15007328987121582 0.22740910947322845
Pedestrian 0.0 0 -3.325592517852783 755.0524291992188 155.5709991455078 812.5552978515625 271.2593688964844 0.77172256 1.7405905 0.54759985 2.7636263 1.3517811 11.10154 -3.081610918045044 0.22256824374198914
Pedestrian 0.0 0 3.6449155807495117 0.0 105.29002380371094 140.20948791503906 374.0 0.6945301 1.6788734 0.51140887 -2.8051698 1.3411205 3.5057065 2.970069408416748 0.1922352910041809
Pedestrian 0.0 0 -0.5103213787078857 686.952880859375 153.63885498046875 706.4815673828125 199.07334899902344 0.5215058 1.8184719 0.6755531 3.8477387 0.7043575 29.158342 -0.37911927700042725 0.18565699458122253
Cyclist 0.0 0 -2.4143643379211426 547.1727294921875 153.70578002929688 648.158447265625 233.69082641601562 2.0214813 1.5689148 0.9163183 -0.13950461 1.0249784 15.09759 -2.4236042499542236 0.5244346261024475
Cyclist 0.0 0 -0.14623868465423584 651.858642578125 155.1905517578125 701.2863159179688 206.65191650390625 1.6982558 1.8277944 0.6028801 2.6728284 0.89439666 25.848896 -0.04320281744003296 0.208436518907547
Cyclist 0.0 0 -0.30625057220458984 732.2184448242188 150.86328125 797.0166625976562 250.2038116455078 0.9957653 1.7654338 0.6797081 2.9327655 1.222245 13.145008 -0.08673705160617828 0.12035120278596878
Cyclist 0.0 0 -0.44492101669311523 809.3668823242188 144.18060302734375 889.003173828125 270.7831726074219 0.9553151 1.8414305 0.6268028 3.6720128 1.299933 10.8128 -0.11754230409860611 0.1138995885848999
Car 0.0 0 1.633534550666809 530.3364868164062 158.84976196289062 580.5552978515625 204.02261352539062 3.4195607 1.5149443 1.5889455 -1.6142374 0.75641227 25.797884 1.5710434913635254 0.8470748662948608
