Pedestrian 0.0 0 -0.09706205129623413 485.08319091796875 155.99961853027344 501.134033203125 188.1737060546875 0.8016996 1.7476205 0.74173194 -6.462435 0.8324884 39.650528 -0.2586262822151184 0.5244336128234863
Pedestrian 0.0 0 3.330012798309326 407.9027404785156 163.34544372558594 417.93377685546875 191.85650634765625 0.50286657 1.8187914 0.68853325 -12.70048 1.212575 46.388947 3.062778949737549 0.407405823469162
Pedestrian 0.0 0 1.0700727701187134 1054.4560546875 88.17523956298828 1186.2684326171875 229.37632751464844 1.9863093 1.673801 0.521387 6.621044 0.6703749 9.565346 1.675538420677185 0.19562536478042603
Cyclist 0.0 0 1.2336127758026123 1034.7242431640625 95.49420928955078 1130.743896484375 220.56546020507812 2.004578 1.5912703 0.48542988 6.5679746 0.60738647 10.208569 1.80531907081604 0.5883180499076843
Cyclist 0.0 0 -1.9038833379745483 1138.6068115234375 75.12671661376953 1242.0 243.08682250976562 1.9137255 1.7289188 0.5334009 6.767025 0.72330844 8.415232 -1.2266230583190918 0.47731462121009827
Car 0.0 0 -1.7649997472763062 695.7159423828125 175.8087921142578 833.7051391601562 274.3115539550781 4.3201327 1.5560617 1.6848654 2.6771681 1.6213263 13.686061 -1.5718262195587158 0.9453967213630676
Car 0.0 0 -1.6948455572128296 661.4534301757812 175.6107177734375 723.4273071289062 223.0166778564453 4.043724 1.4998819 1.6321306 2.736994 1.6039075 25.096853 -1.5862176418304443 0.9371098279953003
Car 0.0 0 -1.4734623432159424 519.191162109375 178.69786071777344 564.0614624023438 214.76193237304688 4.140565 1.4899199 1.6203088 -3.0605397 1.7707294 32.551277 -1.5672088861465454 0.9177619814872742
Car 0.0 0 -1.716004729270935 679.6439819335938 178.54568481445312 765.5546875 241.76837158203125 4.099848 1.4722865 1.6501627 2.8295867 1.6404543 19.219883 -1.5698329210281372 0.8380454778671265
Car 0.0 0 -1.5907546281814575 648.1481323242188 177.13790893554688 676.7400512695312 205.32186889648438 3.5495226 1.5305502 1.5633699 2.949395 1.788339 41.544025 -1.5198791027069092 0.6367071866989136
Car 0.0 0 -1.6724474430084229 611.730224609375 169.94239807128906 633.9826049804688 188.04808044433594 4.1307216 1.6228497 1.6437668 1.1405404 1.3622344 66.797615 -1.655374526977539 0.4650014638900757
Car 0.0 0 3.165729522705078 506.9922790527344 175.2119903564453 558.3463745117188 195.4237823486328 4.130419 1.6230978 1.6590157 -6.339785 1.8200893 59.16967 3.058990955352783 0.4502050578594208
Car 0.0 0 1.7373573780059814 455.2809753417969 164.1461639404297 488.6322326660156 186.2008514404297 4.0305147 1.4522606 1.604475 -9.461386 0.8792232 49.541748 1.5486515760421753 0.4389195740222931
Car 0.0 0 -1.91676926612854 701.1444702148438 156.97117614746094 749.2713623046875 184.3883819580078 3.8447976 1.5678334 1.6370248 6.8229494 0.65994394 43.300117 -1.7604808807373047 0.42703020572662354
Car 0.0 0 -0.2453278750181198 694.6392211914062 161.9232635498047 742.7233276367188 178.57421875 4.201395 1.542243 1.6215512 10.179696 0.5301755 67.83657 -0.09637722373008728 0.42443788051605225
