Pedestrian 0.0 0 1.7895140647888184 765.5968017578125 111.76502227783203 814.4680786132812 212.05882263183594 0.66472596 1.7702037 0.7418403 3.2894897 0.47491714 13.147357 2.034682512283325 0.4652128219604492
Pedestrian 0.0 0 0.4554482400417328 364.7752990722656 128.21551513671875 410.04815673828125 214.4412384033203 0.69421965 1.7618259 0.64688456 -4.6564302 0.59828806 15.057714 0.15553712844848633 0.4055052697658539
Pedestrian 0.0 0 1.5081157684326172 742.2346801757812 132.63099670410156 767.056396484375 195.90269470214844 0.87190056 1.8460103 0.66978115 4.3318315 0.31293446 21.447002 1.7074129581451416 0.36938217282295227
Pedestrian 0.0 0 -2.108639717102051 958.4279174804688 80.90144348144531 1034.4630126953125 225.69314575195312 0.74589556 1.7818519 0.55227196 4.9202185 0.49925905 9.228461 -1.6188198328018188 0.3528822362422943
Pedestrian 0.0 0 -0.2919425964355469 1005.7114868164062 70.7126693725586 1114.960693359375 243.20309448242188 0.89417756 1.8364915 0.6198473 4.994901 0.6185183 8.065167 0.2625601291656494 0.32826128602027893
Pedestrian 0.0 0 -2.5549111366271973 365.4253845214844 160.00796508789062 379.88232421875 188.8270263671875 0.604592 1.8710011 0.7175597 -15.423234 0.23558752 47.092506 -2.871410846710205 0.31966546177864075
Pedestrian 0.0 0 -3.3689754009246826 930.8300170898438 92.84597778320312 1023.4912109375 260.1047058105469 0.79693073 1.7757969 0.62243724 4.0467253 0.7962328 8.025269 -2.90193510055542 0.2674883008003235
Pedestrian 0.0 0 -1.7648365497589111 791.6093139648438 120.11945343017578 831.443359375 194.89344787597656 1.7080868 1.7753954 0.6323063 5.0164437 0.23091479 17.940603 -1.4921858310699463 0.13801047205924988
Cyclist 0.0 0 -1.7997413873672485 790.4252319335938 120.42266845703125 831.2822265625 194.7775421142578 1.6663961 1.7706364 0.61382776 5.0054398 0.2288306 17.96015 -1.527941346168518 0.49845898151397705
Cyclist 0.0 0 1.0072669982910156 887.005126953125 68.98922729492188 979.1063842773438 204.22952270507812 1.7436817 1.9055405 0.407008 4.88257 0.2690365 11.017125 1.424435019493103 0.48867592215538025
Cyclist 0.0 0 1.308232307434082 752.4600830078125 117.56792449951172 802.91845703125 219.50587463378906 0.8271835 1.8314854 0.7179157 3.0902529 0.61721116 13.337531 1.535910964012146 0.11159086972475052
Cyclist 0.0 0 1.5081157684326172 742.2346801757812 132.63099670410156 767.056396484375 195.90269470214844 0.87190056 1.8460103 0.66978115 4.3318315 0.31293446 21.447002 1.7074129581451416 0.10468742251396179
Car 0.0 0 -1.596047043800354 578.0523681640625 178.0259552001953 614.130615234375 211.46591186523438 3.537982 1.5507911 1.6643829 -0.646059 1.2184956 35.13707 -1.6144317388534546 0.9037867784500122
Car 0.0 0 -1.210294485092163 253.49327087402344 186.5438232421875 371.3595275878906 246.96575927734375 4.0445414 1.4633919 1.6275625 -7.9055 1.5043986 19.537539 -1.5947870016098022 0.8464023470878601
Car 0.0 0 1.3630664348602295 663.09033203125 163.48365783691406 703.8180541992188 190.90298461914062 4.215632 1.6194887 1.671901 4.619085 0.3370443 44.638134 1.4661779403686523 0.5877170562744141
Car 0.0 0 -1.287893533706665 358.8065490722656 162.64720153808594 399.45025634765625 188.54078674316406 3.8329 1.6894974 1.6272023 -15.500024 0.21808602 48.83565 -1.5952285528182983 0.382078617811203
Car 0.0 0 -1.819354772567749 543.5299072265625 165.75559997558594 572.2789916992188 184.6217041015625 4.0579567 1.6569613 1.659496 -4.5815315 -0.054766897 65.45604 -1.8892347812652588 0.3249439597129822
Car 0.0 0 -1.541509747505188 482.6744079589844 160.6812286376953 504.6017761230469 183.130615234375 2.2687435 1.4976345 1.4243627 -7.844596 -0.14567724 49.39426 -1.6990102529525757 0.3187977373600006
Car 0.0 0 -1.4513121843338013 326.5663757324219 185.7150421142578 387.2610168457031 231.6970977783203 3.9209864 1.5340182 1.6231934 -9.06428 1.5547409 26.111872 -1.7854301929473877 0.31516414880752563
Car 0.0 0 -1.6067041158676147 616.362060546875 158.55270385742188 641.7588500976562 182.21173095703125 3.7152321 1.570807 1.6288484 1.4303102 -0.21586506 50.060383 -1.578140139579773 0.2939091920852661
Car 0.0 0 -1.6390501260757446 542.4332275390625 165.08775329589844 565.4370727539062 187.4442901611328 2.5713258 1.5642815 1.4734743 -3.9071245 0.15706556 51.67234 -1.71451997756958 0.2812042236328125
Car 0.0 0 1.406519889831543 665.1127319335938 153.90914916992188 712.66748046875 186.4187469482422 4.2157054 1.5476967 1.7110682 4.005886 0.058405392 36.37047 1.516218900680542 0.27395543456077576
