Pedestrian 0.0 0 -1.3641383647918701 32.0264892578125 175.7792510986328 58.035423278808594 218.02169799804688 1.0315368 1.8273289 0.71044934 -25.02111 1.9595997 31.915136 -2.0290398597717285 0.3240848481655121
Cyclist 0.0 0 -1.2839356660842896 32.01238250732422 175.6980438232422 60.13752365112305 217.79656982421875 1.07702 1.8211534 0.70581394 -24.982533 1.9498496 31.926311 -1.947918176651001 0.1166633740067482
Car 0.0 0 -1.2813141345977783 321.739013671875 189.17189025878906 476.5975341796875 295.066650390625 3.9043767 1.6250633 1.7367343 -3.8303041 1.9784424 13.641392 -1.5550509691238403 0.9813798069953918
Car 0.0 0 -1.4255927801132202 451.0310363769531 184.40966796875 493.7377624511719 217.5156707763672 3.7283297 1.5184081 1.5891804 -6.9074936 2.1307142 36.31095 -1.6135783195495605 0.9692350029945374
Car 0.0 0 2.183922529220581 0.0 189.9288330078125 141.74989318847656 270.94122314453125 3.9011536 1.6020892 1.6349766 -13.158717 2.0538096 17.086624 1.5276697874069214 0.9349845051765442
Car 0.0 0 2.04856014251709 162.9901123046875 191.6411895751953 261.5899658203125 230.8724365234375 4.410594 1.384999 1.7290325 -16.33093 2.2199457 29.825586 1.5476016998291016 0.9223194718360901
Car 0.0 0 -1.5912270545959473 549.388427734375 182.5310821533203 575.3101196289062 206.3894805908203 3.9392688 1.4305034 1.5949062 -3.165264 2.087693 46.93959 -1.6585578918457031 0.8004964590072632
Car 0.0 0 1.9028536081314087 380.2474365234375 185.77102661132812 414.5277099609375 205.43898010253906 3.7719035 1.5161064 1.596059 -17.677774 2.626097 60.060215 1.616602897644043 0.5078765153884888
Car 0.0 0 3.212303638458252 0.0 169.28041076660156 54.1864013671875 205.84214782714844 4.0233383 1.4975103 1.599912 -26.780376 1.3515 31.388315 2.5059571266174316 0.3049730062484741
Car 0.0 0 3.0140323638916016 254.55177307128906 193.5683135986328 331.8420104980469 219.5324249267578 4.4267673 1.5159556 1.7535571 -20.663708 2.92107 47.036694 2.6001033782958984 0.26492565870285034
