Pedestrian 0.0 0 2.079404830932617 539.5741577148438 159.6630096435547 570.575927734375 217.83445739746094 0.7969232 1.843283 0.7031319 -1.8200995 1.4256573 23.369553 2.001678466796875 0.6631000638008118
Pedestrian 0.0 0 -2.443402051925659 334.57879638671875 135.5994110107422 433.6180419921875 277.541259765625 1.0375174 1.7036152 0.62634295 -2.9116588 1.2568357 9.14415 -2.751668930053711 0.354205846786499
Pedestrian 0.0 0 -1.8136638402938843 469.4261779785156 164.25106811523438 484.93780517578125 196.98379516601562 1.1495237 1.8214662 0.60244644 -7.5493474 1.3430998 40.79624 -1.9966440200805664 0.24511772394180298
Cyclist 0.0 0 -1.8136638402938843 469.4261779785156 164.25106811523438 484.93780517578125 196.98379516601562 1.1495237 1.8214662 0.60244644 -7.5493474 1.3430998 40.79624 -1.9966440200805664 0.19312874972820282
Car 0.0 0 3.012791872024536 523.6860961914062 168.1202850341797 599.3162231445312 197.2703094482422 3.7102365 1.4538885 1.5557182 -2.552744 1.2181472 37.11142 2.9441142082214355 0.8311899900436401
Car 0.0 0 1.2548797130584717 734.0352783203125 161.83213806152344 773.85400390625 182.8374786376953 4.029348 1.441345 1.6137081 10.214719 0.6854042 51.604816 1.450294852256775 0.6362317204475403
Car 0.0 0 -2.3078131675720215 1014.38232421875 157.95787048339844 1068.7625732421875 179.68275451660156 3.3435304 1.5798947 1.7025145 32.383907 0.4969646 54.276566 -1.769863247871399 0.519332230091095
Car 0.0 0 -3.4535529613494873 906.7724609375 180.394775390625 986.6053466796875 207.9149932861328 3.761748 1.4809754 1.5099515 18.736921 1.9132229 40.34282 -3.01875376701355 0.4039604067802429
Car 0.0 0 2.466857433319092 117.73175811767578 185.11244201660156 198.20497131347656 213.38462829589844 3.4438488 1.3651264 1.4964085 -23.976376 2.0485961 38.333057 1.9079164266586304 0.4035736620426178
Car 0.0 0 -3.229992628097534 719.7422485351562 180.21600341796875 788.260498046875 204.6475830078125 3.8574646 1.3948842 1.5165082 8.44915 1.8410463 42.730225 -3.034778356552124 0.3914685547351837
Car 0.0 0 -0.15937015414237976 546.588623046875 183.10423278808594 639.5296020507812 215.27439880371094 4.276141 1.4651854 1.6414031 -0.8829228 1.9773254 34.823353 -0.184719055891037 0.3886345326900482
Car 0.0 0 -2.545964241027832 594.209716796875 166.27444458007812 653.172607421875 187.00013732910156 4.284461 1.5200224 1.6604546 0.9913625 1.0378362 54.827312 -2.5278847217559814 0.3125483989715576
Car 0.0 0 -1.900086522102356 797.6456909179688 178.31008911132812 846.256103515625 204.37120056152344 3.8963685 1.4327098 1.560681 12.379642 1.7692623 42.47537 -1.6164878606796265 0.2963632345199585
