Pedestrian 0.0 0 -1.0243843793869019 1176.09423828125 75.57341003417969 1241.0 238.34149169921875 0.71390903 1.8112237 0.580621 7.1369042 0.5922955 8.383025 -0.31910598278045654 0.4424324631690979
Pedestrian 0.0 0 -3.0047836303710938 754.6466674804688 125.08778381347656 787.3959350585938 203.3831329345703 0.6507525 1.7663884 0.71533084 3.7434838 0.41099915 16.662994 -2.7837941646575928 0.40995827317237854
Car 0.0 0 -1.3703280687332153 435.75250244140625 181.63726806640625 502.47723388671875 225.9091033935547 3.7329931 1.4936091 1.6686499 -4.992495 1.3740135 26.124514 -1.5591552257537842 0.9478956460952759
Car 0.0 0 -1.0031406879425049 0.0 194.631591796875 211.4688262939453 303.0250244140625 3.6076326 1.4839668 1.5915738 -8.392632 1.6662912 11.993102 -1.6137244701385498 0.9439436197280884
Car 0.0 0 -1.0971124172210693 211.24481201171875 180.69488525390625 309.2751159667969 224.17857360839844 4.047594 1.5111978 1.648045 -12.9673395 1.3552166 27.023539 -1.5445133447647095 0.9007896184921265
Car 0.0 0 -1.549556851387024 575.2464599609375 176.60450744628906 623.5308837890625 218.01760864257812 3.4264026 1.4294094 1.6673491 -0.31351045 1.1333176 26.529142 -1.5613738298416138 0.8779812455177307
Car 0.0 0 -1.2467910051345825 258.9402770996094 161.5880584716797 436.86737060546875 269.5512390136719 4.3985696 1.6909791 1.777219 -4.6438694 1.322041 13.461822 -1.5789741277694702 0.8768256902694702
Car 0.0 0 -1.3484952449798584 416.01788330078125 178.1484832763672 462.22271728515625 205.6502685546875 4.012154 1.4062127 1.5803765 -9.059482 1.0459858 38.764324 -1.5780812501907349 0.6694537997245789
Car 0.0 0 1.5443588495254517 683.9884033203125 162.02224731445312 713.42529296875 188.74685668945312 4.2956505 1.573448 1.6866283 5.5652304 0.20903365 44.5398 1.6686642169952393 0.5744064450263977
Car 0.0 0 1.7311453819274902 0.0 170.91053771972656 39.71076965332031 197.76028442382812 4.0918045 1.6740272 1.554558 -38.495537 0.7832601 46.974983 1.0446326732635498 0.5106032490730286
Car 0.0 0 -1.2300329208374023 79.88883972167969 193.44659423828125 203.53460693359375 253.51229858398438 3.8666608 1.3950391 1.5749592 -12.394519 1.6410205 19.318716 -1.800466775894165 0.38971275091171265
