Pedestrian 0.0 0 1.99022376537323 482.0202331542969 161.48785400390625 531.3971557617188 252.53675842285156 0.89759296 1.7897667 0.6949614 -1.95879 1.3976336 14.646537 1.8572752475738525 0.8681787848472595
Pedestrian 0.0 0 1.1835803985595703 842.1021728515625 140.4235076904297 912.97802734375 270.5661926269531 0.8367972 1.6641855 0.6101015 3.6284826 1.1402578 9.609252 1.5446312427520752 0.854868471622467
Pedestrian 0.0 0 2.1267151832580566 558.1240234375 160.89805603027344 613.3484497070312 255.57289123535156 0.8842009 1.712353 0.6781345 -0.32802874 1.3410013 13.542651 2.1024980545043945 0.757599413394928
Pedestrian 0.0 0 1.1515283584594727 730.0885620117188 141.43035888671875 779.0103759765625 232.11521911621094 0.7711091 1.6638672 0.6472708 2.8537717 0.92994326 13.622448 1.358032464981079 0.7254734039306641
Pedestrian 0.0 0 1.162732481956482 0.0 132.15623474121094 229.06915283203125 374.0 0.6985584 1.665597 0.7207667 -2.4370155 1.4578514 3.5333853 0.5589451789855957 0.698174238204956
Pedestrian 0.0 0 -2.439061164855957 354.0366516113281 154.87319946289062 402.67364501953125 255.26803588867188 0.50144607 1.689608 0.65926194 -3.9135158 1.2427728 12.4878235 -2.742753505706787 0.6687381863594055
Pedestrian 0.0 0 1.3172763586044312 584.895751953125 161.8662109375 604.6337890625 207.69357299804688 0.7342453 1.6313701 0.54621 -0.26720673 0.9334985 25.994432 1.306997299194336 0.5872316956520081
Pedestrian 0.0 0 -1.7723908424377441 562.4111938476562 160.45079040527344 584.693603515625 209.83541870117188 0.7693142 1.6839963 0.630311 -0.9962811 0.9673003 24.941196 -1.8123148679733276 0.5069862604141235
Pedestrian 0.0 0 0.0033519454300403595 624.2090454101562 163.85377502441406 637.7579345703125 191.68626403808594 0.91730946 1.885274 0.52189094 2.0249326 0.6906442 48.93602 0.044707536697387695 0.4332733154296875
Pedestrian 0.0 0 2.661710023880005 868.9736328125 123.67605590820312 934.0966186523438 240.85867309570312 0.7044515 1.7268214 0.6225778 4.508361 0.8760281 10.924077 3.0531160831451416 0.4175117611885071
Pedestrian 0.0 0 -2.377195119857788 400.8077697753906 177.6474609375 443.25439453125 256.5749816894531 0.660816 1.6555012 0.5941154 -3.9027078 1.5759281 15.4860525 -2.6240687370300293 0.4044896960258484
Pedestrian 0.0 0 -1.5563204288482666 546.306884765625 161.33895874023438 563.39990234375 210.49581909179688 0.7802207 1.7938416 0.62250376 -1.7423414 1.0591651 26.61644 -1.6216882467269897 0.39813587069511414
Pedestrian 0.0 0 -1.261385202407837 337.3117980957031 187.37474060058594 412.80657958984375 323.8594055175781 0.844919 1.6303531 0.6840504 -2.873322 1.7090735 9.037467 -1.5692132711410522 0.3688685894012451
Pedestrian 0.0 0 0.3959873616695404 592.6196899414062 163.6401824951172 626.1006469726562 210.71803283691406 1.029613 1.6077176 0.5575217 0.25356364 0.998874 24.98813 0.40613436698913574 0.3145439326763153
Pedestrian 0.0 0 -3.100355625152588 592.5733642578125 155.83177185058594 606.83642578125 197.18711853027344 0.6222426 1.8588557 0.66221535 -0.08768195 0.7060518 32.628235 -3.1030428409576416 0.30351313948631287
Pedestrian 0.0 0 3.1019082069396973 615.3387451171875 163.28094482421875 628.8463745117188 190.55821228027344 0.91070014 1.8714803 0.52286994 1.4349315 0.6221311 49.548347 3.1308603286743164 0.30294370651245117
Pedestrian 0.0 0 -0.03413652628660202 632.7333984375 161.0677947998047 664.49267578125 224.58987426757812 0.8804497 1.7825477 0.6496259 1.308692 1.2103292 20.492916 0.029637575149536133 0.2983212471008301
Cyclist 0.0 0 1.5093590021133423 522.4202270507812 167.1951141357422 552.4114990234375 238.4496307373047 1.7356503 1.7387202 0.6544592 -1.6928368 1.3908509 18.433432 1.4177807569503784 0.889789879322052
Cyclist 0.0 0 0.2826865017414093 592.3535766601562 165.726318359375 634.26025390625 213.49713134765625 1.3575058 1.6292255 0.5470871 0.39089167 1.0923365 24.957197 0.29834771156311035 0.40087977051734924
Cyclist 0.0 0 -1.7985657453536987 677.437255859375 168.39605712890625 691.650634765625 201.39988708496094 1.6299509 1.6285899 0.3511632 4.1822653 0.98285675 36.273544 -1.683774709701538 0.31793245673179626
Cyclist 0.0 0 2.567566156387329 775.4227905273438 149.59214782714844 838.8007202148438 217.6245880126953 1.5191333 1.7595358 0.63545775 5.4345136 0.9354708 19.101828 2.844744920730591 0.27750521898269653
Cyclist 0.0 0 -1.7153280973434448 562.488037109375 161.6752166748047 584.9386596679688 212.0837860107422 0.89275855 1.7130489 0.6541569 -0.9907382 1.0404121 24.907534 -1.7550837993621826 0.10063111037015915
