Pedestrian 0.0 0 2.2686996459960938 129.89776611328125 187.74758911132812 292.9278869628906 374.0 0.74193424 1.5471097 0.55838186 -2.4765604 1.5915358 4.5253277 1.7679574489593506 0.4795016348361969
Pedestrian 0.0 0 1.4974124431610107 583.8699951171875 129.1283721923828 613.58837890625 217.7041473388672 0.70256937 1.8483334 0.58280295 -0.10203075 0.7567158 15.360522 1.4907701015472412 0.18249671161174774
Pedestrian 0.0 0 1.9593396186828613 1138.7210693359375 85.76336669921875 1238.0 283.1421203613281 0.50058883 1.7746829 0.7337014 5.658867 0.9152701 6.8978434 2.646385669708252 0.1740935742855072
Pedestrian 0.0 0 -0.9765200018882751 1103.205078125 152.04278564453125 1132.5391845703125 197.10940551757812 0.68355346 1.7753216 0.68764293 20.639051 0.6159142 28.735874 -0.3536617159843445 0.16653324663639069
Pedestrian 0.0 0 1.563306450843811 247.76129150390625 154.4696044921875 269.93536376953125 216.32579040527344 0.55277437 1.8812159 0.6128104 -10.629831 1.060266 22.226622 1.1172115802764893 0.15084151923656464
Pedestrian 0.0 0 1.3937385082244873 778.4663696289062 161.35061645507812 823.5826416015625 243.38038635253906 1.1553113 1.7853707 0.78707075 4.4585066 1.348045 16.242855 1.6616308689117432 0.12549343705177307
Cyclist 0.0 0 2.4282665252685547 46.555850982666016 162.5352325439453 301.7881774902344 374.0 1.138402 1.8122004 0.624449 -2.448184 1.7207531 4.15442 1.8957545757293701 0.1036352813243866
Car 0.0 0 -0.9854958653450012 992.6456909179688 181.7092742919922 1219.59033203125 277.4162902832031 3.452276 1.4686946 1.560956 8.647737 1.4739558 12.386155 -0.3759940266609192 0.8005919456481934
Car 0.0 0 0.0377693772315979 1.8399269580841064 193.35943603515625 217.83726501464844 258.74017333984375 4.3804727 1.4390526 1.5542806 -12.3315115 1.7720429 18.281736 -0.555654764175415 0.20069311559200287
Car 0.0 0 -2.1993207931518555 832.9412231445312 147.07586669921875 902.0283813476562 181.96292114257812 3.8973284 1.8830051 1.7152243 15.061572 0.025817111 40.877506 -1.8462995290756226 0.1468958705663681
