Car 0.0 0 2.1218864917755127 0.0 209.6124725341797 275.5084533691406 372.5831298828125 3.937143 1.4136429 1.5684226 -5.9468985 1.9811026 9.140923 1.545103907585144 0.9654055833816528
Car 0.0 0 -1.7578635215759277 679.0104370117188 172.6881866455078 757.6517333984375 231.1894989013672 3.973218 1.6002561 1.6072177 3.1139445 1.5960785 21.755009 -1.6156922578811646 0.9423462748527527
Car 0.0 0 1.9328830242156982 215.43704223632812 199.4949951171875 370.1131591796875 293.2920837402344 3.6312912 1.4287412 1.5139371 -5.9586053 2.010006 13.883667 1.52747642993927 0.9415515661239624
Car 0.0 0 1.8398085832595825 336.974609375 193.605224609375 439.0910949707031 258.1132507324219 4.1194797 1.472912 1.641419 -6.02003 2.105174 19.88956 1.5459014177322388 0.9351481199264526
Car 0.0 0 1.8373899459838867 418.3337707519531 189.7690887451172 489.0479736328125 233.40577697753906 4.036636 1.4347916 1.6120914 -5.8781586 2.125327 27.378128 1.6258978843688965 0.9281600117683411
Car 0.0 0 2.613623857498169 914.3694458007812 147.4965362548828 1146.424560546875 218.84803771972656 4.171158 1.4831702 1.5761535 9.034273 0.95642704 15.801702 3.13299560546875 0.9076194167137146
Car 0.0 0 -1.695098638534546 666.2195434570312 175.0712432861328 723.427978515625 219.7305908203125 4.1153116 1.5511396 1.6349001 3.088957 1.6418431 27.33059 -1.5825542211532593 0.8085620999336243
Car 0.0 0 2.6625194549560547 899.0503540039062 163.6283721923828 1075.4044189453125 224.26699829101562 3.6649587 1.4694096 1.5237762 9.40156 1.24621 18.249788 3.138221263885498 0.7555489540100098
Car 0.0 0 -0.3391144573688507 797.9118041992188 162.59991455078125 945.8578491210938 211.20730590820312 4.2165127 1.5220761 1.6027323 8.366042 1.201341 23.401516 0.004226207733154297 0.6769059896469116
Car 0.0 0 1.7667381763458252 455.7563781738281 188.535888671875 506.4937744140625 224.54208374023438 3.8320637 1.479289 1.5860819 -5.9129734 2.244452 33.255093 1.5907706022262573 0.6567109823226929
Car 0.0 0 1.4522526264190674 487.8830871582031 183.33029174804688 523.5339965820312 211.83905029296875 3.992308 1.5298347 1.6050179 -6.2085924 2.1772046 42.42284 1.3069339990615845 0.6339988112449646
