Pedestrian 0.0 0 2.5002875328063965 732.2225952148438 119.21268463134766 787.7532958984375 214.85873413085938 0.8332223 1.814112 0.66216373 3.0676436 0.6339706 14.095894 2.7145729064941406 0.6124892830848694
Pedestrian 0.0 0 2.7354025840759277 647.5850219726562 159.40750122070312 659.4694213867188 180.1947021484375 0.9666112 1.9124558 0.531398 4.8623614 -0.12131963 66.54641 2.808340072631836 0.5634437203407288
Pedestrian 0.0 0 1.5158531665802002 708.9861450195312 142.05264282226562 727.460693359375 194.80462646484375 0.8281218 1.8070588 0.5891536 4.04366 0.45683178 25.047169 1.67591392993927 0.498434454202652
Pedestrian 0.0 0 1.9155467748641968 700.8020629882812 155.43370056152344 717.4627685546875 191.5127716064453 0.79232556 1.7796011 0.5916297 5.380447 0.49476802 35.918278 2.0642380714416504 0.48190367221832275
Pedestrian 0.0 0 -0.25805047154426575 360.833740234375 155.3179931640625 375.88720703125 181.06874084472656 0.843993 1.7399322 0.63324076 -15.903178 -0.029094666 49.04561 -0.571606457233429 0.47410109639167786
Car 0.0 0 -1.0504118204116821 480.29833984375 171.4456024169922 564.4868774414062 211.24752807617188 4.058619 1.5208503 1.6511768 -3.1883612 1.1376903 29.635344 -1.1575859785079956 0.9224644899368286
Car 0.0 0 0.28338268399238586 0.0 188.69993591308594 151.50439453125 247.91358947753906 3.710103 1.4200401 1.5738031 -14.232156 1.6251185 18.952898 -0.3607085049152374 0.7848835587501526
Car 0.0 0 2.0773606300354004 326.9795837402344 177.39096069335938 393.9613952636719 205.7493133544922 4.010811 1.4217926 1.630072 -12.711953 1.2166568 38.133286 1.7555897235870361 0.7809604406356812
Car 0.0 0 -1.658170223236084 544.086181640625 172.3140869140625 572.8250732421875 196.33786010742188 3.469385 1.4999918 1.561152 -2.8168924 0.9271717 46.679295 -1.7184427976608276 0.6597385406494141
Car 0.0 0 1.584155559539795 730.654296875 166.45376586914062 751.3015747070312 184.71054077148438 3.95293 1.3894905 1.5467569 11.073218 0.24490948 56.7615 1.7768189907073975 0.47910240292549133
Car 0.0 0 -0.6324432492256165 723.7700805664062 159.83200073242188 773.7269897460938 178.0254364013672 4.0445685 1.5178975 1.6411165 12.775153 -0.30779052 62.12599 -0.42963728308677673 0.47700023651123047
Car 0.0 0 -1.3647842407226562 626.4297485351562 165.94041442871094 651.72314453125 182.5222930908203 4.0324383 1.5308192 1.6183714 3.6585898 0.09473936 68.46956 -1.3114012479782104 0.4652573764324188
Car 0.0 0 1.525506854057312 624.203369140625 163.886474609375 649.9503784179688 185.11227416992188 4.4843774 1.532754 1.727846 2.6639683 0.2614573 54.115227 1.5746948719024658 0.4643498361110687
Car 0.0 0 -0.4663156270980835 979.6808471679688 143.07028198242188 1092.4888916015625 181.68838500976562 3.6646752 1.547542 1.596968 17.89338 0.00854975 29.71788 0.0756525993347168 0.41632115840911865
Car 0.0 0 -1.406313419342041 602.8626708984375 169.08863830566406 630.1119384765625 187.98919677734375 4.0983686 1.5521982 1.6725218 1.3461437 0.533409 61.158993 -1.3843064308166504 0.4163210690021515
Car 0.0 0 2.422931432723999 350.40679931640625 160.28602600097656 410.9873352050781 182.7228546142578 3.9990973 1.5211232 1.655377 -15.553818 0.08356664 50.832977 2.1259984970092773 0.40942642092704773
Car 0.0 0 -1.7493252754211426 411.8050537109375 171.2019805908203 458.4214172363281 202.5775146484375 3.5123188 1.4217998 1.5726423 -8.034212 0.9560754 34.473118 -1.9782954454421997 0.39730969071388245
