Car 0.0 0 -0.6068089008331299 972.7969360351562 180.86544799804688 1242.0 338.78204345703125 3.6580205 1.5206511 1.6417097 6.1919684 1.6196018 7.957696 0.05444169044494629 0.9514572024345398
Car 0.0 0 3.472510814666748 232.6183624267578 183.55126953125 415.1351013183594 256.8880310058594 3.7106164 1.6312549 1.6678927 -6.7660656 1.9005947 17.226713 3.0982561111450195 0.8828039765357971
Car 0.0 0 -0.41181817650794983 826.6517333984375 189.22401428222656 1064.660888671875 285.4482421875 3.6033785 1.6146094 1.6321375 5.964369 1.9341066 13.226599 0.011815071105957031 0.8152209520339966
Car 0.0 0 -0.577526867389679 893.6585083007812 190.53553771972656 1189.9119873046875 307.10687255859375 3.4140978 1.511065 1.5251068 6.0682225 1.7885901 10.45789 -0.0517536923289299 0.7975070476531982
Car 0.0 0 3.8314974308013916 0.0 192.8813934326172 187.61782836914062 352.3324890136719 3.5611377 1.4985247 1.6095753 -6.912731 1.7408941 7.85544 3.109846591949463 0.780890166759491
Car 0.0 0 3.6598784923553467 0.0 193.64772033691406 316.3833923339844 318.65814208984375 3.9964106 1.5416311 1.572805 -6.4732103 1.8582593 10.081593 3.0890896320343018 0.7105605006217957
Car 0.0 0 1.427431583404541 630.3976440429688 182.83787536621094 674.2589111328125 215.28860473632812 4.122355 1.4990044 1.6462793 2.0590415 2.0374558 36.76025 1.4833858013153076 0.7028616666793823
Car 0.0 0 0.29644203186035156 257.7388916015625 154.80142211914062 419.0033264160156 221.42430114746094 3.8300264 1.7452861 1.6780432 -7.416058 1.2727298 19.853313 -0.06105028837919235 0.6460505723953247
Car 0.0 0 -2.2697904109954834 0.0 223.3747100830078 148.35498046875 375.0 4.1627374 1.4609003 1.5972093 -6.060044 1.8955626 5.3509655 -3.11724853515625 0.6250712275505066
Car 0.0 0 -2.6250760555267334 100.3460464477539 185.92910766601562 362.9179382324219 283.8049011230469 3.7969265 1.5710616 1.6010401 -6.5732446 1.8171563 12.685154 -3.1031649112701416 0.6093674302101135
Car 0.0 0 -2.443895101547241 914.97802734375 223.72315979003906 1242.0 375.0 3.8751705 1.4531486 1.5709043 2.8025825 1.784811 2.7083702 -1.6414031982421875 0.5819467902183533
Car 0.0 0 -0.32860416173934937 729.0140380859375 189.3128662109375 870.9522094726562 243.6018524169922 3.7320826 1.486276 1.5648748 5.481367 1.992032 21.231558 -0.07595030218362808 0.5609203577041626
Car 0.0 0 2.678421974182129 754.3988037109375 191.0657196044922 923.5682373046875 257.4109802246094 3.8350098 1.5486652 1.5953807 5.778391 2.0445611 18.535467 2.980621337890625 0.5229851007461548
