Pedestrian 0.0 0 -0.4157870411872864 771.98095703125 177.67385864257812 812.2596435546875 242.844970703125 0.86053276 1.6666758 0.57693905 4.7069 1.7954265 18.860197 -0.17121508717536926 0.385574072599411
Pedestrian 0.0 0 -1.2106035947799683 213.5417938232422 170.41807556152344 228.5004425048828 198.30972290039062 0.5948506 1.7832083 0.6827087 -25.080282 1.6278288 46.46819 -1.705527901649475 0.20525938272476196
Pedestrian 0.0 0 -1.8760530948638916 889.548583984375 164.4373016357422 916.710205078125 220.39236450195312 0.7256332 1.6588153 0.5659645 8.79215 1.4096559 21.771492 -1.492242693901062 0.19373255968093872
Pedestrian 0.0 0 -1.3797547817230225 793.907958984375 150.08079528808594 811.9077758789062 191.18186950683594 0.7148434 1.8773638 0.68309706 8.899945 0.8375156 33.425354 -1.1195290088653564 0.11293748766183853
Cyclist 0.0 0 1.5152347087860107 778.3659057617188 164.8817901611328 789.6160278320312 197.14952087402344 1.6486574 1.6708611 0.48574004 9.17234 1.258409 38.21382 1.7508050203323364 0.16186514496803284
Cyclist 0.0 0 -1.6968977451324463 790.1746826171875 164.8196563720703 803.4562377929688 198.95236206054688 1.6736336 1.6897248 0.4419659 9.42495 1.2923462 36.574623 -1.444693684577942 0.1277158111333847
Car 0.0 0 1.82917058467865 439.1411437988281 182.58766174316406 466.450439453125 199.78579711914062 3.8378925 1.5299673 1.6017319 -14.874456 2.478734 68.348564 1.6148853302001953 0.4151502847671509
Car 0.0 0 -1.7810777425765991 639.79541015625 173.84056091308594 667.4522705078125 191.79318237304688 3.6491175 1.4959385 1.652104 3.7104037 1.5840665 62.260666 -1.7215534448623657 0.14672906696796417
Car 0.0 0 1.590580940246582 505.2796936035156 181.88648986816406 524.927978515625 197.50233459472656 4.066818 1.3976156 1.7887821 -9.083273 2.2901537 69.14696 1.4599668979644775 0.1248927116394043
Car 0.0 0 1.7291532754898071 749.527099609375 179.98191833496094 786.4020385742188 207.65017700195312 3.8847606 1.5915828 1.6407804 9.791945 2.05434 44.696716 1.9448213577270508 0.11008652299642563
Car 0.0 0 1.7191283702850342 478.309814453125 182.13575744628906 503.1197509765625 197.576416015625 3.8772674 1.3832967 1.786936 -11.381396 2.2956 68.93723 1.5555063486099243 0.10937955975532532
