Pedestrian 0.0 0 0.5552049279212952 683.1573486328125 162.87466430664062 697.0973510742188 185.8680877685547 1.0433509 1.8669136 0.4700831 6.5370235 1.0570155 59.08828 0.6653883457183838 0.47139203548431396
Cyclist 0.0 0 -2.7240374088287354 1028.1026611328125 81.26329040527344 1143.0745849609375 175.04832458496094 1.8639247 1.8085688 0.6775335 9.709886 0.042673424 14.877853 -2.145808458328247 0.5677525997161865
Cyclist 0.0 0 0.8216837644577026 1173.6259765625 137.7679443359375 1213.845703125 175.7375946044922 1.6580082 1.8844233 0.62545836 29.597448 0.14346987 36.655777 1.5009466409683228 0.47221583127975464
Cyclist 0.0 0 0.6651135087013245 683.4398193359375 162.62754821777344 696.997802734375 185.66305541992188 1.0336633 1.8662994 0.46649733 6.5322843 1.0381258 58.983406 0.77541184425354 0.1473008394241333
Car 0.0 0 2.0345563888549805 251.8368682861328 179.0026397705078 317.02166748046875 209.13104248046875 4.427157 1.6635578 1.7437003 -19.339945 2.0495389 43.0023 1.6119168996810913 0.873053252696991
Car 0.0 0 2.238816976547241 0.0 192.0134735107422 139.1552276611328 279.0918884277344 4.297767 1.5421238 1.7017206 -12.655768 2.0212932 15.875981 1.5658074617385864 0.8275505900382996
Car 0.0 0 1.82787024974823 381.2420349121094 178.288330078125 415.3582458496094 199.2381134033203 3.8673728 1.5084513 1.5610486 -16.094225 1.9371802 54.919136 1.5427988767623901 0.6807796955108643
Car 0.0 0 -0.9995580911636353 1097.6470947265625 146.26512145996094 1171.8782958984375 174.44940185546875 3.9933953 1.6017909 1.6377611 30.869658 0.091029614 42.491722 -0.3712763488292694 0.48181968927383423
Car 0.0 0 1.0282020568847656 805.0498046875 157.64797973632812 858.2914428710938 180.14151000976562 4.2664804 1.5548651 1.7152312 15.9262 0.5041066 52.15149 1.3245904445648193 0.44769978523254395
Car 0.0 0 1.51201593875885 766.6744995117188 156.6360626220703 799.708984375 184.14366149902344 3.926982 1.4851594 1.5889262 9.765849 0.6098968 41.025486 1.7457101345062256 0.42362546920776367
Car 0.0 0 2.6034157276153564 714.3068237304688 167.19515991210938 768.904052734375 188.72486877441406 3.8275611 1.6113032 1.6398766 10.082277 1.1881478 55.43673 2.7833194732666016 0.42029693722724915
Car 0.0 0 -0.07420890033245087 732.3838500976562 164.3175506591797 794.6053466796875 188.5352020263672 3.7972565 1.5208038 1.6378183 9.788147 0.98509556 46.372784 0.13381290435791016 0.3839796483516693
Car 0.0 0 -1.777219533920288 588.9349975585938 164.99783325195312 688.1749267578125 237.25270080566406 3.5724766 1.5054634 1.5967832 0.50928366 1.3421342 16.929428 -1.7471458911895752 0.3593640625476837
Car 0.0 0 -2.4118664264678955 1039.3328857421875 158.92630004882812 1111.5010986328125 184.4597930908203 3.7540016 1.557302 1.6003796 29.579042 0.7082018 46.026672 -1.8406755924224854 0.3556096851825714
