Pedestrian 0.0 0 -1.8689972162246704 334.13470458984375 168.2238311767578 353.1721496582031 200.31942749023438 0.87847036 1.6774309 0.72043896 -14.167986 1.4358 38.27513 -2.2235193252563477 0.4699648916721344
Car 0.0 0 3.1170852184295654 384.57232666015625 172.3212127685547 467.2337646484375 204.75344848632812 3.6169934 1.4417896 1.5240715 -8.528431 1.4184631 33.298412 2.866353750228882 0.9033237099647522
Car 0.0 0 -2.398375988006592 961.3261108398438 162.73280334472656 1017.4392700195312 183.10545349121094 3.4944887 1.4665047 1.6730311 28.242838 0.73829776 53.863518 -1.9154460430145264 0.7429651021957397
Car 0.0 0 1.2674537897109985 684.5150146484375 167.57608032226562 724.2654418945312 190.3111572265625 3.8552592 1.4937804 1.6161693 6.3904433 1.1473591 49.44381 1.395987868309021 0.7150259017944336
Car 0.0 0 -3.3684093952178955 815.2733154296875 162.40333557128906 875.4248657226562 181.43191528320312 4.2802134 1.4841251 1.6323652 18.615566 0.66938823 57.273224 -3.054149627685547 0.5930145978927612
Car 0.0 0 1.936706304550171 11.61189079284668 176.28207397460938 73.25336456298828 201.55421447753906 4.332253 1.5581824 1.751015 -37.253517 1.7950246 47.444126 1.2710500955581665 0.5129216909408569
Car 0.0 0 0.991371214389801 1052.041748046875 176.039794921875 1119.82470703125 201.98851013183594 3.814213 1.4672309 1.542563 28.355719 1.6666462 43.172543 1.5725117921829224 0.3505699932575226
Car 0.0 0 2.1211609840393066 52.7414665222168 173.5186004638672 116.65572357177734 199.649169921875 3.7297978 1.6343971 1.6733814 -34.27444 1.6799601 47.149994 1.4925931692123413 0.328907310962677
Car 0.0 0 -0.36397162079811096 803.5784301757812 164.13490295410156 864.7464599609375 183.85252380371094 4.512189 1.6001306 1.6940498 18.44519 0.8929138 59.540295 -0.06355443596839905 0.3214571475982666
Car 0.0 0 0.05112484097480774 819.5206298828125 181.85801696777344 893.3659057617188 209.4256134033203 3.884893 1.4700595 1.5943497 13.9324045 1.9989058 40.8876 0.3795344829559326 0.31749048829078674
Car 0.0 0 -0.5348495244979858 726.0609130859375 166.08929443359375 786.0459594726562 188.45327758789062 3.7865942 1.5146909 1.6449769 10.140048 1.056882 50.26675 -0.335796058177948 0.3062923848628998
Car 0.0 0 0.722549557685852 477.80548095703125 171.49363708496094 531.3993530273438 190.18276977539062 4.193727 1.4453266 1.645943 -8.460232 1.34048 57.630783 0.5767900943756104 0.2922525405883789
