Pedestrian 0.0 0 -0.8718225359916687 710.6906127929688 155.85623168945312 738.1486206054688 205.14056396484375 0.79056525 1.7355369 0.60753345 4.063294 1.1373218 25.894688 -0.7161756157875061 0.335386723279953
Pedestrian 0.0 0 1.3609026670455933 799.0226440429688 138.03675842285156 845.3727416992188 235.6134796142578 0.83628476 1.7938645 0.68196255 3.965261 1.1541371 13.703629 1.6425682306289673 0.28222891688346863
Pedestrian 0.0 0 -0.6820655465126038 0.0 125.9063491821289 41.743160247802734 209.51559448242188 0.85957414 1.9449246 0.6020919 -14.311026 0.8531826 17.262014 -1.3742690086364746 0.17133839428424835
Pedestrian 0.0 0 2.497603178024292 879.1751708984375 111.61217498779297 982.433349609375 275.1621398925781 0.8979338 1.791738 0.6133761 3.624445 1.1211737 8.303771 2.909158706665039 0.16846323013305664
Pedestrian 0.0 0 0.547493577003479 323.0124206542969 186.9297332763672 360.6313781738281 260.4100036621094 0.5678758 1.6425673 0.6316704 -6.22474 1.9744769 16.629335 0.1893167495727539 0.15682290494441986
Pedestrian 0.0 0 -3.5672969818115234 894.4459228515625 72.76538848876953 1030.2188720703125 306.1686096191406 0.80053186 1.8342085 0.6910484 2.8514736 1.0480161 6.019639 -3.1249139308929443 0.13812831044197083
Car 0.0 0 2.0655570030212402 0.0 199.6097869873047 396.1620178222656 375.0 4.4350653 1.4477305 1.6767415 -3.7678382 1.8034172 7.345112 1.591585636138916 0.9510709047317505
Car 0.0 0 -1.6446759700775146 641.7614135742188 172.8192138671875 706.7451782226562 228.05618286132812 3.5459473 1.4034842 1.5230103 1.6633424 1.4029586 20.109884 -1.5621511936187744 0.9010179042816162
Car 0.0 0 1.8062059879302979 447.706298828125 177.0712432861328 534.0182495117188 232.24346923828125 4.1766634 1.5348196 1.7252918 -3.6483598 1.6795123 22.544806 1.6457698345184326 0.8931388854980469
Car 0.0 0 -2.758725881576538 382.708740234375 171.2661590576172 481.11248779296875 209.61338806152344 3.5545757 1.5102531 1.6201509 -7.277461 1.4480761 29.465393 -3.0008633136749268 0.20191094279289246
Car 0.0 0 1.1228424310684204 584.9413452148438 165.45318603515625 619.306640625 183.6658477783203 3.9686463 1.6350846 1.6242392 -0.7831799 0.9710173 66.913666 1.1111385822296143 0.10447853058576584
