Pedestrian 0.0 0 -2.865802049636841 723.564208984375 168.3168182373047 743.0362548828125 209.54933166503906 0.70549047 1.8251804 0.67431366 5.4978714 1.6246972 32.392494 -2.6976776123046875 0.4434463381767273
Pedestrian 0.0 0 -0.43299680948257446 962.9009399414062 141.6406707763672 995.15576171875 190.4177703857422 0.9392986 1.8615981 0.6092621 14.198978 0.67068696 27.857458 0.03838157653808594 0.21073605120182037
Pedestrian 0.0 0 -1.0885056257247925 304.2335205078125 169.9425506591797 325.1477355957031 207.33380126953125 0.77056986 1.8570819 0.6950565 -14.869736 1.7128395 36.249203 -1.4777814149856567 0.19089528918266296
Pedestrian 0.0 0 -2.020517110824585 753.0747680664062 165.57411193847656 767.5233764648438 196.15855407714844 0.6613486 1.843802 0.63572305 9.108284 1.4052875 43.893524 -1.8159123659133911 0.17684128880500793
Cyclist 0.0 0 0.6759129762649536 960.3136596679688 142.07015991210938 998.0067749023438 191.46311950683594 1.1995066 1.8595767 0.5715004 14.184131 0.7009653 27.826353 1.147320032119751 0.10498745739459991
Car 0.0 0 2.1271307468414307 103.44450378417969 195.19747924804688 273.5688781738281 271.139404296875 3.9039361 1.4280509 1.5580195 -9.5846615 2.0071452 16.707975 1.606305718421936 0.9459235668182373
Car 0.0 0 2.025886058807373 223.42364501953125 188.98809814453125 318.7845764160156 234.4257354736328 3.8161016 1.4308953 1.5913103 -12.135366 2.0558417 26.007198 1.5893007516860962 0.9113859534263611
Car 0.0 0 1.8034054040908813 455.431640625 181.8939666748047 490.33477783203125 202.91275024414062 4.266789 1.506594 1.7131475 -10.57058 2.2326813 55.75247 1.6160310506820679 0.8225772380828857
Car 0.0 0 1.6137572526931763 601.5120239257812 176.4072723388672 630.8441162109375 201.16000366210938 4.3204293 1.4961437 1.7056078 0.4091555 1.7360692 46.443073 1.622566819190979 0.7147089838981628
Car 0.0 0 2.336423397064209 79.76660919189453 160.8655242919922 195.9031524658203 208.5030517578125 3.06399 1.4259285 1.393734 -15.138393 1.0674369 23.230232 1.7588766813278198 0.32066652178764343
