Pedestrian 0.0 0 1.2187241315841675 729.9066162109375 175.1877899169922 749.0049438476562 213.81385803222656 0.7548501 1.7671084 0.6511704 5.9651093 1.8771749 33.48731 1.3950055837631226 0.6651548743247986
Pedestrian 0.0 0 -1.9092533588409424 891.2258911132812 162.80377197265625 927.7271728515625 222.70098876953125 1.211979 1.7905015 0.6695845 9.148652 1.4904287 22.188866 -1.5181816816329956 0.589551568031311
Pedestrian 0.0 0 -2.110100507736206 701.4246826171875 172.14111328125 715.3193969726562 198.8272705078125 0.8011529 1.8558936 0.6467807 6.877635 1.8066733 50.67219 -1.9751969575881958 0.1902511864900589
Pedestrian 0.0 0 -2.489898204803467 749.8333740234375 173.5193328857422 766.6339111328125 202.83688354492188 0.8026277 1.7929728 0.6270674 9.141049 1.8349793 44.655956 -2.2879881858825684 0.15826170146465302
Pedestrian 0.0 0 -1.877780795097351 796.37646484375 160.561767578125 817.4256591796875 199.59181213378906 1.0096092 1.7829485 0.6667619 9.089607 1.2217796 33.476433 -1.6126503944396973 0.12923438847064972
Pedestrian 0.0 0 -0.3871294856071472 1100.7666015625 116.72118377685547 1220.1932373046875 237.13441467285156 1.4614695 1.9044647 0.55069524 8.962541 1.0170218 11.863026 0.2598836421966553 0.11441435664892197
Cyclist 0.0 0 -1.9092533588409424 891.2258911132812 162.80377197265625 927.7271728515625 222.70098876953125 1.211979 1.7905015 0.6695845 9.148652 1.4904287 22.188866 -1.5181816816329956 0.15679188072681427
Cyclist 0.0 0 -0.3871294856071472 1100.7666015625 116.72118377685547 1220.1932373046875 237.13441467285156 1.4614695 1.9044647 0.55069524 8.962541 1.0170218 11.863026 0.2598836421966553 0.13381104171276093
Car 0.0 0 2.2445485591888428 0.0 193.88368225097656 111.95519256591797 266.25531005859375 3.7144866 1.4068437 1.6072644 -13.837947 1.9563334 16.972816 1.5605474710464478 0.9457911849021912
Car 0.0 0 1.8286248445510864 322.37249755859375 182.56515502929688 376.42230224609375 211.94869995117188 4.326191 1.462761 1.7450217 -14.26384 2.026466 39.622627 1.4830760955810547 0.709738552570343
Car 0.0 0 1.0576729774475098 1022.8991088867188 181.97970581054688 1066.758056640625 201.9164276123047 3.921449 1.6789469 1.6434315 38.82716 2.5209422 64.55944 1.5991339683532715 0.27863118052482605
