Car 0.0 0 -2.0911319255828857 791.8739013671875 196.21755981445312 1189.2152099609375 375.0 3.8653808 1.4000351 1.580955 3.1753757 1.6947495 7.0864787 -1.669867992401123 0.9757079482078552
Car 0.0 0 -1.7195312976837158 636.1829223632812 188.5848846435547 708.8795166015625 239.9017333984375 3.850473 1.3632678 1.6677382 1.7975987 1.8942035 22.35577 -1.639295220375061 0.972320556640625
Car 0.0 0 2.071241855621338 0.0 211.44004821777344 254.59207153320312 375.0 3.8456855 1.4540625 1.6232649 -5.3548617 1.9664203 7.567893 1.455449104309082 0.929104208946228
Car 0.0 0 1.741237998008728 447.8670959472656 186.2037353515625 492.57843017578125 219.88912963867188 3.7422526 1.5933071 1.6720015 -7.2454214 2.3226407 37.50976 1.550426959991455 0.928844690322876
Car 0.0 0 -1.6704131364822388 623.916015625 181.9858856201172 679.0296020507812 229.72378540039062 4.523709 1.6699858 1.7037829 1.506262 2.0591276 28.417103 -1.6174572706222534 0.9093012809753418
Car 0.0 0 -2.8811752796173096 871.2341918945312 172.2266387939453 1018.5001831054688 223.14170837402344 3.749345 1.4114438 1.6282771 10.024274 1.3944105 21.821547 -2.450552463531494 0.8827869296073914
Car 0.0 0 -2.8495163917541504 790.8871459960938 176.3392791748047 908.4909057617188 221.72132873535156 4.0469413 1.6380655 1.677718 9.278271 1.7834389 28.171888 -2.5313596725463867 0.7844286561012268
Car 0.0 0 -1.5453623533248901 612.7750854492188 177.96743774414062 635.0258178710938 197.94847106933594 4.134181 1.4810425 1.644372 1.097587 1.8978359 56.65703 -1.5259922742843628 0.6321052312850952
Car 0.0 0 0.19719144701957703 862.007568359375 179.9459228515625 988.6635131835938 228.04425048828125 3.6845393 1.4783777 1.5820389 10.574307 1.7350627 24.376175 0.6064894199371338 0.5369862914085388
Car 0.0 0 1.8685879707336426 465.20025634765625 183.94418334960938 512.7069091796875 212.04876708984375 4.054738 1.5133775 1.6521374 -7.1252623 2.2017457 42.64126 1.7030198574066162 0.45847734808921814
