Pedestrian 0.0 0 1.7154512405395508 633.2432250976562 171.458740234375 670.1530151367188 261.3000183105469 0.67943937 1.6207379 0.59497154 0.9009654 1.4408624 13.350878 1.7828327417373657 0.8187139630317688
Pedestrian 0.0 0 -0.20280835032463074 425.620361328125 175.80601501464844 460.03955078125 244.9865264892578 0.7646699 1.7472718 0.589185 -4.135172 1.6046418 18.565498 -0.4219651520252228 0.7516563534736633
Pedestrian 0.0 0 2.108164072036743 400.72796630859375 176.4457244873047 435.4126281738281 243.1171875 0.7799871 1.7518363 0.5895523 -4.95937 1.6202012 19.329464 1.857011079788208 0.7306737303733826
Pedestrian 0.0 0 1.3848525285720825 656.3137817382812 178.23712158203125 686.3565673828125 257.11968994140625 0.7884483 1.7457203 0.5398035 1.543831 1.6747301 16.311842 1.47921621799469 0.681911289691925
Pedestrian 0.0 0 -1.4875632524490356 669.74462890625 170.65773010253906 705.4947509765625 260.9232482910156 0.7718701 1.6197661 0.599119 1.5666327 1.4264779 13.325334 -1.370532512664795 0.6339068412780762
Pedestrian 0.0 0 -1.4107757806777954 710.7822875976562 168.07908630371094 744.6771240234375 242.20201110839844 0.83156043 1.7520347 0.690773 3.0464356 1.4360073 17.482334 -1.2382502555847168 0.6163833141326904
Pedestrian 0.0 0 1.2585786581039429 606.6199340820312 171.3585662841797 641.0963134765625 236.074462890625 1.3545609 1.8956499 0.65697813 0.6385222 1.5997205 21.780819 1.2878860235214233 0.5946636199951172
Pedestrian 0.0 0 1.4521021842956543 725.0520629882812 170.63873291015625 746.9072875976562 227.48709106445312 0.8778672 1.7133687 0.55855656 4.105997 1.3871399 22.103632 1.6357698440551758 0.5719537138938904
Pedestrian 0.0 0 1.4983792304992676 740.0530395507812 172.38719177246094 766.5430297851562 236.68556213378906 0.8321255 1.6841657 0.6338713 4.0337725 1.4466438 19.267384 1.7047560214996338 0.5545165538787842
Pedestrian 0.0 0 1.7396317720413208 746.611083984375 162.57408142089844 771.5694580078125 224.55599975585938 0.724106 1.7368003 0.5862464 4.4895535 1.207623 20.57137 1.954505443572998 0.4629175662994385
Pedestrian 0.0 0 0.43110090494155884 143.6622314453125 174.73182678222656 192.71348571777344 282.0123291015625 0.4588754 1.7788392 0.727581 -7.446052 1.6679016 12.295657 -0.11341428756713867 0.38670989871025085
Pedestrian 0.0 0 -0.0038427114486694336 683.4241943359375 181.64300537109375 722.7755737304688 260.1348571777344 0.7880017 1.5818541 0.49723268 2.049617 1.5860887 14.77409 0.13400793075561523 0.38425710797309875
Pedestrian 0.0 0 -1.461501121520996 670.0814208984375 171.57066345214844 687.8473510742188 221.45285034179688 0.64677453 1.5999191 0.50944126 2.5042062 1.2825445 23.40768 -1.354924201965332 0.3756616711616516
Pedestrian 0.0 0 2.2596776485443115 1018.1483154296875 147.674560546875 1108.754638671875 292.94976806640625 0.6878938 1.702763 0.64764917 5.6222343 1.307643 8.831404 2.8265881538391113 0.3446260094642639
Pedestrian 0.0 0 0.0972030758857727 292.2906188964844 173.89552307128906 307.7698974609375 223.78709411621094 0.46450922 1.7685106 0.52750194 -10.837256 1.5000112 25.78098 -0.3007297217845917 0.2956380248069763
Pedestrian 0.0 0 1.3882921934127808 954.741455078125 133.63861083984375 1031.17138671875 276.16595458984375 1.7554978 1.8028907 0.61331207 5.3644786 1.1988062 10.013361 1.8801151514053345 0.1279696673154831
Cyclist 0.0 0 1.374199390411377 948.3828735351562 129.8093719482422 1026.8756103515625 271.8728332519531 1.7538749 1.803424 0.6223972 5.3062344 1.1485721 10.045564 1.8601646423339844 0.6740556359291077
Cyclist 0.0 0 1.226475477218628 605.9800415039062 170.25563049316406 643.2362060546875 235.08192443847656 1.6449537 1.8897132 0.60637933 0.6579045 1.5630689 21.81306 1.2566273212432861 0.41763079166412354
Cyclist 0.0 0 1.4859213829040527 739.1838989257812 172.1987762451172 766.6229858398438 237.29763793945312 0.86287355 1.7049625 0.6468892 4.0249295 1.4625298 19.278141 1.6917468309402466 0.127618670463562
Car 0.0 0 1.6969141960144043 535.85595703125 180.523193359375 574.3746948242188 211.14732360839844 3.8395042 1.5587614 1.5925509 -2.4380755 1.5099102 38.52649 1.6337153911590576 0.8846479654312134
Car 0.0 0 1.4916210174560547 545.38623046875 166.05178833007812 570.1981811523438 188.8617706298828 4.1203594 1.8347846 1.7402687 -3.6474748 0.59267294 59.940113 1.4308439493179321 0.3858696222305298
