Pedestrian 0.0 0 1.09109365940094 644.7203369140625 145.34535217285156 710.7117919921875 273.96002197265625 0.8182521 1.7528898 0.6313163 0.9827062 1.2754371 10.128841 1.1878114938735962 0.6846163868904114
Pedestrian 0.0 0 1.18982994556427 458.317626953125 149.79702758789062 499.2206726074219 217.36895751953125 0.9709325 1.7645909 0.77980477 -3.4484127 0.9643929 19.077497 1.011002779006958 0.5247056484222412
Pedestrian 0.0 0 1.1494903564453125 540.8765258789062 154.17860412597656 581.888916015625 224.7445068359375 0.95871824 1.7646711 0.72753555 -1.1714759 1.1080354 18.2702 1.085458517074585 0.5063262581825256
Pedestrian 0.0 0 1.7138890027999878 447.25042724609375 148.17471313476562 480.97406005859375 214.1046600341797 1.0347458 1.8237851 0.80308396 -4.0261226 0.93116486 20.092287 1.5161266326904297 0.4156568646430969
Pedestrian 0.0 0 1.2531415224075317 571.7142333984375 138.28292846679688 634.5016479492188 278.2490539550781 0.90333843 1.8232163 0.60763943 -0.08852915 1.2749654 9.73042 1.2440435886383057 0.39297109842300415
Pedestrian 0.0 0 -3.7337698936462402 1043.934326171875 146.9681396484375 1224.0 370.0 0.7943575 1.6154407 0.64276725 2.7370574 1.4654 3.54202 -3.075873851776123 0.28158020973205566
Pedestrian 0.0 0 1.5419756174087524 501.6310119628906 149.25392150878906 528.9769897460938 210.45462036132812 1.0723383 1.8178221 0.79470557 -2.7807183 0.89129484 21.587925 1.4138720035552979 0.2555251121520996
Pedestrian 0.0 0 0.818708598613739 425.4231262207031 144.52037048339844 466.6323547363281 213.31216430664062 0.7824348 1.7778968 0.7317265 -4.2596397 0.8496067 18.790796 0.5957884788513184 0.24657130241394043
Pedestrian 0.0 0 1.4581570625305176 399.9463806152344 141.83575439453125 432.29193115234375 210.9549560546875 0.93508714 1.7447575 0.7105188 -4.962395 0.7703593 18.408207 1.1948412656784058 0.2181718945503235
Pedestrian 0.0 0 2.043151617050171 419.5118103027344 145.58041381835938 455.1246337890625 206.9204559326172 0.9902812 1.9026324 0.7339704 -5.3570843 0.8210591 22.493961 1.8093503713607788 0.20924414694309235
Pedestrian 0.0 0 1.912827968597412 506.1927795410156 154.85581970214844 546.431884765625 220.75230407714844 1.0258282 1.7684312 0.811569 -2.2010405 1.0818138 19.561665 1.8007811307907104 0.16941893100738525
Pedestrian 0.0 0 -1.72965407371521 263.2695007324219 151.77163696289062 310.70379638671875 258.5524597167969 0.59573716 1.6789131 0.61737597 -5.236573 1.228874 11.530752 -2.155945301055908 0.1646568328142166
Pedestrian 0.0 0 3.3276586532592773 336.2877197265625 159.16909790039062 394.31072998046875 276.89013671875 0.763146 1.7613428 0.53463066 -3.7278206 1.4438511 10.893084 2.9979324340820312 0.16312646865844727
Cyclist 0.0 0 0.3869940936565399 526.5932006835938 146.72235107421875 578.5501708984375 219.74871826171875 1.1736335 1.8270972 0.65204823 -1.3801204 0.98358524 18.175226 0.3112053871154785 0.10477695614099503
