Pedestrian 0.0 0 -1.856078863143921 858.4994506835938 145.64723205566406 879.1109008789062 186.87440490722656 0.7205166 1.7918453 0.67694575 11.338517 0.60972303 31.736467 -1.5129413604736328 0.8041797280311584
Car 0.0 0 1.8999160528182983 292.7648010253906 188.8173828125 449.4131774902344 292.02825927734375 3.9185185 1.6399049 1.6902097 -4.492878 1.9948314 14.04818 1.5903770923614502 0.9740257859230042
Car 0.0 0 1.7209491729736328 490.5029296875 187.13487243652344 544.3858032226562 229.058349609375 3.8678706 1.4827399 1.5711713 -3.665212 2.0917666 28.798155 1.5943573713302612 0.9435561895370483
Car 0.0 0 1.8383491039276123 395.1345520019531 187.2981719970703 500.5746765136719 255.97421264648438 4.13033 1.5445828 1.6937348 -4.2197094 1.9718525 19.217066 1.6221981048583984 0.8564664125442505
Car 0.0 0 1.7876108884811401 452.5624084472656 190.1466827392578 523.3783569335938 241.41331481933594 3.7000306 1.4927812 1.5765309 -4.0443106 2.1176777 24.168333 1.6218079328536987 0.8426670432090759
Car 0.0 0 -2.264024257659912 941.3693237304688 214.61521911621094 1242.0 375.0 3.9514031 1.4631578 1.6019398 3.588816 1.8240823 4.244443 -1.5621293783187866 0.8389492034912109
Car 0.0 0 0.6130959987640381 0.0 195.64459228515625 128.71109008789062 254.48086547851562 3.899196 1.3819877 1.5546254 -14.915973 1.9966295 18.544186 -0.0642903596162796 0.7603692412376404
Car 0.0 0 -1.6371210813522339 702.5726928710938 175.5888214111328 747.7886962890625 215.2827911376953 4.2519293 1.6560386 1.723286 5.0951595 1.7882707 32.5962 -1.4820643663406372 0.7361209392547607
Car 0.0 0 -0.36315080523490906 829.1482543945312 153.0198516845703 902.7573852539062 178.29600524902344 3.8951716 1.5073045 1.6252607 15.495789 0.32488406 43.883617 -0.023707184940576553 0.5647436380386353
Car 0.0 0 1.659737229347229 583.6699829101562 182.44894409179688 608.1350708007812 203.9784393310547 3.8061285 1.5431021 1.5483059 -1.0772939 2.3062274 55.404934 1.6402956247329712 0.5013380646705627
Car 0.0 0 -0.9047762155532837 796.8509521484375 154.60191345214844 865.4299926757812 184.0399627685547 3.5411782 1.4728513 1.5830957 11.553594 0.56001663 37.758335 -0.607835054397583 0.4449467062950134
