Pedestrian 0.0 0 2.995425224304199 639.9859619140625 162.58799743652344 651.6127319335938 184.56256103515625 0.9285599 1.8536658 0.4453872 3.0091484 0.98803526 61.12923 3.0446114540100098 0.5264316201210022
Pedestrian 0.0 0 -1.7431752681732178 776.2698364257812 153.51170349121094 789.5446166992188 183.41050720214844 0.83265066 1.7865031 0.64480036 10.3986025 0.63112664 43.54584 -1.5087684392929077 0.37277600169181824
Pedestrian 0.0 0 0.42024722695350647 309.73870849609375 148.9739532470703 334.70172119140625 188.7585906982422 0.93970805 1.8020868 0.49308163 -13.176784 0.72077274 32.9451 0.03977370262145996 0.3467312455177307
Pedestrian 0.0 0 2.551095485687256 902.0321655273438 119.10165405273438 938.6878662109375 183.2320556640625 0.6988155 1.7579502 0.6462167 8.618106 0.2848426 20.158419 2.9550976753234863 0.2899216413497925
Pedestrian 0.0 0 -1.1476274728775024 657.0537719726562 154.20399475097656 675.1053466796875 189.74343872070312 0.60529464 1.7467015 0.7098317 2.7533467 0.8304449 35.895275 -1.0710723400115967 0.26669687032699585
Cyclist 0.0 0 -1.8920689821243286 801.4811401367188 154.8771514892578 850.4376831054688 230.08843994140625 1.9958233 1.8346092 0.6021476 5.487481 1.3964628 18.605227 -1.6052581071853638 0.9072932004928589
Cyclist 0.0 0 1.5688397884368896 420.49554443359375 158.83583068847656 434.668212890625 195.17633056640625 1.7121965 1.7524765 0.66428083 -9.067816 1.0768254 35.704266 1.320128083229065 0.7128535509109497
Cyclist 0.0 0 0.918819785118103 759.1875610351562 153.85154724121094 784.526611328125 182.53399658203125 1.7500426 1.7737427 0.6254362 10.173293 0.59897536 45.5432 1.1385886669158936 0.31702086329460144
Cyclist 0.0 0 -2.227405071258545 1043.2110595703125 104.5947494506836 1117.0347900390625 183.2572784423828 1.6559436 1.7100142 0.5071182 10.680231 0.2265106 16.528612 -1.6537296772003174 0.2936401069164276
Cyclist 0.0 0 -2.329895257949829 1164.4154052734375 101.55325317382812 1242.0 186.42822265625 1.578191 1.6968224 0.5448326 12.5697775 0.271734 15.228263 -1.6398428678512573 0.2715851068496704
Car 0.0 0 -1.606786847114563 580.9816284179688 180.62985229492188 661.6881713867188 258.58416748046875 4.588653 1.6670698 1.7820691 0.13591896 1.8886801 18.208904 -1.5993225574493408 0.806394636631012
Car 0.0 0 1.4308627843856812 583.4239501953125 169.4276885986328 605.7544555664062 186.3756103515625 3.6461127 1.5186487 1.5624608 -1.4671068 1.2119857 66.57714 1.408830165863037 0.49307289719581604
Car 0.0 0 -1.9176779985427856 670.887939453125 156.8091583251953 714.5510864257812 182.7473907470703 4.4064865 1.7978395 1.7455018 5.915821 0.68609124 52.354393 -1.805159568786621 0.40322765707969666
Car 0.0 0 -2.6560888290405273 251.66554260253906 158.2486114501953 344.23529052734375 193.02420043945312 3.6123512 1.5629722 1.5710872 -14.422169 0.9068978 33.349148 -3.064260959625244 0.28930944204330444
Car 0.0 0 -1.3626234531402588 476.9886474609375 159.60693359375 538.8937377929688 201.9524383544922 3.6819 1.4912009 1.5908664 -3.8282652 1.0250623 27.297575 -1.5019567012786865 0.2818264663219452
Car 0.0 0 -1.4601552486419678 633.4112548828125 165.95289611816406 656.9451293945312 186.2467803955078 4.0410376 1.7067657 1.6114467 3.0710242 1.1267233 62.803165 -1.411294937133789 0.2772267162799835
Car 0.0 0 -1.5171250104904175 593.0929565429688 175.19139099121094 624.0248413085938 203.00091552734375 3.923999 1.5887337 1.6609207 -0.079171896 1.7366884 43.55706 -1.5189427137374878 0.2656330168247223
