Pedestrian 0.0 0 2.4519152641296387 0.0 129.17201232910156 59.65500259399414 238.8771209716797 0.55384964 1.6572461 0.51453936 -9.087799 0.99772775 11.219649 1.7711127996444702 0.367460697889328
Pedestrian 0.0 0 -2.6269850730895996 1023.870361328125 113.95543670654297 1068.790771484375 200.82470703125 0.61702204 1.7700218 0.5441934 9.079128 0.5702807 15.101587 -2.085681200027466 0.3160901963710785
Pedestrian 0.0 0 -2.108658790588379 408.5061950683594 149.0575714111328 433.03619384765625 187.82456970214844 0.9954336 1.7585871 0.68132865 -8.780435 0.67946786 33.320023 -2.366319417953491 0.2736521065235138
Pedestrian 0.0 0 -2.3920810222625732 389.4306945800781 136.4632568359375 421.21026611328125 188.29672241210938 0.9149001 1.8258573 0.6278141 -7.390652 0.544335 25.901201 -2.670034646987915 0.2699073851108551
Pedestrian 0.0 0 3.54648494720459 185.18521118164062 121.47875213623047 238.62144470214844 211.08721923828125 0.7714457 1.7788341 0.61704266 -8.13165 0.75933254 14.666596 3.0402443408966064 0.2675577402114868
Pedestrian 0.0 0 -2.0469601154327393 995.3829956054688 111.77648162841797 1045.980712890625 202.38352966308594 0.5939575 1.7717125 0.68125117 8.144787 0.57777214 14.415806 -1.5326811075210571 0.26110562682151794
Pedestrian 0.0 0 0.22650571167469025 238.3523712158203 122.7668685913086 285.70452880859375 205.794189453125 0.81342787 1.7589321 0.60028946 -7.5943146 0.698195 15.666295 -0.2248716801404953 0.2488352358341217
Pedestrian 0.0 0 -3.467054843902588 901.095458984375 126.37171173095703 945.1539306640625 209.58377075195312 0.7544427 1.8185204 0.5785648 6.9216447 0.80305195 16.0846 -3.060680389404297 0.2301773726940155
Pedestrian 0.0 0 -2.0763320922851562 960.1985473632812 137.28382873535156 1006.4559326171875 229.38441467285156 0.7004378 1.7337368 0.5177115 7.150696 1.0645078 13.937958 -1.602308988571167 0.22388722002506256
Pedestrian 0.0 0 0.3256816565990448 43.87120819091797 109.56543731689453 156.33340454101562 204.52989196777344 1.6081384 1.7030725 0.59206 -9.5190325 0.5684268 13.450881 -0.29018571972846985 0.15559892356395721
Cyclist 0.0 0 0.3256816565990448 43.87120819091797 109.56543731689453 156.33340454101562 204.52989196777344 1.6081384 1.7030725 0.59206 -9.5190325 0.5684268 13.450881 -0.29018571972846985 0.3902532756328583
Cyclist 0.0 0 1.2452332973480225 628.8452758789062 133.849609375 655.182373046875 179.62548828125 1.5161475 1.7556685 0.5810653 1.2094843 0.26006895 28.47985 1.2876758575439453 0.28099262714385986
Car 0.0 0 -1.4650084972381592 396.4947814941406 157.50579833984375 468.9864501953125 218.33360290527344 3.3759897 1.5109984 1.5703261 -4.7983894 1.130098 19.69797 -1.7039529085159302 0.9516085982322693
Car 0.0 0 -1.4907490015029907 438.32421875 151.0743865966797 488.4928283691406 190.36619567871094 4.0879154 1.4660674 1.6563202 -5.8701296 0.65377784 29.047504 -1.6901507377624512 0.36001572012901306
