Pedestrian 0.0 0 -1.6347754001617432 591.8369750976562 177.23915100097656 613.4735107421875 230.34323120117188 0.84884864 1.6778111 0.64172226 0.0071596727 1.5442951 23.136992 -1.6344659328460693 0.8250294327735901
Pedestrian 0.0 0 -1.2623755931854248 246.91127014160156 177.19166564941406 307.344970703125 290.50115966796875 0.8065441 1.7368962 0.66688645 -5.194293 1.672157 11.448171 -1.6883208751678467 0.8102582097053528
Pedestrian 0.0 0 -1.7498269081115723 137.60870361328125 182.7587127685547 251.21151733398438 374.0 0.77118134 1.5907649 0.7122684 -3.526772 1.6037936 6.122822 -2.2724156379699707 0.7403646111488342
Pedestrian 0.0 0 -0.06140550971031189 759.4457397460938 149.55255126953125 846.2218627929688 290.87054443359375 1.0515422 1.764806 0.52054316 2.5485475 1.3671772 9.330053 0.2052443027496338 0.717120349407196
Pedestrian 0.0 0 -1.8671458959579468 614.67578125 174.76187133789062 643.0048217773438 232.32223510742188 0.8164148 1.7916402 0.69013083 0.8389146 1.5830168 22.839596 -1.8304316997528076 0.7151408791542053
Pedestrian 0.0 0 3.126357316970825 234.4569549560547 183.41204833984375 286.38531494140625 289.9263916015625 0.8218588 1.8352369 0.5859292 -6.1351957 1.8718574 12.835351 2.6804704666137695 0.6683447957038879
Pedestrian 0.0 0 -2.254364490509033 1067.3128662109375 132.28897094726562 1129.43896484375 245.09677124023438 0.5476553 1.6890209 0.56665325 7.5907745 0.9535129 11.048706 -1.6523975133895874 0.6621091961860657
Pedestrian 0.0 0 -3.200303316116333 1012.9727783203125 134.5750274658203 1146.263427734375 327.4692687988281 1.0262678 1.7155356 0.6506234 4.5107217 1.299582 6.922937 -2.622830867767334 0.6587684154510498
Pedestrian 0.0 0 1.9032765626907349 503.59088134765625 179.68338012695312 532.313720703125 234.2158660888672 0.9441623 1.7672579 0.6762911 -2.784799 1.70948 23.810377 1.7868481874465942 0.6223673224449158
Pedestrian 0.0 0 -1.1508698463439941 97.2999038696289 161.12796020507812 139.8032989501953 231.1949920654297 0.87687236 1.7611458 0.6072433 -12.481219 1.2502745 18.536938 -1.7434617280960083 0.4683573544025421
Pedestrian 0.0 0 1.774516224861145 339.7359619140625 180.928955078125 371.8883361816406 247.61473083496094 0.91657966 1.737571 0.64369494 -6.5900435 1.7238635 19.209698 1.444038987159729 0.4394286572933197
Pedestrian 0.0 0 3.171876907348633 500.0708923339844 177.27557373046875 511.98284912109375 200.2781524658203 0.9341141 1.8378427 0.5061037 -7.635844 1.500837 57.68936 3.04028058052063 0.40385815501213074
Pedestrian 0.0 0 0.10809282958507538 640.8643798828125 172.2394561767578 681.6817626953125 260.9847106933594 0.79251474 1.8160137 0.63049453 1.2253526 1.6277531 15.080971 0.18916630744934082 0.36658427119255066
Pedestrian 0.0 0 0.5507586002349854 131.05931091308594 186.7693328857422 179.7746124267578 267.0613708496094 0.71556485 1.7454112 0.5928962 -9.931795 1.8658392 15.950513 -0.006158491596579552 0.3457432985305786
Cyclist 0.0 0 -0.9762197732925415 250.31259155273438 137.6702117919922 310.292236328125 218.4290771484375 1.6423932 1.7614964 0.41168895 -7.385431 0.80671275 16.509998 -1.3968517780303955 0.4903598725795746
Car 0.0 0 1.7295658588409424 439.8993225097656 175.11459350585938 508.3376770019531 231.23193359375 4.3626738 1.7838653 1.672761 -4.3546276 1.5819868 25.024366 1.557275652885437 0.8352807760238647
Car 0.0 0 -1.4544764757156372 582.9283447265625 176.8842315673828 621.659423828125 206.53700256347656 3.509926 1.4790658 1.6361035 0.084489726 1.2497141 37.666992 -1.4522334337234497 0.50093013048172
Car 0.0 0 -1.829048752784729 0.0 202.04336547851562 24.997013092041016 255.4739990234375 3.7868743 1.4677303 1.6791785 -20.101494 2.171819 22.827868 -2.5510237216949463 0.351603239774704
