Pedestrian 0.0 0 -2.898224115371704 706.5509033203125 153.98117065429688 727.4312744140625 204.70071411132812 0.6265601 1.8592315 0.6736632 3.9451764 1.1677657 26.87723 -2.7524797916412354 0.23243649303913116
Pedestrian 0.0 0 0.1978495866060257 458.0914306640625 153.71661376953125 473.24127197265625 192.83895874023438 0.6263845 1.9755591 0.73535323 -7.3954973 1.0095371 36.80053 -0.0004705165047198534 0.15298676490783691
Pedestrian 0.0 0 0.4700414538383484 650.9602661132812 169.0753173828125 663.9722900390625 192.1653594970703 0.8444524 1.7838668 0.57099456 3.6721773 1.4922954 56.201996 0.535287618637085 0.13230055570602417
Cyclist 0.0 0 1.7730200290679932 0.0 168.1807861328125 78.71782684326172 375.0 1.81655 1.8158363 0.6018771 -5.792119 1.7765732 7.058528 1.085852861404419 0.13188083469867706
Car 0.0 0 1.9199936389923096 187.8465576171875 181.72837829589844 429.1372985839844 337.90252685546875 3.664255 1.5103695 1.56175 -3.521579 1.6446247 9.0346575 1.5483237504959106 0.9639372229576111
Car 0.0 0 1.6973382234573364 491.2919006347656 171.9434051513672 542.636474609375 211.3560028076172 3.3907447 1.4614339 1.5929048 -3.6506379 1.4280269 28.448383 1.5697107315063477 0.9186192750930786
Car 0.0 0 1.9796764850616455 539.801513671875 169.8424072265625 574.864990234375 189.21615600585938 3.669238 1.535218 1.5364422 -4.3061323 1.2969306 59.158813 1.907015323638916 0.4573708772659302
Car 0.0 0 0.9664952158927917 942.6295776367188 70.99132537841797 1242.0 324.58013916015625 3.8594174 1.5216768 1.5880744 4.49306 0.91080093 6.27017 1.588260293006897 0.3404616117477417
Car 0.0 0 2.880234479904175 464.15667724609375 167.37115478515625 528.1618041992188 188.75555419921875 4.2417274 1.4785827 1.5992414 -8.145112 1.0998402 51.478764 2.7233126163482666 0.19632425904273987
Car 0.0 0 2.8356196880340576 633.1253662109375 167.43978881835938 676.220703125 183.7437744140625 3.7664533 1.5184684 1.6198771 4.2095976 1.0145736 68.43927 2.8970508575439453 0.12844592332839966
Car 0.0 0 2.033731460571289 0.0 194.2855682373047 69.41077423095703 375.0 3.6319616 1.4863807 1.5575423 -6.1961904 1.7247423 6.0390296 1.235489010810852 0.12096955627202988
Car 0.0 0 2.4207301139831543 0.0 198.1976318359375 97.67545318603516 375.0 3.9761488 1.5182153 1.571516 -3.6600816 1.6735797 2.3247766 1.4158133268356323 0.11863788962364197
Car 0.0 0 2.9191410541534424 231.04566955566406 160.98641967773438 378.5392150878906 215.56507873535156 3.7995586 1.4957843 1.5679935 -9.101122 1.1708992 21.516499 2.518979787826538 0.11752427369356155
