Pedestrian 0.0 0 2.0242724418640137 1094.2650146484375 118.01923370361328 1157.193603515625 241.0207977294922 0.6150807 1.7973418 0.5646744 7.760974 0.9964348 10.935849 2.6414668560028076 0.29671600461006165
Pedestrian 0.0 0 0.4193269908428192 0.0 160.44590759277344 79.19458770751953 294.9676513671875 0.77136385 1.8197929 0.69921285 -8.159925 1.6522957 10.193914 -0.25570061802864075 0.25159502029418945
Car 0.0 0 -1.9684847593307495 774.412353515625 199.20639038085938 1138.8154296875 375.0 4.2759295 1.4530178 1.5552415 2.9033217 1.7976732 7.272729 -1.5886625051498413 0.9664393067359924
Car 0.0 0 -1.662703037261963 659.6504516601562 177.02088928222656 716.8023071289062 225.23374938964844 4.010622 1.6181756 1.7122698 2.7583275 1.7836729 26.57767 -1.559289574623108 0.9428953528404236
Car 0.0 0 3.4029953479766846 313.415771484375 180.72254943847656 457.5030517578125 233.9429168701172 3.8106008 1.5002842 1.5961884 -6.640799 1.7442641 21.466064 3.102971315383911 0.84524005651474
Car 0.0 0 1.5100804567337036 645.5919189453125 177.8151397705078 680.7534790039062 209.24131774902344 3.7812612 1.5212877 1.5819764 2.6748638 1.7920417 37.42416 1.5814334154129028 0.5568787455558777
Car 0.0 0 1.6523016691207886 522.7315063476562 175.2506561279297 548.5631103515625 196.80398559570312 4.058722 1.5403612 1.6021296 -5.5616994 1.7271038 54.06444 1.549790620803833 0.5551522970199585
Car 0.0 0 0.6377909183502197 723.3076171875 212.99839782714844 975.861328125 337.7623596191406 3.5683346 1.4445089 1.5633153 3.5874126 2.1894197 11.4773855 0.9407336711883545 0.43214020133018494
Car 0.0 0 -2.802356481552124 367.895751953125 183.98428344726562 491.22113037109375 230.152099609375 3.6812644 1.4449544 1.5030884 -5.985107 1.8289516 23.945723 -3.047283172607422 0.29725828766822815
Car 0.0 0 3.4082746505737305 237.94326782226562 195.85316467285156 448.2874450683594 273.0980529785156 3.9998562 1.5112615 1.5652064 -5.691801 2.0397832 15.6218195 3.0588741302490234 0.2694018483161926
Car 0.0 0 1.4280238151550293 430.0398864746094 173.62014770507812 491.6850891113281 215.73866271972656 4.3682456 1.4550685 1.6644598 -5.7714396 1.4869475 27.34633 1.2200262546539307 0.24878832697868347
