Pedestrian 0.0 0 3.5876755714416504 176.33766174316406 185.80010986328125 214.73031616210938 236.05902099609375 1.0020436 1.7637492 0.6746655 -14.905039 2.2353315 25.885899 3.065242052078247 0.41137945652008057
Pedestrian 0.0 0 -3.2268848419189453 717.4263916015625 173.09619140625 729.107666015625 194.082275390625 0.94889605 1.7978454 0.5601621 9.729195 1.8191646 62.130142 -3.0715525150299072 0.19004452228546143
Pedestrian 0.0 0 -1.9571470022201538 815.4692993164062 156.05397033691406 842.53515625 201.84158325195312 1.471202 1.7845834 0.5175093 8.709788 1.130156 28.875881 -1.6641968488693237 0.10967110842466354
Cyclist 0.0 0 0.17270275950431824 222.43753051757812 184.08274841308594 273.33746337890625 227.10247802734375 1.7812594 1.7109423 0.63558257 -14.852538 2.179919 29.54828 -0.2930651605129242 0.8664945363998413
Cyclist 0.0 0 -2.054769277572632 808.5772094726562 155.90570068359375 841.3956909179688 202.0208282470703 1.7668391 1.7956604 0.49593556 8.583118 1.1360742 29.007761 -1.7670869827270508 0.3189759850502014
Cyclist 0.0 0 3.580064296722412 175.5348358154297 186.40481567382812 215.36019897460938 235.9671173095703 1.0625452 1.739702 0.65498275 -14.914792 2.233454 25.897959 3.057549476623535 0.18154607713222504
Cyclist 0.0 0 2.0392065048217773 132.37237548828125 186.47140502929688 157.76353454589844 215.81895446777344 1.7945046 1.7345877 0.56627256 -28.641573 2.5907433 44.421104 1.466513752937317 0.17513947188854218
Car 0.0 0 -1.6013789176940918 592.4234008789062 174.10885620117188 623.3779907226562 202.7186279296875 4.162153 1.5337743 1.6209395 -0.1980384 1.609061 40.972446 -1.6062123775482178 0.8178403973579407
Car 0.0 0 1.892792820930481 347.56787109375 165.9258270263672 447.7822570800781 222.6545867919922 4.636368 1.679669 1.7695837 -6.865727 1.4748923 23.712944 1.6109644174575806 0.5440576076507568
Car 0.0 0 0.481331467628479 1130.370849609375 162.84840393066406 1225.4652099609375 193.3099822998047 3.4889328 1.4941059 1.6660925 29.257816 1.0037005 37.32062 1.1462141275405884 0.3019886612892151
Car 0.0 0 0.2514049708843231 307.9466552734375 196.25933837890625 374.9972839355469 219.87901306152344 3.9740725 1.5021595 1.6901696 -18.221851 3.1263902 49.010006 -0.10455602407455444 0.29385945200920105
Car 0.0 0 3.2092444896698 138.61990356445312 164.8218536376953 209.22657775878906 187.13841247558594 4.4109173 1.6127497 1.6918335 -32.519146 1.0326483 53.90184 2.6663997173309326 0.27480196952819824
Car 0.0 0 -0.6976763010025024 251.23533630371094 184.12294006347656 344.13031005859375 217.5069580078125 4.037132 1.4590367 1.6538035 -15.172855 2.0427668 35.17501 -1.1049158573150635 0.1767384111881256
Car 0.0 0 2.2581393718719482 1050.42041015625 157.24415588378906 1120.183837890625 179.80831909179688 4.430983 1.5427043 1.6691967 33.418964 0.47582197 50.78327 2.8401670455932617 0.17023436725139618
