Cyclist 0.0 0 1.7799508571624756 96.59405517578125 154.79095458984375 142.3727264404297 219.15158081054688 1.78263 1.6157048 0.6467741 -12.915968 0.85305524 18.989742 1.1826682090759277 0.36851438879966736
Cyclist 0.0 0 -1.1192312240600586 618.4618530273438 174.03594970703125 639.1538696289062 205.1683807373047 1.7205747 1.7052375 0.45423704 1.1595625 1.094013 40.23848 -1.0904219150543213 0.21379631757736206
Car 0.0 0 -1.5035455226898193 742.1818237304688 173.83828735351562 793.7080688476562 217.26681518554688 3.6680295 1.5668602 1.7121567 6.241745 1.1575052 27.933218 -1.2837045192718506 0.9406500458717346
Car 0.0 0 -1.417281150817871 788.2896118164062 171.9015655517578 818.0269165039062 193.07144165039062 3.5852423 1.4861263 1.5641396 14.257283 0.55260533 52.415695 -1.1517022848129272 0.48720020055770874
Car 0.0 0 -1.576645851135254 789.188720703125 180.9631805419922 825.5506591796875 213.0352020263672 3.5715375 1.4936513 1.641852 9.78223 1.2967352 35.412632 -1.307131290435791 0.37321698665618896
Car 0.0 0 -1.2470425367355347 62.1791877746582 193.8338623046875 125.31514739990234 226.71731567382812 3.6436281 1.6353788 1.6998647 -27.67446 2.1253498 38.78066 -1.8668477535247803 0.32370686531066895
Car 0.0 0 -1.2728955745697021 0.0 201.4571990966797 77.140380859375 242.99839782714844 3.749037 1.5620359 1.7072474 -24.323086 2.3031485 30.691486 -1.9430482387542725 0.3092273473739624
Car 0.0 0 1.1604276895523071 591.525390625 173.41082763671875 641.7998046875 200.61021423339844 3.5217516 1.4822531 1.5954612 0.43572035 0.84006846 41.103363 1.1710278987884521 0.24092407524585724
Car 0.0 0 -1.6455802917480469 881.8049926757812 167.89234924316406 922.5337524414062 199.46002197265625 3.669533 1.4790269 1.5902461 14.520775 0.6685144 35.666725 -1.2589478492736816 0.18454064428806305
Car 0.0 0 3.870133876800537 0.0 72.4446792602539 131.17803955078125 320.4416198730469 3.9237788 1.5136404 1.5623792 -6.1616344 0.82647777 5.3991914 3.0188803672790527 0.17329436540603638
