Pedestrian 0.0 0 0.623127818107605 966.2493286132812 175.4224090576172 998.9432983398438 225.81039428710938 0.83844817 1.8380415 0.6891506 13.844809 1.936056 26.901487 1.0984253883361816 0.21248140931129456
Pedestrian 0.0 0 -2.4124345779418945 1049.8668212890625 176.64930725097656 1080.591552734375 224.0982666015625 0.68683296 1.84889 0.77828926 18.01153 2.002107 28.620169 -1.8507275581359863 0.16170507669448853
Cyclist 0.0 0 1.9885094165802002 340.8383483886719 185.07167053222656 365.25982666015625 215.71351623535156 1.9605762 1.7616637 0.64156204 -15.431058 2.511886 43.280315 1.6460224390029907 0.39606988430023193
Cyclist 0.0 0 -1.9128535985946655 811.5326538085938 173.87327575683594 832.4646606445312 209.66671752929688 1.7335479 1.7135794 0.42765957 10.371243 1.7652841 35.46787 -1.6283724308013916 0.3287772238254547
Car 0.0 0 -1.5502309799194336 381.8243713378906 178.1551055908203 423.3709716796875 215.72747802734375 3.8388357 1.440493 1.5747405 -8.705157 1.6785828 30.298 -1.830012559890747 0.3684292435646057
Car 0.0 0 1.423512578010559 753.5070190429688 188.3120880126953 782.7569580078125 211.1168975830078 3.55602 1.615345 1.6853065 12.0830765 2.8422647 55.418858 1.6381847858428955 0.26697543263435364
Car 0.0 0 -1.7927558422088623 769.6058959960938 180.5999298095703 803.888427734375 204.5259552001953 3.291401 1.4573689 1.4594462 11.364242 1.9766603 46.678368 -1.553943395614624 0.23233835399150848
Car 0.0 0 -2.1921331882476807 250.64614868164062 201.30459594726562 329.30621337890625 233.2643585205078 4.0136447 1.4562554 1.7568127 -16.81988 3.0173357 37.805347 -2.610743999481201 0.20865626633167267
Car 0.0 0 2.1703414916992188 331.2850036621094 198.6199188232422 403.9998779296875 232.9708251953125 3.697466 1.4974766 1.6937132 -12.212509 2.8722517 36.47615 1.847264289855957 0.17838816344738007
Car 0.0 0 1.2090901136398315 262.3907165527344 180.64462280273438 294.5674743652344 197.2189178466797 3.7056296 1.4896063 1.5613468 -31.484766 2.249075 68.44679 0.7779605388641357 0.16717363893985748
