Car 0.0 0 -2.0259041786193848 806.413818359375 186.4443817138672 1175.185791015625 375.0 4.1515527 1.4577565 1.6498445 3.4892647 1.6428539 7.7058835 -1.6007198095321655 0.9754956364631653
Car 0.0 0 -1.7736080884933472 693.183837890625 179.91946411132812 769.8164672851562 230.7901153564453 4.1366467 1.4985962 1.6833162 3.8784652 1.7539792 23.938875 -1.6129883527755737 0.9630045890808105
Car 0.0 0 1.9337797164916992 226.407958984375 188.95956420898438 417.8783874511719 294.8422546386719 4.388183 1.463785 1.6604363 -4.8821807 1.7996656 12.834342 1.5702834129333496 0.9573244452476501
Car 0.0 0 -1.7337454557418823 718.5588989257812 180.4073486328125 809.8179931640625 250.74717712402344 3.7547922 1.5681679 1.6567544 3.7635515 1.7811614 18.401253 -1.5320008993148804 0.9549750685691833
Car 0.0 0 -1.835787057876587 741.321044921875 183.8638458251953 898.1456909179688 291.76971435546875 3.8216512 1.5801189 1.680975 3.480646 1.8059846 12.864609 -1.5715535879135132 0.9458141326904297
Car 0.0 0 2.124887704849243 0.0 196.51170349121094 313.6152038574219 375.0 4.0586047 1.463422 1.6462574 -4.825478 1.7806118 7.6226835 1.5605263710021973 0.9319930076599121
Car 0.0 0 1.764615535736084 466.0651550292969 178.20919799804688 522.402099609375 219.7401885986328 3.4421582 1.5272983 1.5813769 -4.5863447 1.7538873 28.730629 1.606318473815918 0.9257504343986511
Car 0.0 0 1.7410839796066284 493.3725280761719 178.4724578857422 540.8179931640625 213.5734405517578 3.8219264 1.5040919 1.5585355 -4.2889404 1.7802992 33.479965 1.613673210144043 0.8275389075279236
Car 0.0 0 -1.7052851915359497 693.1876220703125 178.3013153076172 743.4113159179688 218.99937438964844 3.279365 1.536776 1.5818774 4.303784 1.7710481 29.332523 -1.5596007108688354 0.6438926458358765
Car 0.0 0 -0.012460116297006607 629.7040405273438 173.61912536621094 678.98828125 192.7207794189453 4.533166 1.7551954 1.7548612 4.1059213 1.8280338 67.36235 0.04841732978820801 0.6416258215904236
Car 0.0 0 -2.5298514366149902 1081.9564208984375 190.3777618408203 1242.0 375.0 3.8032897 1.4750993 1.5788149 3.6726437 1.584571 2.5868497 -1.5726988315582275 0.5800635814666748
