Pedestrian 0.0 0 2.1849632263183594 1034.808349609375 72.17700958251953 1120.947021484375 229.36647033691406 0.6355635 1.8110061 0.6214726 5.590242 0.6514474 8.717801 2.7551586627960205 0.6147916316986084
Pedestrian 0.0 0 1.0648233890533447 788.9122924804688 111.49190521240234 839.3090209960938 229.46859741210938 0.66736096 1.7484902 0.47868112 3.0701654 0.8394225 11.071216 1.335336446762085 0.6000614166259766
Pedestrian 0.0 0 1.1234362125396729 809.2459716796875 133.82763671875 840.5670166015625 197.71795654296875 0.7491153 1.7314649 0.5603812 5.8928394 0.6741856 19.965841 1.4104338884353638 0.5461286306381226
Pedestrian 0.0 0 1.1343144178390503 939.94921875 122.21516418457031 993.47314453125 223.95860290527344 0.7241373 1.7543696 0.5998652 6.2668643 0.88155824 12.806373 1.5894099473953247 0.5386745929718018
Pedestrian 0.0 0 -1.707635760307312 657.6588134765625 141.40921020507812 677.5651245117188 189.72360229492188 0.79824555 1.7686335 0.63316655 2.0935903 0.61789936 26.8275 -1.629754662513733 0.4195898473262787
Pedestrian 0.0 0 1.8399286270141602 289.57232666015625 129.11959838867188 328.8345642089844 204.76492309570312 0.96308976 1.7611353 0.6385813 -7.2542195 0.7432915 17.313992 1.443167805671692 0.4130212962627411
Pedestrian 0.0 0 1.9776148796081543 208.44383239746094 127.3428726196289 264.6121520996094 222.34010314941406 0.8171924 1.8229123 0.72433895 -7.4254 0.9499521 14.276771 1.498013973236084 0.39840543270111084
Car 0.0 0 -1.7847630977630615 698.6134033203125 182.12411499023438 815.2863159179688 265.4578552246094 3.9359205 1.5073255 1.6066025 2.9452288 1.7321284 15.478755 -1.5967352390289307 0.9674016833305359
Car 0.0 0 2.0665440559387207 0.0 203.0104522705078 332.2909851074219 375.0 3.975803 1.4603256 1.6928478 -4.4728923 1.8580033 7.4811816 1.5276806354522705 0.9550621509552002
Car 0.0 0 -1.9960651397705078 790.17822265625 175.65248107910156 1161.33349609375 375.0 3.6097944 1.5875828 1.6343834 2.948284 1.621503 6.831483 -1.5886403322219849 0.9495758414268494
Car 0.0 0 1.8462607860565186 382.7083435058594 180.33827209472656 493.1119079589844 259.9074401855469 4.096918 1.7503263 1.6630535 -4.2714677 1.962644 18.346617 1.6175153255462646 0.9483010768890381
Car 0.0 0 1.8830523490905762 274.2263488769531 181.69290161132812 432.98663330078125 294.2533874511719 3.708042 1.6712681 1.5766147 -4.42148 1.8522336 12.872252 1.5521894693374634 0.9398109912872314
Car 0.0 0 -1.7720190286636353 676.4645385742188 176.93069458007812 759.462646484375 234.01290893554688 4.0618296 1.5295532 1.6626215 3.0878048 1.6642954 21.70502 -1.6307049989700317 0.8787454962730408
Car 0.0 0 -1.736729383468628 583.6178588867188 180.3004150390625 606.4296875 197.08827209472656 3.7037678 1.5361727 1.610632 -1.4911866 2.2765958 69.738174 -1.7581087350845337 0.41250964999198914
