Pedestrian 0.0 0 1.4381921291351318 473.4075927734375 176.84115600585938 486.9909973144531 208.597900390625 0.844516 1.9277015 0.71708095 -8.02982 2.1764545 44.436417 1.2594177722930908 0.6105045080184937
Pedestrian 0.0 0 1.7820674180984497 356.1528015136719 177.80252075195312 385.7602844238281 232.9430694580078 1.0465547 1.8153669 0.7500428 -8.122656 1.9870322 24.4141 1.4608838558197021 0.34990423917770386
Pedestrian 0.0 0 -1.68025541305542 872.953369140625 142.96446228027344 892.2552490234375 190.41163635253906 0.8399022 1.8860471 0.64034104 10.971295 0.69828224 29.164896 -1.3204492330551147 0.3135117292404175
Pedestrian 0.0 0 -1.2848396301269531 434.3424377441406 166.33839416503906 456.0527038574219 210.55413818359375 0.8452818 1.8158693 0.6722411 -6.9045944 1.5486417 30.071777 -1.5105316638946533 0.3095058798789978
Cyclist 0.0 0 1.7820674180984497 356.1528015136719 177.80252075195312 385.7602844238281 232.9430694580078 1.0465547 1.8153669 0.7500428 -8.122656 1.9870322 24.4141 1.4608838558197021 0.10782486200332642
Car 0.0 0 1.735215425491333 487.72406005859375 186.55113220214844 547.8276977539062 233.3119659423828 3.887954 1.5667316 1.6396315 -3.453723 2.1229208 27.303211 1.6093885898590088 0.9668474197387695
Car 0.0 0 -1.410142421722412 561.0862426757812 182.74742126464844 605.8997802734375 213.89723205566406 4.379375 1.4860324 1.6883957 -1.3737038 2.0406628 38.143345 -1.4461411237716675 0.9512093663215637
Car 0.0 0 -1.7101496458053589 688.9547119140625 175.9515380859375 767.2927856445312 234.38412475585938 4.2079897 1.5651994 1.7229611 3.3859255 1.6676717 21.666363 -1.5551278591156006 0.9488741159439087
Car 0.0 0 1.0714781284332275 838.8104858398438 143.6555633544922 1242.0 375.0 4.040786 1.6040193 1.6231854 3.2691162 1.4463557 5.92644 1.5755608081817627 0.924133837223053
Car 0.0 0 -1.2352519035339355 677.4215698242188 183.27520751953125 735.4578247070312 217.5245361328125 3.6688182 1.4784098 1.622912 4.605806 2.0040796 34.365356 -1.1020212173461914 0.555892288684845
Car 0.0 0 1.3981934785842896 600.2811889648438 172.6387176513672 626.3652954101562 192.26544189453125 3.6318166 1.6167266 1.6136299 0.23034123 1.5993519 61.35871 1.4019474983215332 0.5094380974769592
Car 0.0 0 1.6668840646743774 594.2503051757812 187.6475372314453 621.8712158203125 209.1978302001953 4.2669387 1.4176897 1.6165441 -0.13006143 2.5433595 52.683403 1.6644153594970703 0.31857845187187195
Car 0.0 0 1.7153972387313843 542.8422241210938 189.0736083984375 574.272216796875 213.3094940185547 3.7285953 1.440016 1.5377647 -3.3676338 2.547862 47.348663 1.6443926095962524 0.2930844724178314
