Car 0.0 0 -1.808311939239502 672.50439453125 176.69436645507812 818.1256713867188 274.229736328125 3.72347 1.4024616 1.5744611 2.0985217 1.4791996 12.435309 -1.6411319971084595 0.9769935011863708
Car 0.0 0 -1.484737515449524 487.98675537109375 176.98841857910156 542.0553588867188 223.180908203125 4.134162 1.5228542 1.5991834 -3.4222584 1.685733 26.260427 -1.6143271923065186 0.9438514113426208
Car 0.0 0 -1.7692784070968628 635.1901245117188 175.07449340820312 704.2279052734375 222.30490112304688 4.0469694 1.4950218 1.6093019 1.9447491 1.5792388 25.14066 -1.692077398300171 0.943688154220581
Car 0.0 0 3.633415937423706 90.8685302734375 186.37950134277344 290.05731201171875 255.6858673095703 3.5353935 1.4392344 1.5663756 -9.324713 1.7580647 16.147522 3.109727144241333 0.9416694641113281
Car 0.0 0 -1.6135884523391724 628.1964111328125 174.45953369140625 671.2171020507812 210.4844207763672 4.1479983 1.4506564 1.6729538 1.6208987 1.5253422 31.319147 -1.561880350112915 0.8219117522239685
Car 0.0 0 -0.9114595055580139 0.0 193.13475036621094 264.1916809082031 375.0 3.8315651 1.4980854 1.6432313 -3.4991314 1.6615238 3.8226671 -1.6526983976364136 0.7750318050384521
Car 0.0 0 -1.5419197082519531 497.9083557128906 172.3879852294922 539.0803833007812 210.2465362548828 3.5815408 1.5345256 1.6592175 -3.9329362 1.5159945 31.106064 -1.6676887273788452 0.6839894652366638
Car 0.0 0 0.6170929074287415 0.0 198.8257293701172 157.01824951171875 325.21759033203125 3.7705667 1.441474 1.5202886 -8.460892 1.8210313 9.575672 -0.1065770760178566 0.4998970329761505
Car 0.0 0 0.5791257619857788 321.78387451171875 175.1698455810547 371.1462097167969 192.39404296875 3.815414 1.455979 1.5004306 -22.827515 1.6605688 62.465683 0.22876191139221191 0.47563689947128296
Car 0.0 0 -1.4898401498794556 526.1544799804688 176.52587890625 559.0767211914062 204.1697235107422 3.5316901 1.4471064 1.5392035 -3.73217 1.6601461 40.014984 -1.5828404426574707 0.4446026384830475
