Pedestrian 0.0 0 -0.3117842674255371 1081.8309326171875 40.612632751464844 1228.8692626953125 247.3695831298828 0.9271736 1.7901721 0.6569309 4.9905014 0.5392808 6.681205 0.3297595977783203 0.3710553050041199
Pedestrian 0.0 0 -0.23118138313293457 873.9921875 91.59661865234375 931.2621459960938 208.14964294433594 0.74741954 1.8208195 0.5312683 4.6740417 0.35941085 11.546002 0.1534724235534668 0.3701612651348114
Pedestrian 0.0 0 -0.40522754192352295 1033.0247802734375 77.26409912109375 1129.2744140625 255.6045379638672 0.65712124 1.8172987 0.64477146 4.990882 0.7183974 7.694772 0.1701676845550537 0.36345064640045166
Pedestrian 0.0 0 -1.959338903427124 820.58251953125 107.48098754882812 869.173095703125 193.7271728515625 1.632058 1.7398006 0.38751015 4.9815674 0.17282899 15.325491 -1.6450607776641846 0.10847761482000351
Cyclist 0.0 0 -1.9418292045593262 845.0610961914062 107.81117248535156 901.3609008789062 212.05152893066406 1.6941756 1.7530283 0.35102993 4.6956043 0.45243394 12.936225 -1.5936371088027954 0.5581820607185364
Cyclist 0.0 0 -2.954430103302002 665.37158203125 106.75102996826172 756.6432495117188 194.91729736328125 1.7345326 1.6951001 0.54024833 2.01172 0.1876559 14.351034 -2.8151581287384033 0.5429968237876892
Cyclist 0.0 0 -2.2842116355895996 974.1661376953125 67.70967864990234 1111.08056640625 236.23236083984375 1.5806727 1.7857035 0.43562725 4.978258 0.54171497 8.429938 -1.7507731914520264 0.4106110632419586
Cyclist 0.0 0 -1.959338903427124 820.58251953125 107.48098754882812 869.173095703125 193.7271728515625 1.632058 1.7398006 0.38751015 4.9815674 0.17282899 15.325491 -1.6450607776641846 0.3220745921134949
Cyclist 0.0 0 1.3441191911697388 782.583251953125 125.92201232910156 819.7774658203125 196.67813110351562 1.6677316 1.6547444 0.5137584 4.6821575 0.2691984 17.649612 1.603430151939392 0.28966933488845825
Cyclist 0.0 0 0.5819538235664368 1087.2802734375 38.50214385986328 1241.0 262.0482482910156 1.0869516 1.8093457 0.64725953 4.99461 0.62300134 6.433373 1.242112636566162 0.27301889657974243
Car 0.0 0 -1.5998737812042236 572.741943359375 174.0841827392578 620.5144653320312 219.3994140625 3.5056942 1.6112192 1.7015231 -0.51872116 1.2165604 27.347391 -1.6188393831253052 0.8758851885795593
Car 0.0 0 -1.325624942779541 320.6131896972656 188.6870880126953 468.69964599609375 279.1393127441406 4.251044 1.4039153 1.6378707 -3.8217633 1.4804891 13.468791 -1.6021071672439575 0.7165371775627136
Car 0.0 0 -1.4705569744110107 513.028076171875 158.323486328125 554.8118896484375 193.77951049804688 3.8448288 1.5739099 1.5801198 -3.4527206 0.3812834 33.83016 -1.5722652673721313 0.5019873380661011
Car 0.0 0 1.5444622039794922 525.3385009765625 158.60101318359375 558.003662109375 188.6822509765625 4.1129985 1.5506147 1.6552664 -3.676685 0.17982279 39.192223 1.4509243965148926 0.4668891131877899
Car 0.0 0 0.30203408002853394 396.0001525878906 175.02023315429688 453.8499450683594 195.8141326904297 3.892626 1.5360395 1.6794523 -13.733263 0.78403556 54.039864 0.053170204162597656 0.3226095139980316
Car 0.0 0 1.9320695400238037 414.8312683105469 167.09580993652344 445.25885009765625 184.79981994628906 3.6785047 1.6597574 1.6604674 -17.127699 -0.04013647 69.404594 1.6901233196258545 0.2968246042728424
Car 0.0 0 1.2323079109191895 726.4266357421875 156.51454162597656 793.231201171875 194.1366729736328 3.8533218 1.4857436 1.5585635 6.3114567 0.35343134 30.398098 1.437026023864746 0.29077818989753723
Car 0.0 0 -1.6591583490371704 521.2584228515625 178.0384979248047 550.1378173828125 200.81640625 3.8218796 1.4580305 1.5822229 -4.8725433 0.99974304 48.036446 -1.7602468729019165 0.2900945246219635
Car 0.0 0 -1.4300466775894165 421.4698181152344 178.96836853027344 458.71563720703125 205.6077117919922 3.804165 1.4792718 1.59661 -9.744763 1.1334915 41.878815 -1.658668041229248 0.2706267833709717
