Pedestrian 0.0 0 -2.732678174972534 309.1197814941406 143.1056671142578 412.2496032714844 306.2528381347656 0.98703593 1.8686159 0.6602621 -2.9525812 1.4420023 8.45853 -3.0685203075408936 0.8214757442474365
Pedestrian 0.0 0 -0.06727531552314758 823.4678344726562 104.83222198486328 879.7520751953125 211.58067321777344 0.8868915 1.8133782 0.7284116 4.289394 0.52962756 12.47323 0.263944149017334 0.6352968215942383
Pedestrian 0.0 0 2.9746153354644775 706.6809692382812 120.78679656982422 741.0078125 189.09323120117188 0.77869815 1.7255331 0.6010121 3.008762 0.21867228 18.157837 3.1388237476348877 0.459430992603302
Pedestrian 0.0 0 -0.28633567690849304 894.613525390625 93.77545928955078 955.2215576171875 207.05809020996094 0.7973515 1.8364073 0.5435579 5.273206 0.43218237 11.779693 0.13456416130065918 0.41711515188217163
Pedestrian 0.0 0 -3.71665358543396 1100.8260498046875 92.67874908447266 1196.283447265625 203.6865997314453 1.0966208 1.759053 0.5773569 8.799164 0.36907512 11.528989 -3.064744710922241 0.3983827233314514
Pedestrian 0.0 0 -3.320032835006714 954.3983154296875 89.0919189453125 1013.8411865234375 202.62986755371094 0.7788182 1.8216552 0.5650322 6.229188 0.3567158 11.727042 -2.831752300262451 0.3746119737625122
Pedestrian 0.0 0 0.16433905065059662 563.8462524414062 120.61104583740234 605.2660522460938 211.37551879882812 0.77609485 1.8442377 0.5970024 -0.45962963 0.6289838 14.708868 0.1331007480621338 0.29563286900520325
Pedestrian 0.0 0 1.684518575668335 623.241455078125 125.66749572753906 649.677978515625 195.4547882080078 0.7058943 1.7445602 0.60063386 0.7726873 0.3754385 18.065449 1.7272640466690063 0.27899590134620667
Pedestrian 0.0 0 -0.1249212920665741 756.6201782226562 97.76747131347656 815.7434692382812 207.36367797851562 0.9207471 1.8579724 0.6908461 3.112666 0.457065 12.380178 0.12139654159545898 0.27225351333618164
Pedestrian 0.0 0 1.5291309356689453 520.60791015625 114.60872650146484 551.9234619140625 203.3937530517578 0.84634155 1.81816 0.6202882 -1.5019002 0.47044817 14.936912 1.4289181232452393 0.27064570784568787
Pedestrian 0.0 0 3.475220203399658 179.7407989501953 112.2962875366211 264.58538818359375 205.5479736328125 1.3696727 1.7980671 0.5709752 -7.61343 0.48460466 14.021599 2.977783679962158 0.20224550366401672
Cyclist 0.0 0 0.5039771795272827 145.6260528564453 104.50386810302734 240.77786254882812 197.23602294921875 1.5851054 1.7979718 0.4910284 -8.163195 0.32612485 13.96906 -0.024875441566109657 0.3295150697231293
Cyclist 0.0 0 -3.7368886470794678 1097.0711669921875 91.65238189697266 1198.198486328125 204.11575317382812 1.1903034 1.7854944 0.5790009 8.793782 0.37658453 11.542512 -3.0858399868011475 0.3249475955963135
Cyclist 0.0 0 -3.2461471557617188 767.1111450195312 97.59379577636719 835.609619140625 208.64610290527344 1.0829015 1.8741983 0.70503217 3.36926 0.47666264 12.362691 -2.980074644088745 0.14875328540802002
Car 0.0 0 -1.8110454082489014 715.3939819335938 133.62973022460938 809.2413940429688 197.5442352294922 3.9528136 1.6039381 1.6321518 4.228419 0.4293204 19.737862 -1.6000064611434937 0.37593910098075867
Car 0.0 0 -1.9222474098205566 645.6444702148438 138.12733459472656 749.3359985351562 199.9264678955078 3.7542949 1.5209911 1.6005566 2.3833206 0.4797184 19.406708 -1.800050139427185 0.36735042929649353
Car 0.0 0 -1.3139150142669678 499.6384582519531 140.3096160888672 581.2041625976562 195.0584259033203 3.693835 1.5176569 1.5846065 -1.9037124 0.40514186 21.548437 -1.4020320177078247 0.33007749915122986
