Pedestrian 0.0 0 -3.1896657943725586 854.4761962890625 149.95204162597656 910.2085571289062 222.7478485107422 1.2887291 1.7990036 0.562481 7.0746984 1.0205463 18.220467 -2.819300889968872 0.12791895866394043
Cyclist 0.0 0 -1.628485083580017 503.8559265136719 186.7889404296875 518.3939208984375 222.11224365234375 1.4298435 1.6048563 0.5910323 -4.2440495 1.8588659 33.616676 -1.7540689706802368 0.14121760427951813
Cyclist 0.0 0 2.9526047706604004 115.41205596923828 164.18087768554688 161.04180908203125 203.379638671875 1.7083132 1.7917985 0.6370185 -21.70165 1.0010629 33.65292 2.3798465728759766 0.1293257772922516
Car 0.0 0 -0.5234265327453613 329.069580078125 178.40631103515625 460.54376220703125 227.0572509765625 3.863168 1.4647101 1.6034974 -6.729942 1.3726923 23.569368 -0.8015628457069397 0.8547918796539307
Car 0.0 0 0.2807600498199463 0.0 179.92344665527344 159.07940673828125 243.84385681152344 4.276359 1.5477349 1.6538025 -14.33574 1.5107553 18.930477 -0.3673862814903259 0.8198156356811523
Car 0.0 0 -1.4091850519180298 553.7557983398438 169.48988342285156 592.87646484375 198.0807342529297 3.6041636 1.5367495 1.646732 -1.5402255 0.8920424 40.497524 -1.4471993446350098 0.7965233325958252
Car 0.0 0 1.6571261882781982 484.240234375 177.5265655517578 522.0148315429688 210.71490478515625 3.9800532 1.5323342 1.4969244 -4.771242 1.3498036 35.187473 1.5223532915115356 0.15427862107753754
Car 0.0 0 1.432857632637024 643.3585815429688 172.92007446289062 670.3429565429688 193.55311584472656 3.8998091 1.5302156 1.5419185 4.248639 0.8944841 55.26496 1.5095843076705933 0.13695070147514343
Car 0.0 0 -1.4458317756652832 375.9610290527344 157.79820251464844 426.5242004394531 199.1920623779297 4.228066 1.6783133 1.608868 -8.668596 0.7183188 31.330336 -1.715762734413147 0.12397216260433197
Car 0.0 0 1.3450285196304321 539.1688842773438 168.5271453857422 572.679931640625 189.8685760498047 4.055216 1.5517441 1.6613111 -3.4675722 0.60908484 54.408146 1.2813819646835327 0.11624988168478012
Car 0.0 0 -2.7691490650177 382.4496765136719 169.74974060058594 439.70343017578125 188.49522399902344 4.3901906 1.5618752 1.6674528 -16.094482 0.5833154 60.927578 -3.02740740776062 0.10734861344099045
