Pedestrian 0.0 0 -1.8097517490386963 760.4179077148438 145.3019561767578 781.6744384765625 190.15106201171875 0.80913544 1.8006368 0.6708779 6.509889 0.6948142 29.377586 -1.5916818380355835 0.7018063068389893
Pedestrian 0.0 0 1.0812065601348877 1180.0185546875 130.59947204589844 1221.38232421875 200.2985076904297 0.70714945 1.8370364 0.5982815 15.840688 0.7237046 19.419363 1.7654573917388916 0.6541240215301514
Pedestrian 0.0 0 1.3025991916656494 1115.693115234375 109.72685241699219 1172.295654296875 206.7444305419922 0.7919342 1.8160324 0.69550025 10.29065 0.6347388 13.997573 1.9365438222885132 0.639830470085144
Pedestrian 0.0 0 0.2824532985687256 651.1388549804688 145.2726593017578 677.1273193359375 201.4241485595703 0.70901525 1.8085431 0.6075164 1.731656 0.92055345 23.64492 0.3555586338043213 0.4860289692878723
Cyclist 0.0 0 2.0860705375671387 399.5066223144531 135.7357177734375 432.4903564453125 185.4365997314453 1.5372225 1.8635448 0.5452752 -7.519894 0.47214568 27.863745 1.8224695920944214 0.4419201910495758
Car 0.0 0 -0.3071962594985962 686.8233032226562 152.0934600830078 834.5084228515625 207.95892333984375 3.6814663 1.4614637 1.5269539 4.0354066 0.9187171 19.82765 -0.10641434788703918 0.9519372582435608
Car 0.0 0 -0.5638443231582642 805.1112670898438 152.81948852539062 1167.71240234375 282.93023681640625 3.7627485 1.4548849 1.6330712 4.521427 1.2312188 9.068036 -0.10130815207958221 0.9437463283538818
Car 0.0 0 0.5167322158813477 0.0 130.47988891601562 230.2386016845703 263.0068664550781 4.0107946 1.670534 1.5980155 -7.8420315 1.1367561 10.164206 -0.14040887355804443 0.9088908433914185
Car 0.0 0 3.657355785369873 34.368934631347656 154.55020141601562 305.0665588378906 243.7092742919922 3.8293893 1.479831 1.5733942 -7.7132516 1.1763887 12.809724 3.115363836288452 0.8841996192932129
Car 0.0 0 3.407153606414795 252.3536834716797 148.2018585205078 407.9565124511719 201.67742919921875 3.871685 1.4592379 1.6140722 -7.9635677 0.7868899 20.686337 3.039673089981079 0.8681524991989136
Car 0.0 0 -0.34858834743499756 666.6142578125 156.43472290039062 803.8397216796875 205.63572692871094 3.8813124 1.4472605 1.5773914 3.7918553 0.964641 22.345736 -0.18049918115139008 0.806268036365509
Car 0.0 0 0.525693416595459 140.45274353027344 145.79571533203125 348.61395263671875 219.94772338867188 3.7295868 1.5071625 1.5499034 -7.8305035 0.9575523 15.546482 0.05910348892211914 0.7850440144538879
