Pedestrian 0.0 0 -1.4784948825836182 828.8458862304688 152.32064819335938 842.0204467773438 183.15248107910156 0.6934201 1.7955422 0.6798119 13.23711 0.60010636 42.4679 -1.1763418912887573 0.3450932502746582
Pedestrian 0.0 0 -1.6821556091308594 435.6407775878906 152.01536560058594 475.54278564453125 238.51963806152344 0.707389 1.7809311 0.7515163 -3.3328052 1.3522675 15.307459 -1.8965342044830322 0.25650978088378906
Pedestrian 0.0 0 1.5168077945709229 938.7630615234375 133.36752319335938 961.6414184570312 190.05892944335938 1.4228406 1.7920538 0.5967811 11.060059 0.5442176 23.57695 1.9554351568222046 0.2059800773859024
Pedestrian 0.0 0 -3.320526599884033 824.94384765625 154.79669189453125 865.61474609375 194.52786254882812 1.6225662 1.7382864 0.6596106 10.383289 0.9486152 32.001255 -3.0067787170410156 0.16718536615371704
Pedestrian 0.0 0 3.2079622745513916 508.3037109375 126.99121856689453 568.7744140625 186.2909698486328 1.8333968 1.8141108 0.6195439 -2.2517657 0.4114246 22.411234 3.107823371887207 0.11179640144109726
Cyclist 0.0 0 -0.19918261468410492 587.3211059570312 154.70199584960938 631.15087890625 193.936767578125 1.8934364 1.7521394 0.66807246 -0.078701966 0.9418682 32.736397 -0.20158672332763672 0.8297924399375916
Cyclist 0.0 0 3.2057063579559326 508.3649597167969 126.94202423095703 568.8568115234375 186.59100341796875 1.8346517 1.8243309 0.6313946 -2.2494226 0.42049694 22.413513 3.1056811809539795 0.4952270984649658
Cyclist 0.0 0 0.6446489095687866 216.06881713867188 108.1089096069336 319.5946960449219 211.0087127685547 1.7500226 1.8210938 0.51600826 -6.303587 0.67560977 13.192659 0.19891023635864258 0.2935667037963867
Cyclist 0.0 0 -3.320526599884033 824.94384765625 154.79669189453125 865.61474609375 194.52786254882812 1.6225662 1.7382864 0.6596106 10.383289 0.9486152 32.001255 -3.0067787170410156 0.2768983244895935
Cyclist 0.0 0 1.5168077945709229 938.7630615234375 133.36752319335938 961.6414184570312 190.05892944335938 1.4228406 1.7920538 0.5967811 11.060059 0.5442176 23.57695 1.9554351568222046 0.2460366040468216
Car 0.0 0 -1.7854900360107422 793.3120727539062 185.45904541015625 912.9064331054688 262.4288330078125 4.415051 1.432592 1.6266695 5.304478 1.7601085 16.448368 -1.4735276699066162 0.9660723209381104
Car 0.0 0 -2.3007664680480957 0.0 159.96043395996094 344.90826416015625 330.4802551269531 3.4955268 1.5131307 1.633153 -4.8882513 1.3990757 7.656967 -2.868947744369507 0.7043480277061462
Car 0.0 0 -1.8531794548034668 597.739501953125 157.58053588867188 638.5903930664062 182.7460174560547 4.183971 1.6445595 1.6894864 0.47867683 0.6467992 49.391785 -1.843488335609436 0.3419017493724823
Car 0.0 0 2.3998193740844727 630.8338012695312 164.2194061279297 674.119140625 182.64410400390625 3.870622 1.6356412 1.6190013 3.877896 0.8694675 65.90065 2.4585962295532227 0.32698333263397217
Car 0.0 0 1.2310435771942139 620.0902099609375 158.02955627441406 662.9363403320312 183.93234252929688 4.1196685 1.7107412 1.6737763 2.0974388 0.7320227 49.86566 1.273080587387085 0.23996636271476746
