Pedestrian 0.0 0 -1.7671494483947754 1044.390380859375 143.33631896972656 1068.26416015625 195.830322265625 0.47124788 1.8887632 0.65993357 16.21755 0.82705915 26.2945 -1.2144932746887207 0.4102993607521057
Pedestrian 0.0 0 -3.485779285430908 1099.0941162109375 147.4086456298828 1157.5108642578125 229.62225341796875 0.8880378 1.7635406 0.61660475 11.350918 1.2180774 15.892401 -2.865563154220581 0.23054303228855133
Pedestrian 0.0 0 0.1708454191684723 932.5203247070312 171.72779846191406 982.8843383789062 278.57806396484375 0.69423634 1.8162513 0.703493 6.0962505 1.7974658 12.7497425 0.6168582439422607 0.20319455862045288
Pedestrian 0.0 0 -1.7656033039093018 1075.184326171875 147.64756774902344 1100.1982421875 198.98406982421875 0.6305203 1.8161536 0.6387634 17.121605 0.9247724 25.936178 -1.182130217552185 0.20045092701911926
Pedestrian 0.0 0 1.1969554424285889 414.2938537597656 162.4639434814453 446.2829895019531 222.94830322265625 0.85216725 1.8362468 0.7020551 -5.642342 1.5211728 22.453186 0.9507596492767334 0.17495334148406982
Pedestrian 0.0 0 -1.5430761575698853 987.6787719726562 177.5388641357422 1012.8345947265625 237.88232421875 0.65231496 1.7781653 0.6510503 11.733484 1.9228021 21.77324 -1.0487990379333496 0.16934484243392944
Pedestrian 0.0 0 2.55165958404541 1036.576416015625 168.88949584960938 1099.933349609375 286.2155456542969 0.59509224 1.7271942 0.56349254 6.86514 1.6691892 10.909278 3.1133406162261963 0.16492432355880737
Pedestrian 0.0 0 0.8931825160980225 934.7971801757812 159.74423217773438 967.5247802734375 208.44786071777344 0.99117327 1.7887999 0.62511116 12.7401905 1.3076594 27.053297 1.3333042860031128 0.14674699306488037
Pedestrian 0.0 0 2.4073169231414795 1191.30029296875 160.8686981201172 1242.0 273.9985656738281 0.6732788 1.7135684 0.51329535 9.50958 1.5323858 11.19296 3.1115808486938477 0.14300577342510223
Pedestrian 0.0 0 1.2822800874710083 299.6385192871094 152.00315856933594 360.3706970214844 251.84886169433594 0.91804904 1.8833146 0.8912583 -5.5829997 1.4903786 14.243075 0.9087066650390625 0.1371234953403473
Pedestrian 0.0 0 2.058495283126831 1188.672607421875 182.42971801757812 1242.0 334.21392822265625 0.4695154 1.806029 0.6102586 7.6543427 1.9307728 8.999566 2.7632932662963867 0.12620709836483002
Pedestrian 0.0 0 1.4406399726867676 1208.285888671875 154.80172729492188 1241.9227294921875 219.53109741210938 0.5791163 1.8584939 0.6795883 17.96843 1.3405395 21.141567 2.1450817584991455 0.12511512637138367
Pedestrian 0.0 0 0.22177669405937195 807.22216796875 168.2616729736328 836.2245483398438 233.19650268554688 0.63541704 1.7432138 0.66160315 5.768878 1.6202878 19.810595 0.5051422119140625 0.1227179765701294
Pedestrian 0.0 0 1.6507432460784912 354.386474609375 157.88751220703125 396.640869140625 238.34837341308594 1.0951116 1.8388427 0.8714961 -5.595859 1.4971583 17.121433 1.3348538875579834 0.11244794726371765
Car 0.0 0 -1.7991929054260254 676.19921875 179.23240661621094 786.776123046875 252.1348419189453 4.1601024 1.4552734 1.6099175 2.6432362 1.6239761 16.907288 -1.644111156463623 0.9539056420326233
