Pedestrian 0.0 0 1.1544299125671387 794.5505981445312 137.10484313964844 825.4827270507812 198.3313751220703 0.70477575 1.8013823 0.6639085 5.9419518 0.749943 21.623585 1.4226011037826538 0.6941053867340088
Pedestrian 0.0 0 -2.76641583442688 746.7526245117188 150.35520935058594 769.80419921875 194.05833435058594 0.7786197 1.7629751 0.5472634 6.0307455 0.8557369 29.545553 -2.5650649070739746 0.6437388062477112
Pedestrian 0.0 0 -0.318911075592041 687.953369140625 164.3226776123047 701.82275390625 188.08792114257812 0.9095292 1.7582169 0.5156164 6.2921257 1.1274046 53.7225 -0.20231954753398895 0.5859638452529907
Pedestrian 0.0 0 -0.26155826449394226 720.9892578125 156.18243408203125 739.8358764648438 190.66387939453125 0.82094526 1.7695028 0.6558553 6.1996417 0.9143166 37.391018 -0.09724745154380798 0.573268711566925
Pedestrian 0.0 0 3.651737689971924 0.0 117.4463882446289 57.085697174072266 207.93841552734375 0.8763575 1.7530992 0.61911523 -11.724063 0.6800469 14.35657 2.9669361114501953 0.4403643012046814
Pedestrian 0.0 0 0.9438230395317078 807.557861328125 139.1660614013672 840.1057739257812 193.98870849609375 0.9492931 1.8424908 0.63549614 7.2981553 0.71065736 24.800392 1.2300200462341309 0.36300331354141235
Pedestrian 0.0 0 2.743743658065796 700.8078002929688 154.964599609375 717.134521484375 183.3959197998047 0.8736276 1.7885827 0.56925464 6.245688 0.6635385 45.776535 2.879344940185547 0.34121471643447876
Pedestrian 0.0 0 0.838117241859436 56.6484375 115.92977905273438 116.23334503173828 202.9649200439453 0.7948453 1.7239907 0.6035927 -10.686668 0.59679425 14.666967 0.20843935012817383 0.3294839859008789
Pedestrian 0.0 0 0.9119486808776855 992.5621337890625 111.21491241455078 1035.3310546875 179.90867614746094 0.8524046 1.8384956 0.63255095 11.014717 0.18916705 19.777084 1.420107126235962 0.3056561052799225
Pedestrian 0.0 0 -1.7124402523040771 741.1133422851562 168.459716796875 756.6882934570312 209.10252380371094 0.85911167 1.7409202 0.54708797 5.9893775 1.5530503 31.346039 -1.5236430168151855 0.3036488890647888
Pedestrian 0.0 0 1.0668582916259766 821.9503173828125 131.00914001464844 849.7107543945312 182.92523193359375 0.8177188 1.7838538 0.6066524 7.853093 0.34640872 25.251017 1.3683769702911377 0.2714613974094391
Pedestrian 0.0 0 -3.0677387714385986 677.7333374023438 162.400634765625 688.5953979492188 182.9970245361328 0.891838 1.7524002 0.47489676 6.235615 0.86335623 61.69906 -2.9670157432556152 0.26328057050704956
Pedestrian 0.0 0 -0.6670982837677002 1052.5369873046875 113.41094970703125 1107.7186279296875 185.10543823242188 1.1016608 1.9046438 0.6239129 12.666846 0.32583126 19.52676 -0.09164336323738098 0.24844405055046082
Pedestrian 0.0 0 -3.7369117736816406 1165.8150634765625 105.08638763427734 1242.0 175.65245056152344 1.6053644 1.8449092 0.6145323 15.840814 0.0735217 19.242254 -3.0481655597686768 0.10305749624967575
Cyclist 0.0 0 1.7771499156951904 375.96343994140625 128.04714965820312 406.9332275390625 186.5982208251953 1.8730905 1.8251078 0.5950026 -7.1280093 0.42878196 23.44769 1.4820308685302734 0.36181679368019104
Cyclist 0.0 0 1.932207465171814 278.0239562988281 118.42058563232422 327.9588623046875 202.91470336914062 1.716741 1.7836573 0.44979492 -6.869841 0.6349344 16.095854 1.5288063287734985 0.3599662482738495
Cyclist 0.0 0 0.882904052734375 755.4242553710938 143.5884552001953 787.8362426757812 181.48085021972656 1.5952885 1.7477719 0.62317723 7.594245 0.3982678 34.130253 1.1018450260162354 0.35011544823646545
Cyclist 0.0 0 -1.2985564470291138 341.8367919921875 125.86327362060547 384.47369384765625 193.74220275878906 1.8971382 1.8055837 0.6432261 -6.915462 0.55598557 20.155891 -1.6290700435638428 0.2727716565132141
Cyclist 0.0 0 1.740452527999878 400.80517578125 134.66810607910156 426.5191650390625 185.050048828125 1.8504574 1.7582458 0.5975153 -7.137283 0.42597967 26.127533 1.473787546157837 0.2707381546497345
Cyclist 0.0 0 -3.7369117736816406 1165.8150634765625 105.08638763427734 1242.0 175.65245056152344 1.6053644 1.8449092 0.6145323 15.840814 0.0735217 19.242254 -3.0481655597686768 0.2698015570640564
Cyclist 0.0 0 -2.3924875259399414 912.3997802734375 108.39727783203125 979.7515258789062 175.37518310546875 1.8685176 1.8217026 0.5440036 9.508663 0.06893043 20.589655 -1.9598498344421387 0.24643012881278992
Cyclist 0.0 0 0.9558900594711304 807.0015258789062 139.31443786621094 840.0610961914062 194.32733154296875 0.9798224 1.8506029 0.6425239 7.298084 0.722709 24.836828 1.2416870594024658 0.1739538311958313
Cyclist 0.0 0 3.7150449752807617 0.0 120.88279724121094 53.79620361328125 212.07920837402344 0.95547205 1.76743 0.60196424 -11.816191 0.76056135 14.335215 3.0256752967834473 0.16009265184402466
Cyclist 0.0 0 -3.708178997039795 1044.4556884765625 112.80641174316406 1099.4140625 182.2462921142578 1.0875096 1.8532485 0.629179 12.470142 0.25102443 19.569042 -3.1408274173736572 0.14094720780849457
Cyclist 0.0 0 -2.3325562477111816 54.88488006591797 115.5772933959961 118.49285125732422 204.1605224609375 0.87296706 1.7543467 0.61382174 -10.680508 0.6203677 14.666909 -2.9619617462158203 0.105916328728199
Car 0.0 0 1.8183717727661133 472.8251953125 161.78553771972656 508.52239990234375 184.4800262451172 3.998877 1.6169306 1.6823756 -8.822545 0.8286849 53.468155 1.6548396348953247 0.4299655854701996
Car 0.0 0 -1.3990060091018677 670.8800659179688 164.71380615234375 697.507568359375 184.0363006591797 4.004422 1.6418561 1.6712897 6.5361032 0.9505308 63.460983 -1.2963738441467285 0.3698899447917938
Car 0.0 0 -2.073376178741455 703.0116577148438 161.88929748535156 750.9119873046875 185.93296813964844 3.9467423 1.6407901 1.6657746 8.247545 0.89289355 51.37506 -1.914198398590088 0.29522889852523804
