Car 0.0 0 0.5648348927497864 0.0 193.41488647460938 294.6038513183594 316.00872802734375 3.8277864 1.5413034 1.629466 -6.7881956 1.8571477 10.21225 -0.021812614053487778 0.9727888107299805
Car 0.0 0 -1.8272230625152588 669.2188110351562 188.59078979492188 749.5263671875 245.031005859375 3.3570502 1.4671136 1.5506935 2.827211 1.9748499 21.498285 -1.6964647769927979 0.9715622067451477
Car 0.0 0 -1.719738483428955 639.2535400390625 184.1400604248047 691.078369140625 222.33816528320312 4.09988 1.4721944 1.6250992 2.2702966 1.9928712 31.156301 -1.6469991207122803 0.930103600025177
Car 0.0 0 -2.7553551197052 233.84974670410156 192.3592071533203 436.1622314453125 257.9214172363281 4.245871 1.4525019 1.6595019 -6.569337 1.9469094 17.390484 -3.1165387630462646 0.9255305528640747
Car 0.0 0 3.6071014404296875 70.66094970703125 191.70704650878906 343.29461669921875 291.4320373535156 3.80363 1.5599718 1.6199769 -6.8675857 1.9099098 12.496504 3.10459566116333 0.9067367315292358
Car 0.0 0 -2.694390296936035 975.3117065429688 194.45272827148438 1242.0 347.8500671386719 3.3626187 1.4661484 1.5825027 6.696531 1.7996402 9.271039 -2.068849802017212 0.8658367395401001
Car 0.0 0 -2.7921557426452637 357.5332336425781 189.99888610839844 480.0323486328125 237.46295166015625 3.6790466 1.4957442 1.5999472 -6.4570203 2.0987043 24.394356 -3.050914764404297 0.8644642233848572
Car 0.0 0 3.269766330718994 448.98785400390625 179.22994995117188 516.3629760742188 209.23239135742188 3.4973269 1.6092179 1.6297029 -7.047916 1.9707363 39.9732 3.0952439308166504 0.7982990741729736
Car 0.0 0 -2.563234329223633 328.4232482910156 190.69430541992188 459.46112060546875 242.58961486816406 3.6357546 1.4545593 1.5382363 -6.7139225 2.0381024 22.332523 -2.8552730083465576 0.7810218334197998
Car 0.0 0 0.3596358299255371 295.4421081542969 192.4252471923828 446.2687072753906 254.2020263671875 3.5879936 1.5683104 1.5810751 -6.5112715 2.1271691 19.724602 0.04078984260559082 0.7516574263572693
Car 0.0 0 -2.9204657077789307 434.56781005859375 190.86509704589844 523.7102661132812 221.9936065673828 3.9886076 1.423072 1.5961287 -6.321494 2.316243 34.883186 -3.0997390747070312 0.728463351726532
