Car 0.0 0 -1.7551324367523193 675.9114379882812 183.80726623535156 792.4515380859375 263.81903076171875 4.3838134 1.4123169 1.6416645 2.4519076 1.6824361 15.55357 -1.5987764596939087 0.978257954120636
Car 0.0 0 -2.6155548095703125 117.48697662353516 193.21917724609375 387.42828369140625 286.53619384765625 3.9452388 1.4522359 1.61348 -6.1635942 1.834423 12.581734 -3.0710771083831787 0.9538186192512512
Car 0.0 0 -2.541778326034546 0.0 197.84417724609375 307.6665344238281 312.8644104003906 4.1251516 1.4091982 1.5873626 -6.6457424 1.7850906 10.0174055 -3.1275296211242676 0.9447785019874573
Car 0.0 0 0.4757523238658905 245.68496704101562 185.8928985595703 422.937744140625 255.61642456054688 3.7949157 1.5917759 1.5741557 -6.7945366 1.9324446 17.835333 0.11176729202270508 0.925696074962616
Car 0.0 0 -1.6549979448318481 648.6539306640625 180.019775390625 692.67431640625 217.25498962402344 3.576506 1.4532403 1.5547367 2.4805624 1.7756865 30.638111 -1.5742108821868896 0.8837588429450989
Car 0.0 0 3.297567129135132 408.4959716796875 184.22853088378906 504.2367858886719 217.0515899658203 4.194328 1.4698019 1.6398013 -7.192436 2.0189996 33.882378 3.088395595550537 0.875455379486084
Car 0.0 0 3.543327569961548 177.39044189453125 198.45086669921875 390.9974365234375 277.9021301269531 3.7641025 1.5142863 1.5524466 -6.7424912 2.0785978 15.083106 3.1229522228240967 0.8075622916221619
Car 0.0 0 0.3209301829338074 378.7514343261719 186.1969451904297 499.003173828125 228.91030883789062 4.087524 1.5106409 1.6693858 -6.4310303 2.0320148 27.159962 0.08842873573303223 0.6291257739067078
Car 0.0 0 -3.2478840351104736 680.1551513671875 179.58656311035156 730.6589965820312 200.38548278808594 3.755285 1.583911 1.6683835 7.400968 2.1187012 56.393623 -3.117392063140869 0.5939438939094543
Car 0.0 0 -1.648188591003418 643.5770874023438 177.58741760253906 681.568603515625 211.12586975097656 3.5503154 1.5514202 1.5927421 2.5136254 1.7973974 35.65745 -1.577811360359192 0.5900278687477112
Car 0.0 0 1.6535499095916748 516.8484497070312 182.8838653564453 543.8921508789062 206.50296020507812 3.4247801 1.4515353 1.4953365 -5.245569 2.13689 47.54314 1.5436615943908691 0.5391224026679993
