Pedestrian 0.0 0 -1.6781598329544067 559.2316284179688 163.41488647460938 622.0213012695312 313.1932678222656 0.9736733 1.7036059 0.6512756 -0.1971961 1.4992532 8.692807 -1.700840950012207 0.8501259684562683
Pedestrian 0.0 0 1.004806637763977 648.3135986328125 163.6553955078125 717.47119140625 281.13079833984375 0.92489064 1.7801775 0.7076982 1.2436237 1.5110716 11.453983 1.1129586696624756 0.8320949673652649
Pedestrian 0.0 0 -1.848328709602356 930.4002075195312 155.03236389160156 1079.5679931640625 374.0 0.7032029 1.509325 0.61551857 2.3677273 1.3642619 4.3828015 -1.3530162572860718 0.8144664764404297
Pedestrian 0.0 0 1.4573278427124023 191.43650817871094 157.23193359375 235.8335418701172 252.4581298828125 0.8846596 1.8006232 0.67058766 -7.6767445 1.3429992 14.134971 0.9597952365875244 0.8030412197113037
Pedestrian 0.0 0 1.0242975950241089 763.0197143554688 166.47964477539062 848.0064697265625 311.2507629394531 0.85867435 1.4815052 0.5158474 2.1572073 1.3291601 7.8320155 1.2930676937103271 0.7218292355537415
Pedestrian 0.0 0 -2.844722270965576 716.0072631835938 157.3594207763672 819.1558837890625 337.8822021484375 0.8535401 1.6605262 0.603716 1.5920234 1.4398481 7.0785303 -2.6234946250915527 0.715107798576355
Pedestrian 0.0 0 -2.836435556411743 687.3563842773438 165.37030029296875 756.7947387695312 273.21173095703125 1.0497395 1.7819806 0.5962936 2.0376017 1.5167398 12.370207 -2.673182964324951 0.7012542486190796
Pedestrian 0.0 0 -1.6684075593948364 408.5770263671875 155.42410278320312 455.2254943847656 251.7092742919922 0.9832984 1.727468 0.75522715 -3.2316499 1.2609066 13.473229 -1.9038174152374268 0.6973056793212891
Pedestrian 0.0 0 -2.2581980228424072 606.7874145507812 162.21458435058594 639.2760620117188 219.15652465820312 0.91465026 1.810605 0.6161027 0.67363715 1.1984806 23.388765 -2.2294042110443115 0.6892777681350708
Pedestrian 0.0 0 -1.690916895866394 637.3200073242188 164.29806518554688 658.539794921875 214.437255859375 0.9403206 1.7528249 0.6443358 1.6278285 1.1525227 25.597422 -1.6274089813232422 0.5961480736732483
Pedestrian 0.0 0 1.3232297897338867 882.8009643554688 147.91685485839844 979.3693237304688 369.45953369140625 0.7044818 1.7172792 0.5664959 2.6591103 1.4583558 5.9610567 1.7428194284439087 0.5474795699119568
Pedestrian 0.0 0 -1.610907793045044 562.1265258789062 170.9188995361328 601.7272338867188 253.49571228027344 0.7018681 1.5638173 0.7395893 -0.42799744 1.3646936 13.977206 -1.64151930809021 0.4017656445503235
Pedestrian 0.0 0 -3.1253840923309326 689.0289916992188 154.4751434326172 710.35205078125 209.51998901367188 0.6844261 1.7795081 0.55993843 3.199022 0.9069344 23.548285 -2.990361213684082 0.3590205907821655
Pedestrian 0.0 0 1.2554378509521484 775.2151489257812 142.3169403076172 804.835205078125 196.12228393554688 1.2298013 1.8816422 0.6762503 6.727189 0.512423 25.752506 1.5109527111053467 0.3393467962741852
Pedestrian 0.0 0 1.3585941791534424 688.7049560546875 187.405517578125 720.2274780273438 247.46868896484375 0.77337146 1.656189 0.7332383 2.8735723 1.8276033 20.297586 1.4992316961288452 0.31804797053337097
Pedestrian 0.0 0 0.8614258766174316 155.34783935546875 163.16151428222656 218.4942626953125 263.9417419433594 0.8200127 1.7743719 0.6074008 -7.575617 1.4527729 13.066549 0.3360128402709961 0.3134617805480957
Pedestrian 0.0 0 -3.3757247924804688 750.152587890625 152.28253173828125 878.653564453125 291.5806579589844 1.4863997 1.741599 0.6636224 2.6922681 1.3776394 9.34441 -3.0952067375183105 0.17504283785820007
Cyclist 0.0 0 -1.1866092681884766 484.19464111328125 161.8569793701172 510.63079833984375 204.61407470703125 1.7471383 1.7006925 0.45422265 -4.270483 0.9203826 29.472162 -1.330506682395935 0.47734418511390686
Cyclist 0.0 0 -3.3757247924804688 750.152587890625 152.28253173828125 878.653564453125 291.5806579589844 1.4863997 1.741599 0.6636224 2.6922681 1.3776394 9.34441 -3.0952067375183105 0.3822033405303955
Cyclist 0.0 0 -1.668427586555481 409.064697265625 157.7538604736328 453.5318603515625 255.28480529785156 1.0714276 1.7452366 0.70585775 -3.243961 1.32159 13.473197 -1.904701828956604 0.29478171467781067
Cyclist 0.0 0 1.267707347869873 774.9940185546875 140.166015625 804.2332153320312 193.36325073242188 1.2088864 1.8610424 0.681355 6.71143 0.4160846 25.747616 1.522695541381836 0.20908977091312408
Car 0.0 0 1.7164769172668457 487.0364074707031 172.1426544189453 570.3003540039062 232.89161682128906 4.222816 1.5277385 1.7254924 -1.9584421 1.2935991 20.213552 1.619890809059143 0.959678053855896
Car 0.0 0 1.6240105628967285 554.097412109375 168.2897491455078 573.455810546875 185.6814422607422 3.8579786 1.5901215 1.6185734 -3.479665 0.3826822 67.60517 1.5725855827331543 0.34202858805656433
