Car 0.0 0 -1.6984754800796509 651.0215454101562 168.76893615722656 699.2794799804688 206.39968872070312 3.7504625 1.5121912 1.5798587 2.6876166 1.3483907 30.898191 -1.6117109060287476 0.9555351734161377
Car 0.0 0 3.6026718616485596 89.55757141113281 175.4961395263672 361.3721618652344 279.02105712890625 3.7322068 1.6323538 1.6870861 -6.443985 1.6810064 12.302672 3.120175838470459 0.9483556747436523
Car 0.0 0 -1.9525729417800903 754.5065307617188 149.7194061279297 1086.8861083984375 349.78466796875 4.1680727 1.5594727 1.650156 2.8024158 1.3795006 7.732448 -1.6048741340637207 0.9454363584518433
Car 0.0 0 -1.7312591075897217 680.7190551757812 168.6739044189453 769.8298950195312 234.93606567382812 3.7572124 1.5571159 1.6880811 2.8466113 1.4592447 18.840273 -1.5813015699386597 0.940772294998169
Car 0.0 0 -1.8172849416732788 707.8844604492188 177.5732879638672 845.7306518554688 267.15521240234375 3.65686 1.4083593 1.5973123 2.8730483 1.5084604 13.391745 -1.6059496402740479 0.9311878681182861
Car 0.0 0 3.59486722946167 0.0 180.3278350830078 292.0071716308594 302.8246765136719 3.4797626 1.4972104 1.5455602 -6.490277 1.6105744 9.921755 3.015583038330078 0.8797751069068909
Car 0.0 0 -2.4091556072235107 0.0 189.5555877685547 230.05308532714844 344.1727294921875 3.9242735 1.3899884 1.4969823 -6.332841 1.5817596 7.4621186 -3.1128742694854736 0.8199237585067749
Car 0.0 0 3.9205217361450195 0.0 224.80577087402344 137.0612030029297 375.0 3.99057 1.4057117 1.5416795 -5.921711 1.8390071 5.076161 3.0583913326263428 0.8010215163230896
Car 0.0 0 3.5159292221069336 220.35220336914062 156.6875457763672 417.53399658203125 228.48837280273438 3.959364 1.596476 1.6094509 -6.7389464 1.2373766 16.857027 3.135620594024658 0.7256609797477722
Car 0.0 0 0.38849520683288574 158.83802795410156 156.55548095703125 413.71923828125 250.7227783203125 4.3516073 1.7739837 1.7176237 -6.398932 1.4672999 14.50712 -0.026923708617687225 0.6686187386512756
Car 0.0 0 -2.799981117248535 322.04486083984375 167.5496368408203 472.13104248046875 223.3827667236328 3.9941192 1.5993657 1.626985 -6.3452406 1.4477779 21.589561 -3.0858352184295654 0.6662785410881042
Car 0.0 0 -1.5784059762954712 644.0927734375 169.0334930419922 672.0137329101562 195.39341735839844 3.5989246 1.4513974 1.535663 2.7160447 1.2413954 41.56639 -1.5131564140319824 0.6557644009590149
Car 0.0 0 0.6099090576171875 293.2464599609375 172.3018035888672 460.5989074707031 232.2940673828125 4.1173644 1.4999967 1.5793728 -6.2957125 1.4865482 19.393871 0.2960174083709717 0.6451954245567322
