Pedestrian 0.0 0 0.15650054812431335 692.713134765625 171.3353271484375 703.0855712890625 196.67724609375 0.65767384 1.850007 0.6971353 6.4429655 1.7394987 53.096096 0.2772555351257324 0.5240331888198853
Pedestrian 0.0 0 1.2995318174362183 760.8731689453125 151.9780731201172 778.1111450195312 187.30038452148438 0.7981846 1.8128158 0.6836298 8.2361765 0.74177736 37.445282 1.5160366296768188 0.3837290108203888
Pedestrian 0.0 0 2.3702385425567627 986.2557373046875 151.55718994140625 1008.757568359375 188.63673400878906 0.80836153 1.8052211 0.56818336 19.031635 0.76874185 35.509914 2.8622329235076904 0.3414914011955261
Cyclist 0.0 0 1.1617673635482788 870.0839233398438 120.61133575439453 913.5499877929688 176.9481964111328 1.7092421 1.7138549 0.6496689 8.840587 0.12490988 22.814285 1.5314536094665527 0.47867631912231445
Cyclist 0.0 0 2.359494686126709 140.87890625 150.67385864257812 179.9402313232422 186.3754119873047 1.8619033 1.9192967 0.7205813 -24.799095 0.7272618 39.77549 1.8019914627075195 0.4705176055431366
Cyclist 0.0 0 2.576225996017456 828.6271362304688 136.34913635253906 873.0308227539062 183.50950622558594 1.5728494 1.8077095 0.5870888 9.34431 0.4087958 28.12988 2.896942138671875 0.40388867259025574
Cyclist 0.0 0 -3.186863660812378 701.5643310546875 163.3884735107422 719.3289184570312 182.44647216796875 1.6390572 1.7936972 0.59925705 9.483171 0.90318084 68.28109 -3.0488622188568115 0.35549020767211914
Car 0.0 0 1.985543131828308 271.9635314941406 191.31594848632812 332.1051940917969 224.53048706054688 3.486424 1.5658032 1.6242045 -16.062643 2.5760617 37.713673 1.5829017162322998 0.9378433227539062
Car 0.0 0 2.1466121673583984 41.91734313964844 200.62612915039062 166.501953125 249.58682250976562 4.352932 1.5823867 1.8903931 -19.499409 2.7464314 28.02492 1.5387184619903564 0.9117026329040527
Car 0.0 0 -0.3065651059150696 1041.971923828125 168.86920166015625 1127.93408203125 194.6667938232422 4.1604395 1.5631398 1.7256287 29.58036 1.3220484 45.110195 0.2738316059112549 0.45303773880004883
Car 0.0 0 0.3256015181541443 1172.539794921875 93.8309097290039 1242.0 231.60775756835938 4.142514 1.6703632 1.689041 11.33668 0.7126699 10.978182 1.1270637512207031 0.3937396705150604
Car 0.0 0 1.4363501071929932 739.1738891601562 167.3199920654297 776.3509521484375 194.72885131835938 4.197084 1.6317465 1.7199128 9.149512 1.302645 45.103405 1.6364905834197998 0.3701836168766022
Car 0.0 0 2.0478568077087402 0.0 162.30006408691406 22.24029541015625 205.45889282226562 4.105697 1.4913677 1.6597664 -24.220243 1.1270311 27.125109 1.3189733028411865 0.3674125671386719
Car 0.0 0 -0.7969062924385071 780.3037109375 166.01434326171875 859.3382568359375 196.90179443359375 3.8244967 1.490525 1.6274445 10.5800705 1.1608241 36.465668 -0.5145217180252075 0.32366815209388733
