Cyclist 0.0 0 -0.019248798489570618 418.4334716796875 175.6796875 461.4228210449219 220.0172119140625 1.7624506 1.8489388 0.7112906 -7.2844377 1.9718324 30.722513 -0.2520539164543152 0.39460158348083496
Car 0.0 0 -2.2213447093963623 567.546630859375 198.45864868164062 965.1288452148438 375.0 3.4545412 1.4168069 1.5476497 1.0031304 1.7096776 6.352567 -2.0647284984588623 0.9661639332771301
Car 0.0 0 -1.9611215591430664 444.4548645019531 207.04156494140625 657.2754516601562 349.1899719238281 4.0915103 1.4578391 1.6117032 -1.1333985 2.0653896 10.6296215 -2.0673465728759766 0.9538159370422363
Car 0.0 0 -1.8582783937454224 384.6335144042969 208.69667053222656 517.072509765625 304.6930847167969 3.7320452 1.4905626 1.6148348 -3.4133744 2.3233032 14.732058 -2.0859580039978027 0.9528826475143433
Car 0.0 0 -1.7912633419036865 327.03759765625 203.28836059570312 420.06353759765625 277.2558898925781 3.2425153 1.6045884 1.6367024 -6.321715 2.4807978 18.950947 -2.113238573074341 0.9343108534812927
Car 0.0 0 1.7105001211166382 0.0 226.51605224609375 100.8487777709961 336.7257995605469 3.7800682 1.4902909 1.58648 -10.924486 2.6655688 13.763765 1.0396041870117188 0.8113195896148682
Car 0.0 0 -1.5303425788879395 78.95626068115234 213.04591369628906 149.43243408203125 274.6856689453125 3.5387216 1.6001525 1.7263587 -15.920382 3.0041697 23.23861 -2.1309869289398193 0.7539032101631165
Car 0.0 0 1.7770414352416992 0.0 231.71966552734375 46.810298919677734 375.0 3.9010415 1.4295244 1.7314936 -7.4050593 2.2299151 7.6911473 1.010591983795166 0.7261709570884705
Car 0.0 0 -1.199183464050293 1197.546142578125 159.29013061523438 1242.0 185.63719177246094 3.6168826 1.4731283 1.5304995 35.871586 0.71509767 41.867413 -0.4907606244087219 0.43938112258911133
Car 0.0 0 -1.7455682754516602 272.2796325683594 207.69435119628906 331.46295166015625 250.62432861328125 3.6618426 1.4743574 1.6400436 -12.886697 3.017752 29.972664 -2.151622772216797 0.41635528206825256
