Pedestrian 0.0 0 -1.1493251323699951 798.7835083007812 143.81011962890625 823.775634765625 197.69027709960938 0.63811547 1.9013551 0.66215634 7.1869116 0.87679523 25.916222 -0.8788095712661743 0.21594037115573883
Pedestrian 0.0 0 2.267176628112793 145.34109497070312 165.7077178955078 194.364501953125 260.9193420410156 0.5337273 1.726348 0.5664104 -8.210933 1.5971318 13.385217 1.7169386148452759 0.20606403052806854
Pedestrian 0.0 0 0.7038463950157166 1045.2978515625 131.09188842773438 1082.366455078125 186.23245239257812 0.9242746 1.8952379 0.61266994 15.880673 0.4601892 25.330347 1.2638413906097412 0.1912747472524643
Pedestrian 0.0 0 -2.4903664588928223 189.93295288085938 114.216796875 264.62945556640625 220.6138458251953 0.9841448 1.7314403 0.531218 -6.4519296 0.77757233 12.080026 -2.980919599533081 0.10544057190418243
Pedestrian 0.0 0 -1.396411418914795 307.436767578125 133.786376953125 350.2596740722656 223.57371520996094 0.93817455 1.8429626 0.6982933 -6.0117598 1.041424 15.336342 -1.7699973583221436 0.10384336858987808
Pedestrian 0.0 0 0.5177717208862305 406.4246520996094 174.58169555664062 438.6668701171875 211.4635772705078 1.3884311 1.7274755 0.55839527 -8.944715 1.8110111 34.284645 0.26256489753723145 0.10329998284578323
Cyclist 0.0 0 3.5498924255371094 168.34686279296875 112.51699829101562 292.3609313964844 225.7329864501953 1.7465397 1.8184105 0.52949876 -6.296278 0.8496697 11.917944 3.0638601779937744 0.16660425066947937
Cyclist 0.0 0 1.458287000656128 414.07568359375 173.92262268066406 429.44390869140625 211.0594024658203 1.6236925 1.7206522 0.52583146 -9.002718 1.7731189 34.32922 1.2018158435821533 0.13014370203018188
Car 0.0 0 1.2080037593841553 743.512939453125 185.10507202148438 1065.978271484375 375.0 3.6176631 1.4466852 1.5693203 2.4172876 1.5975053 7.026271 1.5393552780151367 0.9785545468330383
Car 0.0 0 2.2882025241851807 485.7569580078125 180.5538330078125 682.7346801757812 271.47088623046875 4.285393 1.5630801 1.6584793 -0.4306414 1.7463164 14.953079 2.259410858154297 0.9439385533332825
Car 0.0 0 -2.505305767059326 914.7821655273438 176.4596405029297 1242.0 375.0 3.7313056 1.4922361 1.5989479 2.546333 1.513 2.1648703 -1.639114499092102 0.5755713582038879
