Pedestrian 0.0 0 -1.8535997867584229 856.57568359375 104.45182037353516 914.3392944335938 225.05328369140625 0.64909214 1.7176306 0.6359103 3.9886425 0.7437905 10.621419 -1.49436616897583 0.7156214714050293
Pedestrian 0.0 0 2.0501508712768555 145.27674865722656 116.48851776123047 185.78359985351562 197.47518920898438 0.58890665 1.7268368 0.5405694 -9.711964 0.5253427 15.696044 1.4960569143295288 0.6737557053565979
Car 0.0 0 -1.8777635097503662 691.8318481445312 187.9519500732422 825.3638916015625 274.2145080566406 3.600504 1.4458133 1.5972394 2.8060186 1.7917405 14.630713 -1.68827486038208 0.9651965498924255
Car 0.0 0 -1.6964685916900635 651.2289428710938 181.76437377929688 716.7750244140625 231.2948455810547 4.3030996 1.4697087 1.6498032 2.3575838 1.7978371 24.364489 -1.6000057458877563 0.9521204829216003
Car 0.0 0 3.679610252380371 0.0 195.72958374023438 340.7945861816406 305.89801025390625 4.06458 1.4309077 1.5904903 -6.300891 1.789652 10.501276 3.1391820907592773 0.950171172618866
Car 0.0 0 -2.695148229598999 241.4805145263672 188.13919067382812 426.2098083496094 255.28358459472656 3.8823574 1.4995744 1.5790062 -6.663678 1.8905423 17.48938 -3.0591800212860107 0.88111412525177
Car 0.0 0 3.4488539695739746 283.7996826171875 186.64883422851562 436.3084411621094 243.89059448242188 3.6767123 1.4828075 1.5669312 -6.8600054 1.8798113 19.915565 3.1171278953552246 0.7833240628242493
Car 0.0 0 0.22456815838813782 384.6796569824219 188.00096130371094 508.1619873046875 226.3575439453125 4.4163194 1.4082687 1.6111635 -6.3092575 2.0122502 27.94028 0.002480745315551758 0.7750424146652222
Car 0.0 0 3.55607008934021 181.0357666015625 196.29066467285156 389.58544921875 271.4507751464844 3.6710553 1.4403268 1.5334156 -6.727607 1.955939 15.084289 3.1365468502044678 0.7684652209281921
Car 0.0 0 0.49914976954460144 120.16022491455078 195.2556915283203 370.2524108886719 285.2117614746094 3.7189 1.4539642 1.5182573 -6.452145 1.8803146 12.894007 0.03518319129943848 0.7476053833961487
Car 0.0 0 -1.7084981203079224 640.248046875 180.1410675048828 684.1988525390625 212.87973022460938 3.94436 1.4680961 1.6047047 2.4568105 1.8451661 35.275578 -1.6389641761779785 0.7302623391151428
Car 0.0 0 3.3463473320007324 415.55322265625 168.74342346191406 501.2187805175781 205.58270263671875 3.576003 1.6422639 1.6331719 -6.922209 1.4593762 32.983166 3.1394786834716797 0.7027711868286133
Car 0.0 0 0.3789960741996765 323.1683654785156 185.14736938476562 459.3690490722656 235.78770446777344 3.730394 1.4711779 1.5413723 -6.7603517 1.8679076 22.335203 0.08508515357971191 0.6713719964027405
Car 0.0 0 -1.68575119972229 820.5886840820312 150.17835998535156 867.2350463867188 185.40673828125 3.6173518 1.5278119 1.6274315 10.668915 0.54475427 33.221886 -1.3750134706497192 0.651766300201416
