Pedestrian 0.0 0 1.6949323415756226 727.1996459960938 128.58660888671875 753.3171997070312 188.51553344726562 0.9507844 1.8361816 0.69684535 4.0519857 0.48021662 22.662016 1.8718634843826294 0.5772325396537781
Pedestrian 0.0 0 1.4887962341308594 747.1168212890625 124.64568328857422 776.4431762695312 184.9706573486328 1.0588368 1.6695085 0.72924006 4.2615714 0.3356893 20.536032 1.6934089660644531 0.5739580988883972
Pedestrian 0.0 0 1.5893115997314453 320.1692199707031 130.95709228515625 346.2135009765625 196.5137176513672 0.9923367 1.781082 0.6641971 -7.780026 0.6431597 20.180311 1.221345067024231 0.3567427694797516
Pedestrian 0.0 0 -1.8568059206008911 692.541259765625 159.09495544433594 714.4876098632812 201.3905487060547 0.74604565 1.8132906 0.76555014 4.0193315 1.2237725 31.35969 -1.7293322086334229 0.34065696597099304
Pedestrian 0.0 0 -1.154036045074463 58.52019500732422 74.57938385009766 180.29025268554688 242.98753356933594 1.6394815 1.7126445 0.52350795 -5.5521574 0.71358824 8.188266 -1.7498867511749268 0.11586352437734604
Pedestrian 0.0 0 -1.0222368240356445 121.5572280883789 101.427978515625 238.2250213623047 239.71734619140625 1.742267 1.758042 0.570219 -5.9727483 0.8503768 10.044521 -1.5586966276168823 0.1065337061882019
Cyclist 0.0 0 -1.080650806427002 132.3261260986328 95.25454711914062 244.5556640625 235.59840393066406 1.8321953 1.810239 0.5793332 -5.9602656 0.80967265 10.230364 -1.6081819534301758 0.7300618886947632
Cyclist 0.0 0 3.029836416244507 411.5719909667969 155.7252655029297 450.97357177734375 193.55838012695312 1.7806636 1.7911823 0.65888846 -8.653575 0.9805921 34.776775 2.7859573364257812 0.6539739966392517
Cyclist 0.0 0 -1.154036045074463 58.52019500732422 74.57938385009766 180.29025268554688 242.98753356933594 1.6394815 1.7126445 0.52350795 -5.5521574 0.71358824 8.188266 -1.7498867511749268 0.33423465490341187
Cyclist 0.0 0 1.5578603744506836 738.85693359375 128.19078063964844 769.0451049804688 186.84378051757812 1.1284161 1.7515402 0.88737565 4.3682966 0.41813165 22.179396 1.7523243427276611 0.10394792258739471
Car 0.0 0 1.7400486469268799 471.3099670410156 173.39651489257812 535.4978637695312 218.751220703125 3.772469 1.4124761 1.5325848 -3.5696259 1.4326265 24.417707 1.5948868989944458 0.9334548711776733
Car 0.0 0 2.188061237335205 0.0 197.22052001953125 325.0673522949219 375.0 3.4913898 1.4642055 1.564154 -3.5071304 1.6923592 4.9931726 1.575736403465271 0.8760719299316406
Car 0.0 0 2.948366165161133 118.77531433105469 170.65147399902344 332.8222961425781 245.6287384033203 4.2948327 1.5943778 1.7629187 -9.204628 1.5478994 17.376703 2.461233377456665 0.8516945838928223
Car 0.0 0 2.9295151233673096 455.46240234375 168.67921447753906 524.3901977539062 192.8473358154297 4.209765 1.5325171 1.6122757 -7.8975034 1.2681493 47.27587 2.7639920711517334 0.4524044394493103
Car 0.0 0 1.4538614749908447 511.6387023925781 165.4958038330078 538.3572998046875 184.56077575683594 4.2526407 1.4803172 1.6522814 -6.925306 0.9093409 58.281975 1.3355919122695923 0.40576717257499695
Car 0.0 0 1.7178645133972168 418.6756286621094 171.0856475830078 446.2497253417969 189.5462188720703 3.9022262 1.4015507 1.5541953 -13.961419 1.2676519 56.792763 1.4768134355545044 0.36158597469329834
Car 0.0 0 0.034734636545181274 351.1615295410156 157.02642822265625 413.5685729980469 185.7515411376953 3.260658 1.555198 1.6406454 -12.69795 0.69864035 40.288074 -0.2705889046192169 0.3444986939430237
