Pedestrian 0.0 0 -0.7077405452728271 1053.9735107421875 120.03292083740234 1101.5455322265625 202.6044464111328 0.63662744 1.6901792 0.53879935 9.717542 0.6093279 15.076457 -0.13520564138889313 0.45853790640830994
Pedestrian 0.0 0 1.2221405506134033 895.2092895507812 121.0602035522461 929.030517578125 183.96987915039062 0.8100654 1.7462384 0.6443755 8.504578 0.30891111 20.444883 1.6163429021835327 0.3101922273635864
Pedestrian 0.0 0 -1.824295163154602 925.0014038085938 129.2113494873047 960.3508911132812 192.72171020507812 0.7782804 1.7075248 0.70847297 9.09088 0.53451675 19.841536 -1.3946644067764282 0.28849083185195923
Pedestrian 0.0 0 -3.3150479793548584 980.6331176757812 108.9163818359375 1032.829833984375 187.25831604003906 0.9646351 1.7629256 0.6111824 9.106077 0.3244978 16.678059 -2.8152875900268555 0.27446773648262024
Pedestrian 0.0 0 -3.6473159790039062 1082.359619140625 116.77010345458984 1129.557861328125 197.74444580078125 0.6924369 1.7375287 0.50275546 10.77706 0.5344511 15.762604 -3.0476064682006836 0.22992245852947235
Pedestrian 0.0 0 1.6492915153503418 856.603759765625 144.94622802734375 876.1624145507812 196.03819274902344 1.6221861 1.7550304 0.5318163 9.072977 0.79674524 25.631517 1.9895051717758179 0.1618441641330719
Cyclist 0.0 0 1.9609534740447998 107.04824829101562 175.74407958984375 144.105712890625 221.05140686035156 1.9543347 1.8345298 0.59795636 -20.399935 1.9605783 30.359905 1.3693113327026367 0.7155249714851379
Cyclist 0.0 0 2.0924744606018066 142.756103515625 154.93798828125 178.73565673828125 191.2067108154297 1.8129368 1.7233173 0.67827106 -21.93343 0.8723917 35.199245 1.5352267026901245 0.3720201551914215
Cyclist 0.0 0 1.9743318557739258 76.28767395019531 158.5154266357422 113.54396057128906 198.95956420898438 1.737664 1.719604 0.70372313 -22.57678 1.1103146 31.599771 1.3539668321609497 0.30170825123786926
Cyclist 0.0 0 1.6931633949279785 856.2157592773438 148.0267333984375 877.9758911132812 198.78591918945312 1.67227 1.7383683 0.5290307 9.078754 0.8884576 25.574196 2.034282684326172 0.2666763365268707
Cyclist 0.0 0 -3.3480827808380127 977.901123046875 107.57990264892578 1035.39404296875 187.3880615234375 1.0594969 1.7940339 0.6097075 9.093553 0.32707396 16.661844 -2.84849214553833 0.1630643606185913
Car 0.0 0 2.0319533348083496 223.9373321533203 185.6391143798828 293.85040283203125 220.2376708984375 3.4057581 1.4302826 1.4983343 -15.919038 2.042151 32.798553 1.5800879001617432 0.9181826710700989
Car 0.0 0 1.5281301736831665 712.9149780273438 159.89080810546875 733.2073974609375 179.3546142578125 3.7559788 1.6037741 1.5420965 9.572116 0.53599423 61.402714 1.6827762126922607 0.4470069706439972
Car 0.0 0 1.9976752996444702 387.8646240234375 178.01670837402344 420.0362243652344 194.66769409179688 3.7755759 1.5409956 1.5806707 -19.965326 2.0563438 69.98788 1.7197879552841187 0.35090991854667664
Car 0.0 0 1.9178578853607178 357.6943664550781 165.68601989746094 391.7900695800781 184.56117248535156 4.17542 1.6983976 1.6936554 -21.828146 1.0537759 67.035614 1.6030652523040771 0.30261602997779846
Car 0.0 0 2.010560989379883 300.02935791015625 170.70262145996094 353.2945861816406 199.0337677001953 4.5663233 1.8995498 1.7020773 -19.860935 1.7556614 50.709633 1.6372648477554321 0.2575206160545349
Car 0.0 0 1.146655797958374 193.09222412109375 169.18557739257812 233.07032775878906 185.18338012695312 4.3765707 1.4492749 1.6073061 -37.070793 1.1173016 67.31853 0.6432926654815674 0.25036704540252686
Car 0.0 0 2.046102523803711 251.8912353515625 182.35601806640625 305.4917907714844 210.04026794433594 3.9149835 1.6990873 1.6027424 -21.83563 2.3530915 47.64008 1.6163300275802612 0.23692815005779266
