Pedestrian 0.0 0 -1.310706615447998 682.9963989257812 144.86814880371094 707.202392578125 196.00917053222656 0.54417765 1.8208832 0.7550863 3.0341733 0.8248011 26.07939 -1.1948835849761963 0.6644431352615356
Pedestrian 0.0 0 1.2524828910827637 891.9124145507812 119.31697082519531 942.10302734375 217.1184844970703 0.7983369 1.7739924 0.6446133 5.6826344 0.80325806 13.508626 1.6506778001785278 0.527140200138092
Pedestrian 0.0 0 -3.006108283996582 772.93408203125 156.726806640625 785.8344116210938 182.8394012451172 0.7785123 1.7438447 0.5525444 11.375898 0.6672003 48.579964 -2.7760844230651855 0.41178062558174133
Pedestrian 0.0 0 -2.7244558334350586 346.82891845703125 167.1942596435547 356.3419494628906 186.0518035888672 0.67475057 1.7575089 0.5475365 -24.2076 1.230384 67.541664 -3.068603038787842 0.40304747223854065
Cyclist 0.0 0 1.2544333934783936 889.5758666992188 119.10745239257812 941.5040283203125 217.16650390625 0.8608941 1.7866638 0.66347826 5.6920114 0.807744 13.599466 1.6508253812789917 0.1316380500793457
Car 0.0 0 1.97292959690094 244.35595703125 189.6756134033203 364.5053405761719 250.07888793945312 3.9352593 1.4133222 1.6378567 -8.334868 1.9248798 19.951542 1.5772110223770142 0.9460510015487671
Car 0.0 0 -1.5368300676345825 568.121337890625 180.30088806152344 610.7597045898438 224.4201202392578 4.4907594 1.636586 1.6063362 -0.8238864 1.9674764 29.77251 -1.5644956827163696 0.9425117373466492
Car 0.0 0 1.8356983661651611 359.81121826171875 188.0835723876953 427.6963806152344 229.8887939453125 3.992604 1.4741682 1.6147784 -8.617009 2.1276462 28.924814 1.5461595058441162 0.9111817479133606
Car 0.0 0 1.8062949180603027 420.3130798339844 184.0430450439453 464.1970520019531 215.14047241210938 3.4896038 1.550051 1.5380021 -9.044218 2.1819513 38.97246 1.5782643556594849 0.7650132179260254
Car 0.0 0 1.3781284093856812 663.7442626953125 166.14173889160156 699.6102905273438 189.93333435058594 4.4225464 1.6440408 1.7562726 5.099355 1.1805694 52.141483 1.4756168127059937 0.6126239895820618
Car 0.0 0 2.280372142791748 0.0 198.67160034179688 145.3720703125 346.2832946777344 3.9438412 1.4229269 1.5805267 -8.303597 1.8381307 9.617162 1.5681414604187012 0.586068868637085
Car 0.0 0 -1.5302706956863403 628.276611328125 162.29029846191406 649.26025390625 182.2722625732422 3.535826 1.5894382 1.5808903 2.3621578 0.7495208 59.216618 -1.4904017448425293 0.4988401532173157
Car 0.0 0 0.35412758588790894 343.7780456542969 166.84307861328125 392.7557373046875 184.02052307128906 4.0186987 1.5862992 1.6663208 -22.615772 1.0315613 67.52453 0.030943632125854492 0.36633849143981934
