Pedestrian 0.0 0 1.6970698833465576 352.9452209472656 108.53981018066406 405.9307861328125 221.674072265625 1.0724608 1.8554419 0.74316734 -4.001982 0.80102426 12.426237 1.3855003118515015 0.6627094745635986
Pedestrian 0.0 0 -2.978832483291626 707.6463623046875 155.44546508789062 724.6921997070312 190.2216796875 0.79810375 1.826522 0.6740557 5.6072297 0.91254616 38.336113 -2.833597421646118 0.6359637975692749
Pedestrian 0.0 0 0.5450208187103271 480.5171813964844 140.7076416015625 518.1043090820312 202.35574340820312 0.8926814 1.8115184 0.6824089 -3.3698804 0.86726177 21.685022 0.390852689743042 0.3072223663330078
Pedestrian 0.0 0 2.5345399379730225 1023.463623046875 122.65958404541016 1081.1973876953125 215.4763641357422 0.7767486 1.8156573 0.60777473 8.790791 0.8341251 14.438469 3.081437826156616 0.29706239700317383
Pedestrian 0.0 0 3.6968953609466553 100.91441345214844 63.41667938232422 222.5078582763672 252.48841857910156 0.86971825 1.840078 0.5855627 -4.5763254 0.7753735 7.313815 3.1377859115600586 0.25812262296676636
Cyclist 0.0 0 1.7804539203643799 338.428466796875 128.69558715820312 397.0311584472656 246.78025817871094 1.7052261 1.8088044 0.5796396 -4.0234675 1.1327498 11.930022 1.4551774263381958 0.4854081869125366
Car 0.0 0 -1.6952276229858398 655.2763061523438 186.8297576904297 694.0374145507812 215.77597045898438 4.1913257 1.4491925 1.6374546 3.5206282 2.2712963 40.297474 -1.608082890510559 0.9012952446937561
Car 0.0 0 -3.2348997592926025 682.6304321289062 159.134033203125 742.7601318359375 183.26637268066406 3.7419748 1.5423473 1.6038601 6.6217475 0.6658337 47.000546 -3.0949344635009766 0.5230857729911804
Car 0.0 0 -1.7561371326446533 692.677734375 167.974853515625 734.1289672851562 197.13746643066406 3.6715827 1.5400181 1.6150309 5.641493 1.2827185 39.970547 -1.6159220933914185 0.37580594420433044
Car 0.0 0 -1.4463783502578735 509.5840148925781 166.80694580078125 548.6610107421875 196.54299926757812 3.6456983 1.497735 1.6158272 -4.2665677 1.1935174 38.172703 -1.557686448097229 0.34430328011512756
Car 0.0 0 2.1815602779388428 546.4371337890625 161.47662353515625 590.0101318359375 181.86148071289062 4.0568867 1.6911625 1.7267681 -3.5755668 0.7476332 62.036736 2.1239876747131348 0.30241289734840393
Car 0.0 0 -1.6693272590637207 740.2534790039062 168.8233184814453 837.906005859375 264.6349182128906 3.5649266 1.7288822 1.5728234 3.5184786 1.656508 14.888413 -1.437261700630188 0.26231276988983154
Car 0.0 0 1.7448495626449585 545.58203125 167.6619415283203 577.5391235351562 190.29119873046875 3.8527758 1.5238622 1.5938956 -3.3846629 1.1745846 50.586514 1.6780407428741455 0.26085615158081055
