Pedestrian 0.0 0 -0.02722752094268799 945.0806274414062 137.88812255859375 1000.865478515625 257.39111328125 0.756933 1.7932107 0.541888 5.619607 1.0841644 11.189 0.438213586807251 0.36628258228302
Pedestrian 0.0 0 0.15483173727989197 517.6423950195312 165.99557495117188 532.2014770507812 196.67930603027344 0.7486885 1.7000798 0.43321714 -4.642702 0.63629067 40.05676 0.0394434928894043 0.3325141668319702
Pedestrian 0.0 0 -0.14729595184326172 647.2095336914062 174.0432891845703 666.5409545898438 210.35336303710938 0.8545632 1.7184514 0.50713617 2.3082821 1.190825 34.304554 -0.08010930567979813 0.24891412258148193
Car 0.0 0 -1.2307755947113037 233.43734741210938 193.146728515625 419.438232421875 308.5093078613281 3.2893045 1.396157 1.5084361 -3.9801857 1.5324001 10.58338 -1.590491771697998 0.9648422002792358
Car 0.0 0 -1.5720059871673584 563.5870361328125 179.4703369140625 599.7463989257812 213.42201232910156 4.00405 1.499987 1.5980757 -1.2653489 1.2472873 33.786705 -1.6094396114349365 0.8956519365310669
Car 0.0 0 -1.1543262004852295 172.49066162109375 186.3246612548828 305.1075744628906 251.25741577148438 3.5309598 1.3986813 1.5391539 -8.784682 1.4293592 17.34562 -1.6231201887130737 0.8765630125999451
Car 0.0 0 -0.9729143977165222 0.0 189.33026123046875 202.088134765625 311.9173889160156 4.0700483 1.4474329 1.6311216 -7.979423 1.5216191 10.691279 -1.6140745878219604 0.7587740421295166
Car 0.0 0 -0.8205280303955078 0.0 201.96900939941406 263.36431884765625 376.0 3.760474 1.5333291 1.6412477 -3.2019064 1.6519903 3.1219516 -1.6185688972473145 0.6821293830871582
Car 0.0 0 -0.9939020276069641 151.0547332763672 184.03955078125 263.9736328125 231.6140899658203 3.4721496 1.4219092 1.5468352 -12.867488 1.3878878 23.268467 -1.4990464448928833 0.6129428744316101
Car 0.0 0 1.9203218221664429 278.0764465332031 177.4283447265625 350.6289367675781 212.18154907226562 4.2687016 1.4449803 1.6280184 -13.007476 1.1223265 32.047348 1.5347541570663452 0.2538891136646271
