Pedestrian 0.0 0 1.0816664695739746 0.0 151.86570739746094 87.52999877929688 318.45745849609375 0.63286513 1.7548504 0.6882769 -6.4429293 1.534121 8.038955 0.4060337543487549 0.5820226669311523
Pedestrian 0.0 0 0.20281308889389038 518.0546264648438 175.32720947265625 533.6245727539062 206.50633239746094 0.7710712 1.6976898 0.466092 -4.6518636 1.8346756 39.592003 0.08585429191589355 0.5524144172668457
Pedestrian 0.0 0 0.2720288634300232 526.4429931640625 176.0126190185547 539.62548828125 205.23707580566406 0.6914038 1.7486231 0.46546516 -4.6740265 1.9407527 43.51818 0.16503500938415527 0.3804309368133545
Pedestrian 0.0 0 2.812603235244751 504.1165466308594 170.7042236328125 523.24560546875 209.19415283203125 0.77777636 1.8926083 0.643392 -4.837163 1.7872587 35.937836 2.67880916595459 0.3558369278907776
Pedestrian 0.0 0 2.1467931270599365 776.13427734375 166.12197875976562 826.1997680664062 260.11346435546875 0.6875259 1.7725239 0.68119514 3.6811988 1.645927 14.087558 2.402386426925659 0.22311200201511383
Pedestrian 0.0 0 -1.8107024431228638 1026.0906982421875 154.30674743652344 1065.4464111328125 227.0452423095703 1.4008272 1.6859341 0.49240628 10.478907 1.2564037 17.462973 -1.2702356576919556 0.20264026522636414
Pedestrian 0.0 0 -2.905971050262451 1101.910888671875 200.68141174316406 1148.9964599609375 277.63067626953125 0.82546943 1.8547013 0.7381798 13.0546255 2.5839293 18.342497 -2.287425994873047 0.14538899064064026
Cyclist 0.0 0 -1.8107024431228638 1026.0906982421875 154.30674743652344 1065.4464111328125 227.0452423095703 1.4008272 1.6859341 0.49240628 10.478907 1.2564037 17.462973 -1.2702356576919556 0.2873944044113159
Cyclist 0.0 0 -2.2956364154815674 1012.5730590820312 148.47052001953125 1080.1868896484375 215.84693908691406 1.864502 1.789166 0.4982963 12.081486 1.1420261 20.119637 -1.7548624277114868 0.1550436168909073
Car 0.0 0 1.7442586421966553 421.35113525390625 176.19168090820312 506.4981384277344 236.52838134765625 3.58482 1.4561024 1.6454283 -3.8735857 1.5546913 19.42163 1.547394871711731 0.966429591178894
Car 0.0 0 -3.47147798538208 1146.474365234375 192.64901733398438 1234.5711669921875 221.82235717773438 3.7256835 1.5961621 1.6948798 34.351048 2.8111672 42.842804 -2.795644760131836 0.24785076081752777
Car 0.0 0 -1.6416457891464233 623.6570434570312 183.2736053466797 645.6876220703125 201.66343688964844 3.9696186 1.5275047 1.677812 2.1458972 2.484504 64.22799 -1.6082476377487183 0.17573079466819763
Car 0.0 0 -2.6477904319763184 1110.5501708984375 209.2545166015625 1242.0 284.5152587890625 3.249743 1.4412776 1.6817299 14.241407 2.4115782 17.400913 -1.9619131088256836 0.15516912937164307
Car 0.0 0 2.3281307220458984 363.29193115234375 176.3465118408203 478.79217529296875 225.7528839111328 3.9539514 1.5435737 1.5758294 -6.4711742 1.6749347 24.950163 2.0743584632873535 0.13451175391674042
Car 0.0 0 -2.714033842086792 1054.4366455078125 213.88388061523438 1242.0 375.0 3.7274039 1.5170225 1.6162709 7.133511 2.080701 7.8722577 -1.9778268337249756 0.13045625388622284
