Pedestrian 0.0 0 0.3230096697807312 73.4645767211914 111.75980377197266 123.87479400634766 192.81605529785156 0.7521649 1.7546417 0.63513833 -11.397328 0.43248075 16.029745 -0.2950682044029236 0.5834582448005676
Pedestrian 0.0 0 2.5062599182128906 1028.8983154296875 82.99737548828125 1147.6357421875 260.3047790527344 0.9252929 1.8165271 0.520861 5.015168 0.8962975 7.6756353 3.0850131511688232 0.33890655636787415
Pedestrian 0.0 0 -2.4122676849365234 109.32928466796875 128.24940490722656 166.00746154785156 210.02525329589844 0.8325326 1.7401314 0.6191174 -10.332074 0.7913353 15.71855 -2.993769645690918 0.32842543721199036
Pedestrian 0.0 0 -2.2592740058898926 0.0 113.87859344482422 49.764305114746094 202.1178436279297 0.8091527 1.819983 0.6559956 -12.5655575 0.6039405 15.279231 -2.947521924972534 0.2670782506465912
Pedestrian 0.0 0 -1.060802936553955 281.7845764160156 121.20315551757812 331.3976135253906 193.6898956298828 1.5895456 1.7826257 0.46122417 -7.826679 0.5127637 18.55703 -1.45992910861969 0.1141093447804451
Cyclist 0.0 0 -1.0465342998504639 284.4924011230469 119.6965103149414 338.91998291015625 193.0469512939453 1.8776318 1.8128979 0.429855 -7.783256 0.49943826 18.789368 -1.439253568649292 0.3258536159992218
Cyclist 0.0 0 -2.41027569770813 105.67012786865234 126.61654663085938 167.1930694580078 210.31712341308594 0.93638045 1.7796263 0.6347649 -10.360267 0.7968918 15.721681 -2.9929375648498535 0.10491190105676651
Car 0.0 0 -1.5185097455978394 408.3376770019531 155.9975128173828 469.058349609375 205.51002502441406 3.6080582 1.4088411 1.649339 -5.2958813 0.92956054 22.450281 -1.7501685619354248 0.9656358361244202
Car 0.0 0 -1.5504368543624878 440.6466064453125 156.84669494628906 482.062744140625 193.51290893554688 4.249835 1.4947597 1.6626917 -6.5142183 0.8425531 31.652515 -1.7534070014953613 0.7697428464889526
Car 0.0 0 1.7028007507324219 559.8380126953125 154.04161071777344 598.8287963867188 180.47914123535156 4.4108915 1.4558097 1.7024239 -1.7622129 0.42024377 42.002544 1.6608704328536987 0.3787076473236084
Car 0.0 0 -1.4587467908859253 407.0957336425781 160.5648193359375 444.364990234375 188.39553833007812 3.8365076 1.5023656 1.6322813 -10.444015 0.83932585 40.95958 -1.7084102630615234 0.29199591279029846
