Pedestrian 0.0 0 -1.7259690761566162 747.1202392578125 157.13998413085938 761.30712890625 189.43026733398438 0.6639644 1.8297561 0.69989586 8.203102 0.93966585 41.229923 -1.5295737981796265 0.7321578860282898
Pedestrian 0.0 0 -2.5182604789733887 202.86412048339844 128.94908142089844 255.41163635253906 206.18788146972656 0.9079096 1.8758188 0.71723175 -9.507818 0.8099036 17.937319 -3.005664348602295 0.5335269570350647
Pedestrian 0.0 0 1.2210540771484375 442.17999267578125 125.53426361083984 479.30291748046875 200.90228271484375 0.81246394 1.8170336 0.6626028 -3.7592802 0.67656887 17.912615 1.014188528060913 0.5262901186943054
Car 0.0 0 -1.4972786903381348 524.0252075195312 175.4621124267578 596.1500244140625 242.60862731933594 3.7894711 1.611687 1.6510128 -1.2932978 1.6889179 19.363943 -1.5639686584472656 0.9663382172584534
Car 0.0 0 -2.3554024696350098 0.0 201.56341552734375 192.33572387695312 322.8441467285156 3.8607285 1.4352211 1.6036139 -8.191397 1.8727336 9.994232 -3.0419883728027344 0.9402020573616028
Car 0.0 0 -1.8254730701446533 727.7710571289062 174.40965270996094 832.2800903320312 240.38101196289062 3.856898 1.4412162 1.5537428 4.0096593 1.48418 17.805307 -1.603973388671875 0.9246955513954163
Car 0.0 0 -2.0128159523010254 833.194091796875 167.3326873779297 1242.0 375.0 3.8424444 1.4933583 1.5661103 2.8623977 1.4682937 5.2806816 -1.5160962343215942 0.9074323773384094
Car 0.0 0 -1.4959253072738647 546.0808715820312 180.0574188232422 604.2899169921875 231.7066192626953 4.027006 1.5662408 1.6732683 -1.1460495 1.8313667 24.481773 -1.5427035093307495 0.827172577381134
Car 0.0 0 -1.683946967124939 712.559814453125 175.51611328125 775.2244262695312 223.8971405029297 3.7450356 1.4574561 1.6048594 4.30041 1.552962 23.86539 -1.5056657791137695 0.8179038166999817
Car 0.0 0 -1.492647647857666 582.8460083007812 178.8444366455078 620.5960693359375 212.56854248046875 3.3234968 1.446111 1.486511 -0.3790222 1.7367339 33.251522 -1.504045844078064 0.7968353629112244
Car 0.0 0 -1.6913669109344482 696.6083374023438 168.7532958984375 740.44189453125 205.163330078125 3.618458 1.642639 1.6308101 5.076904 1.4579936 34.379288 -1.5447531938552856 0.7574008107185364
Car 0.0 0 -1.6734836101531982 689.8998413085938 167.2921142578125 722.2047119140625 194.97987365722656 3.8926892 1.6579444 1.6057675 5.9372935 1.3252566 45.171055 -1.542792558670044 0.5545262694358826
