Pedestrian 0.0 0 -0.4471081495285034 0.0 132.04791259765625 36.883567810058594 202.17861938476562 0.7602922 1.7374436 0.5638974 -15.2107525 0.7268568 18.336082 -1.1396112442016602 0.6063317060470581
Pedestrian 0.0 0 -1.277384638786316 520.9041748046875 166.91604614257812 531.70458984375 189.6532440185547 0.6462181 1.8378651 0.7170738 -6.8315043 1.3582526 58.70104 -1.3932414054870605 0.4135863482952118
Pedestrian 0.0 0 -1.2063648700714111 327.1230163574219 154.33792114257812 347.7245788574219 192.1390838623047 0.9733384 1.8033794 0.62787724 -13.219513 0.92039114 34.907063 -1.56838059425354 0.39767971634864807
Pedestrian 0.0 0 1.624300241470337 110.34417724609375 132.813232421875 135.16180419921875 193.61302185058594 0.7240959 1.8264644 0.59452415 -14.988552 0.62397236 22.136189 1.0291049480438232 0.38825568556785583
Cyclist 0.0 0 -1.2112177610397339 326.7689514160156 153.96206665039062 347.5795593261719 191.8006591796875 1.0215158 1.803387 0.62310874 -13.227473 0.9033558 34.897335 -1.573525309562683 0.12264806777238846
Car 0.0 0 -1.5615172386169434 578.6522827148438 169.7818145751953 609.1170654296875 198.18692016601562 3.4607785 1.4903295 1.5985286 -0.90577906 1.3294995 39.59524 -1.5843892097473145 0.881585955619812
Car 0.0 0 -1.5339155197143555 541.413330078125 169.3478546142578 567.0672607421875 191.8873748779297 3.749732 1.4412191 1.5678972 -3.7092328 1.2173877 48.0386 -1.610976219177246 0.7466503977775574
Car 0.0 0 -1.7039966583251953 711.4131469726562 147.86276245117188 748.3717651367188 180.52000427246094 2.1080234 1.4823896 1.4371139 5.554078 0.3483357 33.824356 -1.5412455797195435 0.6302121877670288
Car 0.0 0 2.1271040439605713 184.85360717773438 184.95338439941406 289.5829772949219 229.6868438720703 3.9457386 1.4515178 1.5710969 -13.618409 1.9310044 26.539036 1.6529947519302368 0.5008460879325867
Car 0.0 0 2.0853984355926514 167.54360961914062 180.7081756591797 244.21168518066406 213.0848846435547 3.8290184 1.4860373 1.66404 -20.081182 1.8988004 35.96462 1.576159954071045 0.48190999031066895
Car 0.0 0 -1.1666327714920044 525.0339965820312 166.35902404785156 559.35791015625 183.93936157226562 4.1719112 1.5670235 1.6450198 -6.23192 0.9884511 66.54903 -1.2600045204162598 0.43306368589401245
Car 0.0 0 1.9821058511734009 286.8426513671875 160.67532348632812 333.7630920410156 183.75611877441406 3.9327404 1.567531 1.6255614 -21.14193 0.7407743 50.981262 1.588991641998291 0.40392279624938965
Car 0.0 0 -2.327641487121582 1138.349609375 150.8704833984375 1207.3389892578125 175.30772399902344 3.7559817 1.6247622 1.6237795 38.8257 0.16349962 49.917267 -1.666583776473999 0.3427145183086395
Car 0.0 0 1.9287233352661133 413.11798095703125 167.5243377685547 446.5379333496094 185.30979919433594 4.06235 1.5745844 1.6479009 -16.453217 1.103095 65.98793 1.6843689680099487 0.32785022258758545
Car 0.0 0 2.2491462230682373 396.9701232910156 163.33682250976562 444.9609069824219 183.708740234375 4.243406 1.6860905 1.7048172 -16.213331 0.8987551 62.000298 1.9933698177337646 0.3164205551147461
