Pedestrian 0.0 0 -0.05374257266521454 732.5264892578125 160.89828491210938 747.1935424804688 187.19317626953125 0.9852438 1.8329154 0.5239069 9.077572 0.9998863 50.6136 0.12372112274169922 0.5046624541282654
Pedestrian 0.0 0 -1.8283731937408447 427.3128967285156 120.65401458740234 477.05194091796875 204.83753967285156 1.9120055 1.8328415 0.65164316 -3.7282326 0.6967026 16.705414 -2.047950029373169 0.10811200737953186
Cyclist 0.0 0 1.6671857833862305 603.6383056640625 147.52236938476562 621.7112426757812 194.2239227294922 1.7506899 1.8108941 0.5602941 0.075398 0.8289958 28.874264 1.6697970628738403 0.7101685404777527
Cyclist 0.0 0 -1.4653315544128418 207.50982666015625 117.00965881347656 263.94970703125 244.8576202392578 1.7583333 1.8131683 0.5963147 -5.805755 1.0215292 11.157572 -1.9451202154159546 0.6097838282585144
Cyclist 0.0 0 -1.7840608358383179 429.02105712890625 119.57781219482422 474.6257629394531 202.54884338378906 1.8720517 1.8084685 0.64217603 -3.7356985 0.64759797 16.708513 -2.004023790359497 0.5663742423057556
Cyclist 0.0 0 1.3420783281326294 846.4322509765625 116.98171997070312 880.2626953125 182.5591278076172 1.7065009 2.0319042 0.65339434 8.093655 0.3010697 23.237103 1.6772444248199463 0.5255681276321411
Cyclist 0.0 0 -1.305974006652832 618.93603515625 155.7776336669922 640.4591064453125 194.7485809326172 1.5791981 1.7218815 0.5847899 0.8634156 0.9677421 32.71778 -1.279590368270874 0.4985344111919403
Cyclist 0.0 0 1.1196802854537964 733.1141967773438 160.68064880371094 746.380126953125 187.33763122558594 0.9862326 1.8498392 0.53902215 9.069544 1.0054376 50.61538 1.2969841957092285 0.11453621089458466
Car 0.0 0 -1.3482387065887451 498.51263427734375 176.38124084472656 630.9446411132812 273.4992980957031 3.7119436 1.4705296 1.5827358 -0.7136257 1.5441755 13.027148 -1.4029638767242432 0.96809321641922
Car 0.0 0 -1.6819332838058472 799.3165283203125 178.0419464111328 872.0751953125 238.3923797607422 3.0588107 1.4750291 1.5336478 5.988369 1.6278725 19.560009 -1.384840488433838 0.9406262040138245
Car 0.0 0 2.088435173034668 99.85108184814453 178.95556640625 521.397216796875 375.0 3.7334352 1.4863212 1.6112499 -2.1682775 1.5565403 6.275614 1.7557674646377563 0.9093409180641174
Car 0.0 0 -1.8939241170883179 890.8222045898438 188.50344848632812 1242.0 375.0 3.3757436 1.4447205 1.4984903 3.1111932 1.5998552 5.3282356 -1.3654218912124634 0.9023703336715698
Car 0.0 0 1.6867375373840332 653.935546875 168.49810791015625 702.3870239257812 205.58111572265625 4.1548514 1.5526187 1.697606 3.0846996 1.3706008 32.416176 1.7816110849380493 0.8851516842842102
Car 0.0 0 -2.897925615310669 507.4866638183594 165.51162719726562 615.8626098632812 207.13232421875 3.771038 1.4932219 1.6134808 -1.8176911 1.2301588 27.009026 -2.9651236534118652 0.8168475031852722
Car 0.0 0 1.6260056495666504 774.1577758789062 170.83782958984375 797.7783813476562 189.81597900390625 4.25505 1.4066674 1.5421609 13.597781 1.2575864 55.737648 1.865291953086853 0.6184449195861816
