Car 0.0 0 -1.7323458194732666 672.0545043945312 184.5322723388672 742.6002197265625 237.0872344970703 3.498808 1.3746655 1.5125664 2.7603579 1.7506642 21.43233 -1.6042568683624268 0.9683825373649597
Car 0.0 0 -1.987178087234497 764.3381958007812 178.7974395751953 1057.35693359375 363.43048095703125 3.3236332 1.4644674 1.5049633 2.7619262 1.5409992 7.5375257 -1.6359477043151855 0.9526789784431458
Car 0.0 0 0.33708104491233826 309.8495178222656 182.99642944335938 474.4029541015625 242.5801544189453 3.856834 1.474196 1.5376213 -5.707288 1.7536281 18.99556 0.045207977294921875 0.9077574014663696
Car 0.0 0 -0.1748296618461609 729.487548828125 175.34188842773438 845.7650756835938 220.71401977539062 3.9063635 1.5978988 1.6656799 6.3953953 1.6928048 26.465357 0.062276363372802734 0.8953787088394165
Car 0.0 0 0.37414678931236267 239.005126953125 187.52626037597656 442.4526672363281 255.30116271972656 4.159415 1.4705989 1.593346 -6.233865 1.8307711 16.853996 0.019877195358276367 0.8923376798629761
Car 0.0 0 3.6118247509002686 0.0 152.4551239013672 316.3535461425781 277.4017028808594 3.9965465 1.8083535 1.6737283 -7.03695 1.5134782 11.436582 3.060229778289795 0.8503671288490295
Car 0.0 0 3.5961692333221436 122.48767852783203 181.95077514648438 358.3205871582031 264.46392822265625 3.768674 1.4898322 1.5880235 -7.1035457 1.6774132 14.02676 3.127392292022705 0.8449183702468872
Car 0.0 0 0.6822025775909424 0.0 189.56851196289062 319.3320617675781 324.50482177734375 4.2703314 1.4654751 1.6056778 -6.1494617 1.6985466 9.060083 0.08588647842407227 0.8246110081672668
Car 0.0 0 0.8148555755615234 0.0 209.19149780273438 227.28485107421875 375.0 4.3183756 1.4909843 1.6829007 -6.0771837 1.8669547 6.482585 0.061723947525024414 0.7713190317153931
Car 0.0 0 0.27385807037353516 360.2033386230469 181.81346130371094 493.1673889160156 231.1535186767578 3.9576075 1.5425853 1.5588887 -5.9971194 1.8474228 23.687672 0.025893688201904297 0.6685483455657959
