Pedestrian 0.0 0 -1.7859346866607666 1015.1707763671875 129.51858520507812 1061.7374267578125 214.30859375 0.8456952 1.8962092 0.7587914 9.824229 0.9274316 16.653664 -1.2529643774032593 0.4794312119483948
Pedestrian 0.0 0 -1.0566028356552124 963.545166015625 117.42214965820312 1001.160888671875 183.4250946044922 0.62733114 1.8082317 0.7229195 10.395013 0.28996593 20.239044 -0.582125186920166 0.2916540801525116
Pedestrian 0.0 0 2.8699662685394287 576.9209594726562 137.38671875 601.9728393554688 184.44541931152344 0.8442839 1.8301435 0.6516634 -0.8574269 0.45115554 28.494883 2.8398847579956055 0.2702521085739136
Pedestrian 0.0 0 -1.8711386919021606 896.1094360351562 142.98736572265625 918.0653076171875 186.3682403564453 1.0970336 1.8283968 0.5709638 12.707264 0.5699496 30.979979 -1.4818902015686035 0.2637905776500702
Pedestrian 0.0 0 -1.6900298595428467 945.4326782226562 129.61441040039062 968.0308227539062 187.22190856933594 0.834681 1.8038255 0.5541693 11.036331 0.45025057 23.074501 -1.2438995838165283 0.2213907688856125
Pedestrian 0.0 0 -2.2277536392211914 1136.513427734375 78.87682342529297 1229.4158935546875 202.86129760742188 0.9253756 1.7818589 0.6636148 8.521133 0.43161145 10.832768 -1.561232566833496 0.16482707858085632
Cyclist 0.0 0 -1.0139864683151245 619.69677734375 150.93190002441406 658.685302734375 197.0123291015625 1.8050401 1.7711501 0.7022282 1.132692 0.92890894 28.67426 -0.9745049476623535 0.4160768985748291
Cyclist 0.0 0 0.33193719387054443 669.6919555664062 155.31817626953125 697.2676391601562 181.1270751953125 1.678609 1.7014574 0.7617567 4.8847423 0.54576147 48.262558 0.43280553817749023 0.3391399681568146
Cyclist 0.0 0 -1.6976571083068848 569.6770629882812 119.60709381103516 598.9315185546875 187.05142211914062 1.7032341 1.7828736 0.5920046 -0.7746056 0.37566322 19.959686 -1.7364461421966553 0.2848975360393524
Cyclist 0.0 0 -2.2277536392211914 1136.513427734375 78.87682342529297 1229.4158935546875 202.86129760742188 0.9253756 1.7818589 0.6636148 8.521133 0.43161145 10.832768 -1.561232566833496 0.2511589229106903
Cyclist 0.0 0 -1.8711386919021606 896.1094360351562 142.98736572265625 918.0653076171875 186.3682403564453 1.0970336 1.8283968 0.5709638 12.707264 0.5699496 30.979979 -1.4818902015686035 0.10926204174757004
Car 0.0 0 1.6999592781066895 640.7335815429688 176.15650939941406 716.7659912109375 240.2935028076172 3.5955355 1.50328 1.5422405 1.8486729 1.5995717 19.032143 1.7967897653579712 0.9633550643920898
Car 0.0 0 -1.66878342628479 819.3357543945312 161.79559326171875 862.481201171875 197.05906677246094 3.8303356 1.5869831 1.5864006 10.944248 1.0896728 34.507164 -1.3616600036621094 0.9335902333259583
Car 0.0 0 -1.8441827297210693 892.5125122070312 152.5369110107422 1078.3365478515625 268.2689514160156 4.3648376 1.7058609 1.7623833 6.385112 1.40675 12.939809 -1.3857910633087158 0.9322621822357178
Car 0.0 0 -1.5812413692474365 711.8203735351562 171.65127563476562 746.909423828125 203.47463989257812 4.014387 1.4703219 1.6052611 5.795921 1.415111 35.439594 -1.4191328287124634 0.8517107367515564
Car 0.0 0 1.6126465797424316 539.5864868164062 144.7628631591797 602.9655151367188 203.5512237548828 3.6110222 1.4628749 1.5770437 -1.0310967 0.76422024 19.765333 1.5605268478393555 0.2895960509777069
Car 0.0 0 -1.4135102033615112 638.6475219726562 181.0876922607422 684.9592895507812 216.5174560546875 3.6219518 1.5150074 1.6111296 2.4313405 1.9221983 33.7023 -1.3414932489395142 0.24001550674438477
