Pedestrian 0.0 0 -0.9355722069740295 276.8200378417969 135.98367309570312 311.681884765625 192.46920776367188 0.91326636 1.8153708 0.63138807 -10.4093275 0.63076484 23.701338 -1.3493980169296265 0.666088342666626
Pedestrian 0.0 0 2.1072442531585693 776.1100463867188 159.77761840820312 796.15380859375 196.51864624023438 0.86349934 1.8099718 0.6196534 8.768448 1.1661481 36.067574 2.345729351043701 0.6603485941886902
Pedestrian 0.0 0 2.257814645767212 1170.9871826171875 97.81565856933594 1242.0 252.58074951171875 0.68627304 1.767526 0.5868203 7.192355 0.9108932 8.589724 2.954901695251465 0.5279691815376282
Cyclist 0.0 0 -0.3690260350704193 893.6234741210938 108.5063705444336 959.9293212890625 175.03173828125 1.5293843 1.7691973 0.597804 8.50654 0.058273464 19.516811 0.04200458526611328 0.5341835618019104
Car 0.0 0 1.731571912765503 428.0957946777344 179.0501251220703 520.62841796875 248.98019409179688 3.5256119 1.4098572 1.5430278 -3.0638695 1.5683937 16.638243 1.5494657754898071 0.967720627784729
Car 0.0 0 -1.7644915580749512 640.85009765625 171.32846069335938 727.22412109375 232.96542358398438 4.0396147 1.5751843 1.6678286 1.9441327 1.536556 20.529268 -1.6700725555419922 0.9413719773292542
Car 0.0 0 3.3453524112701416 313.4169616699219 179.63409423828125 456.65380859375 226.1926727294922 4.19007 1.4260548 1.6609961 -7.2478957 1.6562169 23.42495 3.045285701751709 0.9343349933624268
Car 0.0 0 3.683499336242676 0.0 181.37420654296875 225.21145629882812 345.3893737792969 3.9716153 1.4671155 1.5997689 -6.575953 1.571434 7.6843266 2.9756696224212646 0.9302543997764587
Car 0.0 0 3.922635793685913 0.0 216.89881896972656 78.74982452392578 375.0 4.025906 1.4366301 1.581353 -6.629237 1.8235972 5.316486 3.0277838706970215 0.7207626700401306
Car 0.0 0 0.07181444764137268 457.43719482421875 159.119384765625 529.530517578125 185.1331329345703 4.8637304 1.7795862 1.7364739 -8.12009 0.8403659 50.43541 -0.08781547844409943 0.707729697227478
Car 0.0 0 -1.6593375205993652 609.01611328125 174.07540893554688 634.8954467773438 196.2940673828125 3.8064637 1.6025978 1.6077191 0.8386185 1.6980419 54.212624 -1.6438696384429932 0.6774190664291382
Car 0.0 0 -2.514874219894409 915.9086303710938 204.0760498046875 1242.0 375.0 3.890477 1.4606779 1.5936598 2.657259 1.6464332 2.2778292 -1.6527429819107056 0.6198136210441589
Car 0.0 0 -1.43377685546875 648.259521484375 157.75189208984375 678.3673095703125 180.70733642578125 3.9452178 1.5541434 1.5977099 3.7723563 0.53204954 50.943367 -1.3598617315292358 0.6072076559066772
Car 0.0 0 0.14130783081054688 488.9875183105469 168.196533203125 535.7308349609375 186.3597412109375 3.8018236 1.5438606 1.6100626 -8.406346 1.1483374 62.145554 0.0068552494049072266 0.5961027145385742
Car 0.0 0 -1.040603518486023 324.39495849609375 166.2754364013672 370.7155456542969 187.56101989746094 3.569223 1.5136527 1.6301225 -19.330614 1.0461969 53.209496 -1.3890708684921265 0.5788293480873108
Car 0.0 0 0.16496409475803375 305.5179138183594 167.8983917236328 369.5191650390625 190.92962646484375 3.7767816 1.4966791 1.5937202 -18.120584 1.1749972 48.035156 -0.19576536118984222 0.525780439376831
