Pedestrian 0.0 0 -1.7986191511154175 821.6075439453125 140.62770080566406 850.4465942382812 197.90342712402344 0.69568783 1.667652 0.6741307 6.643257 0.7297021 21.377354 -1.497318983078003 0.6300097107887268
Pedestrian 0.0 0 -0.6054540872573853 1172.96435546875 72.6743392944336 1242.0 215.56790161132812 0.73346573 1.8176873 0.5523864 7.9286537 0.5437029 9.483954 0.09086012840270996 0.5082571506500244
Pedestrian 0.0 0 1.670196533203125 835.5325317382812 122.18803405761719 864.610107421875 193.16748046875 0.6805877 1.8085443 0.6571951 6.220085 0.5179418 18.826378 1.98929762840271 0.44583719968795776
Pedestrian 0.0 0 0.6357990503311157 1177.4471435546875 107.93388366699219 1242.0 228.6685791015625 0.68004924 1.7570573 0.60244226 9.097879 0.8126298 10.89959 1.3313429355621338 0.38585326075553894
Pedestrian 0.0 0 -0.5335253477096558 1169.80078125 86.04084014892578 1242.0 217.14939880371094 0.69135016 1.8056841 0.5835246 8.4832325 0.6104133 10.276678 0.15656256675720215 0.35335826873779297
Pedestrian 0.0 0 2.019958019256592 219.75474548339844 155.1472930908203 238.68670654296875 189.39389038085938 0.796976 1.771886 0.5888991 -19.948496 0.8561164 37.738052 1.5336896181106567 0.34909138083457947
Pedestrian 0.0 0 -0.47139114141464233 663.5593872070312 176.0409698486328 689.8165893554688 221.1072235107422 0.7695661 1.7014599 0.70523494 2.521166 1.8265901 27.77556 -0.38086998462677 0.3473688066005707
Pedestrian 0.0 0 -0.8740351796150208 960.8001708984375 115.6697769165039 1016.1395263671875 208.56454467773438 0.66155374 1.8227993 0.74169904 7.6134615 0.70107716 14.624833 -0.39405590295791626 0.2824983298778534
Cyclist 0.0 0 1.2634750604629517 794.2860717773438 130.88357543945312 821.2522583007812 179.90765380859375 1.5404738 1.8247136 0.5526813 7.5180755 0.26289988 27.634525 1.5291000604629517 0.5200038552284241
Cyclist 0.0 0 0.9628497362136841 859.823974609375 109.26420593261719 914.3319091796875 177.28515625 1.9228574 2.0582294 0.61876225 8.692694 0.1344392 22.837793 1.326545000076294 0.441322922706604
Cyclist 0.0 0 -1.939099669456482 873.1232299804688 126.07672882080078 921.6459350585938 191.27012634277344 2.1057012 1.7857106 0.5738795 8.20931 0.50479376 20.815802 -1.5634485483169556 0.3817136883735657
Cyclist 0.0 0 0.9172017574310303 755.1469116210938 139.85504150390625 789.1035766601562 181.1796875 1.6279104 1.856672 0.6765037 7.4284644 0.37442204 33.295887 1.1367113590240479 0.3498613238334656
Cyclist 0.0 0 -0.6201796531677246 1164.9921875 68.58233642578125 1242.0 216.89431762695312 1.0112991 1.890431 0.50927925 7.9554806 0.5617095 9.487285 0.07762432098388672 0.11082424223423004
Car 0.0 0 1.9292857646942139 279.41778564453125 182.02101135253906 356.1080017089844 223.973388671875 4.6179333 1.7509606 1.7844704 -13.468696 2.206058 33.460064 1.5465998649597168 0.9388185739517212
Car 0.0 0 1.2880616188049316 703.7333374023438 166.19041442871094 736.8667602539062 186.46414184570312 4.1184545 1.6313808 1.6432613 9.136735 1.0955353 60.207306 1.4386670589447021 0.357587069272995
Car 0.0 0 0.9273111820220947 857.64599609375 158.87596130371094 950.82177734375 197.27500915527344 3.9282098 1.515488 1.6112155 12.320685 0.9641775 30.579374 1.3103222846984863 0.3504481911659241
Car 0.0 0 -0.721065878868103 208.25238037109375 160.4725341796875 294.1463928222656 192.49685668945312 4.1478686 1.661784 1.687636 -19.672508 1.0196513 39.677788 -1.1813530921936035 0.33300307393074036
Car 0.0 0 1.7814232110977173 307.55841064453125 164.49224853515625 338.3135986328125 183.75885009765625 4.4391885 1.7071217 1.7358296 -26.333342 0.9665846 66.2626 1.403152585029602 0.31610918045043945
Car 0.0 0 2.3870162963867188 2.636787176132202 194.20565795898438 94.39769744873047 225.6365509033203 3.894654 1.5056401 1.630534 -30.581757 2.7325985 39.397415 1.726933479309082 0.3017190098762512
