Pedestrian 0.0 0 0.33956798911094666 787.7552490234375 143.2100372314453 808.38232421875 191.0762939453125 0.61182994 1.8383464 0.60637873 7.29153 0.70020133 28.13095 0.5931861400604248 0.36813047528266907
Pedestrian 0.0 0 -0.3232210874557495 729.8317260742188 156.23155212402344 748.93408203125 191.5926971435547 0.78582466 1.7581445 0.6252862 6.4575977 0.9320399 36.238655 -0.14687569439411163 0.2859608232975006
Pedestrian 0.0 0 -3.374128818511963 914.9356689453125 131.89430236816406 945.3444213867188 193.15853881835938 0.67576677 1.7365237 0.62068224 9.182119 0.57588655 20.815731 -2.958688735961914 0.28443828225135803
Pedestrian 0.0 0 1.0469406843185425 711.7613525390625 159.1219482421875 733.6611938476562 187.3332977294922 1.7352928 1.775625 0.5998843 7.1951833 0.91168654 46.328312 1.2010183334350586 0.1408354789018631
Pedestrian 0.0 0 1.4040601253509521 833.2522583007812 127.0014877319336 855.2836303710938 176.68775939941406 1.446174 1.8190285 0.55348516 8.7671385 0.14071313 27.168505 1.7162057161331177 0.1059628427028656
Cyclist 0.0 0 1.3010313510894775 757.164794921875 147.59719848632812 775.9766235351562 181.64231872558594 1.6074585 1.7433286 0.5511775 8.14793 0.45037636 37.7628 1.5135396718978882 0.3394852876663208
Cyclist 0.0 0 -0.7841721773147583 1110.4918212890625 144.12106323242188 1146.5943603515625 175.94129943847656 1.6847563 1.8160607 0.708469 29.903475 0.17655784 41.66239 -0.1616278886795044 0.3212231993675232
Cyclist 0.0 0 1.0469406843185425 711.7613525390625 159.1219482421875 733.6611938476562 187.3332977294922 1.7352928 1.775625 0.5998843 7.1951833 0.91168654 46.328312 1.2010183334350586 0.2965133786201477
Car 0.0 0 2.016148090362549 230.44705200195312 188.15777587890625 322.81829833984375 229.61581420898438 4.368934 1.50744 1.7784204 -13.789035 2.191894 30.053066 1.5859813690185547 0.9548451900482178
Car 0.0 0 1.8119975328445435 435.58355712890625 183.7242431640625 465.409423828125 202.23110961914062 4.111921 1.5207345 1.6418298 -14.082984 2.5135605 63.799576 1.5947434902191162 0.49888134002685547
Car 0.0 0 1.3828142881393433 694.5950317382812 168.27310180664062 723.8900756835938 189.46090698242188 3.6893406 1.5896676 1.5858984 7.642814 1.2463325 56.016056 1.5184166431427002 0.4012523591518402
Car 0.0 0 2.013740062713623 1168.1982421875 179.0535430908203 1239.9140625 207.19190979003906 3.7337143 1.4969593 1.6804364 33.41445 1.8597355 40.622787 2.702083110809326 0.36490118503570557
Car 0.0 0 -1.7138633728027344 633.62451171875 179.6387481689453 668.5638427734375 206.02490234375 3.7763486 1.5154523 1.616193 2.4519606 1.9516284 44.39336 -1.658686876296997 0.3579643964767456
Car 0.0 0 1.1238000392913818 894.9995727539062 151.4983367919922 977.088623046875 190.07205200195312 4.0527654 1.5526042 1.6157688 13.893595 0.69339025 31.086582 1.5440998077392578 0.2784444987773895
