Pedestrian 0.0 0 -1.9837175607681274 521.219970703125 136.79638671875 549.7180786132812 187.51622009277344 0.75128216 1.6334205 0.68808377 -2.4224312 0.07521902 23.643177 -2.0858192443847656 0.5732513666152954
Pedestrian 0.0 0 -1.3961520195007324 736.3335571289062 145.32359313964844 756.4589233398438 190.2636260986328 0.6794812 1.6866872 0.64632726 5.251228 0.19059 27.408808 -1.2068568468093872 0.35332903265953064
Car 0.0 0 -1.5561681985855103 563.4558715820312 170.44503784179688 630.4075317382812 232.2453155517578 3.3788195 1.5998788 1.7333256 -0.32813025 1.2186286 20.296627 -1.572333574295044 0.9489640593528748
Car 0.0 0 1.6378878355026245 496.6423645019531 171.88681030273438 544.9591064453125 210.72618103027344 4.5035377 1.5096527 1.7172142 -3.6164637 0.9927016 30.230864 1.5188254117965698 0.6597182750701904
Car 0.0 0 -1.6278624534606934 529.9461669921875 170.48818969726562 559.751220703125 196.94363403320312 3.5702927 1.5527848 1.6122483 -3.916705 0.68949455 44.07226 -1.71649968624115 0.5146966576576233
Car 0.0 0 -1.736422061920166 567.1309814453125 168.7697296142578 604.470458984375 195.2940673828125 3.6947422 1.5260131 1.6552819 -1.392244 0.58096606 43.32782 -1.7685438394546509 0.4861234128475189
Car 0.0 0 -1.5652449131011963 622.7011108398438 160.87347412109375 642.3972778320312 179.8440399169922 3.7461767 1.5304757 1.6184536 2.0992918 -0.46874467 60.97301 -1.5308287143707275 0.4274200201034546
Car 0.0 0 -1.3522955179214478 504.5923156738281 149.97837829589844 571.5537109375 196.50477600097656 3.58051 1.5112998 1.5986155 -2.4072478 0.36783016 25.221546 -1.4474513530731201 0.4109865128993988
Car 0.0 0 1.4312268495559692 632.9285278320312 166.5337677001953 656.5076904296875 184.3065948486328 4.124904 1.5958859 1.6278394 3.3994412 -0.08615414 66.8889 1.4820053577423096 0.3967527151107788
Car 0.0 0 -1.4598249197006226 503.5395202636719 163.18821716308594 526.3399658203125 182.76649475097656 3.204332 1.5969119 1.5646051 -7.818165 -0.21102369 60.649635 -1.5880249738693237 0.3714926838874817
Car 0.0 0 1.5980089902877808 518.0969848632812 170.89068603515625 551.6248168945312 201.01336669921875 3.9174688 1.4587853 1.6043129 -3.7183928 0.76618326 36.821392 1.4973655939102173 0.31545931100845337
