Car 0.0 0 -1.879472017288208 727.6178588867188 190.87493896484375 946.7134399414062 329.8720397949219 3.7532585 1.4105359 1.6558412 2.7261455 1.7012408 9.717827 -1.6059715747833252 0.9805886149406433
Car 0.0 0 -1.6924253702163696 666.49169921875 177.95297241210938 744.2807006835938 244.06529235839844 4.081933 1.6790713 1.6967629 2.576939 1.8400304 20.680403 -1.5684565305709839 0.9600796699523926
Car 0.0 0 3.581599473953247 119.58141326904297 163.94810485839844 387.68670654296875 263.7083740234375 4.0075507 1.684797 1.7118149 -6.341408 1.5347481 13.062685 3.1296515464782715 0.9476330876350403
Car 0.0 0 0.7320539951324463 0.0 188.73085021972656 267.1108703613281 338.78173828125 4.173859 1.4719019 1.6105165 -6.4147353 1.6741617 8.224336 0.06964635848999023 0.9283442497253418
Car 0.0 0 3.419731855392456 318.979248046875 181.07884216308594 465.42376708984375 239.41281127929688 3.7418442 1.5938933 1.5935712 -6.2328415 1.8403624 20.765898 3.1281392574310303 0.8761578798294067
Car 0.0 0 -1.7104253768920898 651.4636840820312 182.7077178955078 713.5797119140625 228.59210205078125 4.113459 1.5067685 1.7089831 2.5517826 1.9001338 26.682667 -1.6150808334350586 0.8439098000526428
Car 0.0 0 0.36688441038131714 275.40716552734375 187.54335021972656 444.3033447265625 255.4719696044922 3.677584 1.5880277 1.5902005 -6.2376833 1.9743226 18.095562 0.03493189811706543 0.7991878390312195
Car 0.0 0 -2.852039098739624 374.021240234375 181.52267456054688 487.5965881347656 224.20541381835938 4.281259 1.6989089 1.7195292 -7.448935 2.0720227 30.064894 -3.094910144805908 0.7170239686965942
Car 0.0 0 -1.6476590633392334 642.6974487304688 180.298828125 679.8734130859375 214.0730438232422 3.4403944 1.5564109 1.5675257 2.4580286 1.9433302 35.735466 -1.578983187675476 0.7035929560661316
Car 0.0 0 0.5585302114486694 210.4024200439453 193.07550048828125 417.7054748535156 268.24884033203125 3.9654558 1.4608536 1.5288609 -6.4279256 1.9315981 15.693008 0.16977167129516602 0.5980127453804016
