Pedestrian 0.0 0 1.4571298360824585 887.7579345703125 161.82545471191406 914.477783203125 211.47821044921875 1.061858 1.7606808 0.78199184 10.516106 1.3699677 26.198418 1.8388445377349854 0.8444992899894714
Pedestrian 0.0 0 1.5349557399749756 312.32781982421875 170.75770568847656 333.0536193847656 222.12451171875 0.95240515 1.8512328 0.6737042 -10.630058 1.7760415 26.572847 1.1544195413589478 0.16827882826328278
Pedestrian 0.0 0 -0.6836192607879639 78.78057861328125 166.6116485595703 144.52816772460938 266.8127746582031 0.8141281 1.7610497 0.56245244 -9.119999 1.6516972 13.147428 -1.2900854349136353 0.16614340245723724
Cyclist 0.0 0 2.9698963165283203 652.7811279296875 170.12457275390625 687.75439453125 204.8240509033203 1.6282216 1.699293 0.71608454 2.9424038 1.5659865 35.761646 3.0519895553588867 0.19569562375545502
Car 0.0 0 1.746629238128662 524.76953125 180.2597198486328 601.3450317382812 234.45010375976562 3.7294848 1.4398191 1.6609007 -1.361778 1.6823618 21.64677 1.6838029623031616 0.9530549049377441
Car 0.0 0 2.110177516937256 0.0 209.24313354492188 439.8849182128906 375.0 3.9142554 1.4662467 1.6309849 -2.467141 1.7948048 4.5171423 1.6102771759033203 0.8427034616470337
Car 0.0 0 -2.523667335510254 855.481689453125 174.69833374023438 900.1959228515625 190.72682189941406 3.77716 1.4487504 1.465887 25.0559 1.6270596 67.64173 -2.168917417526245 0.48572641611099243
Car 0.0 0 1.674254298210144 734.9843139648438 188.5089874267578 772.6554565429688 219.60543823242188 3.3997912 1.4000933 1.5119338 7.213188 2.2258286 36.19145 1.8709828853607178 0.35148048400878906
Car 0.0 0 2.897420883178711 664.089599609375 179.06715393066406 728.956787109375 204.4661865234375 3.6338446 1.4891672 1.586638 5.196102 1.8755766 43.814068 3.0154638290405273 0.2762305438518524
Car 0.0 0 -3.0990591049194336 838.2581787109375 177.2506103515625 895.4636840820312 199.83811950683594 3.5954819 1.4724307 1.5189421 17.396854 1.779453 48.946785 -2.7575604915618896 0.24501900374889374
Car 0.0 0 0.5056185722351074 407.5080871582031 185.33848571777344 474.97650146484375 212.0509796142578 3.5063064 1.4573628 1.5031446 -9.772788 2.1997702 41.6839 0.2753279209136963 0.18039768934249878
