Pedestrian 0.0 0 1.6111572980880737 984.917724609375 145.49827575683594 1018.2044677734375 216.22186279296875 0.9273223 1.9246466 0.78531986 10.938037 1.1805556 20.23209 2.106776714324951 0.46575039625167847
Cyclist 0.0 0 -1.8507535457611084 899.0433349609375 161.32492065429688 971.2135009765625 274.3182678222656 1.903801 1.7710565 0.6062611 5.438026 1.5907078 12.290938 -1.4342026710510254 0.7974337339401245
Car 0.0 0 -1.631484866142273 587.0013427734375 179.31434631347656 633.5029907226562 220.75320434570312 4.6639857 1.6303514 1.7320839 -0.10279779 1.9341986 31.510557 -1.6347471475601196 0.9407828450202942
Car 0.0 0 1.80971360206604 427.1830139160156 191.83567810058594 459.33941650390625 212.666748046875 3.9937332 1.5238264 1.640562 -13.485902 3.1145089 58.442574 1.5829285383224487 0.6658704280853271
Car 0.0 0 0.7200166583061218 823.0509033203125 191.06625366210938 886.0888671875 216.69500732421875 3.6172743 1.4608618 1.6315746 15.478328 2.669784 45.904633 1.045229196548462 0.2722594439983368
Car 0.0 0 -1.5848674774169922 521.0925903320312 167.28065490722656 547.2213134765625 191.80117797851562 3.7596674 1.5164593 1.6108471 -4.9565835 1.1721364 46.583153 -1.6908715963363647 0.23830974102020264
Car 0.0 0 1.5805314779281616 550.3090209960938 190.35989379882812 571.721923828125 213.54173278808594 3.6878674 1.5442933 1.5088799 -3.594833 2.8713489 52.794838 1.5125458240509033 0.22231034934520721
Car 0.0 0 0.2042207419872284 162.53192138671875 201.46307373046875 256.9269104003906 231.81068420410156 4.325661 1.5072448 1.6896079 -22.138826 3.1516275 40.0122 -0.3011539876461029 0.19420126080513
Car 0.0 0 1.2735875844955444 757.5195922851562 182.55792236328125 793.1348876953125 202.7421112060547 4.023606 1.5147672 1.6900336 13.264601 2.3257527 58.203457 1.4976611137390137 0.18413785099983215
Car 0.0 0 1.5978691577911377 473.4109191894531 189.7315673828125 496.41705322265625 212.72438049316406 3.8749866 1.5679305 1.6011648 -9.393896 2.8840938 54.21707 1.4263079166412354 0.1776445358991623
Car 0.0 0 1.2777934074401855 884.5997314453125 172.74334716796875 985.5825805664062 228.16317749023438 4.143801 1.4696606 1.5562066 9.392956 1.4670842 21.282999 1.693419098854065 0.17085441946983337
Car 0.0 0 1.804466962814331 469.7211608886719 190.4600372314453 508.1757507324219 216.72613525390625 4.006198 1.5917976 1.669761 -8.121516 2.8266485 48.534615 1.6386685371398926 0.1708022654056549
