Pedestrian 0.0 0 -0.9432946443557739 732.30419921875 168.25350952148438 755.4984741210938 210.7687530517578 0.7032692 1.7261372 0.65271664 5.48375 1.5397133 29.770838 -0.7611377835273743 0.5832296013832092
Pedestrian 0.0 0 2.1562066078186035 276.6727600097656 177.35157775878906 300.7897644042969 216.5111541748047 0.866319 1.7789209 0.64902407 -14.890876 1.9902741 33.366066 1.7364438772201538 0.34966355562210083
Cyclist 0.0 0 -1.6315767765045166 780.7327270507812 172.82339477539062 790.1814575195312 206.72149658203125 1.6373961 1.6681429 0.36090046 8.794893 1.666995 36.342163 -1.394139289855957 0.26592886447906494
Cyclist 0.0 0 -2.5807266235351562 993.7720947265625 137.35687255859375 1049.1295166015625 191.91964721679688 1.6733963 1.8305936 0.47237465 14.219721 0.6400151 25.053717 -2.0644946098327637 0.2621084451675415
Cyclist 0.0 0 2.1442677974700928 276.4430847167969 177.19715881347656 301.57769775390625 216.5987548828125 0.96742797 1.7891101 0.64191294 -14.893429 1.993725 33.403618 1.7248598337173462 0.1427561491727829
Car 0.0 0 2.142991781234741 85.35801696777344 188.6602020263672 240.9259490966797 260.1225891113281 4.206013 1.693389 1.6692057 -12.307819 2.1818511 20.1563 1.5948008298873901 0.947708010673523
Car 0.0 0 1.8550214767456055 435.1593933105469 181.4603729248047 477.03765869140625 204.94656372070312 4.326595 1.4973645 1.6842575 -10.601218 2.1187918 49.846153 1.6454650163650513 0.781150758266449
Car 0.0 0 2.2751266956329346 0.0 194.638916015625 123.49983215332031 309.3665466308594 3.450944 1.4257019 1.5841669 -9.65784 1.8208046 11.345411 1.5699044466018677 0.7328949570655823
Car 0.0 0 -1.617566466331482 599.111328125 176.55828857421875 627.3999633789062 202.67689514160156 3.9719036 1.5800143 1.6207241 0.13883847 1.8281355 46.238148 -1.6145638227462769 0.6832055449485779
Car 0.0 0 1.8004672527313232 384.29144287109375 176.96566772460938 458.4640808105469 225.08612060546875 4.2957625 1.594936 1.6908789 -6.847501 1.7583846 26.45002 1.5471442937850952 0.3759235739707947
Car 0.0 0 2.0036354064941406 0.0 198.2102508544922 64.27462005615234 228.3096923828125 4.2034664 1.4764678 1.6769676 -33.355373 3.0110025 41.411377 1.3255716562271118 0.3172564208507538
Car 0.0 0 2.1769533157348633 228.556884765625 197.13209533691406 291.7742919921875 227.035888671875 3.412984 1.5159785 1.5990305 -20.003157 2.96777 41.32378 1.7261395454406738 0.23186688125133514
