Pedestrian 0.0 0 1.4134900569915771 667.8161010742188 158.02796936035156 682.9244995117188 195.19189453125 0.863437 1.7802943 0.60095274 3.1296072 1.070429 35.012867 1.5026376247406006 0.6678526997566223
Cyclist 0.0 0 -1.5837763547897339 1135.397216796875 79.90097045898438 1175.844970703125 205.39552307128906 1.7506852 1.7682796 0.46059245 8.249149 0.4588837 11.006997 -0.9406299591064453 0.6127385497093201
Car 0.0 0 2.093132257461548 49.46787643432617 198.46153259277344 322.4845275878906 330.51513671875 4.1231346 1.4598191 1.641913 -6.043591 1.9189357 10.85062 1.5849450826644897 0.9517659544944763
Car 0.0 0 -1.9289207458496094 753.8239135742188 176.23208618164062 1020.9033813476562 346.3179626464844 3.8502734 1.5877869 1.6604931 2.9631958 1.6383082 8.761144 -1.602778434753418 0.9347013235092163
Car 0.0 0 1.8043991327285767 397.52764892578125 179.13583374023438 472.4012145996094 231.25485229492188 4.1570253 1.671991 1.6717272 -6.17767 1.9144592 25.72605 1.5687285661697388 0.9175408482551575
Car 0.0 0 1.8207721710205078 320.91680908203125 176.81427001953125 430.1368103027344 244.4701385498047 4.191172 1.5629512 1.7447175 -6.08069 1.6797014 19.06002 1.5119507312774658 0.8972659707069397
Car 0.0 0 1.6218808889389038 543.533935546875 178.05870056152344 571.4957275390625 202.68409729003906 3.8717327 1.5154418 1.6298946 -3.4252207 1.8702245 47.17892 1.5494073629379272 0.8095350861549377
Car 0.0 0 -3.1833086013793945 908.0487670898438 155.47315979003906 1051.7698974609375 201.215087890625 4.6108813 1.587177 1.7297875 13.543209 0.9844455 26.774815 -2.7150166034698486 0.7189421057701111
Car 0.0 0 -3.179393768310547 694.2088623046875 158.64364624023438 754.8540649414062 180.631591796875 4.4100976 1.6099163 1.6356398 8.485305 0.56981915 53.89936 -3.0232467651367188 0.6431921124458313
Car 0.0 0 1.7549808025360107 507.1085205078125 179.56069946289062 541.41162109375 203.0775604248047 4.035983 1.5729367 1.7229614 -6.103028 2.0713453 51.509285 1.6370465755462646 0.6202152967453003
Car 0.0 0 1.8049542903900146 459.5758056640625 180.95791625976562 511.1590270996094 213.34359741210938 4.267481 1.4938996 1.6284732 -6.2777724 1.9293438 36.55391 1.634873390197754 0.6078112721443176
