Pedestrian 0.0 0 -3.0903971195220947 665.7371215820312 168.127685546875 682.4139404296875 210.0889434814453 0.69641477 1.8212144 0.69650805 2.778875 1.6164392 31.70667 -3.0029773712158203 0.5623377561569214
Car 0.0 0 1.9466980695724487 179.05239868164062 203.41358947753906 416.91705322265625 346.9350280761719 3.5367093 1.3873419 1.638759 -3.872996 1.8657026 9.506058 1.5598081350326538 0.9678585529327393
Car 0.0 0 -1.6836670637130737 660.7024536132812 182.61680603027344 718.0314331054688 229.26861572265625 3.6122153 1.4416147 1.5490708 2.619161 1.8029603 24.86455 -1.5787169933319092 0.9484462738037109
Car 0.0 0 -0.41996505856513977 837.029052734375 166.76670837402344 1047.5728759765625 233.2305450439453 4.431992 1.5736374 1.7580872 8.097884 1.429869 17.96753 0.003467082977294922 0.8528996706008911
Car 0.0 0 1.8568711280822754 296.8673095703125 198.5732421875 412.1968994140625 269.3931884765625 4.2222543 1.4249651 1.6006702 -6.329835 2.1514914 18.222183 1.5225415229797363 0.8189954161643982
Car 0.0 0 2.770033597946167 757.220947265625 167.14523315429688 887.5693359375 212.93051147460938 4.393889 1.6637207 1.7437063 7.926825 1.4566363 27.279274 3.052826404571533 0.8159597516059875
Car 0.0 0 2.4173576831817627 0.0 205.67312622070312 203.73497009277344 375.0 3.8767729 1.4884735 1.6004515 -3.5554807 1.712045 2.9408016 1.5376203060150146 0.7860803604125977
Car 0.0 0 -1.3482494354248047 421.9010314941406 186.5336151123047 482.0327453613281 230.1880645751953 3.7641702 1.587457 1.592963 -6.383376 2.1793084 29.307383 -1.562707781791687 0.7673487067222595
Car 0.0 0 2.761632204055786 803.8336791992188 162.93927001953125 953.9957275390625 224.1518096923828 3.7755806 1.7161926 1.6373316 7.7379284 1.4385751 21.098747 3.1131489276885986 0.7021437287330627
Car 0.0 0 1.8570148944854736 474.4342956542969 186.11595153808594 521.0966186523438 215.81716918945312 3.7812285 1.5147367 1.5883998 -6.284456 2.2966704 40.541214 1.7032248973846436 0.6970177888870239
Car 0.0 0 -2.163881778717041 971.0972900390625 155.1985321044922 1044.2760009765625 189.33287048339844 3.625956 1.6950874 1.5865897 20.659307 0.81868744 37.70641 -1.6626530885696411 0.6673757433891296
