Pedestrian 0.0 0 2.328364610671997 54.092071533203125 138.62535095214844 95.8800048828125 205.4617156982422 0.6579918 1.8392931 0.668782 -14.885196 0.68850815 19.817263 1.684145450592041 0.5761546492576599
Pedestrian 0.0 0 1.1404393911361694 812.0488891601562 95.6441421508789 891.7769165039062 238.7438201904297 0.91501904 1.8500621 0.7032418 3.2919154 0.7546793 9.626685 1.4699313640594482 0.5272167325019836
Pedestrian 0.0 0 2.3669567108154297 717.7073364257812 149.34901428222656 746.7080688476562 204.9593963623047 0.77241874 1.8673121 0.6081007 4.32606 0.82284725 24.205353 2.5438127517700195 0.5072779059410095
Pedestrian 0.0 0 0.017191436141729355 624.0408325195312 159.08157348632812 633.88671875 178.11782836914062 0.9448353 1.8343868 0.5111858 2.3511941 -0.23055553 68.47805 0.051512956619262695 0.45988723635673523
Pedestrian 0.0 0 -0.6079258918762207 782.33837890625 114.65064239501953 830.5875244140625 195.1259765625 0.81139034 1.8206004 0.72496486 4.6468697 0.3324951 16.465807 -0.33286601305007935 0.33977049589157104
Pedestrian 0.0 0 1.7098662853240967 480.2273864746094 160.1547393798828 488.5869140625 179.5592803955078 1.6129855 1.8249342 0.56871307 -11.461942 -0.089620814 67.38473 1.5413818359375 0.1956464797258377
Pedestrian 0.0 0 -1.6859060525894165 780.2168579101562 124.93909454345703 818.6290283203125 216.85711669921875 1.5972852 1.7875088 0.57605326 3.9457085 0.70866036 14.577435 -1.421567678451538 0.19247952103614807
Cyclist 0.0 0 -1.7688865661621094 775.7280883789062 121.3862533569336 821.5341796875 212.91355895996094 1.6639999 1.78496 0.59008616 3.9398355 0.6337588 14.633239 -1.5058844089508057 0.5212169885635376
Cyclist 0.0 0 1.7098662853240967 480.2273864746094 160.1547393798828 488.5869140625 179.5592803955078 1.6129855 1.8249342 0.56871307 -11.461942 -0.089620814 67.38473 1.5413818359375 0.36144667863845825
Cyclist 0.0 0 1.5290820598602295 626.1021118164062 158.7769317626953 631.862060546875 178.2833251953125 0.9614684 1.8731525 0.51709324 2.3496134 -0.21511799 68.48398 1.5633774995803833 0.11037414520978928
Car 0.0 0 2.3337018489837646 0.0 142.2152862548828 114.60326385498047 215.37200927734375 3.914487 1.561107 1.6468136 -14.168485 0.74576026 17.093485 1.6415963172912598 0.8411369919776917
Car 0.0 0 -1.4692926406860352 555.0792846679688 164.63754272460938 576.8350219726562 182.2612762451172 3.4989657 1.5078202 1.5688179 -3.3921301 0.15188392 62.271942 -1.5237116813659668 0.5908164381980896
Car 0.0 0 -1.6837290525436401 522.8268432617188 166.8533935546875 547.0335083007812 186.84817504882812 3.35856 1.5168742 1.515342 -5.5080423 0.4828528 55.43535 -1.7827637195587158 0.48716792464256287
Car 0.0 0 3.687556743621826 89.33235168457031 155.08773803710938 174.36666870117188 182.77313232421875 3.6784005 1.5346926 1.6706889 -26.79313 0.1274018 40.10278 3.0985546112060547 0.431092232465744
Car 0.0 0 3.112367868423462 31.841650009155273 164.91868591308594 102.59139251708984 187.66165161132812 3.872009 1.5230292 1.590857 -37.374767 0.48091218 49.178963 2.4625134468078613 0.366752564907074
Car 0.0 0 1.7558133602142334 329.1053161621094 164.4064483642578 354.1966247558594 180.39308166503906 3.871262 1.5143977 1.6138643 -25.653591 -0.00965482 69.04667 1.400079607963562 0.3641466200351715
Car 0.0 0 2.0034656524658203 0.0 156.66709899902344 70.21773529052734 191.13800048828125 3.7169175 1.5397736 1.5951904 -27.2394 0.4766516 33.575726 1.321882724761963 0.35768747329711914
Car 0.0 0 -2.9207963943481445 538.23486328125 160.2815704345703 584.7970581054688 177.88890075683594 4.2043047 1.6591902 1.7330052 -4.147362 -0.25503814 68.166695 -2.981562852859497 0.34896740317344666
