Pedestrian 0.0 0 -2.7656357288360596 336.1868591308594 171.498291015625 381.5503234863281 250.32115173339844 0.8441431 1.8095067 0.5930975 -5.914708 1.7787424 16.87403 -3.1027748584747314 0.2349429577589035
Cyclist 0.0 0 -2.1909024715423584 614.0560913085938 155.35096740722656 640.79931640625 191.87037658691406 1.673664 1.8055242 0.46393684 0.83352745 0.9405298 36.492588 -2.1680655479431152 0.22432902455329895
Car 0.0 0 -1.7788103818893433 583.00390625 175.06243896484375 659.0128173828125 231.08827209472656 4.0222845 1.7035183 1.7384068 0.23013647 1.7846614 24.248302 -1.7693198919296265 0.9652548432350159
Car 0.0 0 0.575045108795166 0.0 178.5848846435547 283.5394592285156 304.8659973144531 3.7847822 1.7045058 1.6221367 -7.133355 1.796157 10.65198 -0.015036658383905888 0.8956813216209412
Car 0.0 0 -2.2996201515197754 0.0 184.73886108398438 146.2645721435547 356.82733154296875 3.9700096 1.5477788 1.6644728 -7.415509 1.6890141 7.585063 -3.0737156867980957 0.8936932682991028
Car 0.0 0 1.7371466159820557 349.0994873046875 173.9982147216797 418.951416015625 225.66880798339844 3.3405392 1.4358947 1.4864305 -6.815323 1.4737406 21.8815 1.4352048635482788 0.5524287819862366
Car 0.0 0 -1.6535348892211914 533.44140625 174.0156707763672 557.4030151367188 193.75914001464844 4.155243 1.6217355 1.6980654 -5.5774937 1.7249889 61.71536 -1.7436645030975342 0.4626706838607788
Car 0.0 0 0.10793891549110413 381.3021545410156 172.2655487060547 456.0375061035156 202.34190368652344 4.205229 1.769096 1.7274431 -11.53685 1.7348409 43.607796 -0.15069502592086792 0.38445866107940674
Car 0.0 0 -1.3851361274719238 344.5095520019531 173.88113403320312 405.9139709472656 218.12796020507812 3.6269302 1.5946758 1.6221377 -9.071345 1.6375933 27.992125 -1.6985245943069458 0.3375170826911926
Car 0.0 0 1.4580225944519043 312.6968078613281 170.76553344726562 371.849853515625 216.39093017578125 3.4215956 1.419271 1.4800702 -9.112138 1.3546627 24.302422 1.0992977619171143 0.26144424080848694
Car 0.0 0 -1.3980180025100708 387.0396728515625 175.98916625976562 428.4069519042969 208.12857055664062 3.7940075 1.6936411 1.6010615 -11.297285 1.8779774 40.37126 -1.6708735227584839 0.24097517132759094
