Pedestrian 0.0 0 0.06657052040100098 1106.233642578125 186.60877990722656 1140.544677734375 232.12506103515625 1.0185531 1.6711569 0.7252836 19.493547 2.2064612 27.456171 0.6839683055877686 0.2204376459121704
Cyclist 0.0 0 0.06657052040100098 1106.233642578125 186.60877990722656 1140.544677734375 232.12506103515625 1.0185531 1.6711569 0.7252836 19.493547 2.2064612 27.456171 0.6839683055877686 0.18229521811008453
Cyclist 0.0 0 1.9677726030349731 1029.8851318359375 169.83921813964844 1074.564697265625 222.27333068847656 1.8761582 1.690186 0.59212375 14.702839 1.593364 24.04461 2.516591787338257 0.14762383699417114
Car 0.0 0 2.189939260482788 0.0 191.41981506347656 142.20193481445312 255.4716796875 4.145772 1.3585858 1.5739083 -14.196671 1.8919537 18.61472 1.5383858680725098 0.9346370697021484
Car 0.0 0 1.7914235591888428 331.7792663574219 180.11447143554688 372.776123046875 207.2198944091797 3.6280394 1.4832937 1.511858 -15.121699 1.9292566 42.388493 1.4487563371658325 0.6970111131668091
Car 0.0 0 -1.577155351638794 589.5882568359375 172.0916290283203 610.08349609375 191.49533081054688 3.7391791 1.5074228 1.5925999 -0.85468745 1.4485542 57.937637 -1.591906189918518 0.32920634746551514
Car 0.0 0 1.662628412246704 818.2109985351562 174.50723266601562 843.331787109375 195.61550903320312 3.5101058 1.6024624 1.5841202 17.439178 1.7378361 56.999466 1.9595379829406738 0.23614145815372467
Car 0.0 0 -0.2585983872413635 977.4771118164062 191.78543090820312 1046.3328857421875 219.0947265625 3.3543978 1.5574939 1.6775697 24.458147 2.746376 44.070866 0.24805498123168945 0.1891186535358429
Car 0.0 0 1.6586469411849976 0.0 195.02650451660156 35.52632522583008 224.7890167236328 3.8902578 1.6369685 1.5257597 -36.81509 3.0751743 44.751823 0.9702467918395996 0.18466809391975403
Car 0.0 0 -1.2373290061950684 1002.8478393554688 166.8392333984375 1098.728271484375 214.41656494140625 4.010495 1.5581573 1.6780843 15.607666 1.3615319 25.550074 -0.6889582872390747 0.15244106948375702
Car 0.0 0 1.6071990728378296 876.315673828125 182.58370971679688 901.5237426757812 205.389404296875 3.8926926 1.5923704 1.6302279 20.985699 2.3532739 54.28792 1.976068377494812 0.15093086659908295
Car 0.0 0 2.3478574752807617 108.76618194580078 191.89889526367188 171.75625610351562 214.49876403808594 4.031164 1.4753208 1.4539207 -34.318657 2.9251573 52.792408 1.7714345455169678 0.14664751291275024
