Pedestrian 0.0 0 1.2301839590072632 677.770751953125 170.73846435546875 702.6142578125 218.63880920410156 1.0356945 1.8894032 0.6855124 3.1784792 1.8063152 29.040623 1.339199423789978 0.7141960263252258
Car 0.0 0 1.3974432945251465 458.4951171875 181.44004821777344 507.97119140625 218.71954345703125 3.4505427 1.4312463 1.4719867 -5.4356995 1.8160864 30.434595 1.220704197883606 0.941609799861908
Car 0.0 0 0.7870093584060669 336.76702880859375 183.97340393066406 420.8664245605469 214.64637756347656 4.311349 1.4919294 1.6661959 -12.250665 2.105692 38.073284 0.4757058620452881 0.8824548721313477
Car 0.0 0 1.9549981355667114 82.36642456054688 183.25955200195312 197.34947204589844 238.8707733154297 4.035388 1.5849866 1.7449172 -15.195647 1.9553914 23.510967 1.3812130689620972 0.8817726373672485
Car 0.0 0 -2.4153640270233154 929.1149291992188 223.04896545410156 1242.0 375.0 3.7248118 1.413262 1.5785615 2.927585 1.7487974 2.9113963 -1.6271934509277344 0.7938531637191772
Car 0.0 0 2.229257106781006 0.0 194.92208862304688 154.96485900878906 375.0 4.061743 1.4793156 1.6362165 -5.9006577 1.7337556 6.2010264 1.4686741828918457 0.7762138247489929
Car 0.0 0 -1.123373031616211 21.118154525756836 183.587890625 128.54640197753906 231.78262329101562 3.461623 1.4363686 1.5402611 -17.834978 1.8237315 24.167522 -1.7591322660446167 0.769902765750885
Car 0.0 0 -0.951570987701416 132.7134246826172 188.84140014648438 257.7787780761719 243.15570068359375 3.4572456 1.4158423 1.5279545 -12.356659 1.9360116 21.660458 -1.4699947834014893 0.7098764181137085
Car 0.0 0 2.6037049293518066 526.9830932617188 177.93670654296875 596.2591552734375 203.77281188964844 4.4274225 1.6464412 1.6863478 -3.268393 2.0036192 48.698868 2.536691188812256 0.5865426063537598
Car 0.0 0 2.7330105304718018 639.6824340820312 173.72189331054688 704.8175659179688 195.162841796875 4.3939123 1.501321 1.6502348 4.465001 1.566155 52.120003 2.818469524383545 0.4543289542198181
