Pedestrian 0.0 0 -3.057365655899048 542.406494140625 146.487548828125 632.4082641601562 301.591064453125 0.9747142 1.6847527 0.5968897 -0.2319855 1.3169938 7.999968 -3.0863559246063232 0.7812854647636414
Pedestrian 0.0 0 1.3183622360229492 770.6083984375 150.1986083984375 821.8147583007812 252.9197998046875 0.78696376 1.749168 0.6912414 3.3044622 1.2348341 12.430895 1.578180193901062 0.1469162404537201
Pedestrian 0.0 0 -3.08919620513916 823.6505126953125 185.5301513671875 864.3098754882812 276.69781494140625 0.7368566 1.7528062 0.600809 4.7122345 1.8573676 14.04929 -2.765580177307129 0.12505528330802917
Pedestrian 0.0 0 -0.0482402965426445 675.3089599609375 151.3538818359375 705.6810302734375 221.3203582763672 0.7336858 1.740072 0.5933014 2.1210349 1.0168011 17.900873 0.06969761848449707 0.11313847452402115
Pedestrian 0.0 0 0.11872071772813797 592.8574829101562 171.7701873779297 640.5331420898438 260.8717346191406 0.9290125 1.8028917 0.5625094 0.20816305 1.6278783 14.641883 0.13293671607971191 0.112661212682724
Pedestrian 0.0 0 -2.3449759483337402 1108.9154052734375 213.2820587158203 1224.0 370.0 0.6974457 1.4851834 0.588146 4.344066 1.7543364 5.3881435 -1.6664496660232544 0.11180485039949417
Pedestrian 0.0 0 -1.7727521657943726 508.6788024902344 121.71363830566406 542.1755981445312 197.79608154296875 1.08685 1.8596714 0.6339142 -2.0613172 0.4243636 17.892422 -1.8874526023864746 0.11043345183134079
Pedestrian 0.0 0 -1.5785930156707764 858.1602172851562 146.11851501464844 896.3700561523438 254.37289428710938 1.6465749 1.7137707 0.56929165 4.5865808 1.1711344 12.059169 -1.215149164199829 0.10133051127195358
Cyclist 0.0 0 -1.522477388381958 859.698974609375 155.2075958251953 895.4532470703125 259.4299011230469 1.6816856 1.6449677 0.49162212 4.6091356 1.247427 12.023208 -1.1564035415649414 0.21177244186401367
Cyclist 0.0 0 1.6525052785873413 532.8322143554688 152.06504821777344 563.0219116210938 231.38153076171875 1.2983035 1.891595 0.64485717 -1.4373728 1.2150607 17.506447 1.570583701133728 0.11697287857532501
Car 0.0 0 -3.1365432739257812 592.8472900390625 170.9505157470703 696.183837890625 209.9373321533203 4.123928 1.5516067 1.6064955 1.5948535 1.173051 29.059538 -3.0817160606384277 0.1264084428548813
Car 0.0 0 -1.6678879261016846 536.67919921875 195.36309814453125 617.5026245117188 266.4368896484375 3.8099148 1.45482 1.5812037 -0.82237715 1.8622445 17.302399 -1.7153818607330322 0.10675132274627686
