Pedestrian 0.0 0 1.176198124885559 670.7161865234375 168.10353088378906 692.6690063476562 209.87301635742188 0.96758235 1.8184315 0.6440474 3.1305323 1.6119782 31.966188 1.2738194465637207 0.6730178594589233
Pedestrian 0.0 0 -1.390868067741394 293.8996276855469 147.008056640625 319.4335632324219 203.61976623535156 0.60879546 1.7233219 0.6308738 -9.42732 0.9369014 22.327448 -1.7903902530670166 0.628365159034729
Pedestrian 0.0 0 -1.9557714462280273 912.060791015625 123.22520446777344 955.7037963867188 195.10948181152344 0.76200646 1.7085165 0.73392636 7.8134155 0.52931726 17.539764 -1.5366921424865723 0.6272540092468262
Pedestrian 0.0 0 1.6146397590637207 964.0839233398438 136.68470764160156 986.5916137695312 190.58456420898438 0.8006116 1.6598501 0.59900224 11.45875 0.54637194 22.712708 2.0818874835968018 0.5539666414260864
Cyclist 0.0 0 1.1717177629470825 670.7332153320312 168.0281524658203 692.7792358398438 210.0083770751953 0.98629993 1.8280303 0.637972 3.1348133 1.6182461 31.982252 1.2694228887557983 0.1564774364233017
Car 0.0 0 2.115436315536499 0.0 191.408935546875 271.2746276855469 358.9868469238281 3.8731303 1.5028759 1.6306273 -5.879432 1.7820672 8.872056 1.5301910638809204 0.9304982423782349
Car 0.0 0 1.2599140405654907 464.6661071777344 175.91009521484375 518.0758666992188 207.79507446289062 3.6565697 1.4484478 1.5108323 -5.8609133 1.6059338 35.12376 1.0945727825164795 0.9097208976745605
Car 0.0 0 -2.1312735080718994 826.71435546875 183.25648498535156 1242.0 375.0 3.5242894 1.4422146 1.544895 2.9963417 1.5481526 5.5134535 -1.63346529006958 0.8990920782089233
Car 0.0 0 0.6726288199424744 340.0835266113281 179.7476348876953 417.4859313964844 207.16297912597656 4.1280355 1.4894449 1.6089118 -13.309217 1.8997873 41.426273 0.3617699146270752 0.8152977228164673
Car 0.0 0 1.701845407485962 155.0001678466797 178.49737548828125 225.833251953125 224.6724395751953 4.0791116 1.5003021 1.699892 -15.167296 1.7228101 26.190842 1.1769301891326904 0.6856164932250977
Car 0.0 0 2.707212209701538 650.3773803710938 170.80760192871094 713.2470703125 191.05477905273438 4.4784822 1.4990007 1.6666695 5.4399157 1.3478533 54.94078 2.8059046268463135 0.6006957292556763
Car 0.0 0 1.9250636100769043 88.96176147460938 177.87818908691406 174.26634216308594 221.42098999023438 3.5573957 1.4809068 1.505323 -17.754095 1.6817029 26.879505 1.3413376808166504 0.5688235759735107
Car 0.0 0 -3.1041367053985596 564.0428466796875 161.37876892089844 622.9601440429688 182.16725158691406 4.9631724 1.7493949 1.7632812 -1.4004594 0.78408724 61.634293 -3.12685489654541 0.49602270126342773
Car 0.0 0 -1.1523749828338623 428.1959228515625 168.21592712402344 471.1087341308594 191.53846740722656 4.0051036 1.6818146 1.6610526 -12.009024 1.3477157 54.155895 -1.3705930709838867 0.48038414120674133
Car 0.0 0 2.5235342979431152 402.5877990722656 173.97998046875 450.9402770996094 192.9237518310547 4.009891 1.6396189 1.6192942 -16.429203 1.7442175 64.74387 2.2750229835510254 0.47148725390434265
Car 0.0 0 0.8528546690940857 1002.3694458007812 153.2860870361328 1129.065185546875 202.11668395996094 3.5705242 1.4814135 1.553346 14.827677 0.88812363 23.77345 1.4105238914489746 0.46351924538612366
