Pedestrian 0.0 0 1.0633357763290405 878.2266845703125 143.82223510742188 902.840576171875 183.13287353515625 0.94481915 1.836423 0.7120412 13.521747 0.12444788 33.53819 1.4465758800506592 0.594647228717804
Pedestrian 0.0 0 2.318707227706909 788.4452514648438 161.23802185058594 806.3223876953125 194.91636657714844 0.75517243 1.7786918 0.5565774 10.267354 0.762799 37.773125 2.584111213684082 0.5923144221305847
Pedestrian 0.0 0 -1.5315817594528198 988.8338623046875 138.57656860351562 1007.5762329101562 179.97189331054688 0.4767867 1.9475621 0.762232 18.712006 -0.024012 33.672283 -1.0243656635284424 0.569557785987854
Pedestrian 0.0 0 2.06630539894104 115.9749526977539 154.98257446289062 138.63429260253906 191.8526153564453 0.66581804 1.7958398 0.6916811 -23.523527 0.5543936 34.798904 1.4718796014785767 0.5678043961524963
Pedestrian 0.0 0 1.4501564502716064 1022.1464233398438 141.15518188476562 1039.8826904296875 181.80589294433594 0.6996636 1.8847133 0.6331157 19.998995 0.062000096 33.22505 1.991990327835083 0.551567792892456
Pedestrian 0.0 0 -0.6872706413269043 969.078369140625 129.42657470703125 1006.9207763671875 195.95852661132812 0.66705316 1.7390248 0.5832461 10.158568 0.40564525 18.826035 -0.19244548678398132 0.5228044986724854
Pedestrian 0.0 0 1.067111611366272 0.0 128.84152221679688 34.7011833190918 191.27078247070312 0.56020445 1.8165302 0.70122874 -17.542395 0.3149693 20.996655 0.37110471725463867 0.5216477513313293
Pedestrian 0.0 0 1.373720407485962 704.2461547851562 157.9559326171875 712.4765625 176.21795654296875 0.9181382 1.7342808 0.61265296 9.942856 -0.41262108 67.837975 1.5192519426345825 0.3607083261013031
Pedestrian 0.0 0 -0.7021331787109375 984.0003051757812 138.0533905029297 1028.483154296875 206.6286163330078 0.78187925 1.7319916 0.619911 10.304227 0.6615188 18.23028 -0.18767544627189636 0.3585191071033478
Pedestrian 0.0 0 3.179448127746582 0.0 161.8319549560547 25.307754516601562 193.78460693359375 1.4720246 1.8548685 0.6718306 -35.207035 0.7725555 41.757233 2.478952407836914 0.26390883326530457
Pedestrian 0.0 0 0.3361177444458008 769.3881225585938 158.738525390625 800.3367309570312 189.28306579589844 1.6159418 1.7240884 0.59555334 10.316951 0.4971484 40.59886 0.5849695205688477 0.24136881530284882
Cyclist 0.0 0 0.2610301375389099 769.87744140625 157.45530700683594 801.14404296875 188.0216064453125 1.6449058 1.7252139 0.5747588 10.34387 0.42591935 40.554836 0.5107643604278564 0.6184715628623962
Cyclist 0.0 0 3.5569398403167725 67.37577819824219 90.4498062133789 238.28465270996094 232.0197296142578 1.910424 1.8672534 0.6003311 -6.241291 0.6811987 9.763361 2.988154411315918 0.5958700180053711
Cyclist 0.0 0 3.179448127746582 0.0 161.8319549560547 25.307754516601562 193.78460693359375 1.4720246 1.8548685 0.6718306 -35.207035 0.7725555 41.757233 2.478952407836914 0.36879879236221313
Cyclist 0.0 0 1.0633357763290405 878.2266845703125 143.82223510742188 902.840576171875 183.13287353515625 0.94481915 1.836423 0.7120412 13.521747 0.12444788 33.53819 1.4465758800506592 0.11690805107355118
Car 0.0 0 -0.7963231801986694 0.0 213.57647705078125 297.4623107910156 370.0 3.880943 1.4597014 1.550065 -3.1639762 1.7100767 3.3560333 -1.5522732734680176 0.8450742959976196
Car 0.0 0 1.6927590370178223 429.8290710449219 174.49671936035156 466.217529296875 202.51947021484375 3.6220355 1.4953134 1.5624554 -8.75388 1.1763823 39.600975 1.475205421447754 0.7623769640922546
Car 0.0 0 -1.5007978677749634 715.72265625 160.8609161376953 739.0362548828125 180.2148895263672 3.8559117 1.5193372 1.6083122 10.017305 -0.022870228 57.626987 -1.3286875486373901 0.43881481885910034
Car 0.0 0 -1.6919232606887817 557.2791748046875 167.64791870117188 588.03564453125 193.60458374023438 3.8488622 1.6667368 1.6003617 -2.2068982 0.8428121 47.427246 -1.7384220361709595 0.36922305822372437
