Pedestrian 0.0 0 0.06125887855887413 602.9398803710938 170.553466796875 633.9402465820312 264.5480041503906 0.52455443 1.6654122 0.7346173 0.10971533 1.6250088 13.166246 0.06959176063537598 0.6730343699455261
Pedestrian 0.0 0 -1.351288080215454 258.5823059082031 151.7465057373047 338.9149475097656 338.17913818359375 0.7719857 1.7061731 0.56779075 -3.066708 1.5133617 7.0335445 -1.7624486684799194 0.1997007131576538
Pedestrian 0.0 0 -0.5521403551101685 931.7080688476562 119.53520965576172 1048.3843994140625 312.99981689453125 0.797035 1.7967806 0.6249951 3.6313872 1.3019463 7.040283 -0.07593178004026413 0.10947238653898239
Cyclist 0.0 0 0.3795531690120697 353.1433410644531 154.55625915527344 399.74749755859375 199.12161254882812 1.644338 1.751497 0.64411634 -9.334188 1.0327218 28.730082 0.06541848182678223 0.15926764905452728
Car 0.0 0 -1.6048097610473633 634.1116333007812 174.94747924804688 733.0193481445312 265.3811950683594 3.5922196 1.4096713 1.5529525 1.2070341 1.453573 13.167291 -1.513396143913269 0.8255773186683655
Car 0.0 0 1.9468698501586914 0.0 192.4151153564453 170.41952514648438 369.3731994628906 3.4313753 1.490537 1.5255238 -6.5208282 1.767746 8.347822 1.2837344408035278 0.24569398164749146
Car 0.0 0 -1.57301926612854 623.2295532226562 169.7415008544922 660.8892822265625 204.95742797851562 3.4284701 1.4136581 1.5118412 1.3149049 1.2890724 30.70512 -1.5302218198776245 0.17856845259666443
Car 0.0 0 3.7880077362060547 0.0 184.19430541992188 318.476318359375 375.0 4.3112855 1.5656098 1.7363704 -4.9226284 1.673355 5.848149 3.0883278846740723 0.1385197788476944
Car 0.0 0 1.3514105081558228 695.1066284179688 162.28961181640625 769.213623046875 216.82528686523438 3.6249554 1.6053711 1.5669402 3.7736437 1.2947444 23.091652 1.5133988857269287 0.13752232491970062
Car 0.0 0 -1.349306583404541 355.6834716796875 160.38934326171875 419.46240234375 200.2002410888672 4.252195 1.5750861 1.699713 -9.418072 1.0822899 30.728739 -1.6467074155807495 0.10792157799005508
