Pedestrian 0.0 0 1.3109915256500244 906.3232421875 125.76087188720703 939.0892944335938 197.26795959472656 0.7782268 1.6933005 0.54584974 7.530226 0.578485 17.508152 1.7171725034713745 0.6639592051506042
Pedestrian 0.0 0 1.685621976852417 810.3551025390625 121.88777923583984 841.335205078125 187.5247802734375 1.2869868 1.9196467 0.75839216 6.4972825 0.42942527 21.840393 1.9747737646102905 0.5157549381256104
Pedestrian 0.0 0 2.566347122192383 998.0098876953125 120.47669982910156 1042.691650390625 185.47723388671875 0.97378826 1.8762934 0.5905918 11.974216 0.3647378 21.14902 3.0815300941467285 0.4891660511493683
Pedestrian 0.0 0 -3.230459451675415 1057.1583251953125 91.13090515136719 1120.14111328125 233.30625915527344 0.6411124 1.8065907 0.6340422 6.2950926 0.7685113 9.596481 -2.6498923301696777 0.38604599237442017
Pedestrian 0.0 0 2.325040340423584 896.4549560546875 126.32245635986328 930.7398071289062 178.53651428222656 0.9157508 1.7687966 0.6375584 10.438528 0.19285783 24.917702 2.721750020980835 0.3612326383590698
Cyclist 0.0 0 1.1090463399887085 809.1557006835938 135.72085571289062 912.5681762695312 283.5199890136719 1.7043451 1.7725378 0.5782744 3.204149 1.3275622 9.534342 1.4332524538040161 0.9481291770935059
Cyclist 0.0 0 1.4921343326568604 902.339599609375 126.70203399658203 925.0575561523438 178.74884033203125 1.0194845 1.7549688 0.6424822 10.432657 0.19912669 24.911432 1.8887332677841187 0.1186337023973465
Cyclist 0.0 0 -1.596219778060913 805.687744140625 124.62147521972656 832.3999633789062 188.933349609375 1.2504588 1.8958102 0.7457874 6.3053904 0.47435126 21.96591 -1.3166824579238892 0.10881496965885162
Car 0.0 0 -1.6007145643234253 584.5538330078125 177.76947021484375 611.3062133789062 202.4084930419922 3.9149444 1.5646472 1.6781864 -0.8788349 1.9097624 48.60856 -1.6187924146652222 0.7441365718841553
Car 0.0 0 1.749859094619751 469.7505187988281 182.82273864746094 498.7508544921875 202.0805206298828 3.8414402 1.4353206 1.6279411 -10.041702 2.259443 57.69522 1.5775378942489624 0.7197928428649902
Car 0.0 0 1.8471825122833252 446.2698669433594 183.42369079589844 476.2026672363281 202.00567626953125 3.9573848 1.5609238 1.6221926 -13.37284 2.5425894 64.95324 1.644135594367981 0.6721549034118652
Car 0.0 0 1.1393369436264038 651.7859497070312 171.87588500976562 685.5372924804688 189.673095703125 4.010033 1.613653 1.617761 5.438367 1.5253267 67.57914 1.2196379899978638 0.6318826675415039
Car 0.0 0 1.3764429092407227 697.2174072265625 162.5542755126953 740.5125732421875 191.2581024169922 3.9842865 1.5057842 1.6164569 5.9228888 0.9658251 39.876507 1.5238956212997437 0.5090928077697754
Car 0.0 0 -1.888241171836853 664.78662109375 166.29481506347656 696.0869140625 186.97154235839844 3.423631 1.6238797 1.5292143 5.6545687 1.1091015 58.50218 -1.7918847799301147 0.42854881286621094
Car 0.0 0 1.8334327936172485 349.63494873046875 175.5436553955078 433.45794677734375 225.6856689453125 4.0443916 1.5019569 1.6542778 -7.155618 1.5989447 23.874622 1.542236089706421 0.3770935833454132
