Pedestrian 0.0 0 2.0863418579101562 915.1250610351562 127.24541473388672 952.0234375 189.89218139648438 0.79809564 1.7897009 0.68139243 9.425191 0.48710707 21.121288 2.506065607070923 0.486889123916626
Pedestrian 0.0 0 1.1948643922805786 635.847900390625 162.06991577148438 645.0625 182.35977172851562 0.9158909 1.8192985 0.5324104 2.7304997 0.8526958 65.2141 1.236709713935852 0.44067999720573425
Pedestrian 0.0 0 -0.6950632333755493 942.9634399414062 128.6390838623047 984.8052368164062 191.44036865234375 0.8041148 1.7259659 0.6821058 9.881031 0.5111667 20.254473 -0.24118731915950775 0.32822540402412415
Cyclist 0.0 0 1.1948643922805786 635.847900390625 162.06991577148438 645.0625 182.35977172851562 0.9158909 1.8192985 0.5324104 2.7304997 0.8526958 65.2141 1.236709713935852 0.12491943687200546
Car 0.0 0 2.1028566360473633 146.8526153564453 185.9780731201172 289.9157409667969 245.55923461914062 4.325422 1.4690237 1.6732142 -11.2080345 1.890407 20.949425 1.611599087715149 0.8978157043457031
Car 0.0 0 -1.6174033880233765 557.582763671875 176.3490753173828 723.2728881835938 335.2621154785156 4.4164343 1.6141278 1.7128702 0.20536283 1.6720574 9.653392 -1.5961329936981201 0.8686632513999939
Car 0.0 0 1.3748761415481567 716.2329711914062 165.30422973632812 750.7393188476562 188.23922729492188 4.2075276 1.5937696 1.6686181 8.867365 1.0694888 52.263603 1.5429418087005615 0.6862109899520874
Car 0.0 0 1.5304672718048096 319.2938537597656 164.2526397705078 343.7642517089844 183.8214569091797 4.2829313 1.6022506 1.7663729 -23.744164 0.8983488 61.391254 1.1614197492599487 0.4579148590564728
Car 0.0 0 -1.6111345291137695 589.0035400390625 171.16851806640625 633.3871459960938 210.17791748046875 3.668763 1.496984 1.6574805 -0.048130974 1.4326617 29.553778 -1.6127631664276123 0.32188186049461365
Car 0.0 0 -1.7390755414962769 675.66357421875 163.5919189453125 705.9857788085938 186.1932830810547 4.176892 1.7036322 1.6776145 6.263228 1.0058395 56.518414 -1.6287083625793457 0.311960905790329
Car 0.0 0 -0.6313987970352173 722.0289916992188 154.7792510986328 803.6321411132812 184.40272521972656 4.075697 1.5106425 1.6202825 8.096527 0.5892824 38.367825 -0.42342615127563477 0.2925465703010559
