Cyclist 0.0 0 1.0302276611328125 862.8678588867188 117.36320495605469 911.2215576171875 178.20687866210938 1.7402967 1.805831 0.5792529 8.4978895 0.15923053 22.319906 1.3940136432647705 0.5111686587333679
Cyclist 0.0 0 2.123526096343994 0.0 148.60865783691406 37.93278503417969 193.5644073486328 1.8675613 1.8631655 0.60925895 -25.456501 0.8586888 30.86758 1.4339045286178589 0.5107477307319641
Cyclist 0.0 0 -2.045314073562622 1074.672119140625 84.86962890625 1181.2950439453125 212.9138641357422 1.7475711 1.6473937 0.46369168 7.18873 0.5157608 10.1780615 -1.4303747415542603 0.3523024618625641
Cyclist 0.0 0 -1.8859878778457642 903.7515258789062 120.10839080810547 951.0847778320312 194.81141662597656 1.6344955 1.7853457 0.60336953 7.8801875 0.5251237 18.083807 -1.4750393629074097 0.32523930072784424
Car 0.0 0 2.0596237182617188 203.8510284423828 189.54273986816406 293.3800964355469 231.1780548095703 3.6262112 1.4150896 1.5647625 -13.868494 2.101449 27.823381 1.5972188711166382 0.8998462557792664
Car 0.0 0 1.8863389492034912 389.8810729980469 180.79348754882812 433.0172119140625 204.093505859375 4.261266 1.5191418 1.6828145 -13.9151 2.101124 50.68684 1.6184090375900269 0.8641763925552368
Car 0.0 0 -1.0851316452026367 309.95379638671875 182.3254852294922 346.1419372558594 200.21849060058594 3.844478 1.616406 1.6328901 -27.053524 2.5527856 69.30114 -1.457314372062683 0.6280444860458374
Car 0.0 0 1.5290489196777344 724.8499145507812 167.64370727539062 744.5307006835938 185.64459228515625 3.9934008 1.6030581 1.6125857 11.416555 1.1394172 66.33703 1.6994786262512207 0.48879069089889526
Car 0.0 0 -1.8653154373168945 691.4921875 164.71022033691406 724.2710571289062 184.87869262695312 4.0507913 1.6420035 1.6287785 8.192749 0.9793402 60.870426 -1.731526255607605 0.40832972526550293
Car 0.0 0 1.7073472738265991 717.3933715820312 159.40631103515625 744.8180541992188 181.2525177001953 3.6730356 1.5961037 1.5667335 9.183965 0.6139612 54.70004 1.8736926317214966 0.403763085603714
Car 0.0 0 1.4131278991699219 736.177734375 163.41798400878906 770.7540893554688 186.9644775390625 4.017941 1.4868733 1.6180254 9.384878 0.89138186 47.597233 1.607803463935852 0.40111446380615234
Car 0.0 0 3.334233045578003 339.66162109375 169.15554809570312 387.39984130859375 187.01553344726562 3.855395 1.5900354 1.590937 -22.286554 1.2611287 65.28426 3.005260705947876 0.3490064740180969
