Pedestrian 0.0 0 -2.784651279449463 555.0955810546875 197.0775146484375 570.5530395507812 222.9922637939453 0.8567628 1.7287676 0.7319143 -3.2630985 3.406581 49.48958 -2.8504910469055176 0.3827916085720062
Pedestrian 0.0 0 1.4826844930648804 301.6342468261719 149.6520233154297 343.0247802734375 241.22039794921875 0.85637087 1.8759847 0.74170536 -6.1693897 1.4009976 15.3293915 1.1000635623931885 0.19921448826789856
Pedestrian 0.0 0 1.435369849205017 721.8379516601562 187.74937438964844 745.2639770507812 245.1760711669922 0.86628133 1.8362395 0.6466385 4.013322 2.3359308 23.741903 1.602826476097107 0.16313812136650085
Pedestrian 0.0 0 1.828033447265625 1040.8048095703125 182.82435607910156 1078.082275390625 254.26280212402344 0.64283603 1.7718767 0.67015666 11.46829 2.0341504 18.487347 2.3832688331604004 0.15813496708869934
Pedestrian 0.0 0 1.2852766513824463 307.54156494140625 191.43984985351562 361.95263671875 305.2928466796875 0.73889303 1.7504385 0.64284134 -4.535575 2.0658355 11.73891 0.916574239730835 0.15206992626190186
Pedestrian 0.0 0 1.7652146816253662 854.3570556640625 150.22775268554688 894.848388671875 217.4463348388672 1.1080496 1.8773413 0.90379083 7.609313 1.2457731 20.856972 2.115042209625244 0.15023194253444672
Cyclist 0.0 0 -0.6461977958679199 936.2257080078125 202.88104248046875 973.3870239257812 251.07369995117188 1.1575869 1.8578613 0.6904311 13.732068 3.0771368 28.833178 -0.20172253251075745 0.250457227230072
Cyclist 0.0 0 0.6750025153160095 898.708740234375 180.4509735107422 948.6192016601562 231.1574249267578 1.6849765 1.780424 0.5799096 11.446024 2.0688403 26.47602 1.0830540657043457 0.19951437413692474
Car 0.0 0 1.699914574623108 505.89874267578125 201.10528564453125 558.855224609375 247.99937438964844 3.7936723 1.6357809 1.6693586 -3.13503 2.86197 29.389557 1.5936448574066162 0.9142360091209412
Car 0.0 0 -1.5835636854171753 657.4129028320312 197.39959716796875 682.2242431640625 222.8179473876953 3.3935335 1.5107088 1.5871905 3.9236596 3.2035835 48.00288 -1.502007007598877 0.5534491539001465
Car 0.0 0 -0.023832492530345917 673.1624755859375 171.02735900878906 729.4009399414062 196.11126708984375 3.8370986 1.717942 1.721579 6.325731 1.5931982 50.463406 0.10086989402770996 0.35792362689971924
Car 0.0 0 1.9434329271316528 550.0386962890625 204.32012939453125 608.2644653320312 236.88609313964844 4.188979 1.4996376 1.8158169 -1.6733192 3.3392732 39.897205 1.9015166759490967 0.21161174774169922
Car 0.0 0 1.0034914016723633 934.23291015625 212.93746948242188 1242.0 375.0 3.8855414 1.4912859 1.6052334 4.359535 1.9483732 6.243872 1.6130151748657227 0.14396943151950836
