Pedestrian 0.0 0 -3.3549907207489014 896.21044921875 132.26974487304688 1012.9308471679688 298.1140441894531 1.0510637 1.7491118 0.6451603 3.8553028 1.2312553 8.0096245 -2.9063873291015625 0.823849618434906
Pedestrian 0.0 0 2.7928199768066406 663.1751098632812 177.55262756347656 765.2695922851562 343.0169677734375 0.89612246 1.679294 0.6976138 1.1459674 1.6405979 7.7191334 2.9402015209198 0.8123260736465454
Pedestrian 0.0 0 1.661662220954895 600.5122680664062 190.10496520996094 682.6148071289062 374.0 0.79207516 1.5579537 0.62155277 0.30473804 1.6365737 6.0093994 1.7123290300369263 0.5682589411735535
Pedestrian 0.0 0 0.8013647198677063 473.6352844238281 129.9021759033203 505.8805236816406 192.89450073242188 0.6884377 1.8385303 0.6570049 -3.3597858 0.33369982 21.432646 0.6458699703216553 0.14026671648025513
Pedestrian 0.0 0 -1.3619287014007568 1170.3040771484375 94.77970123291016 1238.0 222.8252716064453 0.5701005 1.7490268 0.67589265 8.57974 0.56580144 10.251246 -0.6650621891021729 0.12363364547491074
Pedestrian 0.0 0 1.766034483909607 221.5146942138672 153.97996520996094 248.66769409179688 211.76036071777344 0.52598256 1.8892423 0.71542627 -12.175653 0.990512 23.83554 1.2937690019607544 0.10464514791965485
Cyclist 0.0 0 -3.4241526126861572 896.908935546875 141.64756774902344 1017.6732177734375 306.6602478027344 1.0562645 1.7446024 0.6798258 3.8885918 1.3246218 8.015955 -2.9724905490875244 0.18652714788913727
Cyclist 0.0 0 1.0904569625854492 1045.9549560546875 50.78528594970703 1238.0 374.0 1.2041072 1.6959705 0.6107122 2.8079755 1.1487616 3.6583292 1.7451001405715942 0.10793822258710861
Car 0.0 0 -0.010583043098449707 283.4115905761719 162.55653381347656 601.0143432617188 275.701904296875 4.591601 1.5947552 1.7300545 -2.4804902 1.3290691 11.47446 -0.2234819233417511 0.9310582876205444
Car 0.0 0 -0.20670562982559204 451.42047119140625 149.60873413085938 607.8111572265625 210.01043701171875 4.1192355 1.578837 1.6593033 -2.067159 0.7464033 20.190153 -0.30873462557792664 0.1622019112110138
