Pedestrian 0.0 0 -2.146108388900757 854.2289428710938 143.3335723876953 878.5977783203125 187.7321319580078 0.78849643 1.8545125 0.64291495 11.060586 0.30356783 29.983562 -1.7927066087722778 0.27371934056282043
Pedestrian 0.0 0 -0.42197227478027344 808.1204833984375 173.60006713867188 856.6989135742188 265.2164306640625 0.6864079 1.7254924 0.6512943 4.347179 1.5971754 13.67413 -0.11416394263505936 0.25147488713264465
Pedestrian 0.0 0 0.13207614421844482 32.949039459228516 186.49557495117188 58.281192779541016 228.54672241210938 0.7755975 1.7818521 0.7001136 -24.222315 2.0470471 30.596588 -0.537563145160675 0.1963825672864914
Pedestrian 0.0 0 -1.6774113178253174 850.7234497070312 125.9901123046875 901.47265625 253.75628662109375 0.9325957 1.8531517 0.6213533 4.06963 1.0641915 10.779704 -1.3164269924163818 0.19354654848575592
Cyclist 0.0 0 -0.17142611742019653 590.1604614257812 164.12017822265625 613.5736694335938 185.88331604003906 1.7936071 1.7340657 0.6676791 -0.24126774 0.43017238 56.81745 -0.17567245662212372 0.589180588722229
Cyclist 0.0 0 -1.13236403465271 418.7677001953125 172.80213928222656 437.97686767578125 203.13970947265625 1.5119255 1.8324809 0.5593674 -10.862207 1.3688678 43.498596 -1.3770735263824463 0.19764988124370575
Car 0.0 0 -1.4577240943908691 542.3186645507812 168.3491668701172 571.1861572265625 190.31338500976562 4.2799406 1.5426716 1.640582 -3.4873874 0.6905455 51.83046 -1.5249073505401611 0.7126778364181519
Car 0.0 0 -1.0361945629119873 132.46734619140625 171.05592346191406 210.86795043945312 203.7727508544922 3.5843015 1.5110466 1.6639016 -21.0346 1.0763222 34.453766 -1.5843111276626587 0.36468270421028137
Car 0.0 0 -2.8059585094451904 668.8551025390625 160.87384033203125 719.1484375 178.2889404296875 4.461979 1.6085478 1.6678663 8.513863 -0.21537603 67.48421 -2.6804606914520264 0.3263915479183197
Car 0.0 0 -0.630672812461853 823.0126342773438 144.7174530029297 909.0031127929688 175.1467742919922 4.1413336 1.5455831 1.6301794 13.90722 -0.2945748 37.735184 -0.27757084369659424 0.2821003496646881
