Pedestrian 0.0 0 1.3856372833251953 972.1251220703125 141.6652069091797 997.5752563476562 195.27687072753906 0.84778136 1.7898457 0.62231594 12.718399 0.7489539 24.581636 1.8631033897399902 0.5421651601791382
Pedestrian 0.0 0 -3.708861827850342 1175.9091796875 125.7508316040039 1225.3482666015625 208.91261291503906 0.6401744 1.7684283 0.5382658 12.7482 0.7671412 15.645192 -3.0251424312591553 0.4308367967605591
Pedestrian 0.0 0 1.1029067039489746 847.0563354492188 141.5636444091797 870.05517578125 186.1511993408203 0.6940082 1.8635938 0.6799405 10.477234 0.5561316 30.545164 1.43333899974823 0.40558922290802
Pedestrian 0.0 0 1.7511062622070312 1040.0931396484375 139.67930603027344 1063.647705078125 191.47503662109375 0.54707396 1.6966761 0.58094853 14.672803 0.6103288 24.030197 2.2992823123931885 0.3952261209487915
Pedestrian 0.0 0 3.583244800567627 80.22198486328125 157.76820373535156 100.34161376953125 188.8026885986328 0.8728186 1.871682 0.47477016 -31.598148 0.962219 43.82588 2.9585680961608887 0.38345566391944885
Pedestrian 0.0 0 -0.70706707239151 963.958251953125 154.4015655517578 984.786376953125 188.29031372070312 0.7057035 1.7270765 0.6480336 18.730413 0.7870407 37.167763 -0.2402704656124115 0.3677223026752472
Pedestrian 0.0 0 2.975684881210327 603.8798217773438 161.27450561523438 624.9140014648438 202.42086791992188 0.7722635 1.6917661 0.6885052 0.13769905 1.2160238 30.065672 2.980264902114868 0.2915288805961609
Pedestrian 0.0 0 0.5063881278038025 590.67578125 163.4149932861328 601.7061157226562 185.07989501953125 0.7680503 1.7860553 0.5025211 -1.1690564 1.0082619 59.882618 0.48686814308166504 0.2775457501411438
Cyclist 0.0 0 2.374551773071289 1196.7091064453125 138.4599151611328 1242.0 177.0315399169922 1.7081196 1.8043252 0.8080306 28.940777 0.195777 34.20827 3.0767290592193604 0.2914806008338928
Car 0.0 0 -0.3576831817626953 925.8399047851562 176.00772094726562 1229.5955810546875 270.43157958984375 4.0598264 1.4573827 1.6898308 7.758817 1.5175356 12.446896 0.19973134994506836 0.9745112061500549
Car 0.0 0 2.0643413066864014 216.5606689453125 164.1703643798828 265.1507568359375 187.88226318359375 3.5565143 1.6180965 1.5617751 -26.077717 1.0258837 51.02921 1.591904640197754 0.4359786808490753
Car 0.0 0 2.2397189140319824 372.8378601074219 169.33460998535156 419.6556091308594 189.7342529296875 4.0058417 1.6419678 1.6115252 -17.81705 1.3590491 60.232754 1.95211660861969 0.3563779294490814
Car 0.0 0 1.984130859375 167.04037475585938 169.57614135742188 222.73196411132812 195.85235595703125 3.9428036 1.6191154 1.6684555 -26.71056 1.4174951 46.507553 1.4628022909164429 0.3217027485370636
Car 0.0 0 -1.37449312210083 114.87117004394531 154.60031127929688 166.7914581298828 187.3240203857422 4.310107 1.8267397 1.7627891 -27.654438 0.8081194 42.604004 -1.9502383470535278 0.31914931535720825
Car 0.0 0 1.3228628635406494 579.9034423828125 159.26556396484375 638.9859008789062 195.76388549804688 3.9785216 1.5021453 1.6669505 -0.13525991 0.9432495 31.827572 1.3186131715774536 0.30511537194252014
Car 0.0 0 -1.216609239578247 161.1171417236328 159.47048950195312 224.90245056152344 190.84312438964844 3.9618456 1.5674698 1.6462688 -21.986645 0.89914834 38.138454 -1.739566683769226 0.2840343117713928
Car 0.0 0 2.015972137451172 67.90079498291016 164.57691955566406 129.76947021484375 191.23043823242188 3.98938 1.6043764 1.6263373 -32.201115 1.1065053 45.53301 1.4004276990890503 0.28183960914611816
