Pedestrian 0.0 0 -3.6300697326660156 1158.26171875 131.24453735351562 1204.4852294921875 208.42578125 0.7204196 1.8444 0.52291864 13.849287 0.85041684 17.561346 -2.9623043537139893 0.4758654832839966
Pedestrian 0.0 0 2.5560526847839355 924.394287109375 139.10670471191406 950.68408203125 184.6820831298828 0.7123575 1.69692 0.5578882 12.299014 0.44075674 27.194826 2.980780839920044 0.46428969502449036
Pedestrian 0.0 0 0.542388916015625 279.7116394042969 137.77798461914062 315.1150817871094 188.3912811279297 1.0289813 1.8758942 0.6603493 -11.793607 0.57622004 27.135006 0.13239240646362305 0.42436954379081726
Pedestrian 0.0 0 -1.6034421920776367 1030.962646484375 134.43919372558594 1057.136474609375 196.1968994140625 0.65545803 1.8502164 0.663225 13.218544 0.6996943 22.061543 -1.0636355876922607 0.4036259055137634
Cyclist 0.0 0 0.542388916015625 279.7116394042969 137.77798461914062 315.1150817871094 188.3912811279297 1.0289813 1.8758942 0.6603493 -11.793607 0.57622004 27.135006 0.13239240646362305 0.11275267601013184
Car 0.0 0 2.1023452281951904 0.0 194.5790252685547 332.8358459472656 375.0 4.1899395 1.505522 1.6898257 -4.591136 1.79748 7.575956 1.5575153827667236 0.9605609774589539
Car 0.0 0 -1.8574174642562866 773.2520751953125 153.72731018066406 975.2740478515625 283.9497375488281 4.667332 1.7177616 1.760463 3.9680877 1.4658196 11.878703 -1.5350215435028076 0.9426871538162231
Car 0.0 0 -1.7636483907699585 715.5148315429688 172.47537231445312 782.6719360351562 223.2723846435547 3.387194 1.5644296 1.5486592 4.4875402 1.5531268 23.918207 -1.5781842470169067 0.9290057420730591
Car 0.0 0 1.7424553632736206 512.99658203125 175.13601684570312 562.0592651367188 209.1344451904297 4.0649314 1.5031731 1.6477547 -3.4139616 1.618511 34.265453 1.6431503295898438 0.918077290058136
Car 0.0 0 -1.7142480611801147 740.2313842773438 176.62132263183594 831.7813110351562 243.73117065429688 4.1325493 1.4812648 1.6422484 4.2788334 1.5882609 18.291672 -1.4844574928283691 0.9140426516532898
Car 0.0 0 -1.6434311866760254 707.0947875976562 174.20835876464844 754.7271728515625 213.94956970214844 3.7897847 1.4831263 1.6032094 4.7562404 1.5416337 29.017454 -1.4809662103652954 0.7346595525741577
Car 0.0 0 1.6959466934204102 772.0145263671875 162.93580627441406 801.5648193359375 183.6859893798828 4.0951157 1.4473116 1.592069 12.874792 0.75588214 52.520878 1.9363428354263306 0.527071475982666
Car 0.0 0 0.34701433777809143 430.9856872558594 166.50474548339844 508.9788818359375 191.94642639160156 4.426476 1.5330286 1.6957763 -8.671732 1.1508018 44.654476 0.15520548820495605 0.44091278314590454
Car 0.0 0 1.4501054286956787 799.6360473632812 153.60623168945312 834.8831787109375 178.49143981933594 4.5575814 1.6336726 1.7907746 14.20519 0.37044677 49.755966 1.728204369544983 0.41499772667884827
