Pedestrian 0.0 0 0.22447386384010315 668.6926879882812 156.5830535888672 682.9700317382812 182.8905487060547 0.90616935 1.8419863 0.54014605 4.617989 0.70309186 50.9147 0.3149268627166748 0.5026162266731262
Pedestrian 0.0 0 2.1031301021575928 317.2403869628906 179.64508056640625 355.85809326171875 254.68429565429688 0.69378316 1.7242811 0.58232296 -6.4999065 1.8887067 17.038416 1.7386858463287354 0.3914419114589691
Pedestrian 0.0 0 2.0072221755981445 0.0 121.72520446777344 42.546268463134766 203.16311645507812 0.60965174 1.8259426 0.64604545 -13.600371 0.6799272 16.550663 1.3193638324737549 0.39003247022628784
Pedestrian 0.0 0 -1.7741271257400513 876.9519653320312 112.92838287353516 927.9940795898438 220.28585815429688 0.7224658 1.8010777 0.68607074 5.0083885 0.7960963 12.518156 -1.3935432434082031 0.3687482178211212
Car 0.0 0 -1.4227155447006226 382.48675537109375 186.17144775390625 514.9906005859375 292.87127685546875 4.2373533 1.4947897 1.6490316 -2.7170358 1.771607 12.810852 -1.6317073106765747 0.9755973219871521
Car 0.0 0 -1.8142929077148438 686.0350341796875 170.67127990722656 831.6784057617188 286.2091369628906 3.8207197 1.7472788 1.6083838 2.4144516 1.7146274 12.862798 -1.6287438869476318 0.954056978225708
Car 0.0 0 1.7289297580718994 497.2791442871094 185.8750457763672 558.1774291992188 228.91607666015625 3.8552034 1.3821692 1.6178344 -2.965262 1.8929403 26.318134 1.6167329549789429 0.9154406189918518
Car 0.0 0 -1.75584876537323 652.6096801757812 184.92111206054688 724.9778442382812 236.2794647216797 3.8521168 1.4276764 1.5859464 2.370102 1.8454622 22.972126 -1.653039574623108 0.8327545523643494
Car 0.0 0 -1.7145766019821167 682.9199829101562 183.50796508789062 772.7939453125 253.46145629882812 3.8720949 1.484063 1.6196467 2.7444406 1.7765679 17.839708 -1.5619343519210815 0.7907370328903198
Car 0.0 0 1.616010308265686 545.1671752929688 179.8849639892578 574.144775390625 206.300048828125 4.190878 1.6369417 1.7352046 -3.334107 2.1252184 47.953087 1.5465935468673706 0.7613964080810547
Car 0.0 0 -1.4940623044967651 665.8145141601562 160.5572509765625 691.5201416015625 184.37403869628906 3.7625756 1.6716565 1.5847574 5.0118327 0.80892795 52.629696 -1.3991203308105469 0.40421462059020996
Car 0.0 0 -1.7407653331756592 705.7428588867188 148.80111694335938 750.5 183.1383514404297 3.332775 1.5127994 1.4962877 5.387288 0.45345634 33.46015 -1.5811291933059692 0.40139999985694885
Car 0.0 0 -0.28147491812705994 619.576416015625 169.32366943359375 666.1068725585938 186.20294189453125 4.061776 1.5499315 1.6083101 3.0444212 1.2261184 67.50961 -0.23640933632850647 0.3682955801486969
