Pedestrian 0.0 0 -3.0414865016937256 723.3280029296875 161.467041015625 736.447509765625 185.72605895996094 0.9056782 1.7650524 0.47033182 8.753654 0.93691134 52.840622 -2.8773159980773926 0.5115903615951538
Pedestrian 0.0 0 -0.3663839101791382 1077.858154296875 112.55794525146484 1140.7767333984375 213.97076416015625 0.78321725 1.7967157 0.58958054 9.039651 0.7288171 13.158672 0.23554539680480957 0.4494679272174835
Pedestrian 0.0 0 -0.05898401141166687 255.66079711914062 162.18702697753906 272.8766784667969 187.260986328125 1.0794526 1.7727754 0.5162388 -24.705399 1.0189583 51.498814 -0.5062825083732605 0.4266858994960785
Pedestrian 0.0 0 0.8986281752586365 713.3553466796875 165.16983032226562 730.9447631835938 196.84814453125 0.84453106 1.8415337 0.6347303 6.564534 1.3951929 42.465965 1.0519976615905762 0.4067838191986084
Pedestrian 0.0 0 -3.6218175888061523 1046.9385986328125 97.5218276977539 1113.111083984375 205.47695922851562 0.7702963 1.7757918 0.5448286 7.8651876 0.53698426 12.173229 -3.048185110092163 0.3592245280742645
Pedestrian 0.0 0 0.5895423293113708 770.54296875 172.435546875 797.2564697265625 226.8888702392578 0.6250472 1.7752292 0.6172514 5.7295146 1.7619451 23.959051 0.8242719173431396 0.3016591966152191
Pedestrian 0.0 0 -1.9799234867095947 1209.28173828125 146.37435913085938 1242.0 199.0276641845703 1.551346 1.70012 0.5867328 20.730967 0.8454779 24.122713 -1.2699997425079346 0.16416573524475098
Cyclist 0.0 0 -1.8269433975219727 1213.233642578125 147.16468811035156 1242.0 200.41909790039062 1.8651125 1.7022092 0.5817455 20.702755 0.88144106 24.025778 -1.1157021522521973 0.3878698945045471
Cyclist 0.0 0 -3.645993709564209 1038.6439208984375 94.78012084960938 1123.0101318359375 206.42613220214844 1.0533423 1.8338593 0.5564707 7.8679247 0.5518023 12.1632595 -3.071829080581665 0.17136195302009583
Car 0.0 0 2.1504006385803223 72.55787658691406 187.5217742919922 210.3621368408203 244.76219177246094 3.9603374 1.5261487 1.655474 -14.301453 2.0190573 22.24002 1.57892644405365 0.9275056719779968
Car 0.0 0 2.591029405593872 1001.899169921875 189.17349243164062 1083.4527587890625 216.6002655029297 3.9687994 1.5845938 1.5913591 25.996397 2.586894 43.4776 3.12992262840271 0.5391483902931213
Car 0.0 0 -2.060286045074463 1045.7564697265625 171.03924560546875 1094.3662109375 191.31565856933594 3.9686985 1.6190597 1.719889 37.94704 1.4745107 59.656277 -1.4937483072280884 0.3136318624019623
Car 0.0 0 -1.8684310913085938 709.535400390625 165.8336181640625 745.1205444335938 186.4901885986328 3.9333327 1.5070126 1.5717671 8.822233 0.9951943 54.693447 -1.708505392074585 0.3052179515361786
Car 0.0 0 -1.0840346813201904 197.80665588378906 164.58604431152344 252.63787841796875 189.027587890625 3.5962846 1.4978185 1.5883744 -24.503147 0.9915025 46.01445 -1.5733506679534912 0.27204233407974243
Car 0.0 0 0.35372424125671387 298.80560302734375 165.7616424560547 353.5012512207031 183.10601806640625 4.473799 1.6100864 1.7113085 -26.68871 0.95205736 67.880104 -0.02088407799601555 0.25567975640296936
