Pedestrian 0.0 0 2.6783506870269775 293.19488525390625 138.5990753173828 337.8616943359375 226.26121520996094 0.6709191 1.7836802 0.59613574 -6.2236624 1.0870456 15.127269 2.2880382537841797 0.624247133731842
Pedestrian 0.0 0 2.226649761199951 842.40478515625 141.1184844970703 893.3452758789062 230.10018920898438 0.8082101 1.7610099 0.61708647 5.2223735 1.1332998 14.755646 2.5668158531188965 0.6161525845527649
Pedestrian 0.0 0 -1.4174587726593018 615.67578125 161.3499755859375 625.798583984375 186.4870147705078 0.5941895 1.8963072 0.68628424 0.79047596 1.0288147 54.779396 -1.4030295610427856 0.6151305437088013
Pedestrian 0.0 0 -3.0643837451934814 714.0734252929688 140.3680419921875 753.4755249023438 219.67820739746094 0.8722189 1.8157742 0.5197821 2.849594 1.0723792 16.8743 -2.897090196609497 0.5630465149879456
Pedestrian 0.0 0 -2.142399787902832 1032.1864013671875 137.92893981933594 1065.588134765625 191.0578155517578 0.64670104 1.7380348 0.7089838 14.507437 0.5958694 23.934013 -1.597475528717041 0.5410709381103516
Pedestrian 0.0 0 3.3104681968688965 344.7174987792969 162.26434326171875 358.38555908203125 188.02366638183594 0.8417048 1.8474492 0.59669936 -18.691927 1.0883212 52.112953 2.966080665588379 0.4889622926712036
Pedestrian 0.0 0 -2.760686159133911 423.5740661621094 162.8146514892578 437.7813415527344 188.19412231445312 0.80143017 1.8227013 0.683874 -13.001494 1.1020542 52.21002 -3.0047450065612793 0.48245206475257874
Pedestrian 0.0 0 -0.08984851837158203 724.3800048828125 118.76786041259766 759.2650146484375 212.41407775878906 0.5969169 1.7413752 0.636423 2.454179 0.73598766 13.757289 0.0866856575012207 0.47556835412979126
Cyclist 0.0 0 -1.9082070589065552 1003.6947021484375 114.71308135986328 1043.3089599609375 177.30953979492188 1.7268455 1.737477 0.4451329 11.9156685 0.12402958 20.914177 -1.390333890914917 0.553575336933136
Car 0.0 0 -1.8943554162979126 748.8408203125 178.47882080078125 944.9442138671875 303.1142272949219 3.6206982 1.4428427 1.523395 3.102796 1.5382007 10.349673 -1.6030852794647217 0.9631574153900146
Car 0.0 0 2.0165653228759766 66.00997924804688 195.37608337402344 302.60272216796875 329.0444030761719 3.6265829 1.4871694 1.5094976 -5.9526267 1.8738776 10.51345 1.5013759136199951 0.9580856561660767
Car 0.0 0 -2.202284812927246 850.8102416992188 183.1754150390625 1242.0 375.0 3.395452 1.4860859 1.5281061 2.9356194 1.5783906 4.677316 -1.6417971849441528 0.9069065451622009
Car 0.0 0 -2.7366034984588623 308.1097106933594 174.05392456054688 407.8202209472656 211.2265625 4.212462 1.7401202 1.7118701 -12.159517 1.8000805 34.83778 -3.072416067123413 0.7626251578330994
Car 0.0 0 2.293468952178955 0.0 205.92050170898438 100.658935546875 375.0 3.7220757 1.5968283 1.5562042 -5.8647976 1.9359369 5.4605875 1.472395420074463 0.6809614896774292
Car 0.0 0 2.830822706222534 785.3912353515625 169.65342712402344 887.160888671875 202.667236328125 4.4229364 1.5684 1.6914196 10.924917 1.4167068 35.141994 3.132230281829834 0.6233795285224915
Car 0.0 0 1.4105947017669678 520.3805541992188 162.3392333984375 549.0814819335938 181.17799377441406 4.3930445 1.552109 1.7604653 -6.5062184 0.68616384 61.79457 1.3056933879852295 0.5680569410324097
Car 0.0 0 -2.8601293563842773 405.3547058105469 163.00531005859375 460.5697937011719 182.7122344970703 4.086218 1.5865735 1.6575674 -14.472044 0.79402953 58.998775 -3.1006739139556885 0.5054164528846741
