Pedestrian 0.0 0 1.8529374599456787 463.8773193359375 173.49205017089844 486.960693359375 225.98011779785156 0.6653525 1.7727171 0.6183227 -4.6541533 1.79527 24.735851 1.6669576168060303 0.23209130764007568
Pedestrian 0.0 0 2.7513978481292725 208.84735107421875 180.67782592773438 246.2765655517578 240.3544158935547 0.8017996 1.7687892 0.70752823 -11.737047 2.014151 22.057865 2.262399196624756 0.16966789960861206
Pedestrian 0.0 0 2.570380926132202 916.5314331054688 104.2558822631836 972.9020385742188 212.26165771484375 0.67633337 1.9160719 0.6734917 6.05173 0.6994677 13.178512 3.000869035720825 0.16425183415412903
Pedestrian 0.0 0 -0.32487720251083374 883.6222534179688 124.8194580078125 991.3471069335938 299.5216369628906 0.91759825 1.7890073 0.5505327 3.4184692 1.2974759 7.702638 0.09281301498413086 0.1595599353313446
Pedestrian 0.0 0 3.1318368911743164 241.7073974609375 173.94839477539062 272.1516418457031 235.3643035888672 0.794759 1.7676467 0.7206235 -10.463538 1.8010486 21.282663 2.6748948097229004 0.14899881184101105
Pedestrian 0.0 0 -1.3667274713516235 390.27099609375 154.80484008789062 423.1049499511719 224.5254669189453 0.8432873 1.8704139 0.7130265 -5.617668 1.3865621 19.800459 -1.6431769132614136 0.14735347032546997
Pedestrian 0.0 0 -1.3066729307174683 540.3220825195312 164.4545135498047 556.7656860351562 203.23971557617188 0.55563134 1.8961915 0.6880362 -3.0687237 1.4859025 35.607296 -1.3926429748535156 0.13430730998516083
Car 0.0 0 -1.5535544157028198 675.8445434570312 169.57156372070312 712.69873046875 203.32054138183594 3.7077374 1.4285865 1.5548311 3.781595 1.2899997 32.48046 -1.4376494884490967 0.8951972723007202
Car 0.0 0 2.4542863368988037 0.0 191.67153930664062 162.36962890625 375.0 3.88323 1.5507091 1.6012964 -3.7563775 1.6763746 2.8285995 1.528916358947754 0.6905487179756165
Car 0.0 0 1.8110668659210205 601.9507446289062 171.3564453125 644.09814453125 198.8483123779297 4.012137 1.5380223 1.5737358 0.78415936 1.4545997 42.504025 1.8295137882232666 0.6356862783432007
