Pedestrian 0.0 0 -0.5117651224136353 1149.1551513671875 163.39373779296875 1182.308837890625 205.30755615234375 0.92893976 1.8173565 0.70134604 24.364693 1.4075232 31.696194 0.14359354972839355 0.18091541528701782
Cyclist 0.0 0 -2.181781768798828 943.0317993164062 141.62864685058594 1067.01171875 274.2554931640625 1.8835614 1.7907128 0.6380143 5.7358923 1.3694694 10.712447 -1.690184235572815 0.9446219801902771
Cyclist 0.0 0 -3.566483497619629 926.0966186523438 155.7482147216797 1009.3760986328125 220.3776397705078 1.9504842 1.7681451 0.7417165 9.915793 1.3005193 20.139698 -3.108973979949951 0.14628803730010986
Car 0.0 0 -1.5802960395812988 565.9942016601562 173.62071228027344 696.4985961914062 285.8960876464844 4.166132 1.4910291 1.7396942 0.25375283 1.5060484 11.701456 -1.558613896369934 0.9096882343292236
Car 0.0 0 1.4210388660430908 590.2481079101562 183.37095642089844 647.1829833984375 226.9563446044922 3.785601 1.4160943 1.5163382 0.20521435 1.8298347 26.377174 1.428818702697754 0.6765863299369812
Car 0.0 0 -1.5997517108917236 597.8907470703125 170.8343505859375 624.220703125 194.63751220703125 3.6267354 1.4870259 1.6004847 0.004790753 1.3612126 46.908688 -1.5996495485305786 0.3771705627441406
Car 0.0 0 1.4861189126968384 480.3631286621094 180.06149291992188 501.70928955078125 198.1459197998047 3.7528927 1.5229897 1.5630068 -10.659063 2.1865208 64.37605 1.3220325708389282 0.25359854102134705
Car 0.0 0 1.6072056293487549 496.38714599609375 180.9128875732422 518.1694946289062 201.62628173828125 3.676668 1.54362 1.5779277 -8.134923 2.2038412 57.16604 1.4658513069152832 0.18357418477535248
Car 0.0 0 -3.0992610454559326 767.7266235351562 187.83566284179688 851.0881958007812 220.22264099121094 4.146111 1.580486 1.7574902 10.47782 2.4013014 38.040504 -2.8304872512817383 0.17090056836605072
Car 0.0 0 -1.0476797819137573 0.0 57.25863265991211 307.8438415527344 375.0 4.2075787 1.626918 1.677557 -3.7758427 1.138744 5.225282 -1.6734198331832886 0.1622292846441269
Car 0.0 0 1.3772732019424438 716.6444702148438 167.74497985839844 750.483642578125 189.9398956298828 4.0085373 1.5342032 1.6516379 8.813312 1.1814044 51.897408 1.5454901456832886 0.15715593099594116
Car 0.0 0 -2.299527168273926 302.1099853515625 161.9586181640625 380.587646484375 192.39471435546875 3.8603013 1.5221035 1.7076823 -14.095889 0.9775856 37.735886 -2.657017707824707 0.15457499027252197
Car 0.0 0 -0.7097412347793579 930.4972534179688 179.80984497070312 1075.99560546875 237.42269897460938 3.4338486 1.5077236 1.5102175 10.951994 1.7139366 20.248423 -0.21392586827278137 0.14864704012870789
Car 0.0 0 -1.2687904834747314 583.429443359375 169.98922729492188 612.1567993164062 186.64328002929688 4.0579677 1.5385474 1.6070772 -1.1480219 1.2742503 68.827995 -1.2854684591293335 0.14539551734924316
