Pedestrian 0.0 0 1.784295678138733 723.0089111328125 166.86074829101562 743.8309326171875 211.93528747558594 0.77211535 1.7065613 0.6427801 4.7151136 1.4800094 27.793268 1.9523451328277588 0.4486472010612488
Pedestrian 0.0 0 1.4219162464141846 430.61602783203125 140.59133911132812 449.3146057128906 183.18914794921875 1.056603 1.816178 0.63993025 -7.4386296 0.4410017 31.369822 1.1890896558761597 0.40947890281677246
Car 0.0 0 -1.8150407075881958 735.2130126953125 182.38546752929688 936.3399658203125 321.3343505859375 3.7205358 1.4479692 1.6206089 2.706438 1.6008137 9.657611 -1.5418105125427246 0.9660735726356506
Car 0.0 0 1.6636160612106323 512.8200073242188 174.2100830078125 570.5250244140625 218.4962615966797 4.267696 1.505386 1.7413327 -2.4952114 1.5601074 26.788519 1.5707392692565918 0.9469943046569824
Car 0.0 0 1.4020335674285889 661.0582885742188 176.37498474121094 735.9959716796875 225.888671875 3.889393 1.3896627 1.6671222 2.6183162 1.5096039 22.516697 1.5177969932556152 0.9323415756225586
Car 0.0 0 1.5189554691314697 555.3475341796875 173.32115173339844 585.7066040039062 202.59593200683594 3.8496258 1.6324971 1.571037 -2.3864963 1.6615344 42.2957 1.4625911712646484 0.8090347647666931
Car 0.0 0 1.9014008045196533 534.0884399414062 165.74180603027344 565.574951171875 182.36277770996094 4.035521 1.4300479 1.569371 -5.338106 0.81848216 64.226036 1.8184770345687866 0.7164189219474792
Car 0.0 0 -1.6382548809051514 645.3096923828125 174.44454956054688 675.4159545898438 201.20989990234375 3.2950933 1.5006722 1.5349033 2.8840358 1.5979064 42.296116 -1.5701735019683838 0.6727787852287292
Car 0.0 0 1.4632396697998047 719.5982666015625 158.40321350097656 760.5386352539062 191.2598876953125 3.6397238 1.5022825 1.5538198 6.1923037 0.84191716 34.85623 1.639057993888855 0.5451674461364746
Car 0.0 0 1.5466495752334595 674.11962890625 159.7319793701172 695.2324829101562 179.8920440673828 4.3508344 1.7132196 1.7389125 6.523772 0.59845597 63.550835 1.648945689201355 0.4868691861629486
Car 0.0 0 -1.8173623085021973 657.0744018554688 170.91232299804688 715.736083984375 208.62319946289062 3.555793 1.4331834 1.5334117 2.9927702 1.359749 29.288836 -1.7155344486236572 0.4800454378128052
