Car 0.0 0 -1.3139123916625977 310.1811218261719 192.3091278076172 403.64306640625 250.0200653076172 3.9523306 1.4818461 1.6156994 -7.235416 1.7101297 20.98488 -1.6459399461746216 0.9701153635978699
Car 0.0 0 -1.5112707614898682 667.63037109375 181.86825561523438 730.3245239257812 239.58021545410156 3.3117573 1.6438422 1.731452 2.84663 1.5496265 22.25961 -1.3840779066085815 0.9495763778686523
Car 0.0 0 -1.1904747486114502 121.83893585205078 193.1923828125 317.22222900390625 300.8646240234375 3.9060583 1.5354797 1.6359814 -6.567182 1.6986468 12.573282 -1.6718125343322754 0.946769654750824
Car 0.0 0 -1.32407808303833 752.0628662109375 182.58251953125 791.8433227539062 205.34400939941406 4.4132876 1.5278077 1.7045012 11.582135 1.3521928 50.60053 -1.0990607738494873 0.7319634556770325
Car 0.0 0 1.7639024257659912 360.08782958984375 181.73834228515625 401.4799499511719 208.07217407226562 3.9117923 1.5076385 1.6522955 -13.604725 1.309688 43.18749 1.4587275981903076 0.6133602261543274
Car 0.0 0 -1.238168478012085 212.46824645996094 192.48745727539062 308.5137634277344 242.751220703125 4.052954 1.4797658 1.6307763 -11.43583 1.7437527 23.874866 -1.68486750125885 0.6033073663711548
Car 0.0 0 -1.2868545055389404 301.9686279296875 194.9008026123047 361.8575134277344 232.029296875 3.3224015 1.4706982 1.5493702 -11.89401 1.9138602 31.08627 -1.6522828340530396 0.6009925603866577
Car 0.0 0 -1.033879041671753 79.70924377441406 205.40347290039062 252.18057250976562 280.2815856933594 4.2552004 1.4921271 1.6305832 -10.611523 2.0475883 17.602953 -1.5763741731643677 0.4398663341999054
Car 0.0 0 1.7396053075790405 277.7128601074219 182.119384765625 320.5126953125 209.9043426513672 3.8651342 1.4556985 1.5463936 -17.022196 1.2946082 39.71805 1.3347097635269165 0.3545064926147461
Car 0.0 0 -1.7776026725769043 529.4335327148438 183.15475463867188 571.42236328125 212.76133728027344 3.6884682 1.5692126 1.6030563 -3.2711968 1.4611096 40.09312 -1.8590123653411865 0.3440645635128021
