Pedestrian 0.0 0 1.963755488395691 1185.1497802734375 99.18051147460938 1242.0 214.48086547851562 0.72304255 1.7721344 0.620245 9.689698 0.6401509 11.528914 2.6626904010772705 0.4586487114429474
Pedestrian 0.0 0 2.1030681133270264 199.5515899658203 166.03282165527344 221.77349853515625 203.5919647216797 0.9617503 1.8509158 0.56180656 -19.980007 1.5151255 36.042683 1.5968966484069824 0.28947487473487854
Pedestrian 0.0 0 2.5759999752044678 989.907958984375 115.70549774169922 1037.7325439453125 195.60891723632812 0.7363467 1.7670733 0.59542584 9.049773 0.50358564 16.272713 3.083538770675659 0.2422054409980774
Pedestrian 0.0 0 2.4595627784729004 1158.323486328125 131.80592346191406 1213.3309326171875 216.87692260742188 0.7229675 1.7850331 0.56764483 12.2510195 0.92408454 15.424896 3.130779504776001 0.24192065000534058
Cyclist 0.0 0 2.003248453140259 85.52424621582031 147.28306579589844 125.95630645751953 192.31832885742188 1.755436 1.9018346 0.7798532 -21.961313 0.82233477 31.400574 1.3929306268692017 0.6081440448760986
Cyclist 0.0 0 2.062608480453491 15.884223937988281 174.7489776611328 67.46808624267578 226.19664001464844 2.0829668 1.7747185 0.54484 -20.517717 1.8462889 26.03923 1.3952559232711792 0.5192348957061768
Cyclist 0.0 0 2.1767401695251465 0.0 150.21875 38.37258529663086 195.4376678466797 1.9183998 1.6966306 0.5284408 -23.22109 0.8477056 28.047878 1.485211730003357 0.4186002314090729
Car 0.0 0 2.1523618698120117 118.25015258789062 189.75967407226562 219.45811462402344 230.95233154296875 3.405157 1.324516 1.5320867 -16.034868 1.9826819 26.344425 1.6055970191955566 0.9631772041320801
Car 0.0 0 1.5445184707641602 717.9755859375 158.41526794433594 740.1026611328125 178.955322265625 4.113722 1.590459 1.6415255 9.514663 0.4727957 58.01668 1.707070231437683 0.6389543414115906
Car 0.0 0 1.8982795476913452 376.7149353027344 177.7195587158203 409.8586120605469 194.5098114013672 4.2764397 1.4732319 1.6489357 -20.013683 1.9381955 66.729546 1.6068940162658691 0.44893062114715576
Car 0.0 0 0.3367263078689575 328.9198303222656 170.1750030517578 398.6432800292969 195.0679168701172 4.4751716 1.7820048 1.7654608 -17.919367 1.5905815 52.55065 0.008098602294921875 0.4184545576572418
Car 0.0 0 -0.5073643326759338 903.8692016601562 143.1913604736328 1068.2440185546875 205.86412048339844 3.7532938 1.6727113 1.6196502 10.357111 0.88138497 20.12438 -0.03206164017319679 0.39512619376182556
Car 0.0 0 3.1959266662597656 124.14655303955078 160.05943298339844 207.65411376953125 185.18865966796875 4.6448717 1.6071644 1.7771472 -29.485662 0.7892337 48.03106 2.6453583240509033 0.3414452075958252
Car 0.0 0 -0.6366368532180786 837.42578125 163.21328735351562 897.148681640625 184.14295959472656 3.8846354 1.4864292 1.6436526 18.717257 0.8021015 52.59158 -0.29471704363822937 0.2691672742366791
Car 0.0 0 0.1886672079563141 150.45233154296875 168.61505126953125 211.2595672607422 186.78134155273438 4.349521 1.5567194 1.7001572 -37.646553 1.1938293 63.367496 -0.347401887178421 0.24919040501117706
