Pedestrian 0.0 0 -2.323605537414551 118.9234619140625 148.30206298828125 199.81451416015625 293.23974609375 0.5352194 1.7234496 0.66632926 -5.5788584 1.3422666 8.791988 -2.8890349864959717 0.758455753326416
Pedestrian 0.0 0 -0.08259880542755127 767.3211669921875 98.94198608398438 825.646484375 206.6781768798828 0.9275055 1.8227558 0.7086139 3.294139 0.44454914 12.387918 0.17730212211608887 0.5159787535667419
Pedestrian 0.0 0 -0.053317904472351074 826.3096923828125 104.71305847167969 883.6160888671875 211.1542510986328 0.9117282 1.8044292 0.68243074 4.335465 0.52130973 12.435813 0.2821335792541504 0.49758803844451904
Pedestrian 0.0 0 -0.3515692353248596 909.51318359375 94.8404312133789 975.3619384765625 207.203125 0.84559107 1.8217318 0.5656526 5.5633397 0.43458977 11.77795 0.08971643447875977 0.4428277313709259
Pedestrian 0.0 0 0.42488598823547363 561.0835571289062 121.70909881591797 607.307373046875 213.07481384277344 0.7748351 1.8447315 0.6219898 -0.4696829 0.6593328 14.706434 0.3929595947265625 0.4266491234302521
Pedestrian 0.0 0 0.3017822504043579 213.88430786132812 125.15034484863281 260.1678161621094 214.95858764648438 0.666832 1.7352134 0.6013204 -7.3253613 0.66741776 14.0116205 -0.17994333803653717 0.40272486209869385
Pedestrian 0.0 0 -3.628355026245117 1101.1456298828125 96.82647705078125 1194.228271484375 209.3365478515625 1.0523652 1.7757037 0.5847026 8.782299 0.4567721 11.528558 -2.977353096008301 0.35377413034439087
Pedestrian 0.0 0 1.5612702369689941 521.2020263671875 108.46321868896484 551.9404907226562 197.27442932128906 0.8511306 1.8156426 0.62710506 -1.4894899 0.34455895 14.907004 1.4616819620132446 0.34760788083076477
Pedestrian 0.0 0 1.5236772298812866 624.5432739257812 125.3496322631836 648.7896728515625 195.46389770507812 0.7373983 1.754177 0.5819601 0.76553446 0.3759743 18.05464 1.566052794456482 0.3444395661354065
Pedestrian 0.0 0 -0.23970770835876465 1163.28662109375 114.3736801147461 1224.0 220.71511840820312 0.7522911 1.7658203 0.5433635 10.091319 0.6694304 12.144747 0.45360493659973145 0.2720305025577545
Pedestrian 0.0 0 -0.1401205062866211 704.2678833007812 119.9854965209961 740.16650390625 188.7564239501953 0.83775216 1.7401652 0.56938815 2.9704466 0.21051149 18.179823 0.021840810775756836 0.26527687907218933
Pedestrian 0.0 0 -3.106119394302368 591.4791259765625 158.22439575195312 602.448974609375 183.0856475830078 0.7717292 1.778937 0.5187508 -0.57050705 0.18630233 50.856354 -3.1173369884490967 0.25708532333374023
Pedestrian 0.0 0 -3.5761656761169434 968.6478271484375 95.17850494384766 1047.3458251953125 207.8375701904297 0.9631858 1.7932048 0.582318 6.5380673 0.43678963 11.577672 -3.062096357345581 0.2542046308517456
Cyclist 0.0 0 -2.5477354526519775 1121.5892333984375 77.74913024902344 1224.0 183.2032470703125 1.723333 1.7795169 0.47200394 10.356503 0.047265366 12.819331 -1.8682069778442383 0.339084267616272
Cyclist 0.0 0 -3.628355026245117 1101.1456298828125 96.82647705078125 1194.228271484375 209.3365478515625 1.0523652 1.7757037 0.5847026 8.782299 0.4567721 11.528558 -2.977353096008301 0.23589129745960236
Cyclist 0.0 0 -0.3740093410015106 924.506591796875 88.44090270996094 1003.1434326171875 204.99119567871094 1.0459425 1.8858098 0.5209371 5.8994856 0.3979264 11.742429 0.09156250953674316 0.1902189552783966
Cyclist 0.0 0 1.1544221639633179 845.9702758789062 93.94164276123047 907.4515991210938 205.96058654785156 0.9023678 1.8380004 0.6682997 4.5746884 0.41940755 12.064789 1.5168496370315552 0.17852789163589478
Cyclist 0.0 0 1.5612702369689941 521.2020263671875 108.46321868896484 551.9404907226562 197.27442932128906 0.8511306 1.8156426 0.62710506 -1.4894899 0.34455895 14.907004 1.4616819620132446 0.10542671382427216
Car 0.0 0 -2.95479154586792 527.5616455078125 152.35269165039062 615.9374389648438 187.5032501220703 3.7916362 1.5513135 1.6499243 -1.5023683 0.31054568 32.281452 -3.00129771232605 0.36832791566848755
Car 0.0 0 -1.837186336517334 649.9993896484375 138.24008178710938 742.5970458984375 199.786865234375 3.64672 1.5239966 1.5923707 2.3627267 0.47916985 19.422127 -1.7161298990249634 0.361291766166687
Car 0.0 0 2.0755057334899902 582.2141723632812 157.78048706054688 625.9617309570312 179.74429321289062 3.7772596 1.5635744 1.6271639 -0.020983323 -0.0570739 52.517624 2.075106143951416 0.2966427505016327
Car 0.0 0 -1.890084147453308 714.54736328125 135.8075714111328 817.3388061523438 197.33062744140625 3.8877509 1.5363005 1.6197609 4.308745 0.42187485 19.668064 -1.6744180917739868 0.25720521807670593
