Pedestrian 0.0 0 3.624955177307129 97.48249053955078 158.88082885742188 118.06114959716797 189.80332946777344 0.9594864 1.92959 0.45471853 -31.566273 1.0580099 45.30729 3.016437292098999 0.36981961131095886
Pedestrian 0.0 0 2.297459363937378 1207.1759033203125 127.13164520263672 1242.0 204.6998291015625 0.70585656 1.790862 0.59537697 14.615899 0.7356014 16.997967 3.007650852203369 0.29522228240966797
Pedestrian 0.0 0 -2.69673490524292 323.8074645996094 168.34104919433594 333.8135986328125 188.03208923339844 0.7139353 1.792505 0.4833007 -25.719238 1.3820429 65.94694 -3.0685901641845703 0.2852497100830078
Pedestrian 0.0 0 -0.4817960262298584 1141.046630859375 111.78295135498047 1186.7265625 184.58050537109375 0.71464 1.8035104 0.6080062 13.938667 0.29087403 18.23321 0.1708991527557373 0.24492481350898743
Pedestrian 0.0 0 -2.2097973823547363 981.2257690429688 149.9460906982422 1014.8728637695312 192.20089721679688 1.2824203 1.7567077 0.6148351 16.443304 0.80468893 30.673878 -1.7177128791809082 0.15996401011943817
Cyclist 0.0 0 -2.2097973823547363 981.2257690429688 149.9460906982422 1014.8728637695312 192.20089721679688 1.2824203 1.7567077 0.6148351 16.443304 0.80468893 30.673878 -1.7177128791809082 0.28798016905784607
Cyclist 0.0 0 2.107982635498047 98.8643798828125 159.7268829345703 116.76520538330078 190.70042419433594 0.9604635 1.9226253 0.50209314 -31.544077 1.1081418 45.28226 1.4995354413986206 0.11507726460695267
Car 0.0 0 1.972131371498108 248.8191680908203 191.2021484375 323.76104736328125 227.09780883789062 4.5476933 1.5402273 1.7295679 -15.88631 2.5038326 35.58733 1.5522723197937012 0.9356804490089417
Car 0.0 0 -0.9318618774414062 951.0993041992188 151.2870330810547 1022.8860473632812 178.708740234375 3.8300028 1.487407 1.6277418 21.23769 0.3179308 40.701958 -0.4509381949901581 0.40900108218193054
Car 0.0 0 -1.520211935043335 683.4908447265625 144.00889587402344 740.4468994140625 195.4652099609375 3.6372979 1.5378062 1.6546286 3.3407426 0.67610866 23.50389 -1.3790218830108643 0.2656515836715698
