Car 0.0 0 -1.8037954568862915 695.1231689453125 167.52166748046875 856.4290161132812 283.3559875488281 4.527171 1.7199982 1.7442067 2.6853185 1.6411774 12.999365 -1.6000877618789673 0.9683994054794312
Car 0.0 0 -1.7120461463928223 662.1798095703125 179.16526794433594 728.6895751953125 231.54966735839844 3.7361543 1.5565139 1.646847 2.6861162 1.7814671 23.783184 -1.5995808839797974 0.9393194317817688
Car 0.0 0 -1.6883858442306519 641.1298828125 176.49610900878906 680.6581420898438 206.9450225830078 3.806153 1.4146973 1.5160682 2.4450912 1.6061811 35.9229 -1.6204257011413574 0.9160454869270325
Car 0.0 0 -2.6114227771759033 92.16244506835938 188.0557403564453 369.9175720214844 279.2472229003906 3.9957116 1.4174774 1.5268389 -6.4213395 1.6966403 12.365801 -3.090376853942871 0.8971347212791443
Car 0.0 0 3.4846913814544678 250.0631866455078 173.90574645996094 422.2098083496094 240.72076416015625 3.5364447 1.5218824 1.5490407 -6.506397 1.5485806 17.262537 3.124248504638672 0.890500009059906
Car 0.0 0 -1.7835675477981567 677.8162231445312 182.7369842529297 769.5260009765625 248.18499755859375 3.5769503 1.4520121 1.5611017 2.7395267 1.7295017 18.394741 -1.6357243061065674 0.8805766105651855
Car 0.0 0 -2.3835065364837646 0.0 182.98660278320312 233.13795471191406 351.3245849609375 4.154733 1.5522838 1.6634477 -6.5738797 1.6739937 7.701127 -3.090101718902588 0.8762722015380859
Car 0.0 0 0.5798562169075012 0.0 184.20462036132812 340.3705139160156 311.3669128417969 4.179086 1.5889313 1.6573384 -6.2111607 1.7614046 10.05458 0.026491403579711914 0.8404276371002197
Car 0.0 0 0.00776982307434082 678.228271484375 166.64849853515625 725.706298828125 182.81851196289062 4.325304 1.4786193 1.609868 8.52538 0.91153246 67.06324 0.1342160701751709 0.8090804815292358
Car 0.0 0 -1.7516313791275024 626.3079833984375 174.90005493164062 660.9098510742188 199.98971557617188 3.5701737 1.5451281 1.6104765 2.1003344 1.6830064 46.616497 -1.7066062688827515 0.8024677634239197
Car 0.0 0 0.3076660931110382 277.1328125 165.16622924804688 461.892822265625 226.82391357421875 4.465269 1.5977013 1.6154584 -6.4505377 1.3988504 19.527155 -0.01138513907790184 0.7929667234420776
Car 0.0 0 3.267343044281006 444.4577331542969 170.9752197265625 526.5126953125 203.25323486328125 4.1874733 1.7008733 1.6933836 -6.7059975 1.6022296 38.957752 3.0968785285949707 0.749558687210083
Car 0.0 0 -2.8388662338256836 327.00177001953125 162.62335205078125 455.9688720703125 214.14845275878906 3.4091313 1.4957658 1.5632204 -6.5632434 1.1991295 21.74122 -3.132046937942505 0.7401300668716431
Car 0.0 0 -2.879664182662964 364.967041015625 172.36837768554688 489.9177551269531 212.68310546875 4.1698346 1.4316849 1.5995291 -6.6704464 1.4147973 26.451763 -3.126688003540039 0.7195932269096375
