Pedestrian 0.0 0 -2.744380474090576 917.2062377929688 161.09632873535156 929.187744140625 184.03781127929688 0.68657637 1.8290772 0.6473302 25.150717 0.8920201 57.995758 -2.335193634033203 0.733973503112793
Pedestrian 0.0 0 -3.249094009399414 909.9976196289062 154.9861602783203 924.382080078125 183.30679321289062 0.7586767 1.75211 0.6664195 19.150908 0.64703965 45.0655 -2.847259521484375 0.5140600204467773
Pedestrian 0.0 0 3.8182835578918457 0.0 111.95381927490234 59.134891510009766 231.17568969726562 0.76740026 1.8352516 0.5671801 -9.35241 0.89813757 11.391986 3.130889654159546 0.4496867060661316
Car 0.0 0 -1.5237987041473389 1021.5494384765625 184.97454833984375 1202.65478515625 339.4588317871094 3.441039 1.5831369 1.6913165 6.63502 1.7758288 9.566725 -0.9174134731292725 0.8967174291610718
Car 0.0 0 -1.7798423767089844 1222.9609375 112.89442443847656 1242.0 175.34823608398438 3.352873 1.646779 1.677146 19.163733 0.06612581 20.892683 -1.0375802516937256 0.5215188264846802
Car 0.0 0 -1.7990537881851196 899.6343994140625 156.28286743164062 942.2066650390625 181.75767517089844 3.9922795 1.5700744 1.6553074 19.97864 0.5491123 46.57804 -1.3938605785369873 0.49470046162605286
Car 0.0 0 -1.646312952041626 982.0402221679688 160.6660614013672 1014.3709106445312 188.58229064941406 4.4096055 1.892865 1.6879774 27.509516 1.0668182 51.278976 -1.1539185047149658 0.3435734808444977
Car 0.0 0 1.5962594747543335 853.6367797851562 154.54905700683594 884.6469116210938 181.71829223632812 4.031777 1.5177002 1.6177491 15.256172 0.4955259 42.47502 1.9410887956619263 0.33920079469680786
Car 0.0 0 -1.5042545795440674 907.91650390625 161.3055877685547 932.0481567382812 180.44407653808594 3.7867496 1.5316455 1.5905658 25.686384 0.6077888 59.789524 -1.0984828472137451 0.3122154474258423
Car 0.0 0 2.3937885761260986 1093.0009765625 152.3258056640625 1180.1363525390625 178.15121459960938 4.392619 1.5665224 1.7023928 32.678947 0.32167655 44.86895 3.0232694149017334 0.28288012742996216
Car 0.0 0 -1.6541171073913574 1074.3160400390625 186.34744262695312 1130.3304443359375 227.74130249023438 3.2183762 1.4551365 1.5427201 19.202272 2.0181453 28.303339 -1.0580041408538818 0.27088668942451477
Car 0.0 0 1.4959094524383545 1077.696533203125 155.07232666015625 1108.064208984375 176.6050567626953 4.004089 1.6284527 1.6838055 37.89186 0.28403875 56.722164 2.0848522186279297 0.2648538649082184
