Pedestrian 0.0 0 3.8315672874450684 0.0 162.99913024902344 56.7947998046875 310.4546203613281 0.6289877 1.6616905 0.4269511 -6.9314637 1.5509927 8.342842 3.1383097171783447 0.4921926259994507
Car 0.0 0 1.171181559562683 776.2240600585938 187.4005889892578 1096.114013671875 375.0 3.7471595 1.4945421 1.612097 2.9884717 1.6871376 7.6381893 1.5441255569458008 0.9661729335784912
Car 0.0 0 -2.6831154823303223 236.15087890625 178.6737060546875 402.4190673828125 243.92413330078125 3.3582094 1.4654537 1.5312856 -6.9287543 1.6121868 17.253195 -3.0649938583374023 0.9570937752723694
Car 0.0 0 3.246891736984253 445.5395202636719 179.34658813476562 534.6507568359375 211.5231170654297 4.373473 1.5963312 1.7348435 -6.156335 1.9403026 37.189552 3.0828402042388916 0.7904785871505737
Car 0.0 0 -1.6221815347671509 644.7464599609375 180.05413818359375 680.5999755859375 210.96942138671875 4.0600786 1.4029537 1.55247 2.5202901 1.7803625 35.737766 -1.5517762899398804 0.7521163821220398
Car 0.0 0 -2.684053659439087 349.361083984375 176.0906524658203 479.8824768066406 227.04269409179688 3.555062 1.4882438 1.616553 -6.05807 1.5939599 22.350471 -2.9487428665161133 0.5954903364181519
Car 0.0 0 0.24610035121440887 399.6959533691406 178.3915557861328 506.7669372558594 218.19729614257812 3.7639122 1.473211 1.5486403 -6.023909 1.6931136 27.76872 0.03247880935668945 0.5536062121391296
Car 0.0 0 0.7302857637405396 0.0 0.0 1242.0 375.0 3.9774566 1.5276992 1.6394631 2.633299 1.4987795 2.0125978 1.6484994888305664 0.5451135039329529
Car 0.0 0 0.401925265789032 305.2811279296875 181.03857421875 456.47296142578125 237.5568389892578 3.6519444 1.4623674 1.5702118 -6.3034654 1.6992986 19.898113 0.0951395034790039 0.4662835896015167
Car 0.0 0 -2.9120442867279053 493.7795104980469 175.83688354492188 555.458251953125 199.20901489257812 3.9805822 1.5808083 1.6672554 -5.934193 1.7927098 50.11788 -3.029900312423706 0.4182536005973816
