Pedestrian 0.0 0 1.3064496517181396 1102.06494140625 150.73074340820312 1129.1522216796875 205.81466674804688 0.42838523 2.0440588 0.7466817 18.942574 1.2234647 27.100163 1.91649329662323 0.3589172661304474
Cyclist 0.0 0 1.4493627548217773 644.8189086914062 171.50425720214844 660.2634887695312 205.43865966796875 1.9032593 1.7993093 0.60889935 2.266959 1.7280997 39.224556 1.5070929527282715 0.7304791808128357
Car 0.0 0 -1.5753663778305054 580.2379760742188 179.04664611816406 607.0856323242188 202.71966552734375 4.1925573 1.4581603 1.6954685 -1.1225077 1.8858538 47.669037 -1.5989099740982056 0.608595073223114
Car 0.0 0 1.854720115661621 366.5675964355469 190.79037475585938 407.4588928222656 215.48040771484375 4.1095133 1.551648 1.645077 -15.551108 2.8566487 50.412838 1.5555062294006348 0.48568469285964966
Car 0.0 0 -2.9336695671081543 853.7386474609375 181.64898681640625 910.956298828125 204.35678100585938 3.5696259 1.5321826 1.6291322 19.440369 2.1816735 51.604973 -2.5733962059020996 0.44332316517829895
Car 0.0 0 1.3393547534942627 590.7274169921875 186.39794921875 631.49267578125 214.49575805664062 3.761422 1.5102153 1.5856645 -0.014568264 2.3505142 42.731564 1.3390138149261475 0.43364638090133667
Car 0.0 0 1.5823792219161987 302.9533996582031 193.6841278076172 336.98956298828125 226.7181854248047 3.4126678 1.5327886 1.5819185 -15.1735525 2.6763806 37.72091 1.1999274492263794 0.4273371696472168
Car 0.0 0 1.7139153480529785 672.4713134765625 171.1646728515625 702.6398315429688 193.51773071289062 3.8194292 1.4874989 1.5537386 5.3859205 1.3754393 50.055058 1.8211028575897217 0.3317917585372925
Car 0.0 0 2.129520893096924 98.29814147949219 199.9887237548828 182.0247039794922 231.58212280273438 4.185307 1.4223013 1.7631334 -24.7951 2.9388576 38.207127 1.5538733005523682 0.328178733587265
Car 0.0 0 1.2616230249404907 658.078125 179.35159301757812 691.5012817382812 200.2353973388672 3.5014951 1.5169455 1.5623719 4.918337 2.0336504 55.45664 1.3500795364379883 0.3146066665649414
Car 0.0 0 1.7346035242080688 426.72686767578125 185.88449096679688 475.3207092285156 221.02435302734375 3.9861054 1.4863719 1.6111125 -7.475003 2.138531 34.057083 1.5185449123382568 0.2706890404224396
Car 0.0 0 0.2803381085395813 854.6083984375 181.09800720214844 926.4611206054688 208.32794189453125 3.7103767 1.5246766 1.6175848 16.75338 2.03923 43.234425 0.6500232219696045 0.2602851986885071
