Pedestrian 0.0 0 -1.2804155349731445 887.1845092773438 144.1289520263672 907.9833374023438 184.49415588378906 0.71780723 1.8150699 0.7068082 13.0922985 0.5237711 32.942772 -0.9021304845809937 0.58455491065979
Pedestrian 0.0 0 -0.5687515139579773 965.8508911132812 121.5321273803711 1018.6817626953125 201.0460662841797 0.87767315 1.8018544 0.6326135 8.789206 0.63921475 16.700048 -0.08428733050823212 0.41793569922447205
Pedestrian 0.0 0 -1.4243303537368774 1001.0859375 135.7308807373047 1030.2916259765625 198.66358947753906 0.7515703 1.8219295 0.65294963 11.979479 0.7475569 21.383036 -0.9136648178100586 0.37821516394615173
Pedestrian 0.0 0 2.3609604835510254 1176.3441162109375 89.773193359375 1242.0 205.8091583251953 0.78962517 1.8432782 0.6218933 9.850324 0.5238639 11.802569 3.056440830230713 0.3131179213523865
Pedestrian 0.0 0 0.7260496616363525 287.030029296875 123.28983306884766 329.77130126953125 197.0124969482422 0.78027976 1.7857755 0.59339505 -7.5198717 0.5855464 17.88153 0.32796406745910645 0.29819542169570923
Cyclist 0.0 0 -1.4240212440490723 413.64117431640625 120.89159393310547 446.8638610839844 192.049072265625 1.3907247 1.7489814 0.6310612 -4.6300945 0.4721543 18.455097 -1.6698319911956787 0.3737817108631134
Cyclist 0.0 0 1.8176027536392212 582.1007690429688 134.75367736816406 614.4600219726562 195.19613647460938 1.80042 1.8565485 0.6180428 -0.40301192 0.6866183 23.106874 1.8001632690429688 0.32936009764671326
Cyclist 0.0 0 -1.8032081127166748 131.3082275390625 138.61386108398438 167.58831787109375 191.8394775390625 1.8317146 1.8428445 0.69011337 -16.56436 0.65769726 25.863998 -2.3728339672088623 0.31511440873146057
Car 0.0 0 -1.0180683135986328 1023.8007202148438 186.84136962890625 1242.0 277.12786865234375 3.6828442 1.3921484 1.5935667 9.435287 1.6725564 13.005948 -0.3904590308666229 0.950922966003418
Car 0.0 0 1.30509352684021 640.9711303710938 156.5703125 678.6787719726562 179.34735107421875 3.9221869 1.5069482 1.6170101 3.3647285 0.42996275 49.816742 1.3725332021713257 0.4216531813144684
