Pedestrian 0.0 0 2.4787209033966064 746.2311401367188 137.23361206054688 775.43115234375 186.25596618652344 0.95026875 1.8667974 0.58057344 5.8899436 0.040745124 27.840012 2.6872105598449707 0.5191637873649597
Cyclist 0.0 0 -2.3412861824035645 785.9525756835938 130.69650268554688 839.0327758789062 185.8222198486328 1.8810894 1.7774376 0.55826765 6.808177 0.020687386 24.134678 -2.0663394927978516 0.5521958470344543
Car 0.0 0 -1.2917473316192627 340.94744873046875 188.91859436035156 457.23150634765625 256.73345947265625 3.596251 1.3618265 1.610747 -4.6715755 1.4568715 16.42823 -1.568796992301941 0.9644071459770203
Car 0.0 0 -1.4350413084030151 443.6198425292969 178.2539825439453 507.9682922363281 223.83529663085938 4.2437134 1.4253995 1.6040353 -4.466417 1.2088273 24.630808 -1.614426612854004 0.9604241847991943
Car 0.0 0 -1.17288076877594 256.0872497558594 181.10470581054688 366.37957763671875 235.1403045654297 3.6014404 1.3971417 1.6157471 -8.31961 1.2919797 20.392063 -1.5602498054504395 0.9395936727523804
Car 0.0 0 -1.5595550537109375 569.6875610351562 176.42955017089844 655.524658203125 250.08204650878906 3.542276 1.4864062 1.7339729 0.07685252 1.3102213 16.288446 -1.5548368692398071 0.9075483083724976
Car 0.0 0 -1.0118911266326904 94.1989517211914 187.32492065429688 230.96043395996094 239.2346954345703 3.768501 1.366609 1.6340576 -12.8515625 1.4348204 20.966526 -1.5617828369140625 0.8961522579193115
Car 0.0 0 -0.8910562992095947 0.0 189.50070190429688 94.39000701904297 277.4500427246094 3.9826863 1.4531358 1.6149822 -12.287734 1.5503231 14.090477 -1.6082184314727783 0.7917250990867615
Car 0.0 0 -0.715728759765625 0.0 200.378173828125 186.83316040039062 376.0 4.0045753 1.4830738 1.612441 -4.1571994 1.6028864 3.6200645 -1.570082187652588 0.5546349287033081
Car 0.0 0 1.8955488204956055 299.40179443359375 178.83627319335938 368.12176513671875 213.58616638183594 4.2619033 1.4956739 1.6818131 -12.5474205 1.2222278 33.097645 1.5331857204437256 0.5110044479370117
Car 0.0 0 1.4271103143692017 726.2803344726562 156.8794708251953 767.4966430664062 186.99203491210938 4.2104807 1.6118234 1.6894556 7.772249 0.09621265 40.615555 1.6161859035491943 0.47714900970458984
