Pedestrian 0.0 0 -2.6677839756011963 465.08544921875 161.0467987060547 481.39935302734375 198.05007934570312 0.60220736 1.9347097 0.68365204 -7.262396 1.3177302 38.135532 -2.8559670448303223 0.20251122117042542
Pedestrian 0.0 0 0.227937251329422 498.2772216796875 166.34033203125 512.8760986328125 197.86683654785156 0.7575353 1.8708875 0.55866534 -6.2726955 1.4847025 43.125633 0.08349847793579102 0.17710599303245544
Cyclist 0.0 0 1.073610782623291 919.2244873046875 112.1336898803711 977.2930297851562 197.88172912597656 1.2355361 1.7612758 0.6066685 7.171376 0.51443076 15.453291 1.5081018209457397 0.22703401744365692
Car 0.0 0 1.3790384531021118 701.4802856445312 165.85707092285156 790.787109375 237.8695831298828 3.7588236 1.6909715 1.5724077 3.3892488 1.5270302 18.830128 1.5571224689483643 0.9112419486045837
Car 0.0 0 1.7970054149627686 533.11083984375 180.24618530273438 580.1114501953125 210.25146484375 4.194844 1.5475086 1.7344332 -2.968965 1.9854299 40.501858 1.7238318920135498 0.8711284399032593
Car 0.0 0 -1.6670383214950562 669.3004150390625 177.1003875732422 711.4117431640625 210.9810333251953 3.9310336 1.4985573 1.6113695 3.7327886 1.7128946 34.381245 -1.5588914155960083 0.7828376293182373
Car 0.0 0 -1.4426885843276978 583.5076904296875 180.68016052246094 614.549072265625 204.6345672607422 4.0114098 1.5777508 1.6956757 -0.7630585 2.1536858 50.974457 -1.4576568603515625 0.698334276676178
Car 0.0 0 -1.8494735956192017 732.6519775390625 95.62979125976562 957.5570068359375 272.4891052246094 4.62634 2.130211 1.9283074 3.1721637 1.2004293 11.003037 -1.5687860250473022 0.47542834281921387
Car 0.0 0 -2.2156779766082764 893.5861206054688 0.0 1242.0 375.0 4.3716497 2.1155386 1.7371439 3.1231902 1.3796632 3.8597383 -1.535369634628296 0.19221362471580505
Car 0.0 0 -2.1281778812408447 857.9650268554688 114.77669525146484 1140.8006591796875 256.56341552734375 3.9548259 1.656134 1.7014042 5.230162 0.9781222 10.473845 -1.6650468111038208 0.17578701674938202
