Pedestrian 0.0 0 1.3715133666992188 858.0978393554688 166.32968139648438 878.591064453125 211.96826171875 0.8346553 1.8597445 0.64451367 10.643606 1.5942401 29.858515 1.7139387130737305 0.48914408683776855
Cyclist 0.0 0 -1.5312517881393433 1125.92724609375 150.4109649658203 1152.651611328125 228.32469177246094 1.6900667 1.7760329 0.45157704 12.613892 1.2648051 17.246819 -0.8997776508331299 0.1057516559958458
Car 0.0 0 1.813382863998413 379.7097473144531 187.91339111328125 540.47607421875 297.08428955078125 3.920242 1.4276369 1.6814318 -2.329715 1.7199347 11.984798 1.6213880777359009 0.9555248618125916
Car 0.0 0 1.7350306510925293 564.3021240234375 180.09938049316406 618.6980590820312 222.96566772460938 3.677555 1.553691 1.5852245 -0.71458757 1.8619949 28.73327 1.710166096687317 0.9327251315116882
Car 0.0 0 -1.8173574209213257 631.4764404296875 172.89385986328125 677.7706298828125 202.41265869140625 4.2465897 1.5903062 1.6349566 2.4460828 1.5930593 41.114002 -1.7579323053359985 0.1449824422597885
Car 0.0 0 1.4397666454315186 574.9300537109375 177.22303771972656 616.2479248046875 207.70127868652344 4.2567396 1.4548798 1.5806355 -0.8388971 1.6945908 37.301743 1.417280912399292 0.12288696318864822
Car 0.0 0 1.5004616975784302 684.3947143554688 177.65185546875 708.358642578125 198.33926391601562 3.6510162 1.5110385 1.5692744 6.5782866 1.8923271 55.42351 1.6186002492904663 0.12244732677936554
Car 0.0 0 1.8099524974822998 578.30810546875 176.60980224609375 612.0942993164062 195.79876708984375 4.5921044 1.4367099 1.6466793 -1.1535939 1.7483976 57.38747 1.7898533344268799 0.11998853832483292
Car 0.0 0 2.6227993965148926 841.78564453125 185.54879760742188 934.9437866210938 218.19955444335938 3.8593953 1.4745843 1.6325706 13.253872 2.102013 34.53851 2.9892120361328125 0.11537826061248779
Car 0.0 0 1.664705753326416 757.5234375 174.85997009277344 777.5543823242188 190.63076782226562 3.924484 1.4647791 1.5295278 15.213176 1.6646237 69.64974 1.879752278327942 0.10231583565473557
Car 0.0 0 0.9773977994918823 827.0964965820312 172.62753295898438 865.5629272460938 188.6897735595703 3.8986468 1.4921659 1.589965 22.578386 1.471484 69.11993 1.293126106262207 0.10034817457199097
