Pedestrian 0.0 0 1.5450189113616943 792.226318359375 116.74744415283203 830.5781860351562 219.0323486328125 0.5902066 1.723271 0.62281483 3.432169 0.7783593 12.514651 1.8126896619796753 0.7244069576263428
Pedestrian 0.0 0 1.8160171508789062 362.0863342285156 141.06619262695312 391.73321533203125 209.6564483642578 0.5689914 1.7304131 0.6048089 -6.021201 0.9288198 18.505169 1.5014420747756958 0.6696277856826782
Pedestrian 0.0 0 1.5375561714172363 190.3885498046875 137.6475830078125 216.42098999023438 198.88040161132812 0.6536889 1.7493198 0.6392758 -11.915823 0.74388903 21.055912 1.0225775241851807 0.5655996203422546
Pedestrian 0.0 0 -3.2261369228363037 736.1199340820312 144.99757385253906 757.5372314453125 189.04490661621094 0.8169705 1.811942 0.73308253 5.6581044 0.66639084 30.084589 -3.0402352809906006 0.5525949597358704
Cyclist 0.0 0 -1.2640246152877808 475.76507568359375 145.23297119140625 498.5364990234375 184.4285888671875 1.7591902 1.7403845 0.5202395 -5.635768 0.5142987 32.94227 -1.4334644079208374 0.49203070998191833
Car 0.0 0 -1.7835232019424438 697.3302612304688 172.56639099121094 797.1863403320312 238.34716796875 3.6450708 1.3827178 1.5446277 3.063107 1.3770301 17.012186 -1.605378270149231 0.9694976806640625
Car 0.0 0 1.8286752700805664 389.7320251464844 174.85113525390625 469.9541320800781 231.72860717773438 3.7760766 1.666763 1.5841668 -5.7285824 1.736534 23.175085 1.5863457918167114 0.9561590552330017
Car 0.0 0 -1.9975444078445435 775.7674560546875 181.0281524658203 1082.5860595703125 346.62420654296875 4.0077934 1.4155993 1.619598 3.2534442 1.5345114 8.414787 -1.6286131143569946 0.9476072788238525
Car 0.0 0 2.244830846786499 0.0 200.72021484375 286.9239501953125 375.0 4.1624203 1.4350088 1.6334585 -5.6398735 1.8380692 8.286883 1.6472587585449219 0.9350211024284363
Car 0.0 0 1.7738369703292847 438.32745361328125 176.99281311035156 492.4693603515625 217.0353546142578 3.2809145 1.4597527 1.4496182 -5.650387 1.6318101 28.285625 1.576670527458191 0.8795419931411743
Car 0.0 0 -1.8082829713821411 680.4072875976562 169.6652374267578 752.1028442382812 221.97792053222656 3.1359832 1.5006516 1.4830776 3.16821 1.4095362 22.327583 -1.6673272848129272 0.8431448340415955
Car 0.0 0 0.6487665772438049 1012.455322265625 134.61277770996094 1242.0 375.0 3.899385 1.4865189 1.5813248 3.284345 1.45418 2.5766222 1.5543347597122192 0.7148853540420532
Car 0.0 0 3.671067237854004 117.52222442626953 166.65716552734375 246.73793029785156 211.00830078125 3.556991 1.480475 1.5012733 -14.709802 1.2739781 24.842487 3.1364598274230957 0.6999512910842896
Car 0.0 0 3.3243939876556396 18.089916229248047 156.94296264648438 189.3349609375 225.2563934326172 3.0034394 1.4496278 1.4902536 -11.549959 1.1123495 16.60639 2.7166857719421387 0.5519827008247375
