Pedestrian 0.0 0 -0.5367301106452942 1019.5768432617188 155.96389770507812 1143.236083984375 321.7387390136719 0.9538811 1.7420483 0.59359604 5.143584 1.4859009 7.7450933 0.04949951171875 0.572577953338623
Pedestrian 0.0 0 -0.3119755983352661 635.0328369140625 167.38418579101562 706.0881958007812 269.57568359375 1.1284704 1.8158276 0.74979067 1.1548574 1.5844175 13.049215 -0.2237054407596588 0.20627957582473755
Pedestrian 0.0 0 3.7916364669799805 11.05188274383545 174.2526092529297 76.79524993896484 262.3741760253906 0.8617595 1.7488866 0.5929859 -11.405676 1.6265281 14.333268 3.119493246078491 0.19395405054092407
Pedestrian 0.0 0 1.5373969078063965 526.2496948242188 159.62484741210938 566.821533203125 264.1062927246094 1.0322682 1.8447617 0.7059416 -1.1351477 1.4778259 13.0336895 1.450522780418396 0.17393213510513306
Pedestrian 0.0 0 -0.15052226185798645 836.0845947265625 173.5225830078125 873.7830810546875 246.2165069580078 0.81221336 1.7944968 0.6080897 6.2547894 1.6238517 17.823229 0.18698501586914062 0.15771937370300293
Pedestrian 0.0 0 0.3510906398296356 198.59365844726562 214.629638671875 235.8970489501953 264.3527526855469 0.9784341 1.7227571 0.772624 -14.0424595 2.9809222 25.57293 -0.15107229351997375 0.14136618375778198
Pedestrian 0.0 0 1.3945355415344238 774.553466796875 137.55361938476562 820.1878662109375 244.58135986328125 0.7386063 1.8145665 0.6481539 3.311962 1.0880942 12.377989 1.655979871749878 0.13066810369491577
Pedestrian 0.0 0 1.1764800548553467 1011.7794189453125 174.96524047851562 1063.6165771484375 280.8860778808594 0.5077571 1.7232138 0.58625937 7.164233 1.634822 11.793156 1.7223892211914062 0.12784840166568756
Pedestrian 0.0 0 -2.3696703910827637 88.72132873535156 178.25234985351562 159.3590087890625 272.1862487792969 0.9410209 1.7185606 0.61052096 -9.091121 1.6790782 13.3123865 -2.968832015991211 0.11412262171506882
Pedestrian 0.0 0 3.6711926460266113 51.26985168457031 185.97979736328125 96.64179229736328 250.2307891845703 0.76398164 1.8074571 0.7677906 -15.333095 1.97033 20.382929 3.026252031326294 0.11125718057155609
Pedestrian 0.0 0 -0.6987720727920532 1079.40869140625 215.94583129882812 1135.48046875 291.3507995605469 0.9445379 1.7759573 0.61620027 12.262182 2.663385 17.318958 -0.08268335461616516 0.10758666694164276
Cyclist 0.0 0 -1.842385172843933 852.1312866210938 127.87095642089844 904.5103149414062 241.01124572753906 1.6878587 1.816933 0.39545673 4.64477 0.97341114 12.208128 -1.4788315296173096 0.16534841060638428
Car 0.0 0 0.013414904475212097 582.2365112304688 186.4921875 682.3466186523438 223.0592498779297 4.0067434 1.4446125 1.5311726 1.1013967 1.6999255 29.078783 0.05127310752868652 0.2925666868686676
