Pedestrian 0.0 0 -0.581262469291687 811.589599609375 168.55221557617188 874.189208984375 253.4274444580078 1.1644669 1.8605697 0.6786616 5.2039576 1.7666271 16.297619 -0.2721875309944153 0.4530191421508789
Pedestrian 0.0 0 -0.4094383716583252 142.94192504882812 194.60372924804688 177.39044189453125 242.77349853515625 0.92385644 1.7863331 0.7065071 -17.409302 2.644086 27.860136 -0.9679529666900635 0.3830243945121765
Pedestrian 0.0 0 2.719593048095703 817.5509033203125 169.3817138671875 880.3439331054688 257.5516052246094 1.106198 1.8258107 0.6224053 5.008489 1.7542648 15.3066225 3.035823106765747 0.30753034353256226
Pedestrian 0.0 0 -0.41710302233695984 396.8576354980469 174.44662475585938 407.2131042480469 196.54714965820312 0.61820275 1.8318034 0.6577384 -17.409143 1.9662981 60.317497 -0.6980917453765869 0.22325687110424042
Pedestrian 0.0 0 -0.9777138233184814 251.3675079345703 178.35906982421875 289.746337890625 235.07791137695312 0.96875745 1.7380747 0.66832125 -10.733762 1.9159905 22.740004 -1.4187288284301758 0.14917539060115814
Cyclist 0.0 0 -0.4661775231361389 138.42530822753906 196.0183868408203 181.74122619628906 244.46377563476562 1.2498211 1.7784536 0.6761539 -17.414347 2.6965363 27.873459 -1.0246074199676514 0.12862400710582733
Cyclist 0.0 0 1.8171896934509277 248.8806610107422 188.0642547607422 268.4548034667969 222.70669555664062 1.6793451 1.7496452 0.5374301 -18.571054 2.5714204 38.086273 1.3635071516036987 0.12722280621528625
Car 0.0 0 1.6644439697265625 505.9871826171875 180.5443878173828 528.9072875976562 199.10177612304688 3.8284338 1.4931663 1.5918463 -7.8934965 2.1708007 61.601627 1.5370006561279297 0.5706415176391602
Car 0.0 0 -2.1736347675323486 851.822509765625 198.26431274414062 1242.0 375.0 4.129389 1.4908403 1.6395609 2.8377204 1.70916 4.1215773 -1.5706663131713867 0.25063660740852356
Car 0.0 0 1.7801340818405151 321.0140380859375 185.09695434570312 361.5166015625 210.53271484375 4.0372424 1.4988137 1.6528692 -17.355247 2.3270516 46.670563 1.4241129159927368 0.17034617066383362
Car 0.0 0 0.37225693464279175 298.4912414550781 197.09146118164062 349.9455871582031 213.80137634277344 4.140229 1.5007763 1.8917935 -27.127367 3.8352993 68.52868 -0.004670415073633194 0.14494353532791138
Car 0.0 0 2.10707950592041 163.33221435546875 186.88218688964844 269.0675964355469 228.91224670410156 4.3805027 1.4422799 1.6477598 -15.419535 2.0392225 28.461203 1.6105740070343018 0.1255178302526474
