Pedestrian 0.0 0 2.1490330696105957 696.5436401367188 160.2213592529297 748.2562866210938 248.54013061523438 0.85109323 1.7049204 0.6670351 2.3902698 1.2954077 14.403274 2.3134875297546387 0.8153024911880493
Pedestrian 0.0 0 -1.6398556232452393 429.52496337890625 165.27297973632812 464.7954406738281 255.12164306640625 0.9172743 1.6802087 0.6042882 -3.0459156 1.3780179 13.955477 -1.8547451496124268 0.6567572355270386
Pedestrian 0.0 0 1.4656000137329102 667.73046875 168.33908081054688 703.30908203125 253.77169799804688 0.87623185 1.6517622 0.6122421 1.6274544 1.3985612 14.326268 1.5787144899368286 0.5912429690361023
Pedestrian 0.0 0 -1.264501929283142 125.6391830444336 150.0081329345703 153.4174346923828 214.8848114013672 0.4995142 1.7307352 0.50738513 -12.545746 0.8917811 19.468317 -1.836943507194519 0.4327283203601837
Pedestrian 0.0 0 -1.7195446491241455 748.2144165039062 166.98744201660156 766.9047241210938 211.961181640625 0.7622015 1.6577111 0.5749971 5.815532 1.1238247 26.87368 -1.5064283609390259 0.3998525142669678
Pedestrian 0.0 0 1.7488901615142822 859.3375244140625 144.0807647705078 970.8170166015625 358.02703857421875 0.57229215 1.752878 0.8173142 2.722797 1.4476889 6.3466806 2.154153347015381 0.3543654978275299
Pedestrian 0.0 0 -1.9490995407104492 726.4483032226562 165.02757263183594 751.27734375 214.6191864013672 0.67981887 1.786148 0.6883446 4.9999046 1.1939083 26.268612 -1.7610117197036743 0.3209473490715027
Pedestrian 0.0 0 -1.1401010751724243 0.0 158.8949737548828 118.4183349609375 374.0 1.3851284 1.7288464 0.5920094 -4.576955 1.5709924 5.8009605 -1.808098316192627 0.3130359351634979
Pedestrian 0.0 0 -0.4276185631752014 772.9766845703125 149.56607055664062 807.197265625 202.50791931152344 1.0097255 1.8604805 0.63141876 6.70617 0.73932016 25.63845 -0.17178337275981903 0.2961176037788391
Pedestrian 0.0 0 2.749279499053955 738.5111694335938 162.60574340820312 761.8550415039062 208.87538146972656 0.7537813 1.8268616 0.56590945 5.9238825 1.0818683 28.708036 2.952772617340088 0.26559877395629883
Pedestrian 0.0 0 -1.959286093711853 898.6868286132812 155.36973571777344 1102.5072021484375 374.0 1.2487783 1.7120185 0.56187344 2.1395266 1.5874078 4.1097746 -1.4792988300323486 0.23076534271240234
Pedestrian 0.0 0 1.413097620010376 526.1926879882812 168.83670043945312 543.037353515625 211.61203002929688 0.805933 1.7579387 0.5793126 -2.808948 1.2385029 29.981117 1.3196797370910645 0.2260126769542694
Pedestrian 0.0 0 -0.4337432384490967 662.8967895507812 171.69749450683594 679.3002319335938 199.16668701171875 0.95890564 1.8351345 0.5468738 4.7039785 1.1809328 48.40372 -0.33686530590057373 0.22328312695026398
Pedestrian 0.0 0 3.058957576751709 404.5743713378906 159.55160522460938 434.6617431640625 222.61407470703125 0.7688818 1.730269 0.59696996 -5.1254888 1.1292175 20.114138 2.8094475269317627 0.22282902896404266
Cyclist 0.0 0 1.8900872468948364 578.1749267578125 166.55197143554688 610.9385986328125 220.55995178222656 1.7762971 1.7353569 0.5691115 -0.23742408 1.2561522 24.01118 1.8801995515823364 0.6688606142997742
Cyclist 0.0 0 -1.1301252841949463 0.0 163.44448852539062 133.55311584472656 374.0 1.818581 1.7585877 0.56353366 -4.6147866 1.6344855 5.9395065 -1.7906616926193237 0.5038748979568481
Cyclist 0.0 0 1.2632501125335693 563.378173828125 171.2418975830078 587.5496215820312 212.07579040527344 1.8411809 1.7376329 0.52359384 -1.1666523 1.3020828 31.52011 1.2262539863586426 0.4934230446815491
Cyclist 0.0 0 -1.7742420434951782 611.4584350585938 172.3053436279297 632.1678466796875 211.88406372070312 1.6113355 1.6763501 0.5842919 0.862132 1.2878847 31.266703 -1.7466754913330078 0.26251256465911865
Cyclist 0.0 0 -1.9614784717559814 896.114501953125 152.9882354736328 1107.2457275390625 374.0 1.31357 1.7346895 0.5689012 2.138454 1.5998112 4.111075 -1.4818260669708252 0.2454899102449417
Car 0.0 0 -1.7871021032333374 567.6492309570312 177.50198364257812 602.3732299804688 201.29136657714844 4.030195 1.6533345 1.684252 -1.2171785 1.376118 52.078236 -1.8104699850082397 0.24552766978740692
Car 0.0 0 1.619978427886963 459.9699401855469 167.7994384765625 499.4692077636719 203.7881317138672 4.1989217 1.5836297 1.6278889 -5.675963 0.9817091 33.786934 1.4535397291183472 0.19765225052833557
