Car 0.0 0 1.9182496070861816 306.95050048828125 181.83563232421875 360.7203369140625 210.1100311279297 3.7548645 1.4134486 1.5388697 -14.954336 1.924817 39.15875 1.5534520149230957 0.8418049216270447
Car 0.0 0 -0.827780544757843 0.0 195.0679473876953 52.30327224731445 282.08953857421875 4.25378 1.4449067 1.6011479 -14.231363 1.9790722 15.201674 -1.5802239179611206 0.6612998247146606
Car 0.0 0 1.5649158954620361 589.6236572265625 169.6360321044922 610.3885498046875 189.6580352783203 4.036049 1.5574558 1.6156157 -0.8440945 1.3074961 58.157696 1.5504029989242554 0.5250840187072754
Car 0.0 0 1.6628623008728027 525.803955078125 189.3406982421875 562.19140625 219.90887451171875 3.878949 1.3710787 1.4787499 -3.318095 2.2474113 36.39381 1.5719417333602905 0.49518340826034546
Car 0.0 0 2.033845901489258 295.2989501953125 173.89283752441406 343.1697692871094 200.61900329589844 3.4583418 1.6975485 1.5589279 -19.219692 1.7692317 47.751694 1.6511927843093872 0.3144703209400177
Car 0.0 0 1.5810633897781372 353.2196350097656 179.38096618652344 385.2779235839844 208.6359405517578 3.7370546 1.4386652 1.5437125 -12.824448 1.8045925 38.394638 1.2586979866027832 0.27845022082328796
Car 0.0 0 1.456364631652832 823.2633056640625 173.89193725585938 850.5925903320312 195.84921264648438 3.690776 1.6316106 1.5980853 17.475351 1.7150092 55.761883 1.760062336921692 0.24818620085716248
Car 0.0 0 2.4741578102111816 989.4480590820312 187.9815216064453 1066.007080078125 215.45388793945312 3.7561324 1.5469893 1.5918198 24.746777 2.4678926 42.84788 2.99790620803833 0.20919226109981537
Car 0.0 0 1.897583246231079 544.642578125 178.06224060058594 584.8617553710938 201.0635986328125 4.2124214 1.5769924 1.67099 -3.2844224 1.9742926 52.737457 1.8353848457336426 0.19887475669384003
Car 0.0 0 1.8150262832641602 883.9564819335938 183.52389526367188 920.7882690429688 206.17262268066406 3.793453 1.5265628 1.617334 21.28703 2.3335161 52.532814 2.200019359588623 0.1834656447172165
