Pedestrian 0.0 0 0.07257301360368729 583.760986328125 162.21798706054688 613.24755859375 216.53704833984375 0.9566857 1.8135108 0.6340195 -0.24341905 1.2046822 23.94698 0.062408447265625 0.30024582147598267
Pedestrian 0.0 0 -1.4099360704421997 517.6449584960938 171.1002197265625 533.1969604492188 206.07875061035156 0.72405815 1.7586352 0.67913526 -4.0535808 1.2874655 35.92179 -1.5223053693771362 0.28787609934806824
Pedestrian 0.0 0 1.5620687007904053 716.3746337890625 138.40098571777344 736.62060546875 192.99412536621094 0.6443447 1.9490533 0.7138687 4.370438 0.4475818 25.61271 1.7310764789581299 0.23043331503868103
Pedestrian 0.0 0 1.6931672096252441 795.1317138671875 122.44384002685547 843.5431518554688 218.50857543945312 1.1152244 1.8734545 0.8204635 4.3549714 0.7428745 14.459563 1.9857088327407837 0.20483596622943878
Pedestrian 0.0 0 1.5492353439331055 771.1597290039062 134.5863494873047 808.6304321289062 217.69821166992188 1.1786482 1.9046401 0.834642 4.355901 0.85406464 16.867437 1.801957130432129 0.1982598453760147
Pedestrian 0.0 0 0.5144352316856384 0.0 122.65191650390625 105.30894470214844 328.8395080566406 1.1436394 1.8220284 0.57199347 -5.520839 1.3125411 6.6268706 -0.18016473948955536 0.17839772999286652
Pedestrian 0.0 0 1.2300562858581543 693.4544677734375 147.92947387695312 709.9467163085938 191.27813720703125 0.44970426 1.9057606 0.6090788 4.268349 0.47531384 31.361668 1.3653260469436646 0.1463250368833542
Pedestrian 0.0 0 0.9069017171859741 740.4534912109375 139.57843017578125 783.333984375 207.76458740234375 1.1440823 1.8444122 0.58823675 4.3400435 0.73907906 19.763447 1.1230700016021729 0.14425179362297058
Pedestrian 0.0 0 2.521907091140747 972.7531127929688 94.35877990722656 1085.684814453125 263.418212890625 0.8869913 1.7601204 0.5680706 4.5391755 0.86497384 7.677252 3.055867910385132 0.13163802027702332
Pedestrian 0.0 0 2.2567672729492188 130.52566528320312 144.57896423339844 197.742431640625 266.9578552246094 0.58374166 1.751126 0.6120098 -6.5478215 1.2387958 10.440188 1.6966055631637573 0.12349320948123932
Cyclist 0.0 0 2.547354221343994 0.0 0.0 231.44766235351562 370.0 1.3842722 1.7997081 0.5102497 -2.735676 0.78829694 3.6161146 1.899691104888916 0.13921530544757843
Car 0.0 0 -1.6215660572052002 632.19775390625 164.85818481445312 665.6895141601562 194.91754150390625 3.6876109 1.5714129 1.6402518 2.358442 0.7551209 38.8093 -1.56087064743042 0.285175085067749
Car 0.0 0 1.3443858623504639 530.9803466796875 171.7030487060547 555.4737548828125 188.3987579345703 3.8892095 1.5834858 1.5486665 -6.0397925 0.75028354 69.14296 1.2572548389434814 0.2328140288591385
Car 0.0 0 -1.3079527616500854 508.9605407714844 164.57823181152344 558.1859130859375 196.3046112060547 4.054801 1.5976837 1.6159314 -3.7586672 0.79731935 37.73264 -1.4072383642196655 0.12588870525360107
