Pedestrian 0.0 0 -2.044700860977173 272.415283203125 174.7529754638672 321.9825134277344 257.70489501953125 0.7808961 1.6328874 0.639487 -6.315959 1.5213889 14.40762 -2.4578466415405273 0.6257048845291138
Pedestrian 0.0 0 -1.838747262954712 787.5513916015625 164.3214874267578 806.7537841796875 194.5635223388672 0.721747 1.6006218 0.82761544 10.252217 0.7457514 37.779137 -1.5737566947937012 0.5291535258293152
Pedestrian 0.0 0 -0.34324491024017334 986.415771484375 124.9571533203125 1065.78515625 255.79275512695312 0.8775693 1.7700336 0.35748655 5.788508 1.0202826 9.818644 0.18944978713989258 0.3626993000507355
Pedestrian 0.0 0 3.549107074737549 128.7560577392578 135.46585083007812 199.0078582763672 265.11474609375 0.639784 1.7442243 0.6206572 -6.1862574 1.1400311 9.862642 2.9888975620269775 0.2869649827480316
Pedestrian 0.0 0 0.008498966693878174 771.0238037109375 156.82334899902344 802.0781860351562 187.73463439941406 1.71269 1.7509987 0.5951929 10.404003 0.4111992 40.553944 0.2596302032470703 0.1366921216249466
Pedestrian 0.0 0 -1.881829857826233 985.8543090820312 146.78533935546875 1026.8753662109375 213.83909606933594 1.6482579 1.6581727 0.43623105 10.3472 0.8260392 18.33082 -1.3679450750350952 0.10708338022232056
Cyclist 0.0 0 -1.953892469406128 879.316650390625 157.62721252441406 903.5833129882812 193.00326538085938 1.7162006 1.6370709 0.45654926 13.572008 0.580059 33.57295 -1.5697239637374878 0.6537967920303345
Cyclist 0.0 0 -1.8657419681549072 986.0399780273438 146.97613525390625 1026.9193115234375 214.1193389892578 1.7113165 1.6573001 0.43756062 10.348836 0.8314256 18.329918 -1.3517683744430542 0.41680005192756653
Cyclist 0.0 0 0.008498966693878174 771.0238037109375 156.82334899902344 802.0781860351562 187.73463439941406 1.71269 1.7509987 0.5951929 10.404003 0.4111992 40.553944 0.2596302032470703 0.4092658758163452
Car 0.0 0 0.35466718673706055 565.5305786132812 171.35989379882812 697.7354125976562 213.09503173828125 4.446948 1.4025829 1.6393775 0.9196475 1.0969512 25.361732 0.3909125328063965 0.9491856694221497
Car 0.0 0 1.8799068927764893 339.44403076171875 180.6424102783203 389.4818420410156 204.8192901611328 4.7195225 1.4829478 1.7113951 -15.487666 1.4939554 45.764416 1.5535839796066284 0.8990384936332703
Car 0.0 0 -0.7805992364883423 0.0 209.53390502929688 309.5364685058594 370.0 3.8514535 1.4825436 1.6265001 -3.1479788 1.7035587 3.3788297 -1.5306425094604492 0.8528443574905396
Car 0.0 0 1.6220999956130981 451.7888488769531 173.77308654785156 476.98028564453125 194.8810577392578 3.8499813 1.494901 1.6274168 -10.317493 1.0197825 52.091362 1.426565408706665 0.7704500555992126
Car 0.0 0 -2.4233570098876953 400.7207946777344 171.9062042236328 446.83453369140625 189.84706115722656 3.8895805 1.5733527 1.6575419 -16.289152 0.82088715 63.617283 -2.674020767211914 0.3482769727706909
