Pedestrian 0.0 0 -0.5088391900062561 880.7350463867188 136.891845703125 1021.2921752929688 368.717041015625 0.7246995 1.6277412 0.6546323 2.4768107 1.3755939 5.418734 -0.08011075854301453 0.6665992736816406
Pedestrian 0.0 0 1.7955412864685059 804.6183471679688 171.19656372070312 884.9200439453125 339.02593994140625 0.5163309 1.6042463 0.6758958 2.3197489 1.588761 7.2883377 2.1036853790283203 0.6515460014343262
Pedestrian 0.0 0 3.5882678031921387 31.134183883666992 188.56874084472656 76.94488525390625 255.2264404296875 0.75929403 1.7454793 0.6873936 -15.064171 2.1797097 19.502775 2.930576801300049 0.35252609848976135
Pedestrian 0.0 0 -3.0012855529785156 705.585205078125 171.60845947265625 720.4153442382812 204.57644653320312 0.7045584 1.7513611 0.6534728 5.496493 1.6855522 38.73924 -2.860342025756836 0.28479576110839844
Pedestrian 0.0 0 0.7049633860588074 118.51968383789062 183.93045043945312 156.36880493164062 237.49928283691406 0.8170213 1.7218429 0.6461477 -15.571009 2.0919762 23.713924 0.12394928932189941 0.2505122125148773
Cyclist 0.0 0 -2.865870952606201 971.2426147460938 117.80592346191406 1242.0 375.0 1.6894215 1.6284825 0.6059841 2.830294 1.4060812 3.7724936 -2.2222132682800293 0.430263489484787
Cyclist 0.0 0 -0.25888895988464355 1169.015625 162.74154663085938 1222.7352294921875 204.623779296875 1.6879098 1.7791991 0.6923274 25.360266 1.3499695 31.310284 0.42189931869506836 0.22995322942733765
Cyclist 0.0 0 0.3690018951892853 168.75791931152344 185.0027313232422 298.2662353515625 287.1106262207031 1.9446868 1.7378609 0.61757946 -6.6913943 1.9606781 12.793179 -0.11291045695543289 0.22131815552711487
Car 0.0 0 1.8940544128417969 346.42083740234375 190.2425537109375 418.5268249511719 230.80043029785156 4.0668874 1.496821 1.6931347 -9.538043 2.2800596 30.433264 1.5903421640396118 0.9431064128875732
Car 0.0 0 -1.504056692123413 602.1376953125 180.1410369873047 631.0747680664062 205.8960418701172 3.6733494 1.5479288 1.61845 0.42812335 2.0353029 46.327072 -1.4948155879974365 0.7916282415390015
Car 0.0 0 -1.8139851093292236 475.0102844238281 183.70335388183594 518.886962890625 213.2260284423828 3.5240614 1.4745713 1.5556731 -6.246017 2.0960214 39.37726 -1.9712944030761719 0.3706037998199463
Car 0.0 0 -2.0479233264923096 278.3621520996094 191.8717041015625 347.2934265136719 223.73355102539062 4.1112027 1.5039966 1.685425 -15.876815 2.5679138 38.378773 -2.4401731491088867 0.24749010801315308
Car 0.0 0 -0.9796515703201294 96.26861572265625 180.20654296875 211.4242401123047 227.99899291992188 3.7223294 1.5176636 1.619438 -15.941319 1.7958251 25.374601 -1.5405768156051636 0.20570655167102814
Car 0.0 0 -2.8819198608398438 848.5900268554688 180.5040740966797 1242.0 375.0 3.6700094 1.440612 1.5669315 2.823653 1.4908831 2.720386 -2.077897071838379 0.2052321434020996
