Pedestrian 0.0 0 2.8420841693878174 806.9173583984375 165.08700561523438 835.88818359375 216.17474365234375 0.8342313 1.7875062 0.6342947 7.441197 1.5161054 25.566998 3.125307083129883 0.6208231449127197
Pedestrian 0.0 0 -1.8925302028656006 729.447998046875 171.7808074951172 747.8726806640625 204.23326110839844 1.1368655 1.6326426 0.59727967 6.5368514 1.5790093 36.90283 -1.7172119617462158 0.5249382853507996
Pedestrian 0.0 0 -3.8301830291748047 1172.5311279296875 120.38130187988281 1242.0 245.06100463867188 0.62428063 1.8260932 0.7502797 9.0836 1.0579213 10.94157 -3.1373016834259033 0.4345668852329254
Pedestrian 0.0 0 -0.33065611124038696 906.902099609375 162.59088134765625 948.9491577148438 220.76751708984375 1.0654602 1.8252685 0.6736095 10.085146 1.5036254 23.014688 0.08234572410583496 0.30461448431015015
Cyclist 0.0 0 -2.168609142303467 1037.0479736328125 105.22981262207031 1232.9539794921875 336.81121826171875 1.6935629 1.7847037 0.5254741 4.493294 1.2639096 6.4081545 -1.55708909034729 0.9357877373695374
Cyclist 0.0 0 -1.914358377456665 781.9673461914062 159.33251953125 822.1135864257812 223.66729736328125 1.687941 1.7789081 0.57928747 5.470691 1.4053864 20.814194 -1.6573370695114136 0.8022094368934631
Cyclist 0.0 0 -0.31687131524086 901.7120361328125 160.4501953125 951.1122436523438 218.50469970703125 1.3123237 1.8211427 0.6251455 10.030696 1.432399 23.00453 0.09430575370788574 0.2791106402873993
Cyclist 0.0 0 -1.9044581651687622 729.244873046875 171.969970703125 747.8343505859375 204.3302459716797 1.1599112 1.6280993 0.5873222 6.5332413 1.5839803 36.918056 -1.7293055057525635 0.22698555886745453
Car 0.0 0 -1.8401657342910767 866.6806030273438 183.00535583496094 897.5269165039062 200.44215393066406 3.8211112 1.4308659 1.5741425 23.876656 2.3521185 63.478764 -1.4803993701934814 0.5175618529319763
Car 0.0 0 -3.478602647781372 843.9086303710938 189.23561096191406 908.7003784179688 210.1112060546875 4.4505625 1.5589187 1.5532457 20.593937 2.8483405 55.96364 -3.1259937286376953 0.39132246375083923
Car 0.0 0 1.4295494556427002 709.2051391601562 178.05294799804688 732.808349609375 196.36985778808594 3.6502 1.5082929 1.5101107 9.531068 1.9706663 62.28528 1.5813943147659302 0.33179911971092224
Car 0.0 0 -1.7427825927734375 733.90185546875 176.2435302734375 760.8616333007812 195.89808654785156 3.5141757 1.4748267 1.4898514 10.703198 1.749004 56.51764 -1.5556210279464722 0.3008459806442261
Car 0.0 0 1.1626477241516113 1050.2645263671875 183.57247924804688 1096.5830078125 205.05780029296875 3.9173415 1.5214865 1.5486916 35.365524 2.3725095 55.2039 1.7324109077453613 0.2634035348892212
