Pedestrian 0.0 0 -0.22747525572776794 928.0887451171875 112.19633483886719 1032.06689453125 271.8839416503906 0.9809613 1.7722242 0.5115949 4.213143 1.099399 8.369521 0.23888158798217773 0.3750462830066681
Cyclist 0.0 0 -1.4840823411941528 750.920166015625 162.4461212158203 811.9603271484375 278.5152282714844 1.8535662 1.7752541 0.8378709 2.8416371 1.6164254 12.04438 -1.2523887157440186 0.9582371115684509
Cyclist 0.0 0 -1.6441829204559326 742.4104614257812 172.6134796142578 778.86083984375 261.01507568359375 1.7452613 1.7851889 0.6303577 3.1577597 1.7806896 15.473757 -1.4428751468658447 0.7360830307006836
Car 0.0 0 1.8850229978561401 392.9486083984375 189.81314086914062 526.1156616210938 278.2677001953125 3.468639 1.4348414 1.5548308 -2.8640592 1.8118222 14.208656 1.6861169338226318 0.9630759358406067
Car 0.0 0 1.7910304069519043 610.8585815429688 179.99713134765625 657.6563110351562 210.2706756591797 3.8618333 1.4564396 1.6447376 1.2868375 1.851244 37.76518 1.8250919580459595 0.9236746430397034
Car 0.0 0 -2.8455426692962646 441.2946472167969 178.59808349609375 522.997802734375 211.93414306640625 3.4441185 1.4895966 1.5292656 -5.9513044 1.7646549 33.537495 -3.0211668014526367 0.8578529953956604
Car 0.0 0 1.7575862407684326 631.4523315429688 178.39447021484375 673.3416748046875 209.08689880371094 4.2061996 1.6625966 1.6911548 2.4953487 2.0037937 42.139133 1.8167340755462646 0.6172764301300049
Car 0.0 0 -1.3568639755249023 762.9855346679688 176.32199096679688 797.2578125 198.7747802734375 3.447727 1.4335852 1.5490041 11.443965 1.6763368 48.53959 -1.1253266334533691 0.5200843214988708
Car 0.0 0 -1.4752274751663208 661.6802978515625 181.97348022460938 690.0958862304688 204.7061309814453 3.947792 1.4764476 1.6179764 4.6295652 2.1431165 50.62637 -1.384035348892212 0.36039385199546814
Car 0.0 0 -0.5275039672851562 821.5018920898438 160.74554443359375 886.923828125 182.75267028808594 4.284975 1.5819161 1.7100838 17.937555 0.711895 53.130154 -0.2019045650959015 0.3452140986919403
Car 0.0 0 1.623976230621338 684.2709350585938 178.57472229003906 707.8341674804688 200.17091369628906 4.0595803 1.5676575 1.5927559 6.6408134 2.0261261 55.641182 1.742764949798584 0.33646899461746216
