Car 0.0 0 1.9846012592315674 321.53118896484375 185.7005157470703 373.9381408691406 212.1276092529297 3.939165 1.499035 1.618399 -16.286627 2.3349123 44.906445 1.6366759538650513 0.8369966149330139
Car 0.0 0 1.2868447303771973 802.2128295898438 149.32073974609375 868.099365234375 188.01446533203125 3.7882044 1.5474933 1.6731373 9.471506 0.60667646 30.760242 1.5855461359024048 0.5443523526191711
Car 0.0 0 2.3225560188293457 0.0 194.7000274658203 35.71357727050781 271.7152404785156 4.0245037 1.5054132 1.5954789 -16.182579 2.0893025 17.256863 1.5692731142044067 0.4971838891506195
Car 0.0 0 1.8504332304000854 411.1829528808594 182.37767028808594 444.2211608886719 201.95660400390625 4.0154147 1.5190876 1.6191307 -15.135299 2.3381383 59.99055 1.6032960414886475 0.46893784403800964
Car 0.0 0 1.3518179655075073 708.857177734375 162.25267028808594 742.9366455078125 184.41111755371094 4.1949153 1.6277963 1.6937302 8.784161 0.84936297 55.147766 1.5097750425338745 0.46474689245224
Car 0.0 0 -1.8704222440719604 776.5822143554688 162.31198120117188 813.3059692382812 182.89581298828125 3.8520455 1.5318192 1.6757787 14.1933155 0.7476549 55.658504 -1.6207365989685059 0.41003862023353577
Car 0.0 0 -0.057697951793670654 708.7887573242188 161.42236328125 756.0750732421875 181.14100646972656 3.6812208 1.5673652 1.605909 9.844281 0.65906274 58.348953 0.10944199562072754 0.38660991191864014
Car 0.0 0 2.0912253856658936 0.0 154.78384399414062 30.24188995361328 192.13388061523438 3.5268443 1.3784876 1.6443447 -24.93608 0.7119253 28.517958 1.3727357387542725 0.38434022665023804
Car 0.0 0 2.6584527492523193 760.6976928710938 162.12411499023438 831.8832397460938 189.67933654785156 3.586632 1.5189058 1.5844837 10.52157 0.92780846 40.95284 2.909932851791382 0.38371542096138
Car 0.0 0 0.9042770862579346 961.6143798828125 157.13522338867188 1040.25927734375 188.00392150878906 3.5498803 1.4317644 1.5085458 19.0237 0.70304763 35.34205 1.3980729579925537 0.3740154802799225
