Pedestrian 0.0 0 1.1771254539489746 538.5181274414062 145.33668518066406 597.2822875976562 276.9481201171875 0.662335 1.7362901 0.5989503 -0.5666698 1.2740694 9.751477 1.11907958984375 0.7375901937484741
Pedestrian 0.0 0 -1.9516619443893433 235.92152404785156 134.6460418701172 294.0596618652344 237.5681915283203 0.8405846 1.6348166 0.59788746 -5.690817 0.908127 11.729764 -2.403367519378662 0.7228437662124634
Pedestrian 0.0 0 1.2731289863586426 312.168212890625 151.1302032470703 422.75634765625 370.0 0.8344738 1.6501982 0.61532396 -1.9682903 1.438141 5.6597095 0.9384400844573975 0.6810301542282104
Pedestrian 0.0 0 0.15967822074890137 1045.2412109375 82.25824737548828 1224.0 370.0 0.78998554 1.7020874 0.650001 2.714297 1.2784942 3.5662804 0.8102457523345947 0.6540862321853638
Pedestrian 0.0 0 0.4602714776992798 889.4661254882812 151.7222900390625 1030.8447265625 370.0 0.8131304 1.7107762 0.62425053 2.7567246 1.5045947 5.615397 0.916630744934082 0.5154536962509155
Pedestrian 0.0 0 2.6737494468688965 630.2777099609375 140.40261840820312 666.8174438476562 201.2855224609375 0.9990738 1.866431 0.5531256 1.3296791 0.63876 22.122377 2.7337827682495117 0.48922064900398254
Pedestrian 0.0 0 1.1036804914474487 633.7454833984375 105.14388275146484 788.8495483398438 370.0 0.6969039 1.6766751 0.5888094 0.5063731 1.3076314 3.9002447 1.232789397239685 0.42849111557006836
Pedestrian 0.0 0 1.1562473773956299 740.3304443359375 128.3236541748047 819.8973388671875 273.50347900390625 1.0745286 1.9981506 0.7534599 2.4846096 1.2817022 10.321907 1.3924657106399536 0.31179678440093994
Pedestrian 0.0 0 -1.131245493888855 286.6835021972656 137.25885009765625 358.4378967285156 240.75611877441406 1.6975232 1.7248418 0.52136385 -5.053456 1.0058532 12.641111 -1.5115480422973633 0.2600920498371124
Pedestrian 0.0 0 -2.8156604766845703 777.7265014648438 148.2599639892578 879.9462280273438 370.0 0.6225222 1.696911 0.6113042 1.7488396 1.4593749 5.67189 -2.5165748596191406 0.21664616465568542
Cyclist 0.0 0 -0.9706904888153076 283.9217224121094 136.71682739257812 366.9326171875 242.17552185058594 1.6947483 1.76552 0.5256058 -5.029029 1.0341805 12.71652 -1.3472874164581299 0.5258062481880188
Cyclist 0.0 0 -1.9516619443893433 235.92152404785156 134.6460418701172 294.0596618652344 237.5681915283203 0.8405846 1.6348166 0.59788746 -5.690817 0.908127 11.729764 -2.403367519378662 0.16363249719142914
