Pedestrian 0.0 0 -0.05526238679885864 365.56884765625 153.91622924804688 381.45172119140625 189.48179626464844 0.6338214 1.5695744 0.7580328 -10.633 0.73417366 32.308514 -0.37320560216903687 0.6605373620986938
Cyclist 0.0 0 -2.217148542404175 1006.1417846679688 130.75424194335938 1049.4989013671875 178.17532348632812 1.5074788 1.8269409 0.72254956 16.49223 0.20536736 28.587545 -1.6938855648040771 0.28908872604370117
Car 0.0 0 -1.6048741340637207 596.2117309570312 175.5974578857422 624.3541870117188 200.43348693847656 4.032214 1.5120853 1.6658858 -0.052010994 1.6967338 46.42222 -1.6059945821762085 0.7818142175674438
Car 0.0 0 1.8041189908981323 409.7393493652344 172.91928100585938 447.6251525878906 200.3979949951172 4.4602704 1.9588776 1.7506641 -13.459612 1.9642943 53.684994 1.5584678649902344 0.7556705474853516
Car 0.0 0 1.8143502473831177 331.0366516113281 166.62860107421875 360.338134765625 184.91798400878906 3.6309302 1.5436808 1.5663437 -22.983894 1.0185959 62.786186 1.4634349346160889 0.5408636927604675
Car 0.0 0 -2.1779050827026367 333.57037353515625 177.3276824951172 370.60546875 194.7454833984375 3.4687552 1.5709105 1.5652518 -24.17906 2.0003824 67.56225 -2.5215811729431152 0.4822421371936798
Car 0.0 0 2.9914450645446777 631.5095825195312 162.821533203125 673.82861328125 180.11460876464844 3.8074112 1.6168994 1.6127974 4.0108495 0.6792239 68.43804 3.0499837398529053 0.47440463304519653
Car 0.0 0 -0.8439042568206787 352.01116943359375 158.85023498535156 435.29443359375 192.2541046142578 3.8036387 1.4737341 1.6330417 -10.12484 0.85626477 33.899216 -1.1341447830200195 0.38233399391174316
Car 0.0 0 0.8523122072219849 737.3200073242188 164.33682250976562 780.89599609375 185.63551330566406 3.7662191 1.8080132 1.67617 13.023324 1.085362 63.29901 1.0552237033843994 0.35301005840301514
Car 0.0 0 2.2719228267669678 59.31552505493164 160.37539672851562 137.97132873535156 192.5795135498047 3.712851 1.7608969 1.6814997 -29.260027 1.0789344 41.371864 1.6563513278961182 0.31793832778930664
Car 0.0 0 1.0112117528915405 808.9021606445312 158.30780029296875 865.2327270507812 183.8101348876953 4.053888 1.5785083 1.5666125 14.634227 0.67850614 46.817337 1.3141707181930542 0.288010835647583
Car 0.0 0 0.587302565574646 214.11248779296875 161.0370635986328 283.0247802734375 183.44073486328125 3.9965377 1.508098 1.645697 -24.863642 0.71300113 49.62893 0.12286257743835449 0.2624237835407257
