Pedestrian 0.0 0 -1.9843032360076904 779.5511474609375 150.16314697265625 817.9639282226562 225.35824584960938 0.7333428 1.7835618 0.6623911 4.528345 1.2457126 17.526432 -1.7314603328704834 0.6582111716270447
Pedestrian 0.0 0 2.738307476043701 803.193359375 96.81746673583984 896.0015258789062 250.90924072265625 0.9286791 1.768201 0.48492476 2.7759027 0.8960408 8.559971 3.051896095275879 0.29145947098731995
Pedestrian 0.0 0 -0.3213312029838562 906.43701171875 132.23866271972656 963.6400146484375 232.00958251953125 0.8381468 1.853646 0.62549555 6.132174 1.0994105 13.754984 0.0980367660522461 0.17931129038333893
Cyclist 0.0 0 1.9585671424865723 218.53378295898438 168.24093627929688 355.8701171875 375.0 1.8607615 1.7730285 0.57162184 -3.1526015 1.7338489 7.1196866 1.5417163372039795 0.8217157125473022
Cyclist 0.0 0 -1.2006052732467651 671.0443115234375 167.79151916503906 691.1360473632812 195.15975952148438 1.9187802 1.7415338 0.65163857 4.6012335 1.4197487 46.91436 -1.1028406620025635 0.3432035744190216
Car 0.0 0 1.792261004447937 459.52783203125 181.64405822753906 526.6734619140625 224.26930236816406 4.09295 1.4504675 1.66491 -4.407631 1.8114932 27.5084 1.6333829164505005 0.9411329627037048
Car 0.0 0 2.0485281944274902 0.0 192.65350341796875 329.3136901855469 375.0 4.347309 1.5510297 1.7183346 -5.0989714 1.8539586 8.812128 1.523969292640686 0.8854790329933167
Car 0.0 0 -1.507449984550476 673.5840454101562 174.79168701171875 719.9398803710938 215.79432678222656 3.590525 1.5428292 1.642227 3.5265653 1.6268678 29.242817 -1.387433648109436 0.8409200310707092
Car 0.0 0 -1.358587384223938 638.1448364257812 172.9453582763672 662.5114135742188 190.0599365234375 3.5028112 1.5589026 1.5798715 3.7870085 1.5680654 67.63783 -1.3026562929153442 0.6100226640701294
Car 0.0 0 1.4869680404663086 722.3784790039062 172.89418029785156 758.8387451171875 201.11990356445312 4.0152473 1.4418557 1.5945412 6.959758 1.4444972 38.934525 1.6638551950454712 0.18103475868701935
