Pedestrian 0.0 0 -0.11544722318649292 940.7152709960938 144.8489532470703 975.130615234375 203.25558471679688 0.8916957 1.773691 0.6357414 10.723842 0.92359275 22.35467 0.33184003829956055 0.2371949404478073
Cyclist 0.0 0 -1.9580928087234497 1185.484375 86.55340576171875 1242.0 194.58676147460938 1.6851987 1.6610643 0.4069595 10.107693 0.33450925 11.955453 -1.2562483549118042 0.8377684354782104
Cyclist 0.0 0 -1.6400867700576782 964.307861328125 114.30005645751953 991.96533203125 184.39830017089844 1.8722149 1.7928599 0.5287796 9.841565 0.2956198 19.416767 -1.1709669828414917 0.626153826713562
Cyclist 0.0 0 3.4459400177001953 52.33209228515625 160.27508544921875 101.26597595214844 192.60897827148438 2.1032054 1.7811054 0.65949386 -29.868088 1.0885564 40.397766 2.8092899322509766 0.4534183740615845
Cyclist 0.0 0 1.005636215209961 934.5346069335938 121.2083740234375 984.64306640625 177.1681671142578 1.7777493 1.7559847 0.61155045 11.339975 0.13573411 23.55707 1.4542796611785889 0.44370514154434204
Cyclist 0.0 0 -2.0544943809509277 1187.5157470703125 226.55491638183594 1242.0 313.9922790527344 1.775868 1.6573131 0.40148675 13.253504 2.8942602 15.702014 -1.3534564971923828 0.3783678114414215
Cyclist 0.0 0 -2.036390542984009 914.6911010742188 132.5102996826172 951.2291259765625 179.37249755859375 1.8978535 1.8685608 0.5803055 13.242524 0.26027393 29.728888 -1.6173326969146729 0.32441774010658264
Cyclist 0.0 0 -2.442389965057373 1019.832763671875 94.3115234375 1106.0924072265625 174.7037811279297 1.6984824 1.705539 0.52262336 10.07404 0.039601088 16.193245 -1.8858689069747925 0.31690675020217896
Car 0.0 0 0.14279785752296448 308.0755920410156 170.78927612304688 351.1774597167969 188.35772705078125 3.6003745 1.6329623 1.6865462 -26.51887 1.4414074 68.29093 -0.22760090231895447 0.5070891380310059
Car 0.0 0 1.735309362411499 428.3307189941406 165.012939453125 476.0697021484375 206.83544921875 4.287837 2.0918367 1.7950836 -8.334913 1.7000089 38.272446 1.5208790302276611 0.3742741346359253
Car 0.0 0 1.6733793020248413 185.14852905273438 165.38323974609375 215.74945068359375 186.83462524414062 3.8956158 1.5394738 1.5983924 -30.568743 1.0036876 53.883747 1.157344102859497 0.35991495847702026
Car 0.0 0 2.6075541973114014 944.3947143554688 134.4897918701172 1083.6204833984375 184.9176483154297 3.6777523 1.5874971 1.5727514 13.070207 0.38012877 23.54799 3.114262819290161 0.3422570526599884
Car 0.0 0 -1.297053337097168 213.5159454345703 162.5386199951172 254.09397888183594 185.8194580078125 3.8387797 1.6461585 1.6717329 -27.638895 0.9171294 53.06627 -1.7772314548492432 0.3009515404701233
