Pedestrian 0.0 0 0.427774578332901 535.109375 164.5778045654297 579.0265502929688 249.02130126953125 0.76537067 1.7268218 0.54103106 -0.96555424 1.3820124 15.075914 0.3638157844543457 0.82034832239151
Pedestrian 0.0 0 -1.5650962591171265 745.876708984375 153.67726135253906 798.1141967773438 298.1551513671875 0.96361506 1.6653003 0.59045976 2.0435545 1.3459548 8.814203 -1.3372734785079956 0.7849797010421753
Pedestrian 0.0 0 -3.1476283073425293 651.2452392578125 150.966064453125 748.0759887695312 318.5694885253906 0.94940704 1.6452417 0.63775045 0.9577006 1.3468819 7.423153 -3.0193216800689697 0.7568483948707581
Pedestrian 0.0 0 0.9503028392791748 620.4105834960938 159.91824340820312 672.0222778320312 249.8877716064453 0.8940428 1.8183657 0.6883223 0.89525694 1.3834217 15.077207 1.0096113681793213 0.7068237066268921
Pedestrian 0.0 0 -1.4439966678619385 559.8916015625 159.33628845214844 591.341064453125 236.3699493408203 0.89793044 1.7542337 0.6304983 -0.6311176 1.2507265 16.830824 -1.4814767837524414 0.6838967204093933
Pedestrian 0.0 0 -1.8532689809799194 603.686767578125 162.15013122558594 641.0720825195312 238.4405975341797 0.89547807 1.7363763 0.65074426 0.44738755 1.2971838 16.862265 -1.8267433643341064 0.5514656901359558
Pedestrian 0.0 0 3.0222952365875244 338.00689697265625 166.05250549316406 366.6733703613281 235.59359741210938 0.61682165 1.7318041 0.6437957 -6.3867197 1.3482959 18.310984 2.686697244644165 0.49750223755836487
Pedestrian 0.0 0 -1.1437393426895142 1136.490478515625 132.16146850585938 1238.0 305.5626220703125 0.68829966 1.728925 0.6471786 6.1701884 1.2383549 7.602725 -0.4619796872138977 0.41193854808807373
Pedestrian 0.0 0 -0.03686051815748215 578.5305786132812 165.57933044433594 598.0696411132812 202.8775177001953 0.93105584 1.8014407 0.5547785 -0.65215594 1.0333986 34.994564 -0.0554942823946476 0.3371952474117279
Pedestrian 0.0 0 0.35037118196487427 193.4566192626953 166.67950439453125 234.50770568847656 235.02926635742188 0.7939164 1.7418219 0.56248796 -10.077956 1.3653156 18.63915 -0.1452942043542862 0.3112584054470062
Pedestrian 0.0 0 1.4650894403457642 628.5218505859375 157.15536499023438 647.7219848632812 207.67893981933594 0.8068051 1.6667595 0.559712 1.201833 0.86472374 24.113485 1.514888882637024 0.26521655917167664
Pedestrian 0.0 0 0.9391763210296631 196.6533203125 160.53273010253906 271.52362060546875 235.72195434570312 1.891422 1.700926 0.5583683 -8.698512 1.2278192 16.920652 0.46433091163635254 0.11338060349225998
Cyclist 0.0 0 -1.222362756729126 288.1509094238281 168.1538543701172 329.96636962890625 234.57618713378906 1.7109728 1.6869723 0.47761357 -7.784155 1.3491908 19.105455 -1.609258770942688 0.3975830376148224
Cyclist 0.0 0 1.104367971420288 203.07496643066406 164.09738159179688 266.4644775390625 240.09249877929688 1.8526089 1.7143254 0.5563711 -8.713893 1.3229653 16.972382 0.6300451755523682 0.3150588870048523
Car 0.0 0 1.9172734022140503 297.9920959472656 160.37574768066406 513.3265380859375 299.6861572265625 4.284328 1.7140994 1.7805456 -2.7523828 1.4555222 11.057936 1.6733249425888062 0.9009150862693787
Car 0.0 0 1.408379077911377 446.30572509765625 148.47796630859375 500.9833984375 185.59425354003906 3.7619336 1.3920724 1.5708537 -5.229998 0.15458968 28.974386 1.2297978401184082 0.3824175000190735
Car 0.0 0 1.0183982849121094 0.0 138.4379425048828 147.62271118164062 210.91079711914062 3.7322862 1.5824535 1.5623499 -12.8857155 0.6434112 17.08882 0.3723142147064209 0.2705138921737671
Car 0.0 0 1.857008695602417 261.3780212402344 171.91482543945312 335.80291748046875 212.0738983154297 3.8235745 1.4098161 1.579114 -11.3865385 1.0743822 27.202145 1.4605801105499268 0.2674575746059418
