Pedestrian 0.0 0 1.7581799030303955 276.45599365234375 175.0973358154297 321.2806091308594 264.11822509765625 0.9977669 1.7480643 0.66881776 -6.277955 1.6436051 14.439466 1.3480569124221802 0.6081774234771729
Pedestrian 0.0 0 0.8384149074554443 949.7574462890625 160.70388793945312 1011.0298461914062 267.4931945800781 0.71118504 1.7219822 0.5752793 6.2167435 1.4044228 11.811518 1.3229031562805176 0.5169349312782288
Pedestrian 0.0 0 -3.5267210006713867 990.6102905273438 110.7697982788086 1054.6571044921875 244.5216064453125 0.620121 1.8071523 0.51067936 5.7571664 0.86668193 9.845324 -2.9975814819335938 0.35545051097869873
Pedestrian 0.0 0 -2.051828145980835 983.6287231445312 149.57374572753906 1029.55322265625 218.56654357910156 1.1753628 1.7339339 0.55316013 10.375688 0.9582858 18.361221 -1.5374757051467896 0.19650329649448395
Pedestrian 0.0 0 -0.017379969358444214 774.9195556640625 154.10391235351562 794.4618530273438 187.4709930419922 1.0772302 1.897917 0.55632615 10.307829 0.39789438 40.606125 0.2312180995941162 0.15359826385974884
Pedestrian 0.0 0 -1.301130771636963 986.5353393554688 138.06539916992188 1005.825439453125 180.6265411376953 0.5345548 2.0047421 0.68779504 18.647083 0.007409483 33.730465 -0.7961204051971436 0.14679649472236633
Pedestrian 0.0 0 0.7752290964126587 129.63909912109375 139.81600952148438 203.21290588378906 273.2528381347656 0.646919 1.7965412 0.5881827 -6.162466 1.2504591 9.8713255 0.2171480655670166 0.14544488489627838
Pedestrian 0.0 0 -0.33792275190353394 785.8914794921875 161.981201171875 804.7086791992188 195.67715454101562 0.83370775 1.7863071 0.5548007 10.156549 0.80598944 37.78546 -0.07533422112464905 0.14532914757728577
Cyclist 0.0 0 0.7309887409210205 867.965576171875 157.79910278320312 908.9556274414062 195.65745544433594 1.9751899 1.7514157 0.5100647 13.474711 0.70267385 33.703033 1.1113288402557373 0.3600727915763855
Cyclist 0.0 0 -2.046283721923828 982.6801147460938 149.6238250732422 1030.6998291015625 218.50872802734375 1.2661675 1.7254709 0.563259 10.36892 0.95366025 18.349173 -1.5319294929504395 0.14023086428642273
Car 0.0 0 -0.8305346965789795 0.0 202.70794677734375 288.15301513671875 370.0 3.5865655 1.4505821 1.508057 -3.1912997 1.619156 3.5122466 -1.5680922269821167 0.838265061378479
Car 0.0 0 1.451162338256836 446.5351257324219 172.96182250976562 495.1737060546875 209.0518341064453 4.0895667 1.5373781 1.6954933 -6.2094717 1.2177415 32.320038 1.2613506317138672 0.7958458065986633
Car 0.0 0 -2.9265949726104736 591.7247314453125 186.25140380859375 684.3300170898438 222.53713989257812 3.6542652 1.4459212 1.522646 1.3857998 1.6993359 29.75997 -2.8800625801086426 0.1985836774110794
Car 0.0 0 -1.9383639097213745 709.7593994140625 164.3095703125 746.2811279296875 182.4618682861328 3.9399047 1.4295864 1.6268529 10.020999 0.1557474 57.769352 -1.766607403755188 0.1574026644229889
Car 0.0 0 1.7516417503356934 85.73521423339844 181.97117614746094 127.99679565429688 207.28250122070312 4.098129 1.6507311 1.6650032 -34.154884 1.757689 48.5718 1.1387825012207031 0.15324366092681885
