Pedestrian 0.0 0 -0.7009646892547607 1077.43798828125 149.48785400390625 1117.2254638671875 222.06332397460938 0.5906278 1.831821 0.6136801 12.472013 1.2424123 18.546154 -0.10894474387168884 0.37111952900886536
Pedestrian 0.0 0 2.5143561363220215 767.5476684570312 140.2308349609375 799.2013549804688 193.3809814453125 0.9803588 1.9217856 0.5768355 6.332579 0.74256575 26.540525 2.748577356338501 0.18366776406764984
Pedestrian 0.0 0 -3.3980600833892822 851.4761352539062 169.0066375732422 861.3668212890625 187.60975646972656 0.78408784 1.7492573 0.49214697 23.244484 1.387846 68.11748 -3.069209575653076 0.14955435693264008
Cyclist 0.0 0 1.729401707649231 626.1657104492188 176.9386444091797 636.4812622070312 202.19287109375 1.424998 1.8054591 0.5343467 1.5306829 2.1076968 52.573383 1.7585086822509766 0.11966706812381744
Car 0.0 0 1.5201750993728638 573.5999755859375 177.4120635986328 602.9613647460938 204.0129852294922 4.053214 1.6008093 1.6687275 -1.4627625 1.9063712 46.222446 1.488539457321167 0.7073869109153748
Car 0.0 0 1.9096873998641968 354.8537902832031 178.36659240722656 391.27008056640625 198.97384643554688 4.4447927 1.7211862 1.6730353 -20.884483 2.225365 63.70146 1.5928804874420166 0.29573750495910645
Car 0.0 0 -0.28191930055618286 947.3544921875 138.66949462890625 1240.3995361328125 244.8429412841797 3.7131255 1.5611669 1.5638127 7.661241 1.0588782 11.887704 0.2905569076538086 0.27290838956832886
Car 0.0 0 1.3910316228866577 915.04931640625 171.5875244140625 962.8048095703125 203.00213623046875 4.004516 1.5957115 1.6359113 17.576965 1.5317386 38.788998 1.8164962530136108 0.23674237728118896
Car 0.0 0 1.688747763633728 458.73223876953125 180.0148468017578 494.71978759765625 210.7863006591797 3.7637448 1.6390612 1.5930704 -7.6076584 2.068051 41.257565 1.506401777267456 0.22826401889324188
Car 0.0 0 1.8839752674102783 336.3884582519531 172.1360626220703 432.89410400390625 226.8106689453125 4.4085236 1.5909498 1.674771 -7.1488347 1.5704169 23.209002 1.5851770639419556 0.13921840488910675
