Pedestrian 0.0 0 1.3791613578796387 719.922119140625 169.85728454589844 757.6417846679688 258.4858093261719 0.74739754 1.7322725 0.611216 2.524191 1.6740587 14.479387 1.5517568588256836 0.4253517687320709
Pedestrian 0.0 0 -3.2901885509490967 956.06982421875 107.14982604980469 1005.8331298828125 196.11624145507812 0.81989986 1.7698952 0.6334555 7.535321 0.46313614 14.781929 -2.818758964538574 0.36464840173721313
Pedestrian 0.0 0 1.8063803911209106 8.283001899719238 138.65480041503906 39.555213928222656 194.18858337402344 0.68487555 1.8576255 0.687374 -20.011095 0.7140076 24.59039 1.1232950687408447 0.3559449017047882
Pedestrian 0.0 0 -3.3298487663269043 989.3300170898438 111.68097686767578 1041.3402099609375 206.21969604492188 0.7873026 1.7911072 0.58220994 7.838509 0.63249624 14.067514 -2.8214895725250244 0.3512117266654968
Pedestrian 0.0 0 -1.8514528274536133 928.4006958007812 121.6378402709961 967.4693603515625 197.83753967285156 0.7988557 1.8150942 0.66736454 8.197438 0.5954715 17.630486 -1.4162296056747437 0.34771016240119934
Pedestrian 0.0 0 1.7158515453338623 1162.2509765625 79.3445053100586 1242.0 248.06777954101562 0.6518293 1.7765017 0.67509836 6.609942 0.7922902 8.063403 2.402517318725586 0.34413984417915344
Pedestrian 0.0 0 1.1850460767745972 772.0496826171875 135.91505432128906 792.114013671875 177.3309783935547 0.99731106 1.8643376 0.55728215 7.8279757 0.20188904 33.012543 1.4178673028945923 0.3241821229457855
Pedestrian 0.0 0 1.3628243207931519 833.5592651367188 133.38900756835938 860.6826782226562 193.1268768310547 0.8325292 1.7991985 0.63176423 7.234078 0.61094105 22.176401 1.6781467199325562 0.3024081289768219
Pedestrian 0.0 0 -1.95441472530365 847.2373657226562 126.03231811523438 892.5057983398438 192.8890380859375 1.6863949 1.8014201 0.60569966 7.236529 0.54019165 20.293644 -1.6118804216384888 0.29932889342308044
Pedestrian 0.0 0 -2.018467903137207 1020.8165283203125 92.65876007080078 1112.332275390625 217.61624145507812 1.782084 1.7633632 0.45105362 6.908284 0.63202935 11.089727 -1.461348056793213 0.12101181596517563
Cyclist 0.0 0 1.082526683807373 779.2758178710938 128.90982055664062 811.9669189453125 177.55368041992188 1.5805324 1.857469 0.56749225 7.244364 0.1798152 28.384136 1.332417607307434 0.5198010206222534
Cyclist 0.0 0 -1.8691933155059814 849.6161499023438 127.248291015625 890.8861083984375 194.92835998535156 1.6266463 1.8249651 0.636056 7.244651 0.5955839 20.279945 -1.526090145111084 0.41909295320510864
Cyclist 0.0 0 -2.014643907546997 1072.7486572265625 67.56946563720703 1157.655517578125 193.32814025878906 1.5331446 1.7416006 0.41283318 7.449641 0.28389907 10.779388 -1.409915804862976 0.40168169140815735
Cyclist 0.0 0 1.3471543788909912 998.9052734375 112.70245361328125 1043.600830078125 183.09510803222656 1.5639902 1.755162 0.67888516 10.66208 0.25570855 18.834545 1.862268090248108 0.3895099461078644
Cyclist 0.0 0 2.0074875354766846 0.0 172.7255401611328 30.57468605041504 216.24130249023438 2.038401 1.733514 0.5031017 -24.792908 1.7287542 29.790417 1.313392162322998 0.38510414958000183
Cyclist 0.0 0 -2.018467903137207 1020.8165283203125 92.65876007080078 1112.332275390625 217.61624145507812 1.782084 1.7633632 0.45105362 6.908284 0.63202935 11.089727 -1.461348056793213 0.3569369614124298
Cyclist 0.0 0 1.7141964435577393 904.49658203125 121.83747863769531 930.3237915039062 178.29669189453125 1.5605819 1.7524909 0.549274 9.850665 0.16929874 23.203396 2.115673542022705 0.3304753005504608
Cyclist 0.0 0 1.1850460767745972 772.0496826171875 135.91505432128906 792.114013671875 177.3309783935547 0.99731106 1.8643376 0.55728215 7.8279757 0.20188904 33.012543 1.4178673028945923 0.2058645784854889
Car 0.0 0 1.9090819358825684 325.9892883300781 183.0625762939453 375.20318603515625 210.65464782714844 4.1645107 1.6233648 1.6703377 -16.528112 2.3052561 46.080406 1.5646955966949463 0.9180775880813599
Car 0.0 0 1.6324548721313477 427.4642333984375 180.4205780029297 449.9798889160156 199.73451232910156 3.7994182 1.4747499 1.5520848 -13.919489 2.1113682 58.66604 1.399496078491211 0.5560545921325684
Car 0.0 0 -1.2673044204711914 696.635498046875 163.99562072753906 724.78662109375 181.45220947265625 3.913406 1.6358105 1.5989522 9.74253 0.8060721 69.72128 -1.1284680366516113 0.44177138805389404
Car 0.0 0 1.4711635112762451 306.2464599609375 177.56590270996094 330.5154113769531 197.8975372314453 4.281639 1.8300017 1.7084559 -27.647139 2.2913444 68.29595 1.0865142345428467 0.39074522256851196
Car 0.0 0 1.518868327140808 732.42431640625 157.53701782226562 761.9593505859375 181.69400024414062 3.891872 1.4850919 1.6578057 8.748636 0.54381174 46.394497 1.7052502632141113 0.35783088207244873
Car 0.0 0 1.280269980430603 1187.18896484375 135.7918243408203 1242.0 189.13311767578125 3.8862236 1.5475768 1.6100695 19.998028 0.47265956 23.033255 1.9952493906021118 0.3281923532485962
Car 0.0 0 -2.161567211151123 0.0 138.2110595703125 63.202857971191406 187.31204223632812 3.976465 1.6330106 1.6499532 -21.570683 0.48120657 25.327435 -2.8670315742492676 0.29972711205482483
