Pedestrian 0.0 0 -3.3602802753448486 784.3702392578125 157.26283264160156 837.3535766601562 267.47015380859375 0.650938 1.6437786 0.667777 3.1698906 1.2835807 11.064496 -3.08126163482666 0.7399948239326477
Pedestrian 0.0 0 1.5014891624450684 690.8875122070312 153.44154357910156 714.6328735351562 215.74990844726562 0.7186535 1.6734296 0.5932015 2.737372 0.9210193 19.668777 1.6397743225097656 0.43038424849510193
Pedestrian 0.0 0 -1.5137392282485962 847.2570190429688 158.8662567138672 875.6278686523438 225.44227600097656 0.8615163 1.6617012 0.6389186 6.6508727 1.0979604 18.448185 -1.1677266359329224 0.37348634004592896
Pedestrian 0.0 0 -2.5173590183258057 79.845458984375 148.0416717529297 178.43783569335938 310.9009094238281 0.64757794 1.714009 0.6529132 -5.220417 1.3632387 7.8966646 -3.101491928100586 0.3451765775680542
Pedestrian 0.0 0 -1.54762601852417 511.42425537109375 153.7457733154297 523.3082275390625 188.74220275878906 0.6178034 1.9676043 0.65598804 -4.763841 0.4079817 40.722443 -1.6640799045562744 0.2969542443752289
Pedestrian 0.0 0 -0.4372847378253937 759.420166015625 154.47097778320312 781.9844360351562 198.37911987304688 0.73149526 1.8683447 0.6689726 7.2786975 0.71919763 30.965765 -0.206419438123703 0.26546669006347656
Pedestrian 0.0 0 2.0425281524658203 348.5875244140625 135.7237548828125 382.6029357910156 194.75181579589844 0.9974145 1.7931654 0.62247485 -7.358509 0.40368477 22.359606 1.7245938777923584 0.19378779828548431
Pedestrian 0.0 0 -1.0485631227493286 947.4362182617188 102.06368255615234 1034.654052734375 262.5326843261719 0.71024936 1.7432376 0.6086113 4.422302 0.8816469 8.246888 -0.5563464760780334 0.18536321818828583
Pedestrian 0.0 0 2.7222042083740234 470.39508056640625 144.23532104492188 498.4124755859375 193.688232421875 0.8704923 1.8795805 0.6771514 -4.553219 0.4642696 27.82151 2.5599842071533203 0.18535591661930084
Cyclist 0.0 0 1.853822112083435 325.82666015625 149.5902862548828 408.45892333984375 283.7460632324219 1.900933 1.6473501 0.5623367 -3.1800773 1.256858 9.776932 1.5393520593643188 0.85916668176651
Cyclist 0.0 0 1.836839199066162 426.57171630859375 156.48619079589844 487.48828125 265.7983703613281 1.7778549 1.764317 0.5959775 -2.5178502 1.3618826 12.498376 1.6380457878112793 0.8492590188980103
Cyclist 0.0 0 2.0175232887268066 344.1905212402344 161.3194580078125 378.7127685546875 211.59608459472656 1.4899753 1.6169932 0.49544355 -7.9835157 0.9690448 23.870321 1.6947648525238037 0.27809345722198486
Car 0.0 0 -3.265256643295288 855.8003540039062 176.70272827148438 1049.5654296875 255.628662109375 3.3892286 1.47904 1.5045929 6.985423 1.3904017 14.705593 -2.821793556213379 0.4159385859966278
Car 0.0 0 -1.6828248500823975 553.8843383789062 156.91555786132812 585.9681396484375 181.7203826904297 4.0577083 1.575203 1.6796206 -2.1266484 0.014710229 47.74942 -1.7273330688476562 0.368568480014801
Car 0.0 0 1.7208164930343628 1141.340087890625 214.8448944091797 1238.0 374.0 3.73065 1.4704903 1.5948054 6.5704966 1.8627756 6.6632323 2.4992072582244873 0.2571668028831482
Car 0.0 0 2.2095696926116943 0.0 162.54701232910156 96.79698944091797 374.0 3.349455 1.3936446 1.5323215 -5.5213366 1.3014371 5.324034 1.4059813022613525 0.24470725655555725
