Pedestrian 0.0 0 2.8662784099578857 639.63330078125 131.1800079345703 739.619384765625 297.5198059082031 1.0478582 1.8183311 0.43227702 0.9017259 1.2808814 8.022557 2.9782073497772217 0.6487905979156494
Pedestrian 0.0 0 1.291642189025879 848.9564208984375 91.20137023925781 906.3099975585938 202.31784057617188 0.8567525 1.8229499 0.69957304 4.58541 0.35959 12.051045 1.655225157737732 0.5719439387321472
Pedestrian 0.0 0 1.5161821842193604 519.2003784179688 104.8984146118164 551.9258422851562 193.83033752441406 0.8158247 1.8173754 0.63934076 -1.5127091 0.27403843 14.896561 1.414981484413147 0.4863602817058563
Pedestrian 0.0 0 -0.20873624086380005 898.8072509765625 92.12102508544922 953.5410766601562 204.63143920898438 0.7288852 1.8203452 0.557171 5.296486 0.39208418 11.784145 0.2136673927307129 0.41297680139541626
Pedestrian 0.0 0 -3.730008602142334 1101.435791015625 93.75533294677734 1194.5294189453125 202.6338653564453 1.0549469 1.7277753 0.59103644 8.801445 0.352894 11.543219 -3.0785696506500244 0.3842901289463043
Pedestrian 0.0 0 2.8043432235717773 700.5227661132812 119.39506530761719 748.8844604492188 187.203857421875 1.0948055 1.7070714 0.5801007 3.0343215 0.17036152 18.174202 2.9697749614715576 0.35558170080184937
Pedestrian 0.0 0 1.5925848484039307 624.747802734375 119.56250762939453 648.6262817382812 189.7080841064453 0.74364585 1.7545862 0.5959527 0.7790588 0.23192066 18.071157 1.6356687545776367 0.3545686602592468
Pedestrian 0.0 0 -0.22304031252861023 782.18505859375 98.39752197265625 844.10205078125 204.72653198242188 0.9108018 1.8127989 0.68993515 3.597325 0.4146845 12.420637 0.05887103080749512 0.351151704788208
Pedestrian 0.0 0 0.7918475270271301 98.99677276611328 111.57046508789062 151.2014617919922 203.6418914794922 0.63821673 1.7769669 0.57125616 -9.528168 0.4482683 13.982692 0.1936964988708496 0.334990531206131
Pedestrian 0.0 0 3.6268439292907715 206.85142517089844 122.23322296142578 260.0546875 211.7880859375 0.75371593 1.7375846 0.57270384 -7.3909807 0.60869795 14.000048 3.141106367111206 0.32924383878707886
Pedestrian 0.0 0 -3.3353207111358643 953.688720703125 90.26448822021484 1011.7614135742188 203.90029907226562 0.7544555 1.8258014 0.5583477 6.2092934 0.37763 11.73152 -2.848522186279297 0.29253482818603516
Pedestrian 0.0 0 -1.0609033107757568 139.8634490966797 104.57411193847656 190.4324493408203 196.94134521484375 0.6828664 1.7493664 0.5760916 -8.581196 0.3130215 13.740961 -1.6191412210464478 0.27193278074264526
Pedestrian 0.0 0 0.4674038290977478 560.7839965820312 122.39049530029297 607.0234375 212.45211791992188 0.768891 1.8157852 0.61013705 -0.47604695 0.6458321 14.688924 0.43500661849975586 0.2577303946018219
Cyclist 0.0 0 -3.7453835010528564 1096.8414306640625 92.17579650878906 1195.489990234375 203.31871032714844 1.1482153 1.7665116 0.5907808 8.779493 0.36433685 11.554367 -3.0956132411956787 0.29651474952697754
Cyclist 0.0 0 -2.591737985610962 152.54354858398438 102.56734466552734 236.7217559814453 195.293212890625 1.3874016 1.7962824 0.48619336 -8.128433 0.2882056 13.950446 -3.1193134784698486 0.2909174859523773
Cyclist 0.0 0 -2.343254566192627 1133.5390625 85.49958801269531 1224.0 193.4893035888672 1.7833884 1.785227 0.48650262 10.340896 0.21638288 12.592688 -1.6557302474975586 0.2563941776752472
Cyclist 0.0 0 1.5161821842193604 519.2003784179688 104.8984146118164 551.9258422851562 193.83033752441406 0.8158247 1.8173754 0.63934076 -1.5127091 0.27403843 14.896561 1.414981484413147 0.10329734534025192
Car 0.0 0 -1.8627969026565552 646.9830322265625 132.3710479736328 740.1397094726562 197.771728515625 3.431962 1.6243142 1.5904425 2.2909791 0.43056256 19.383455 -1.7451502084732056 0.4985632598400116
Car 0.0 0 1.5896861553192139 661.47314453125 145.8101043701172 690.3949584960938 175.272705078125 3.8091748 1.6173736 1.6124636 4.1906 -0.32020527 41.502228 1.690317988395691 0.3569755554199219
Car 0.0 0 -1.2149529457092285 488.1884765625 139.2860565185547 580.2698974609375 196.79498291015625 3.6540878 1.559458 1.5587264 -2.0468597 0.44344854 21.13373 -1.3115044832229614 0.2970786690711975
