Pedestrian 0.0 0 1.4920263290405273 841.426025390625 99.91285705566406 903.4131469726562 244.82113647460938 0.8295806 1.805384 0.69640946 3.3728855 0.8969822 9.477836 1.8339216709136963 0.8086580634117126
Pedestrian 0.0 0 0.3609110713005066 980.2476196289062 116.51237487792969 1037.5576171875 238.01429748535156 0.55824244 1.7016604 0.59380025 5.756531 0.9129417 10.507692 0.8620941638946533 0.6578829884529114
Pedestrian 0.0 0 2.8317689895629883 691.6390380859375 153.41859436035156 711.7249145507812 194.37953186035156 0.6813774 1.7037848 0.62050486 3.815584 0.89572024 30.377459 2.9567203521728516 0.5922400951385498
Cyclist 0.0 0 1.6855219602584839 265.2494812011719 127.44023895263672 294.669677734375 190.92381286621094 1.7809122 1.7861946 0.59052813 -9.742986 0.50877625 21.236797 1.2553918361663818 0.6721070408821106
Car 0.0 0 -0.8721797466278076 0.0 204.12840270996094 237.25450134277344 375.0 4.006308 1.5386914 1.6574675 -5.8745966 1.954353 7.54626 -1.5336589813232422 0.9363663196563721
Car 0.0 0 1.8852616548538208 324.0657043457031 188.86183166503906 444.753173828125 257.6291198730469 4.152663 1.4797316 1.7512347 -5.68867 1.9389414 18.588238 1.5882765054702759 0.9284883141517639
Car 0.0 0 1.805223822593689 404.0157470703125 185.03353881835938 477.6933898925781 233.59715270996094 3.7944624 1.4276404 1.5492494 -5.590465 1.8663585 24.06452 1.5769611597061157 0.8943868279457092
Car 0.0 0 1.7352133989334106 444.6229248046875 183.69686889648438 497.04681396484375 222.56268310546875 3.4878912 1.4069682 1.5086372 -5.545683 1.8675967 28.863369 1.5453909635543823 0.8844291567802429
Car 0.0 0 1.7583062648773193 473.19244384765625 182.92495727539062 520.9730834960938 214.97642517089844 3.9537208 1.3987011 1.5634379 -5.4117637 1.9119779 34.74399 1.6037867069244385 0.8346801996231079
Car 0.0 0 -2.331170082092285 953.9905395507812 192.82644653320312 1242.0 375.0 3.9132447 1.4414772 1.5825001 3.0373032 1.5794003 2.984822 -1.5370575189590454 0.8210078477859497
Car 0.0 0 1.8622267246246338 500.7154846191406 180.45753479003906 547.1046752929688 208.4156494140625 4.030625 1.5156604 1.6168789 -5.0330763 1.9851726 42.393215 1.744056224822998 0.6926708817481995
Car 0.0 0 -0.16112223267555237 785.8921508789062 153.57081604003906 901.875732421875 193.5657196044922 4.4449615 1.62505 1.6607058 9.742092 0.8419047 30.464172 0.14838886260986328 0.6327220797538757
