Pedestrian 0.0 0 1.5220457315444946 844.4212036132812 90.59435272216797 917.0731201171875 284.64459228515625 0.8872478 1.8097214 0.6288415 2.7311444 0.96330684 7.2155085 1.8838903903961182 0.2710275650024414
Pedestrian 0.0 0 -0.057878971099853516 382.6175537109375 170.7812957763672 396.5655517578125 213.18112182617188 0.5084626 1.7024807 0.61596817 -8.636198 1.2730918 29.216558 -0.34528738260269165 0.22878792881965637
Car 0.0 0 -0.4616919457912445 288.9366149902344 173.93316650390625 415.96099853515625 223.59207153320312 3.589775 1.4935468 1.580196 -8.085625 1.2670883 23.435959 -0.7939138412475586 0.8714456558227539
Car 0.0 0 -1.3864648342132568 550.833984375 167.5623779296875 591.3098754882812 192.9750213623047 3.9999948 1.392174 1.6286087 -1.6988862 0.6294542 41.445538 -1.427432656288147 0.8517205715179443
Car 0.0 0 3.250347137451172 127.29174041748047 156.9044647216797 246.63546752929688 197.67201232910156 4.5596824 1.7648138 1.7396784 -18.798613 0.70104253 32.803223 2.7299628257751465 0.6336873173713684
Car 0.0 0 -1.4071258306503296 584.5369262695312 162.9564208984375 616.3117065429688 185.0999755859375 3.9510605 1.5241344 1.659002 -0.017115533 0.24843404 51.524338 -1.4074580669403076 0.4663788974285126
Car 0.0 0 1.1266725063323975 452.0890197753906 175.76174926757812 485.7809753417969 193.40760803222656 3.814208 1.6016542 1.6158253 -12.385951 1.0811951 67.216896 0.9444482326507568 0.30785632133483887
Car 0.0 0 -0.06407666206359863 35.97209548950195 181.98194885253906 139.30322265625 215.01177978515625 3.9393404 1.4964535 1.6441599 -24.628489 1.5217214 34.478024 -0.6843516826629639 0.28672006726264954
Car 0.0 0 0.4712201654911041 388.31915283203125 169.54769897460938 443.1787414550781 189.00930786132812 4.176398 1.6107253 1.6978883 -15.656608 0.62198204 60.732 0.21891546249389648 0.2737485468387604
Car 0.0 0 -0.019022531807422638 586.5845947265625 177.7725830078125 642.437744140625 200.36412048339844 3.6302824 1.468297 1.5324829 0.85744125 1.2267374 47.452282 -0.0009549502283334732 0.2657536268234253
