Pedestrian 0.0 0 1.3020029067993164 717.0828247070312 130.88238525390625 759.8229370117188 209.2028350830078 0.9013198 1.7984756 0.77977425 3.0304184 0.551949 16.988003 1.478531837463379 0.5518344044685364
Pedestrian 0.0 0 -1.589317798614502 752.6235961914062 128.19200134277344 775.2258911132812 188.78277587890625 0.8400656 1.795814 0.65124476 4.6813917 0.10685381 21.776712 -1.377568006515503 0.44801607728004456
Pedestrian 0.0 0 0.9258242845535278 458.0519714355469 123.66789245605469 501.5436096191406 199.94802856445312 0.8716491 1.816857 0.65950406 -3.1912544 0.3520292 17.656155 0.7470102310180664 0.3309747874736786
Cyclist 0.0 0 -2.1556007862091064 918.4075927734375 76.96485137939453 1021.6989135742188 211.54605102539062 1.7574561 1.7149872 0.36910692 4.954877 0.33666247 10.051719 -1.6976184844970703 0.6275853514671326
Cyclist 0.0 0 -2.7986080646514893 405.61083984375 123.07246398925781 487.1775207519531 198.2175750732422 1.8091484 1.7842865 0.7054141 -3.9669464 0.30985504 17.523901 -3.0212295055389404 0.39332905411720276
Cyclist 0.0 0 -2.933833599090576 499.9325866699219 149.404296875 539.4575805664062 189.04739379882812 1.7242566 1.8109158 0.61149657 -4.096508 0.17616501 33.211777 -3.056558847427368 0.35020095109939575
Car 0.0 0 -1.5695035457611084 574.4567260742188 177.5909423828125 610.4049072265625 210.84210205078125 3.4798195 1.5423543 1.6679821 -0.7810572 1.1898118 35.09735 -1.5917538404464722 0.8913415670394897
Car 0.0 0 -1.2374012470245361 301.44171142578125 183.68417358398438 398.36688232421875 233.9054718017578 4.177257 1.4638251 1.6384968 -8.167702 1.4203163 23.043575 -1.578031301498413 0.8478986620903015
Car 0.0 0 -0.818479061126709 0.0 193.34979248046875 78.62596130371094 297.58203125 4.5054994 1.5560248 1.6749251 -12.369961 1.7336363 13.336295 -1.5663034915924072 0.7851107120513916
Car 0.0 0 2.3887600898742676 0.0 235.49208068847656 196.35867309570312 376.0 4.0493016 1.4265407 1.5661826 -3.7486682 1.7951591 3.1909416 1.5231657028198242 0.7222661375999451
Car 0.0 0 -1.5271055698394775 612.03173828125 164.64944458007812 635.9849243164062 186.46856689453125 3.7658343 1.5757245 1.6328566 1.2300509 0.091611825 53.84329 -1.5042644739151 0.6926314830780029
Car 0.0 0 1.209026575088501 653.6268920898438 159.8682861328125 697.8199462890625 184.51742553710938 4.0164757 1.5808076 1.637834 4.499218 -0.047952265 48.37383 1.3017691373825073 0.5712354183197021
Car 0.0 0 -1.5546436309814453 389.7868957519531 183.32421875 431.46990966796875 221.9873809814453 3.6612055 1.4927886 1.5634631 -8.152587 1.4208895 29.7189 -1.822380542755127 0.39350464940071106
Car 0.0 0 -1.5105336904525757 384.5895080566406 180.78721618652344 414.4996337890625 205.91415405273438 3.6676443 1.53415 1.616564 -13.265244 1.2648959 45.8532 -1.7921435832977295 0.3719991147518158
Car 0.0 0 1.6072810888290405 660.2572631835938 154.35488891601562 693.8140869140625 182.54627990722656 4.2463665 1.463709 1.704254 3.8690577 -0.15549454 39.956917 1.7038109302520752 0.3516635000705719
