Pedestrian 0.0 0 2.4568874835968018 968.1817626953125 147.51611328125 1000.77587890625 198.76882934570312 0.77595586 1.7207785 0.60905117 12.719294 0.87043273 24.600368 2.9340713024139404 0.7133738398551941
Pedestrian 0.0 0 1.4602887630462646 849.98681640625 133.07676696777344 869.9068603515625 178.9807891845703 0.7938664 1.9055979 0.70877296 10.489383 0.25469708 30.415308 1.7923877239227295 0.40252402424812317
Pedestrian 0.0 0 1.9348063468933105 1037.3304443359375 143.49209594726562 1065.2169189453125 197.78439331054688 0.62222695 1.7779009 0.61234605 14.668718 0.81674945 24.057903 2.482346296310425 0.3969813287258148
Pedestrian 0.0 0 2.3805906772613525 1174.792236328125 130.54217529296875 1224.675537109375 213.12911987304688 0.6542214 1.7630718 0.5310608 12.768329 0.86015373 15.690886 3.063654661178589 0.38636156916618347
Pedestrian 0.0 0 0.36885693669319153 348.614501953125 121.57818603515625 438.146484375 277.1965026855469 0.9232027 1.8622158 0.5646862 -2.7258575 1.2489787 8.946889 0.0731203556060791 0.32797399163246155
Pedestrian 0.0 0 0.1046728640794754 590.9025268554688 163.01980590820312 601.5455932617188 184.5839080810547 0.8381047 1.7819505 0.48108786 -1.1653931 0.9696591 59.896896 0.08521866798400879 0.30094966292381287
Car 0.0 0 0.16989606618881226 503.1184997558594 177.26510620117188 756.8936157226562 267.8290100097656 4.6275234 1.5551215 1.7044203 0.3955857 1.6477891 13.804848 0.19854378700256348 0.9515525102615356
Car 0.0 0 2.253166913986206 373.0362548828125 167.99978637695312 420.3348083496094 189.0760955810547 4.015055 1.69502 1.6141853 -17.767557 1.304987 60.188988 1.966123104095459 0.4332038462162018
Car 0.0 0 -2.5447683334350586 242.79110717773438 168.73184204101562 292.34918212890625 184.06529235839844 4.119502 1.4484578 1.5847005 -32.870007 1.0594196 69.25487 -2.9879095554351807 0.43258094787597656
Car 0.0 0 -1.1105316877365112 215.057373046875 164.18145751953125 263.39215087890625 188.18301391601562 3.6434727 1.6377329 1.5905384 -26.208641 1.0463244 51.06359 -1.5847269296646118 0.4069054126739502
Car 0.0 0 1.442971110343933 600.6369018554688 156.50376892089844 647.169189453125 193.1007537841797 4.0410304 1.5202827 1.5507264 0.51568395 0.8414323 32.065166 1.4590520858764648 0.36171382665634155
Car 0.0 0 -1.4445719718933105 117.02098083496094 153.7279815673828 162.9249267578125 186.8610076904297 4.1779137 1.8481225 1.7539748 -27.65327 0.7816527 42.5062 -2.021347999572754 0.3293265402317047
Car 0.0 0 -0.8728189468383789 938.31103515625 144.47763061523438 1032.01123046875 180.19859313964844 3.7238946 1.4807367 1.5950369 16.264267 0.3048128 31.35878 -0.3943619728088379 0.31394585967063904
