Pedestrian 0.0 0 -2.1739606857299805 1086.998779296875 155.88616943359375 1127.9033203125 221.2406768798828 0.72473615 1.7300034 0.60278344 13.359981 1.2812048 19.459951 -1.5723274946212769 0.35338178277015686
Pedestrian 0.0 0 2.1752116680145264 1106.0047607421875 128.83335876464844 1169.47900390625 239.45693969726562 0.537409 1.7364446 0.6400029 8.5078535 1.045816 11.714173 2.803363084793091 0.2750195264816284
Pedestrian 0.0 0 -0.3129294514656067 1038.5654296875 132.9208526611328 1098.984375 241.54042053222656 0.7310726 1.8070543 0.5753822 7.799351 1.1430624 12.370222 0.24961090087890625 0.2509517967700958
Pedestrian 0.0 0 -0.6274465918540955 1187.2764892578125 133.9040985107422 1242.0 247.68212890625 0.57964945 1.701097 0.6094786 9.364974 1.1191143 11.110024 0.07292866706848145 0.2077668458223343
Pedestrian 0.0 0 1.1778442859649658 598.0104370117188 153.1402130126953 651.6986083984375 260.1372985839844 0.8289736 1.8136803 0.6794393 0.20055483 1.4798746 12.738334 1.1935871839523315 0.18595968186855316
Pedestrian 0.0 0 2.3928186893463135 535.2905883789062 150.76095581054688 645.5833129882812 302.56011962890625 1.175824 1.7809932 0.7928343 -0.29253438 1.5221429 9.158123 2.360887050628662 0.1833171248435974
Pedestrian 0.0 0 -2.7916884422302246 1157.5123291015625 145.85752868652344 1205.5322265625 245.54800415039062 0.47634992 1.6226758 0.536749 9.520479 1.1836084 12.085528 -2.1244564056396484 0.16786929965019226
Pedestrian 0.0 0 2.3840603828430176 953.1437377929688 139.08946228027344 1013.3135375976562 234.5416717529297 0.82774013 1.7934155 0.63151336 7.170005 1.1593843 13.972851 2.858163356781006 0.10007138550281525
Cyclist 0.0 0 2.1466641426086426 519.6437377929688 153.850341796875 647.699462890625 308.2782287597656 1.7554282 1.7405283 0.7832642 -0.33684492 1.5266994 9.083885 2.1095995903015137 0.5144810676574707
Car 0.0 0 -0.40311145782470703 706.7573852539062 143.62899780273438 823.037841796875 185.3367462158203 3.9615676 1.5018792 1.6187443 5.7539597 0.44985718 27.15615 -0.19431531429290771 0.10815063863992691
