Pedestrian 0.0 0 -3.2431726455688477 692.76708984375 170.317626953125 708.5117797851562 194.3904266357422 1.0438504 1.680712 0.5721252 6.333523 1.5039855 50.671345 -3.1188254356384277 0.4099934697151184
Pedestrian 0.0 0 -0.8353713750839233 1092.1630859375 132.86978149414062 1149.6507568359375 232.13670349121094 0.65273386 1.7241182 0.53789455 9.050802 1.0300099 12.863554 -0.2222331315279007 0.1932837814092636
Cyclist 0.0 0 -2.0151851177215576 1050.77099609375 187.353759765625 1083.719482421875 229.4662628173828 1.5352703 1.7957231 0.63862914 20.29518 2.4575987 32.11557 -1.4516092538833618 0.2540598213672638
Car 0.0 0 2.038179874420166 193.6500244140625 192.85926818847656 273.6841735839844 231.7310791015625 3.6328962 1.473011 1.5847726 -16.13281 2.384793 31.044205 1.5589185953140259 0.9451189041137695
Car 0.0 0 1.7453668117523193 389.9998779296875 183.60617065429688 420.0328063964844 203.67385864257812 4.0508695 1.4891597 1.6406001 -16.426975 2.3834517 57.887333 1.4688609838485718 0.5578129887580872
Car 0.0 0 2.247385025024414 0.0 207.20111083984375 57.67797088623047 264.76690673828125 3.8949409 1.4460734 1.7736742 -19.570997 2.6104321 22.468317 1.5307974815368652 0.436033695936203
Car 0.0 0 1.329237937927246 827.047119140625 161.6669158935547 889.5989379882812 199.09906005859375 3.740413 1.432647 1.5579293 10.042962 1.0048404 29.543083 1.6569253206253052 0.3384399116039276
Car 0.0 0 1.8599687814712524 270.28802490234375 197.74766540527344 316.76885986328125 224.61593627929688 3.938154 1.5342808 1.7264994 -20.614817 3.230063 47.078316 1.4472365379333496 0.21949148178100586
Car 0.0 0 0.08600755035877228 754.8636474609375 165.96763610839844 826.2388305664062 194.34120178222656 3.6831393 1.5063126 1.5971156 9.895949 1.1410832 39.65571 0.33055949211120605 0.2047584503889084
Car 0.0 0 2.170001983642578 131.53921508789062 212.6321258544922 298.04327392578125 289.6268005371094 4.0950437 1.4653035 1.6057724 -9.706808 2.5773249 18.04104 1.676387071609497 0.18486161530017853
