Pedestrian 0.0 0 1.7727911472320557 419.7610778808594 147.77777099609375 445.7790222167969 203.0609588623047 0.87392706 1.7943147 0.6758708 -5.9000583 0.980779 23.866285 1.5304372310638428 0.8278883099555969
Pedestrian 0.0 0 0.09712205082178116 491.95330810546875 162.11521911621094 505.73492431640625 193.31057739257812 0.6699331 1.6326755 0.5394533 -5.895841 1.0709963 38.048706 -0.05661039799451828 0.7340379953384399
Car 0.0 0 2.03353214263916 153.5959014892578 196.8325958251953 378.5317687988281 307.14605712890625 4.392037 1.454135 1.7432089 -5.771145 1.9507021 12.702451 1.6070804595947266 0.9724661707878113
Car 0.0 0 -2.0384609699249268 807.56005859375 191.05068969726562 1227.205078125 375.0 4.0576677 1.4537718 1.6441364 3.2623246 1.6800911 6.9072676 -1.5972152948379517 0.9630765914916992
Car 0.0 0 -1.8166542053222656 737.2460327148438 175.93739318847656 894.8685302734375 280.5687255859375 4.0094047 1.4858351 1.5993359 3.262955 1.5477002 12.376372 -1.5588760375976562 0.9622980356216431
Car 0.0 0 1.8749768733978271 331.37640380859375 190.1904296875 435.26806640625 259.2017517089844 3.5838215 1.5127673 1.5304648 -5.735756 2.001059 18.510202 1.5744898319244385 0.9592350125312805
Car 0.0 0 1.361014485359192 687.4747924804688 180.500732421875 760.5615234375 232.6541748046875 3.5735824 1.4360611 1.4920024 3.3786366 1.6913923 22.228592 1.5118550062179565 0.9516063332557678
Car 0.0 0 1.8896770477294922 424.67449951171875 184.59725952148438 500.84307861328125 229.71348571777344 4.242732 1.5190563 1.6046559 -5.577731 2.0051427 27.639673 1.6905497312545776 0.9313244819641113
Car 0.0 0 -1.7292283773422241 651.92138671875 178.25869750976562 694.2380981445312 210.07142639160156 3.6933916 1.5013078 1.5645492 3.1095023 1.7900103 36.592667 -1.644455909729004 0.8861130475997925
Car 0.0 0 1.4052002429962158 670.9132690429688 178.86209106445312 731.9722290039062 219.10498046875 4.0927024 1.4053552 1.6711485 3.4080973 1.6553594 27.897223 1.5267640352249146 0.8104189038276672
Car 0.0 0 2.3959920406341553 0.0 207.40940856933594 136.50872802734375 375.0 4.1867256 1.4925892 1.6317109 -5.8976326 1.859133 5.5429664 1.5796030759811401 0.7631428241729736
Car 0.0 0 -2.6448090076446533 495.4397888183594 166.4796600341797 548.4406127929688 190.1698760986328 3.5829573 1.7108952 1.5754809 -6.5534973 1.2509007 53.49532 -2.7667076587677 0.6771873831748962
Car 0.0 0 2.3591418266296387 1092.439697265625 139.01914978027344 1242.0 290.55230712890625 4.198019 1.6359142 1.6295341 8.353323 1.2709997 8.629425 3.128283739089966 0.6560486555099487
Car 0.0 0 -2.3399887084960938 551.0944213867188 174.75709533691406 596.030029296875 193.91989135742188 4.195094 1.7008682 1.6924924 -3.4027326 1.882028 66.49666 -2.391115665435791 0.6202465891838074
