Pedestrian 0.0 0 -1.3782634735107422 364.1231994628906 150.86976623535156 385.04205322265625 199.1443328857422 0.6719288 1.8960092 0.67641217 -9.40544 1.0329247 28.711256 -1.6948336362838745 0.4057147204875946
Pedestrian 0.0 0 -1.5449352264404297 335.9486389160156 145.33106994628906 354.995361328125 194.9078826904297 0.6257917 1.9044416 0.6822518 -10.347667 0.847535 28.120197 -1.897537112236023 0.3762744069099426
Pedestrian 0.0 0 -1.4095624685287476 357.5529479980469 154.83998107910156 373.4918212890625 192.60313415527344 0.512524 1.9947302 0.7318349 -13.052898 1.0435488 38.4237 -1.737040638923645 0.3184795379638672
Pedestrian 0.0 0 -1.5865850448608398 346.4071044921875 148.6764678955078 363.6352844238281 196.8503875732422 0.6484212 1.9237924 0.6468115 -10.373952 0.9586369 29.228123 -1.9276454448699951 0.29043900966644287
Pedestrian 0.0 0 -2.9199070930480957 637.2833862304688 171.9862518310547 647.8939819335938 198.6858367919922 0.5656712 1.7819396 0.73964804 2.1663594 1.7243838 48.58417 -2.8753468990325928 0.24903208017349243
Pedestrian 0.0 0 -1.794209361076355 406.51568603515625 179.24754333496094 425.79107666015625 219.47898864746094 0.6139206 1.6629742 0.66370577 -8.206562 1.9363725 30.384342 -2.058006763458252 0.1806790679693222
Pedestrian 0.0 0 -2.8624157905578613 455.65185546875 171.20343017578125 478.13153076171875 208.84133911132812 0.8593117 1.6532851 0.5540278 -6.3844976 1.5811402 32.00296 -3.0593278408050537 0.16782818734645844
Car 0.0 0 1.8608143329620361 322.202392578125 183.30064392089844 487.7821960449219 295.80767822265625 3.989793 1.585734 1.6605297 -3.3944323 1.7971233 12.557154 1.5968055725097656 0.9640175700187683
Car 0.0 0 -1.5147759914398193 518.2796020507812 182.55250549316406 547.1817016601562 208.61016845703125 3.4532409 1.444171 1.5262688 -4.6100163 2.0470765 43.061832 -1.6214255094528198 0.7978907227516174
Car 0.0 0 3.2184619903564453 383.0030822753906 177.126220703125 471.1266784667969 209.1034393310547 4.2265005 1.5591613 1.7207167 -9.271017 1.7840219 36.707226 2.971069097518921 0.703164279460907
Car 0.0 0 1.5383228063583374 527.0947875976562 180.8822479248047 553.6869506835938 208.01080322265625 4.3167114 1.7297854 1.6715847 -4.850762 2.3068871 49.583588 1.4408031702041626 0.5896792411804199
