Pedestrian 0.0 0 -0.5895828008651733 997.3338623046875 123.25048828125 1060.7581787109375 247.33917236328125 0.6357973 1.6778425 0.4018005 5.808148 0.9054245 9.772824 -0.053353000432252884 0.4211128354072571
Pedestrian 0.0 0 -2.877562999725342 989.8015747070312 155.9902801513672 1026.6019287109375 221.5021209716797 0.72790986 1.6499759 0.4663744 10.356414 1.0342695 18.224514 -2.360802412033081 0.3494560718536377
Pedestrian 0.0 0 -2.550769567489624 129.93441772460938 133.52288818359375 204.4237518310547 264.47076416015625 0.6658594 1.7742128 0.59939086 -6.156902 1.1393905 9.885606 -3.1077959537506104 0.2700648903846741
Pedestrian 0.0 0 -0.1448812037706375 770.8575439453125 158.3490447998047 794.3180541992188 191.25518798828125 1.2486204 1.8775308 0.4976814 10.197838 0.61504394 40.64771 0.10092878341674805 0.24123457074165344
Pedestrian 0.0 0 2.000865936279297 277.5986022949219 176.23126220703125 322.4812316894531 264.0292053222656 0.7421321 1.7608927 0.59498256 -6.3090167 1.6769059 14.552973 1.5918002128601074 0.1943596750497818
Pedestrian 0.0 0 -0.9279100298881531 118.8520278930664 151.82757568359375 143.55572509765625 193.4052276611328 0.8749983 2.0231497 0.6099096 -23.36597 0.62940204 34.85255 -1.518509030342102 0.1526705026626587
Pedestrian 0.0 0 -0.952266275882721 788.458251953125 162.14633178710938 805.4112548828125 197.089111328125 0.81406015 1.8471545 0.49526837 10.257658 0.8783496 37.820923 -0.6874209642410278 0.12629488110542297
Pedestrian 0.0 0 -0.5455331206321716 970.624755859375 134.4672393798828 1003.1337890625 200.41966247558594 0.56320786 1.7313343 0.53975594 10.136435 0.52450275 18.840088 -0.05193038284778595 0.11807429045438766
Cyclist 0.0 0 1.0584733486175537 874.7546997070312 151.5316619873047 907.1843872070312 190.83799743652344 1.9113055 1.8152782 0.5620334 13.567145 0.4788937 33.632416 1.441902995109558 0.19187387824058533
Cyclist 0.0 0 2.7904720306396484 771.8148193359375 157.983154296875 795.5011596679688 191.47525024414062 1.2201996 1.910913 0.50662124 10.262286 0.6275835 40.65136 3.0377516746520996 0.1279653012752533
Car 0.0 0 -0.6925625801086426 1040.93310546875 152.78634643554688 1195.1707763671875 200.0940704345703 3.8522425 1.4587716 1.6528656 16.406788 0.60575503 22.752508 -0.06781679391860962 0.8955016136169434
Car 0.0 0 -0.8314398527145386 0.0 199.5106964111328 297.0968322753906 370.0 3.6610916 1.4597965 1.5511347 -3.1899192 1.6066787 3.5573382 -1.5624371767044067 0.8619323372840881
Car 0.0 0 -2.651818037033081 490.19476318359375 166.05752563476562 559.1838989257812 192.36256408691406 3.9632478 1.5763291 1.6012701 -4.9826927 0.71222836 43.838245 -2.764993190765381 0.13558776676654816
Car 0.0 0 1.2998265027999878 626.8606567382812 173.83413696289062 657.9869384765625 190.5333709716797 4.477868 1.3895979 1.5407314 3.2132852 0.83612067 61.18359 1.352297067642212 0.13497164845466614
