Cyclist 0.0 0 1.230079174041748 778.0007934570312 154.21124267578125 855.603271484375 274.8701477050781 1.8604891 1.7628013 0.5862289 3.1915214 1.4907923 11.487172 1.5010777711868286 0.9238749146461487
Car 0.0 0 -1.507586121559143 585.1553955078125 176.04794311523438 613.5236206054688 199.815673828125 3.9609897 1.5159122 1.6646712 -0.7098539 1.7402514 48.578175 -1.5221977233886719 0.7337841987609863
Car 0.0 0 1.8463513851165771 447.03277587890625 179.037353515625 477.5030517578125 196.71109008789062 4.2752595 1.5750234 1.7173582 -13.903969 2.177209 68.02952 1.6447465419769287 0.5975969433784485
Car 0.0 0 1.773054838180542 411.2217102050781 180.8049774169922 465.7622375488281 215.94834899902344 3.8229718 1.3576527 1.5183752 -7.261249 1.717424 30.679958 1.540653944015503 0.4312860071659088
Car 0.0 0 1.6386654376983643 479.10546875 180.89308166503906 501.4477233886719 200.1090545654297 3.9181485 1.5193863 1.5963691 -10.07544 2.219443 60.771088 1.4743666648864746 0.35505616664886475
Car 0.0 0 2.0495803356170654 188.86968994140625 187.55181884765625 268.5050964355469 224.42193603515625 4.406438 1.6712813 1.7414328 -19.297323 2.4636931 36.672268 1.5651850700378418 0.29389721155166626
Car 0.0 0 1.8019546270370483 368.33892822265625 182.3084716796875 441.8477783203125 229.6115264892578 4.041581 1.4713293 1.592215 -7.129511 1.8303299 25.31442 1.527427315711975 0.19939374923706055
Car 0.0 0 2.1174983978271484 35.15302658081055 199.06329345703125 155.74359130859375 246.3963165283203 4.0769625 1.4732137 1.7925863 -19.033262 2.5258923 26.871613 1.5012212991714478 0.191921666264534
Car 0.0 0 1.929384708404541 255.43536376953125 171.87852478027344 392.245361328125 242.5406036376953 4.146249 1.5485362 1.7922726 -6.9488244 1.5275168 17.893103 1.558959722518921 0.18554183840751648
Car 0.0 0 -1.7829033136367798 823.419189453125 173.4568328857422 910.1923828125 242.58352661132812 3.8820426 1.7855334 1.5343004 7.1961555 1.8048676 20.689991 -1.4481821060180664 0.18441781401634216
