Pedestrian 0.0 0 1.4824020862579346 754.5736694335938 154.44683837890625 805.0980224609375 271.3334045410156 0.9495965 1.7451222 0.68043745 2.731056 1.3425244 11.24245 1.7207095623016357 0.8323826193809509
Pedestrian 0.0 0 3.740053653717041 16.41786003112793 145.37107849121094 124.17562103271484 291.58416748046875 0.9491658 1.8113718 0.58063036 -6.8317413 1.3651241 9.205586 3.1016085147857666 0.5154940485954285
Pedestrian 0.0 0 1.2822742462158203 475.496337890625 167.11181640625 496.09912109375 213.107177734375 0.697071 1.6222305 0.55317944 -4.1733637 1.1158266 25.766718 1.1217014789581299 0.5078085660934448
Pedestrian 0.0 0 -0.7013071775436401 514.385498046875 166.6549835205078 536.1727294921875 204.3868865966797 0.7473258 1.6780999 0.63156176 -3.4505053 1.0188249 32.433113 -0.8072968125343323 0.32702645659446716
Pedestrian 0.0 0 1.6639549732208252 420.8877868652344 172.62149047851562 442.59588623046875 226.826416015625 0.7148804 1.7035755 0.6134908 -5.447218 1.4256437 22.97019 1.4311132431030273 0.310149222612381
Pedestrian 0.0 0 1.9401592016220093 578.2005004882812 166.09725952148438 591.5737915039062 197.01910400390625 0.8862359 1.7880958 0.49691042 -0.9639079 0.8981961 42.0372 1.9172333478927612 0.3032841682434082
Pedestrian 0.0 0 1.8867130279541016 170.2250213623047 92.86800384521484 276.8753356933594 288.1422119140625 0.93730766 1.7345058 0.649552 -3.6397533 0.94862115 6.8947277 1.4009923934936523 0.26109546422958374
Pedestrian 0.0 0 1.8452569246292114 595.0723266601562 167.05072021484375 607.20849609375 198.18728637695312 0.83851355 1.8106368 0.5063065 -0.0127532035 0.97116935 42.24175 1.8449549674987793 0.24526366591453552
Pedestrian 0.0 0 1.2763285636901855 860.4767456054688 113.07551574707031 918.6743774414062 227.81088256835938 0.7695322 1.801434 0.6815864 4.6297126 0.72841436 11.687403 1.6534929275512695 0.22514061629772186
Pedestrian 0.0 0 2.0015652179718018 540.8082885742188 167.22592163085938 555.4962768554688 199.3768768310547 0.76824844 1.8836404 0.6026064 -3.15141 1.048134 42.54794 1.9276329278945923 0.21532727777957916
Pedestrian 0.0 0 0.40140199661254883 355.01629638671875 146.14508056640625 431.186767578125 241.8931884765625 1.3354515 1.8982037 0.6758056 -4.2750244 1.198541 14.65222 0.11751604080200195 0.10565696656703949
Cyclist 0.0 0 1.9474012851715088 224.82611083984375 104.99713897705078 336.8106384277344 278.55780029296875 1.730387 1.745687 0.5553444 -3.59543 0.9775818 8.098357 1.5295729637145996 0.16190792620182037
Cyclist 0.0 0 0.40140199661254883 355.01629638671875 146.14508056640625 431.186767578125 241.8931884765625 1.3354515 1.8982037 0.6758056 -4.2750244 1.198541 14.65222 0.11751604080200195 0.1614704728126526
Car 0.0 0 1.7350943088531494 379.88873291015625 177.7482452392578 554.1668090820312 311.9388427734375 4.1961174 1.4774607 1.6505785 -1.663123 1.4375086 10.004785 1.5703678131103516 0.9358169436454773
Car 0.0 0 -1.7087312936782837 606.418701171875 124.46687316894531 697.6142578125 205.11337280273438 4.8128004 2.0242305 1.9073021 1.2660561 0.59387994 20.499678 -1.6470497846603394 0.17433524131774902
