Pedestrian 0.0 0 2.849031925201416 784.266357421875 134.05221557617188 828.5640869140625 222.31346130371094 0.7259528 1.7999096 0.6769241 4.0399017 1.0089835 15.060927 3.1110999584198 0.6625147461891174
Pedestrian 0.0 0 -1.995694637298584 388.8507080078125 157.82066345214844 405.1792907714844 192.71456909179688 0.5378074 1.8348051 0.6703829 -11.360252 1.0446746 38.360058 -2.283613681793213 0.5190910696983337
Pedestrian 0.0 0 1.3575021028518677 836.0121459960938 110.82647705078125 875.5855102539062 205.5685577392578 0.63291276 1.6581943 0.5495132 4.358131 0.5729345 12.970656 1.6816500425338745 0.45701801776885986
Pedestrian 0.0 0 2.6483445167541504 827.6622314453125 135.76217651367188 854.5280151367188 187.207763671875 0.67750114 1.7294588 0.58102924 7.831224 0.48289216 24.601246 2.956528425216675 0.4428381621837616
Pedestrian 0.0 0 3.6808841228485107 115.77208709716797 112.31219482421875 179.66807556152344 217.89248657226562 0.708164 1.7856154 0.6380084 -8.067522 0.7620664 12.530607 3.1088619232177734 0.31758344173431396
Pedestrian 0.0 0 3.4975497722625732 68.13948059082031 101.89879608154297 133.58714294433594 210.0001220703125 0.7462492 1.8070463 0.64802545 -8.8332405 0.6213008 12.467811 2.881152629852295 0.31062453985214233
Pedestrian 0.0 0 -1.1113686561584473 190.87355041503906 110.46736145019531 265.9246520996094 207.38125610351562 1.8390843 1.7854812 0.5503902 -7.523457 0.6364663 14.217127 -1.5980889797210693 0.10458942502737045
Cyclist 0.0 0 -1.9317554235458374 706.5430908203125 137.38304138183594 733.4320678710938 180.5113983154297 1.758707 1.7719798 0.5357267 4.6024413 0.3149714 30.558462 -1.7822679281234741 0.5514382123947144
Cyclist 0.0 0 -1.1113686561584473 190.87355041503906 110.46736145019531 265.9246520996094 207.38125610351562 1.8390843 1.7854812 0.5503902 -7.523457 0.6364663 14.217127 -1.5980889797210693 0.4004099667072296
Cyclist 0.0 0 2.9349379539489746 419.53350830078125 154.02085876464844 455.7811584472656 183.4595184326172 1.908341 1.6559227 0.73827046 -9.904171 0.59691745 41.32544 2.699711799621582 0.38931313157081604
Cyclist 0.0 0 -1.5899181365966797 260.3494873046875 128.1394500732422 284.0907897949219 185.22433471679688 1.6825619 1.7347811 0.6439936 -10.7407875 0.37628645 22.821285 -2.0298094749450684 0.34344834089279175
Car 0.0 0 1.7980999946594238 402.0169982910156 187.63552856445312 502.7685852050781 260.8338928222656 3.6274993 1.444471 1.501693 -3.5939312 1.8264426 16.799206 1.587342381477356 0.9457979202270508
Car 0.0 0 2.9807183742523193 418.8599548339844 182.51162719726562 500.4551086425781 212.50216674804688 4.177751 1.5441445 1.6560377 -8.299352 2.0956419 39.651066 2.7743873596191406 0.8820027112960815
Car 0.0 0 3.4216132164001465 0.0 195.8946990966797 134.53009033203125 334.31134033203125 4.1325507 1.4824034 1.6352347 -9.1734 1.8530493 9.934936 2.6760475635528564 0.8519153594970703
Car 0.0 0 3.2526729106903076 358.66815185546875 166.0003662109375 417.431396484375 189.3120880126953 3.6662796 1.5479165 1.5605358 -15.063182 1.0931882 49.015514 2.954519033432007 0.4673815965652466
Car 0.0 0 1.2952462434768677 683.3818359375 154.7824249267578 736.2859497070312 188.54502868652344 3.5558925 1.5137217 1.5664943 4.6353106 0.7038537 34.217194 1.4298938512802124 0.45552846789360046
Car 0.0 0 0.025001395493745804 629.8804321289062 162.223388671875 673.1990966796875 180.15037536621094 3.8301384 1.5833592 1.605114 3.718497 0.6447938 64.68288 0.08242630958557129 0.34780001640319824
Car 0.0 0 1.6662243604660034 465.416015625 164.4463348388672 492.0972900390625 184.8025360107422 4.091896 1.5146848 1.6492579 -10.135935 0.8894365 55.79427 1.4865179061889648 0.3422231376171112
Car 0.0 0 -0.11406484246253967 716.3841552734375 145.86024475097656 823.5214233398438 193.50340270996094 3.4467106 1.5811826 1.5752754 5.404719 0.6856706 24.898909 0.0996856689453125 0.3405221998691559
Car 0.0 0 -0.2898077964782715 680.6253662109375 156.88204956054688 746.9017333984375 182.6221160888672 3.7087348 1.5376257 1.6129116 6.295656 0.5838723 44.171013 -0.14823219180107117 0.32172688841819763
