Pedestrian 0.0 0 -2.423621654510498 500.03240966796875 153.4496307373047 531.0569458007812 198.51589965820312 0.99188447 1.762696 0.73077744 -3.8118527 1.0040823 28.797832 -2.555222511291504 0.3359913229942322
Pedestrian 0.0 0 3.3546128273010254 394.9283752441406 123.17350006103516 459.50970458984375 197.3919677734375 1.5103463 1.8765898 0.65501004 -4.7440977 0.6207927 18.59614 3.1048288345336914 0.2956736385822296
Pedestrian 0.0 0 -0.33669140934944153 753.7009887695312 157.8240203857422 798.7455444335938 202.63375854492188 1.653019 1.7954519 0.67888063 6.7096734 1.1935835 29.33764 -0.11185303330421448 0.13932712376117706
Pedestrian 0.0 0 1.0794436931610107 1028.358154296875 124.87885284423828 1113.1319580078125 224.19419860839844 1.8839244 1.7353392 0.50526386 8.55426 0.8974261 13.562275 1.6421594619750977 0.1114346906542778
Cyclist 0.0 0 -0.373349666595459 753.8020629882812 157.59410095214844 798.7623291015625 202.76890563964844 1.6468109 1.8083495 0.67974865 6.713198 1.197853 29.338331 -0.14840222895145416 0.4322296380996704
Cyclist 0.0 0 -2.086393356323242 1022.4788818359375 121.74876403808594 1109.341796875 221.36300659179688 1.9008292 1.7529582 0.5101802 8.520355 0.8539933 13.654834 -1.5285272598266602 0.31517118215560913
Cyclist 0.0 0 2.127819538116455 106.51449584960938 113.5261001586914 199.15049743652344 214.35238647460938 1.808294 1.6477053 0.49678403 -8.03901 0.67852527 12.694622 1.5633018016815186 0.2910939157009125
Cyclist 0.0 0 -1.1681067943572998 1049.7154541015625 109.07176971435547 1105.8570556640625 191.11985778808594 1.6370323 1.7407901 0.43715236 10.300208 0.38789916 15.945471 -0.5945736765861511 0.27101874351501465
Cyclist 0.0 0 3.3546128273010254 394.9283752441406 123.17350006103516 459.50970458984375 197.3919677734375 1.5103463 1.8765898 0.65501004 -4.7440977 0.6207927 18.59614 3.1048288345336914 0.12880055606365204
Car 0.0 0 -1.843362808227539 731.4911499023438 189.62643432617188 890.2308349609375 291.7425231933594 4.445422 1.4720207 1.6172479 3.429503 1.8353791 13.37366 -1.5923348665237427 0.9551461935043335
Car 0.0 0 0.20142170786857605 458.596435546875 168.0668487548828 506.93511962890625 185.384521484375 3.789929 1.4460275 1.5912917 -10.770913 1.0466568 61.092064 0.02690887451171875 0.632138192653656
Car 0.0 0 -1.5115998983383179 667.0888671875 155.63528442382812 697.9829711914062 182.32330322265625 4.4189057 1.5986893 1.6828712 4.589649 0.5675959 45.53457 -1.4111443758010864 0.47302547097206116
Car 0.0 0 -1.6859341859817505 664.552490234375 170.1935577392578 720.6739501953125 221.0032196044922 4.5443587 1.9572287 1.7925293 3.3133717 1.8551044 30.068432 -1.5761826038360596 0.42005443572998047
Car 0.0 0 0.29206305742263794 461.7714538574219 175.9465789794922 528.3228759765625 200.50833129882812 4.085483 1.5962932 1.6884083 -7.6965384 1.8083489 48.279636 0.13397741317749023 0.40602925419807434
