Car 0.0 0 -1.7464613914489746 684.4691772460938 182.53126525878906 779.0750122070312 252.99171447753906 3.7613075 1.4967908 1.6274598 2.8231087 1.7605323 17.74026 -1.5886489152908325 0.9757212400436401
Car 0.0 0 -2.1078546047210693 815.8246459960938 190.8621368408203 1242.0 375.0 3.779859 1.4960793 1.6229175 2.9558358 1.6830449 5.547782 -1.6183156967163086 0.951221764087677
Car 0.0 0 -1.668310284614563 654.152587890625 174.6466827392578 706.218017578125 220.19662475585938 3.8969913 1.6715164 1.6645558 2.667824 1.7477417 28.580883 -1.5752370357513428 0.9463839530944824
Car 0.0 0 -2.456247091293335 0.0 168.8709716796875 289.9599609375 317.4384765625 4.152486 1.5757539 1.6379865 -6.290542 1.5338666 8.577013 -3.0890514850616455 0.9462568759918213
Car 0.0 0 0.4877350628376007 211.55039978027344 173.57798767089844 433.04498291015625 254.4244384765625 4.3459654 1.6936656 1.6717652 -6.42072 1.7113576 16.202318 0.11043620109558105 0.9347327947616577
Car 0.0 0 -2.796529769897461 310.7438659667969 168.5875701904297 470.2419128417969 229.88436889648438 4.107861 1.7020867 1.6947253 -6.349826 1.5839747 20.984297 -3.09036922454834 0.873275637626648
Car 0.0 0 -2.176088571548462 0.0 204.19346618652344 152.49441528320312 375.0 4.1803517 1.4976248 1.656753 -6.361397 1.8068739 5.9791827 -2.9924490451812744 0.8356266021728516
Car 0.0 0 -2.5220727920532227 0.0 183.12062072753906 308.927490234375 293.9195251464844 3.954658 1.5396458 1.5911134 -6.989178 1.7109017 11.099939 -3.0840156078338623 0.7090389132499695
Car 0.0 0 3.2300186157226562 399.1944580078125 177.2381134033203 504.0014953613281 216.0238037109375 3.9232953 1.4656038 1.5994171 -6.232578 1.6457045 28.53846 3.0150022506713867 0.6945767998695374
Car 0.0 0 -1.827775478363037 630.2850952148438 175.602294921875 671.0869140625 202.11376953125 3.6157944 1.528008 1.6059273 2.3979914 1.7030132 43.91669 -1.7732264995574951 0.6394168734550476
Car 0.0 0 3.3077077865600586 376.8033752441406 183.93359375 492.02618408203125 226.5474395751953 3.8160403 1.4482352 1.5434581 -6.2741537 1.8602008 25.896227 3.070007562637329 0.6257178783416748
