Pedestrian 0.0 0 1.4202202558517456 766.1016845703125 136.78079223632812 788.1268310546875 183.47970581054688 0.86230195 1.7482617 0.6935277 6.3118215 0.3981511 27.465399 1.6461081504821777 0.5176982879638672
Pedestrian 0.0 0 1.4164035320281982 968.98388671875 125.09149932861328 1006.0484008789062 207.62313842773438 0.66550845 1.7553525 0.6202698 8.185237 0.7398571 15.7578335 1.8954813480377197 0.4533754885196686
Pedestrian 0.0 0 -3.084726572036743 679.1382446289062 164.52354431152344 690.1937255859375 188.33924865722656 0.775667 1.7331488 0.5536317 5.4423966 1.1272717 52.840847 -2.9820923805236816 0.4392942190170288
Pedestrian 0.0 0 -0.5386444926261902 997.2172241210938 117.5459976196289 1047.6697998046875 207.55609130859375 0.69222134 1.7621818 0.5452845 8.174593 0.67974144 14.403572 -0.02243516407907009 0.3961414098739624
Cyclist 0.0 0 0.2822844088077545 53.99488067626953 189.24301147460938 136.3665313720703 253.1522216796875 1.8021969 1.735414 0.6246352 -14.633614 2.2146761 20.48792 -0.33794519305229187 0.8873646855354309
Cyclist 0.0 0 0.6511728167533875 24.93060302734375 129.96888732910156 107.56155395507812 198.0933074951172 1.7089555 1.8004501 0.68697715 -14.66099 0.6674039 19.413881 0.0043642520904541016 0.4790181517601013
Cyclist 0.0 0 0.032893240451812744 92.1256332397461 159.8109893798828 135.9217987060547 187.993408203125 2.2186348 1.7139281 0.7096161 -30.784864 0.92106855 44.77486 -0.5694266557693481 0.44208860397338867
Cyclist 0.0 0 -2.502351760864258 139.07708740234375 134.84840393066406 205.70187377929688 186.49630737304688 1.9379658 1.7414967 0.6679418 -15.045423 0.46035787 24.749043 -3.0485739707946777 0.34280362725257874
Cyclist 0.0 0 1.4059324264526367 765.9351196289062 135.88934326171875 788.6849975585938 182.86842346191406 0.8818391 1.7574015 0.7062204 6.315463 0.37497902 27.45037 1.632065773010254 0.15947315096855164
Car 0.0 0 -1.5932481288909912 593.593505859375 176.73028564453125 624.6572265625 207.15090942382812 4.506084 1.6339854 1.6790524 -0.13289544 1.8700942 41.60656 -1.5964422225952148 0.9097695350646973
Car 0.0 0 0.49422985315322876 234.93055725097656 169.56300354003906 286.8236083984375 187.7887725830078 3.6799877 1.5383016 1.6040375 -29.889559 1.2608911 61.778343 0.043610334396362305 0.4683413505554199
Car 0.0 0 -1.9497051239013672 264.1220703125 175.7506103515625 299.4104309082031 192.9561309814453 3.9013665 1.5243208 1.6313847 -30.296686 1.7994922 66.51356 -2.3771204948425293 0.3541910648345947
Car 0.0 0 2.183466672897339 231.4291534423828 161.00006103515625 295.428466796875 189.0299072265625 3.847543 1.6454526 1.6338501 -21.275633 0.9499414 44.386272 1.7364920377731323 0.34436675906181335
Car 0.0 0 -1.5199137926101685 645.4758911132812 166.01773071289062 671.0960083007812 190.12994384765625 3.6439707 1.6188607 1.6024262 3.3705883 1.1602407 50.3438 -1.4530621767044067 0.33785444498062134
Car 0.0 0 -0.6701977252960205 111.78679656982422 157.64132690429688 189.15162658691406 185.1820831298828 3.7887008 1.618251 1.6949934 -28.26972 0.7247368 44.46119 -1.2365463972091675 0.32306969165802
Car 0.0 0 1.673431396484375 888.66845703125 158.5277099609375 913.3785400390625 177.4015655517578 3.9628122 1.6394528 1.6626374 26.145699 0.3953767 64.81291 2.0568675994873047 0.3151041567325592
Car 0.0 0 -0.44914379715919495 386.1115417480469 157.2732696533203 450.6278991699219 182.63108825683594 3.9090989 1.6578163 1.6589266 -13.034472 0.6395538 49.071095 -0.7087727189064026 0.2989744246006012
Car 0.0 0 -1.800862431526184 697.6725463867188 163.0376434326172 731.3546142578125 186.3112030029297 4.243932 1.7645143 1.6981764 8.1680565 1.0206327 56.889572 -1.658259630203247 0.27736905217170715
