Pedestrian 0.0 0 0.4967653453350067 372.959228515625 150.08636474609375 410.5493469238281 214.3031005859375 0.79525393 1.7569695 0.6411078 -6.1316705 1.1344051 20.132042 0.20111870765686035 0.40065237879753113
Pedestrian 0.0 0 1.5280051231384277 411.3900451660156 136.44874572753906 430.5057373046875 185.93980407714844 0.96168965 1.8521688 0.66382843 -7.2690363 0.49008524 27.557886 1.2701059579849243 0.40052330493927
Pedestrian 0.0 0 1.2331018447875977 891.702880859375 113.59207916259766 949.4989624023438 221.61546325683594 0.71892375 1.8430824 0.7348636 5.3966208 0.83232033 12.690408 1.6351858377456665 0.3887006640434265
Pedestrian 0.0 0 -2.0417490005493164 992.6890258789062 96.18534851074219 1074.507568359375 239.3039093017578 0.76723915 1.8313602 0.6635601 5.5791225 0.85065794 9.631124 -1.5167036056518555 0.3835649788379669
Cyclist 0.0 0 1.5280051231384277 411.3900451660156 136.44874572753906 430.5057373046875 185.93980407714844 0.96168965 1.8521688 0.66382843 -7.2690363 0.49008524 27.557886 1.2701059579849243 0.12763921916484833
Car 0.0 0 1.717359185218811 465.3898010253906 182.85891723632812 552.1564331054688 248.1456756591797 4.2931833 1.5321668 1.7302169 -2.6901278 1.8362802 19.747448 1.5819660425186157 0.9543396234512329
Car 0.0 0 1.3860204219818115 678.3366088867188 188.4309539794922 794.01953125 271.1770935058594 4.0037084 1.4722974 1.7115597 2.5228362 1.8535714 15.619274 1.5461580753326416 0.9502057433128357
Car 0.0 0 -1.666591763496399 645.5753784179688 182.5354461669922 686.1517944335938 217.12527465820312 3.5964622 1.5604749 1.6366881 2.6510932 2.0599382 35.37952 -1.5917985439300537 0.870437741279602
Car 0.0 0 1.6468149423599243 538.264404296875 182.76416015625 574.4678344726562 217.13218688964844 3.3865888 1.5329545 1.4929178 -2.5870323 2.035324 34.8529 1.572723627090454 0.8588244318962097
Car 0.0 0 -2.3668036460876465 912.0902709960938 199.291259765625 1242.0 375.0 3.8296752 1.4939085 1.6066036 2.6459036 1.66016 2.607427 -1.5740814208984375 0.7939539551734924
Car 0.0 0 1.5004862546920776 677.3696899414062 184.99945068359375 742.0078735351562 243.48182678222656 3.825521 1.4732682 1.5682439 2.759269 1.8591478 20.943548 1.6314797401428223 0.612018883228302
Car 0.0 0 1.7445237636566162 535.05078125 170.49014282226562 559.1876831054688 187.26788330078125 4.0007567 1.545526 1.6181967 -5.958062 1.328131 68.52673 1.6577967405319214 0.5056856870651245
Car 0.0 0 -1.2385172843933105 352.9449157714844 141.139404296875 433.8641357421875 189.89990234375 3.9250991 1.6394262 1.6238123 -7.8172264 0.5734755 26.252344 -1.5279291868209839 0.5042365789413452
Car 0.0 0 1.4621328115463257 662.1637573242188 167.95594787597656 683.9906616210938 185.7559814453125 3.999773 1.5687335 1.5471748 5.6855807 1.1374199 65.603584 1.5485825538635254 0.4203678071498871
