Pedestrian 0.0 0 -0.8268210887908936 746.5052490234375 146.65780639648438 783.3594970703125 210.63233947753906 0.8449435 1.7973932 0.632869 4.413313 1.0617573 20.771786 -0.6174675226211548 0.44481462240219116
Pedestrian 0.0 0 0.851510763168335 134.82431030273438 163.20362854003906 220.04559326171875 303.18682861328125 0.87768614 1.8464307 0.5660072 -5.992839 1.7194966 9.917314 0.3079497814178467 0.38583362102508545
Pedestrian 0.0 0 -0.14551138877868652 840.1524658203125 160.5995635986328 892.46435546875 251.16567993164062 0.9399992 1.8265991 0.61041415 5.2428517 1.5798011 14.939008 0.19200992584228516 0.2824428975582123
Pedestrian 0.0 0 -1.8060411214828491 729.3963623046875 159.66558837890625 752.3726806640625 209.4928741455078 1.3178356 1.7399905 0.51443285 4.638281 1.2798036 25.866344 -1.6286096572875977 0.21670271456241608
Cyclist 0.0 0 -1.8060411214828491 729.3963623046875 159.66558837890625 752.3726806640625 209.4928741455078 1.3178356 1.7399905 0.51443285 4.638281 1.2798036 25.866344 -1.6286096572875977 0.23112531006336212
Cyclist 0.0 0 -0.5654330253601074 745.8500366210938 149.77700805664062 785.569580078125 212.97425842285156 0.94376737 1.782635 0.6012845 4.438036 1.1320493 20.79599 -0.35517874360084534 0.10416959226131439
Car 0.0 0 -1.6845625638961792 658.8068237304688 173.9320831298828 743.7931518554688 243.1103973388672 3.4595673 1.455535 1.569516 1.9955113 1.4838337 16.965027 -1.5674755573272705 0.9622345566749573
Car 0.0 0 1.7956136465072632 409.3501892089844 184.49046325683594 517.457763671875 257.150634765625 3.9855945 1.4761369 1.6804764 -3.4211497 1.7883712 17.318707 1.6005839109420776 0.9344705939292908
Car 0.0 0 -1.469709038734436 606.6836547851562 170.5489959716797 630.1978759765625 189.0850830078125 3.8891037 1.5330553 1.628218 0.7296082 1.342773 61.697025 -1.4578839540481567 0.6076902151107788
Car 0.0 0 2.6503233909606934 0.0 192.80596923828125 134.8477325439453 375.0 3.991433 1.5572904 1.6547158 -3.9109814 1.6821923 2.453245 1.6397576332092285 0.4356492757797241
Car 0.0 0 -1.6502604484558105 688.8410034179688 157.7122344970703 726.498046875 185.91845703125 4.2181892 1.3947147 1.6141976 5.027502 0.6463573 37.823822 -1.5181161165237427 0.42739978432655334
Car 0.0 0 -2.1726276874542236 668.2282104492188 179.39303588867188 706.020751953125 196.83628845214844 4.05244 1.5441144 1.4837033 7.170572 2.1765275 67.60514 -2.0669572353363037 0.2286272943019867
