Pedestrian 0.0 0 0.12962599098682404 611.7053833007812 159.00123596191406 626.2337646484375 184.03208923339844 1.0093368 1.8151157 0.4605569 0.80101436 -0.085736424 52.453342 0.1448957920074463 0.6147189736366272
Pedestrian 0.0 0 1.061892032623291 72.11688995361328 155.83746337890625 111.54603576660156 193.85726928710938 1.9023715 1.7696046 0.6810013 -24.560312 0.40334696 34.167107 0.4386405944824219 0.12079906463623047
Cyclist 0.0 0 1.9701249599456787 285.6695861816406 145.08644104003906 313.466796875 182.7638702392578 1.7045515 1.8461835 0.67856973 -15.530105 -0.12521383 36.185444 1.564718246459961 0.6177687048912048
Cyclist 0.0 0 1.085135817527771 0.0 145.65907287597656 47.072425842285156 199.19766235351562 2.0505285 1.713535 0.6127166 -19.49134 0.4486329 23.68218 0.39650416374206543 0.5044342279434204
Cyclist 0.0 0 0.8396880626678467 75.31777954101562 152.02859497070312 121.34874725341797 190.2484588623047 1.8517141 1.7890486 0.7399223 -24.274435 0.23671211 34.210648 0.22257614135742188 0.4126150608062744
Cyclist 0.0 0 1.9866111278533936 306.4167785644531 150.81707763671875 332.59228515625 185.3858642578125 1.8492118 1.8124955 0.61243397 -15.50124 0.010053512 38.621464 1.60493004322052 0.3696829676628113
Car 0.0 0 -1.602349042892456 589.7232055664062 178.5539093017578 642.3731079101562 226.7565155029297 3.1424434 1.3923763 1.5226163 0.15859626 1.2010758 22.350399 -1.5952532291412354 0.9724888205528259
Car 0.0 0 -1.6868733167648315 655.6783447265625 172.28359985351562 690.5215454101562 197.9016571044922 4.1567135 1.4595718 1.5976051 3.8377197 0.7239059 43.05186 -1.5979665517807007 0.8361677527427673
Car 0.0 0 -1.6170458793640137 587.9208984375 176.5208740234375 629.8452758789062 213.55517578125 3.5276692 1.5313567 1.6652606 -0.036038354 1.1729599 31.521988 -1.6181890964508057 0.7790544033050537
Car 0.0 0 -1.6537169218063354 581.4415283203125 174.04225158691406 615.6488647460938 201.8057098388672 3.5442388 1.4725313 1.6052647 -0.5808577 0.88103986 39.965057 -1.6682500839233398 0.7742606997489929
Car 0.0 0 -1.483374834060669 407.453857421875 166.76211547851562 430.383544921875 185.16217041015625 3.9010768 1.5756557 1.6305828 -16.692282 -0.003762111 63.626186 -1.7399420738220215 0.6004476547241211
Car 0.0 0 -1.6098402738571167 749.869384765625 148.400634765625 786.40478515625 182.90757751464844 3.3765275 1.5370425 1.5489057 7.5199084 -0.11400304 34.055702 -1.3925155401229858 0.5528096556663513
Car 0.0 0 1.8872349262237549 311.3013610839844 158.7593536376953 358.39910888671875 185.30458068847656 3.7566748 1.5052072 1.5208951 -16.164139 0.0061711743 42.66897 1.5251137018203735 0.46928292512893677
Car 0.0 0 1.7548550367355347 642.789794921875 168.02719116210938 666.1771240234375 184.42138671875 3.6805289 1.4669379 1.511917 4.3397055 -0.07450701 66.47953 1.8200414180755615 0.4189448058605194
Car 0.0 0 1.5653114318847656 545.7784423828125 155.00799560546875 572.123046875 182.89154052734375 4.221724 1.7775973 1.6912612 -3.3188038 -0.16222058 48.35284 1.4967817068099976 0.3844022750854492
