Pedestrian 0.0 0 1.273109793663025 710.8302001953125 164.97418212890625 730.660400390625 203.19175720214844 0.9123532 1.7500664 0.6717337 5.1031785 1.3895906 33.538418 1.424110770225525 0.4461653530597687
Pedestrian 0.0 0 1.4606412649154663 920.1178588867188 153.32516479492188 967.8627319335938 257.0606689453125 0.5675959 1.7263213 0.68292433 5.6676984 1.4016888 12.3813715 1.8899297714233398 0.20498472452163696
Cyclist 0.0 0 1.2785298824310303 715.6287841796875 153.30194091796875 762.851318359375 232.04171752929688 1.8401614 1.8126988 0.6196012 3.067709 1.3629415 17.558464 1.451498031616211 0.9550631642341614
Car 0.0 0 -1.5285571813583374 586.4041137695312 172.15939331054688 612.0458984375 195.1298370361328 3.7795146 1.4805392 1.5642796 -0.7201151 1.4361272 48.413788 -1.543430209159851 0.786682665348053
Car 0.0 0 1.7667162418365479 413.9401550292969 178.56869506835938 473.32318115234375 218.50802612304688 4.3723574 1.5836825 1.7004946 -7.2019815 1.8506587 31.45035 1.5416022539138794 0.4630420207977295
Car 0.0 0 1.6226016283035278 491.9258728027344 176.6042022705078 510.5780029296875 192.98858642578125 3.8246663 1.5138108 1.5839475 -10.474512 1.8859614 69.54971 1.4731203317642212 0.3976950943470001
Car 0.0 0 2.124528408050537 22.3602294921875 203.3836669921875 134.87005615234375 251.32972717285156 3.5109875 1.4138199 1.5740482 -18.606121 2.5653887 25.393074 1.492175817489624 0.20320968329906464
Car 0.0 0 1.9444048404693604 270.5748596191406 174.63792419433594 323.3854064941406 199.77052307128906 4.0383124 1.5011255 1.6935078 -19.667637 1.6188769 45.431576 1.5358562469482422 0.19609276950359344
Car 0.0 0 1.6669607162475586 554.4437866210938 180.0801544189453 584.5100708007812 204.0264892578125 3.8445144 1.4477634 1.5850389 -2.6177547 1.9359165 46.75146 1.6110261678695679 0.1878025084733963
Car 0.0 0 1.406599760055542 693.8255004882812 172.666259765625 731.2567749023438 198.5482635498047 3.618297 1.3908709 1.505496 5.6886744 1.3811398 40.5993 1.5458109378814697 0.1827847808599472
Car 0.0 0 2.058901071548462 231.82211303710938 194.36647033691406 310.8799133300781 232.46241760253906 3.6715949 1.4375224 1.554045 -14.592932 2.424379 31.211987 1.621554970741272 0.1752062737941742
