Pedestrian 0.0 0 -1.8078157901763916 970.5997314453125 142.18272399902344 997.4263305664062 194.49978637695312 0.7763185 1.7511775 0.6464867 12.70107 0.72489417 24.602621 -1.3312538862228394 0.4980347156524658
Pedestrian 0.0 0 -0.6502324342727661 1015.1551513671875 147.552001953125 1039.5418701171875 184.6818389892578 0.80185777 1.7946478 0.64865756 20.34478 0.5720495 35.244728 -0.12671396136283875 0.39987850189208984
Pedestrian 0.0 0 2.4760689735412598 963.288818359375 155.85919189453125 985.2067260742188 189.7004852294922 0.7407982 1.7240655 0.6880851 18.722874 0.8586122 37.166885 2.9427132606506348 0.37576085329055786
Pedestrian 0.0 0 -2.84995174407959 591.0582885742188 163.92759704589844 601.6575317382812 185.28622436523438 0.752929 1.7614642 0.55136913 -1.1540821 1.0256523 59.869873 -2.8692259788513184 0.3580515384674072
Pedestrian 0.0 0 1.2128850221633911 847.9765014648438 144.29922485351562 868.7719116210938 188.53109741210938 0.59074897 1.8556117 0.66782355 10.479294 0.6580422 30.571642 1.543111801147461 0.3550345003604889
Pedestrian 0.0 0 -0.6012537479400635 1176.094970703125 123.64368438720703 1222.6944580078125 204.10487365722656 0.5894196 1.7171875 0.5268091 12.753273 0.667308 15.682695 0.08148837089538574 0.33773529529571533
Pedestrian 0.0 0 -1.3388943672180176 103.07454681396484 129.48040771484375 133.10533142089844 186.9376678466797 0.7090599 1.7705281 0.63502395 -15.498146 0.434342 22.676174 -1.938429832458496 0.3150660991668701
Pedestrian 0.0 0 -1.3079702854156494 187.6517791748047 155.18341064453125 207.50210571289062 188.2913360595703 0.7428799 1.6636745 0.70889884 -21.012379 0.77608466 36.703922 -1.827911138534546 0.28575611114501953
Pedestrian 0.0 0 -1.720574140548706 1037.4210205078125 132.348876953125 1065.3487548828125 185.653076171875 0.9244682 1.733489 0.6605885 14.637174 0.41659248 24.016218 -1.1732202768325806 0.2832358479499817
Pedestrian 0.0 0 -1.560867428779602 85.17961883544922 159.49046325683594 98.14041137695312 189.4010772705078 0.79377675 1.7963445 0.63257706 -31.522465 0.9941266 43.837334 -2.1842830181121826 0.2798360288143158
Cyclist 0.0 0 0.1857038289308548 309.12664794921875 165.74118041992188 333.5151062011719 185.84310913085938 1.8793952 1.7343602 0.6671643 -25.123465 1.1210362 62.75972 -0.19507141411304474 0.31105777621269226
Car 0.0 0 0.7357744574546814 47.810150146484375 182.45216369628906 245.20339965820312 257.81610107421875 3.439509 1.497173 1.5749025 -10.044841 1.7199994 15.661233 0.1654810905456543 0.9549016952514648
Car 0.0 0 -0.44105076789855957 969.4287719726562 163.64955139160156 1242.0 279.66180419921875 3.9685404 1.7322588 1.7011693 8.294008 1.5951786 11.9380665 0.16614508628845215 0.9451878070831299
Car 0.0 0 -2.5208590030670166 241.83128356933594 168.4837646484375 293.7613525390625 183.91773986816406 4.4023657 1.4590793 1.6016089 -32.912422 1.0462881 69.38664 -2.963763475418091 0.4276140034198761
Car 0.0 0 2.2308356761932373 373.6815490722656 168.7564239501953 420.12225341796875 189.93214416503906 3.9922414 1.706095 1.6132805 -17.777473 1.3763179 60.283245 1.9440650939941406 0.3209017813205719
Car 0.0 0 -1.2479102611541748 161.9035186767578 160.2306671142578 223.0953826904297 190.3004150390625 3.8841922 1.5010084 1.6473715 -21.985737 0.8712401 38.08197 -1.7714914083480835 0.31125617027282715
Car 0.0 0 2.0273914337158203 68.15518951416016 162.41246032714844 128.19850158691406 188.17953491210938 3.7710562 1.5526989 1.5858785 -32.201267 0.92385924 45.464035 1.4111300706863403 0.3082773685455322
Car 0.0 0 1.5154352188110352 191.26954650878906 156.097412109375 238.78541564941406 190.43533325195312 4.0735745 1.4584004 1.6634448 -18.044321 0.7470721 32.810562 1.0126268863677979 0.28146907687187195
