Pedestrian 0.0 0 0.7362034320831299 181.400146484375 114.134033203125 323.0221252441406 330.8466491699219 0.96408033 1.7959398 0.6121614 -3.1702495 1.2476575 6.2774863 0.26854872703552246 0.7521315813064575
Pedestrian 0.0 0 1.3005868196487427 848.6215209960938 93.39049530029297 905.9696044921875 203.82496643066406 0.9981246 1.8027418 0.6663901 4.5820456 0.38241124 12.064729 1.6635490655899048 0.4630090296268463
Pedestrian 0.0 0 -0.22769153118133545 914.499755859375 91.60057830810547 971.238037109375 205.50177001953125 0.7387677 1.8315699 0.5614061 5.542238 0.40369105 11.717393 0.21411752700805664 0.4115215241909027
Pedestrian 0.0 0 0.4757600724697113 261.1111755371094 166.4288787841797 313.56512451171875 257.6037902832031 0.69896525 1.7257437 0.6761375 -6.2031784 1.461043 13.733548 0.05150938034057617 0.40055784583091736
Pedestrian 0.0 0 -0.15030059218406677 706.1241455078125 118.42768859863281 745.421142578125 188.06101989746094 0.9172756 1.7616086 0.5854293 3.0614562 0.19287409 18.18245 0.016509056091308594 0.3859008550643921
Pedestrian 0.0 0 0.6501299142837524 562.0687866210938 125.81685638427734 609.42919921875 216.91635131835938 0.7908909 1.8319998 0.5845225 -0.4409805 0.7339556 14.681344 0.6201021671295166 0.3771488070487976
Pedestrian 0.0 0 -0.33776310086250305 768.44189453125 95.36883544921875 838.1297607421875 201.21913146972656 0.9885792 1.8012354 0.73881125 3.4262772 0.35422152 12.429253 -0.06878119707107544 0.34434014558792114
Pedestrian 0.0 0 0.21720007061958313 626.4813232421875 122.37117767333984 684.7628784179688 233.86329650878906 0.9014021 1.8896646 0.66641694 0.85359955 0.90609527 12.425454 0.28578996658325195 0.2719162702560425
Pedestrian 0.0 0 2.92716908454895 743.9034423828125 154.4034423828125 756.7487182617188 176.49462890625 0.9577078 1.8379478 0.5510847 12.183626 -0.3357985 59.203373 3.1301283836364746 0.2619129717350006
Pedestrian 0.0 0 -3.2526516914367676 1051.011474609375 155.06625366210938 1213.927001953125 280.52288818359375 1.8338379 1.6955386 0.68921095 7.55836 1.3534739 10.306465 -2.619884967803955 0.10269878804683685
Cyclist 0.0 0 -3.2724478244781494 1056.3287353515625 153.25599670410156 1220.0267333984375 276.9744873046875 1.8125308 1.6609452 0.68390375 7.582623 1.2968605 10.226379 -2.6344239711761475 0.8042747378349304
Cyclist 0.0 0 0.6071862578392029 164.54931640625 113.01173400878906 272.4080505371094 206.26136779785156 1.9022446 1.7885619 0.5268897 -7.6413865 0.49574575 13.918249 0.10509634017944336 0.38133010268211365
Cyclist 0.0 0 1.3180923461914062 848.0187377929688 92.97987365722656 906.1565551757812 205.00218200683594 1.0395108 1.8243667 0.6826425 4.576801 0.40068907 12.0639 1.6806973218917847 0.273837685585022
Cyclist 0.0 0 1.2909859418869019 708.050537109375 117.77804565429688 740.6458740234375 188.84341430664062 0.9225637 1.7818719 0.59371907 3.029032 0.21079475 18.215666 1.4557653665542603 0.11520538479089737
Car 0.0 0 0.9429680109024048 0.0 129.12672424316406 151.637939453125 251.42532348632812 3.7866158 1.6510017 1.6586789 -9.234932 0.9591457 10.787319 0.23494815826416016 0.6665844321250916
Car 0.0 0 -1.4910454750061035 659.3505859375 147.9175262451172 691.8013305664062 176.99276733398438 3.7730365 1.6046276 1.6014941 4.17558 -0.21443903 41.4989 -1.3907639980316162 0.3243297040462494
Car 0.0 0 -1.4823983907699585 591.2249755859375 154.43890380859375 633.6456298828125 190.91024780273438 3.9947202 1.6073374 1.6477123 0.3893066 0.4602614 33.22526 -1.4706817865371704 0.26489365100860596
