Pedestrian 0.0 0 -1.5872294902801514 531.4103393554688 141.4083251953125 549.5765380859375 179.711181640625 0.7299078 1.6436666 0.7728512 -3.0665526 0.29461578 31.36666 -1.6846845149993896 0.6214504837989807
Pedestrian 0.0 0 1.2349367141723633 179.96571350097656 155.210205078125 199.0910186767578 191.35789489746094 0.629012 1.8367612 0.6807469 -21.671593 0.94059086 37.123592 0.7065374851226807 0.5044317245483398
Pedestrian 0.0 0 -2.250560998916626 805.6082763671875 147.75918579101562 827.3341674804688 190.94769287109375 0.49277988 1.8213631 0.74824816 8.771936 0.7634125 30.799433 -1.9730991125106812 0.4371560215950012
Cyclist 0.0 0 -1.582029104232788 531.1743774414062 140.71206665039062 549.716552734375 179.71273803710938 0.76137465 1.6726999 0.7923848 -3.0687518 0.29452223 31.364735 -1.6795594692230225 0.1104145348072052
Car 0.0 0 1.8832762241363525 312.6396179199219 187.8254852294922 373.6578063964844 221.62474060058594 3.9427063 1.4611667 1.6396389 -12.887039 2.2286956 34.967377 1.5301769971847534 0.8220123648643494
Car 0.0 0 -1.6356970071792603 597.9718627929688 174.74465942382812 631.1318359375 204.31053161621094 3.8673139 1.6480058 1.6946563 0.19072187 1.7647966 42.45053 -1.6312042474746704 0.8091197609901428
Car 0.0 0 1.8069257736206055 415.50384521484375 165.49668884277344 443.8030700683594 185.3974609375 3.966652 1.8039906 1.684671 -16.82542 1.137413 67.394485 1.5622711181640625 0.6512125730514526
Car 0.0 0 2.565096378326416 0.0 159.10716247558594 95.2203598022461 196.07345581054688 3.151132 1.3765419 1.525802 -22.568079 0.86499804 28.602676 1.8970867395401 0.6039232015609741
Car 0.0 0 -2.4057934284210205 1139.422607421875 157.45404052734375 1242.0 254.09600830078125 3.7136695 1.7945954 1.9253525 13.648052 1.5089833 15.345713 -1.678881049156189 0.5723357796669006
Car 0.0 0 1.98026442527771 290.0870056152344 191.8942108154297 350.7645568847656 221.0818328857422 4.20021 1.4591807 1.6611359 -16.388124 2.5965726 40.962498 1.5996923446655273 0.508712112903595
Car 0.0 0 -0.25933393836021423 676.1834106445312 163.3816375732422 722.1904296875 180.60496520996094 4.011685 1.5947024 1.6280373 8.355922 0.7180172 67.88426 -0.13685929775238037 0.47611892223358154
