Pedestrian 0.0 0 1.8074753284454346 200.66342163085938 112.44932556152344 249.69102478027344 218.944580078125 0.7304859 1.8192251 0.6124197 -6.8409925 0.78770876 12.753861 1.315144419670105 0.6606314182281494
Pedestrian 0.0 0 -3.7694146633148193 1118.77734375 95.07705688476562 1182.7940673828125 210.57577514648438 0.58750904 1.7040217 0.5074307 8.106651 0.55688965 10.899658 -3.1299238204956055 0.5941001772880554
Pedestrian 0.0 0 2.1096739768981934 115.86001586914062 108.72965240478516 188.2475128173828 232.92230224609375 0.8004369 1.7833022 0.5857445 -6.867786 0.86288834 10.766455 1.5418609380722046 0.5929693579673767
Pedestrian 0.0 0 -1.3823602199554443 967.5262451171875 138.8145751953125 991.972412109375 192.70071411132812 0.4830483 1.8084891 0.66379035 12.566321 0.6664398 24.607363 -0.9102105498313904 0.5796217918395996
Pedestrian 0.0 0 -1.3573588132858276 683.4697265625 141.13388061523438 703.5784912109375 184.18588256835938 0.67074126 1.6023852 0.6282606 3.1170242 0.42212832 27.27126 -1.2435556650161743 0.5576469898223877
Car 0.0 0 -1.8146730661392212 702.145751953125 177.07603454589844 863.0606689453125 281.9349060058594 4.361566 1.4726856 1.6225251 2.7016442 1.5591841 12.513487 -1.6020381450653076 0.9696968793869019
Car 0.0 0 -1.9586633443832397 785.068359375 178.16506958007812 1162.0198974609375 375.0 3.6684637 1.4554579 1.6387099 2.794318 1.5180638 6.6100006 -1.5587077140808105 0.9560165405273438
Car 0.0 0 1.8418262004852295 331.6546325683594 187.0479278564453 476.7063293457031 280.1806945800781 3.8838503 1.4095106 1.5895513 -3.695296 1.7128384 13.454236 1.5737792253494263 0.9424380660057068
Car 0.0 0 1.9980955123901367 86.34400177001953 195.88180541992188 408.4288635253906 375.0 3.7699428 1.4711566 1.5854567 -3.5485601 1.7802558 7.7859106 1.5704562664031982 0.9351931810379028
Car 0.0 0 -1.7412497997283936 683.295654296875 171.53684997558594 778.883056640625 239.6488494873047 4.423784 1.5552459 1.6732072 2.9439452 1.5255287 18.696205 -1.585070013999939 0.9320958256721497
Car 0.0 0 1.7497087717056274 456.0134582519531 179.3043975830078 526.0670166015625 227.7506561279297 3.8805761 1.4267806 1.6030937 -3.863263 1.6566958 23.721428 1.5882664918899536 0.9078066349029541
Car 0.0 0 -1.6932438611984253 671.6631469726562 170.3584747314453 731.9915771484375 220.36190795898438 3.5187173 1.5606709 1.5779363 2.9714732 1.4831401 24.277248 -1.5714521408081055 0.8709359169006348
Car 0.0 0 1.7506859302520752 415.58074951171875 181.32717895507812 498.4223327636719 244.1866455078125 3.4737134 1.4489272 1.5151622 -3.9469693 1.6914032 18.858631 1.544371485710144 0.8211502432823181
