Pedestrian 0.0 0 1.7819702625274658 1084.2822265625 158.22512817382812 1167.8157958984375 312.92041015625 0.51740617 1.6404527 0.6682049 5.714511 1.4856801 8.069784 2.3981363773345947 0.6513572335243225
Pedestrian 0.0 0 0.062042802572250366 673.9521484375 171.5558319091797 687.1159057617188 195.30120849609375 0.97204065 1.8037235 0.50565714 5.3651624 1.7054703 55.13258 0.15905117988586426 0.4729210436344147
Pedestrian 0.0 0 -0.37708577513694763 884.6452026367188 160.4233856201172 916.96630859375 221.85057067871094 0.6829417 1.7642382 0.64747363 8.428908 1.4075787 21.045448 0.003859996795654297 0.24995361268520355
Pedestrian 0.0 0 -1.8640663623809814 757.9237670898438 167.8153839111328 787.64306640625 224.23150634765625 0.87841225 1.6991035 0.66412586 4.952129 1.5477121 22.190523 -1.6445000171661377 0.16054116189479828
Pedestrian 0.0 0 1.5972130298614502 750.3056030273438 170.3925323486328 767.108642578125 216.56900024414062 0.5885379 1.8132485 0.64011115 5.873577 1.7169497 28.689537 1.7991514205932617 0.15673181414604187
Pedestrian 0.0 0 -3.1858208179473877 698.7992553710938 176.319091796875 706.4309692382812 195.69615173339844 0.6859767 1.8105568 0.5883906 8.689731 2.1383278 67.853096 -3.0584473609924316 0.15138722956180573
Pedestrian 0.0 0 -1.7752342224121094 684.23193359375 174.06784057617188 701.3291015625 206.23716735839844 1.5917736 1.7495545 0.63210815 4.5590396 1.8187958 40.122025 -1.6620901823043823 0.12023887038230896
Pedestrian 0.0 0 0.42425549030303955 729.8197631835938 172.85528564453125 741.8582153320312 196.1654815673828 0.7957698 1.8138726 0.49728042 9.841524 1.8143321 56.57263 0.5964944362640381 0.116825170814991
Cyclist 0.0 0 -1.8738430738449097 681.2628173828125 175.63067626953125 700.5125732421875 208.36395263671875 1.8012321 1.7693846 0.5477407 4.4486823 1.9276526 40.09493 -1.7633413076400757 0.38099604845046997
Cyclist 0.0 0 2.053679943084717 112.48267364501953 184.86236572265625 141.44271850585938 221.283203125 1.5287645 1.7596573 0.5621464 -24.237402 2.3751655 36.169197 1.4632961750030518 0.19092831015586853
Cyclist 0.0 0 1.5699833631515503 676.694091796875 170.88006591796875 683.4806518554688 195.05313110351562 0.9466824 1.8327073 0.51231736 5.334739 1.6834087 55.197 1.6663331985473633 0.11814221739768982
Cyclist 0.0 0 -0.318520188331604 881.7335205078125 162.1865692138672 918.275146484375 224.27340698242188 0.8216578 1.7823671 0.66603327 8.4130335 1.476488 21.068497 0.06139826774597168 0.1142020970582962
Car 0.0 0 -3.114025831222534 1109.609130859375 182.1031036376953 1231.931640625 221.93319702148438 3.7477074 1.4344122 1.5303062 22.10054 1.8240516 28.587032 -2.4559059143066406 0.16646690666675568
Car 0.0 0 1.3334870338439941 1097.9273681640625 167.96376037597656 1139.7357177734375 190.9977264404297 4.0430126 1.6242616 1.6005296 37.323517 1.2797801 53.051304 1.946582317352295 0.13104559481143951
Car 0.0 0 1.4677152633666992 579.08642578125 181.01597595214844 603.5477294921875 198.58009338378906 4.1067533 1.4575605 1.7508945 -1.7111228 2.2064655 64.02118 1.440994143486023 0.11491690576076508
Car 0.0 0 2.5586369037628174 881.1014404296875 160.51382446289062 1026.6199951171875 218.2881622314453 3.4927533 1.5802078 1.5725298 9.793183 1.243045 20.758034 2.999453067779541 0.10743341594934464
Car 0.0 0 2.1589436531066895 120.81288146972656 178.52374267578125 199.00096130371094 207.7516632080078 4.255395 1.5412402 1.6955847 -25.519789 1.8809832 41.034267 1.6025663614273071 0.10665542632341385
