Pedestrian 0.0 0 1.2070748805999756 1159.663818359375 158.690185546875 1226.9886474609375 260.1705322265625 0.9612541 1.8156753 0.6770324 10.812907 1.5626156 13.468393 1.883542537689209 0.5579624176025391
Pedestrian 0.0 0 -1.375809669494629 1127.5218505859375 204.3563995361328 1242.0 375.0 0.86755747 1.6222986 0.6665472 4.773177 1.9078692 5.995081 -0.7034009695053101 0.5477513670921326
Pedestrian 0.0 0 -0.17763787508010864 869.3648681640625 182.21217346191406 957.4076538085938 327.75848388671875 0.94728154 1.7724706 0.5715492 3.797399 1.8972719 9.212567 0.21333932876586914 0.3132540285587311
Pedestrian 0.0 0 2.1390395164489746 1180.329345703125 176.4046173095703 1242.0 295.1745910644531 0.81737137 1.7741376 0.52315617 9.346816 1.8313086 11.170038 2.835805892944336 0.27618151903152466
Pedestrian 0.0 0 -0.2687959372997284 885.6257934570312 156.32911682128906 991.6519775390625 318.0672302246094 0.9743678 1.7625759 0.59634674 3.6671007 1.5828502 8.228195 0.15045547485351562 0.2600332200527191
Pedestrian 0.0 0 1.5825600624084473 870.1078491210938 200.63723754882812 912.580322265625 315.8656921386719 0.6983042 1.536929 0.54446447 3.9442632 1.948494 10.251304 1.949857473373413 0.25666630268096924
Pedestrian 0.0 0 -1.9401886463165283 859.0800170898438 169.7667236328125 888.4387817382812 224.5003204345703 0.82667017 1.861858 0.7014921 9.073095 1.7571965 24.962135 -1.5915607213974 0.17803464829921722
Cyclist 0.0 0 -1.1766196489334106 490.54742431640625 211.15695190429688 520.9208984375 268.79974365234375 1.6211989 1.6479926 0.34648952 -3.290128 2.8897948 22.554873 -1.3214701414108276 0.46204596757888794
Cyclist 0.0 0 -1.5561213493347168 744.7981567382812 188.4990234375 759.1213989257812 246.22740173339844 1.5235089 1.6868658 0.41540617 4.3480415 2.1878269 22.296528 -1.3635286092758179 0.2209080159664154
Cyclist 0.0 0 1.2210605144500732 1158.1768798828125 157.20333862304688 1225.0611572265625 258.18927001953125 0.9803479 1.8099881 0.67679894 10.807893 1.5298364 13.502116 1.8960814476013184 0.16372258961200714
Cyclist 0.0 0 1.2123141288757324 1184.577880859375 175.97073364257812 1242.0 296.8262939453125 0.9994235 1.7770659 0.52595204 9.390369 1.8282042 11.194365 1.9102981090545654 0.1402617245912552
Car 0.0 0 -1.5375094413757324 526.0943603515625 205.18722534179688 563.0894165039062 242.29791259765625 3.8278365 1.5619553 1.699763 -3.227812 3.2517412 35.73892 -1.6275814771652222 0.3808312714099884
Car 0.0 0 -1.7073397636413574 719.9744262695312 181.6820068359375 764.6185913085938 216.32949829101562 3.8756244 1.6051224 1.6919031 6.576083 2.0750012 36.40068 -1.528609275817871 0.19520223140716553
Car 0.0 0 1.087754726409912 704.24658203125 192.13040161132812 742.7516479492188 211.0679931640625 3.32443 1.4086138 1.7834809 9.272954 3.0434215 59.315727 1.2428315877914429 0.1533016413450241
