Pedestrian 0.0 0 2.5535709857940674 818.3805541992188 136.23191833496094 847.220703125 189.3785858154297 0.7345702 1.7163037 0.5266295 7.257097 0.53399837 23.655838 2.8512346744537354 0.6608047485351562
Pedestrian 0.0 0 -0.6087309122085571 813.0150146484375 144.77272033691406 838.8616333007812 186.94789123535156 0.8733824 1.7506956 0.5687109 9.041745 0.5853969 30.355383 -0.31923580169677734 0.5139980316162109
Pedestrian 0.0 0 -0.5894759893417358 805.5411987304688 132.4000701904297 841.8121948242188 194.98219299316406 0.88433594 1.8780315 0.5906364 6.4847107 0.6644045 22.063936 -0.303619921207428 0.5056790113449097
Pedestrian 0.0 0 0.12495549023151398 641.7067260742188 159.3018035888672 656.3370971679688 183.99221801757812 1.073637 1.8719083 0.38793784 2.9486413 0.8448036 54.986965 0.1785285472869873 0.4695378839969635
Pedestrian 0.0 0 2.262836217880249 868.1482543945312 123.34831237792969 906.1175537109375 192.20179748535156 0.7266985 1.6944377 0.5580746 6.9315896 0.47649407 18.175512 2.6271796226501465 0.4369114935398102
Pedestrian 0.0 0 -1.6039146184921265 979.836181640625 112.42832946777344 1018.2636108398438 211.19786071777344 0.59480244 1.7845501 0.6081214 7.183269 0.69314784 13.435042 -1.112919807434082 0.404288113117218
Cyclist 0.0 0 2.2494726181030273 1022.817626953125 119.11438751220703 1069.86181640625 174.17178344726562 1.3888637 1.7413337 0.5525108 14.054874 0.042036384 23.315182 2.791963577270508 0.489285945892334
Cyclist 0.0 0 -0.3362225890159607 972.767578125 155.65724182128906 995.1957397460938 175.86370849609375 1.7252593 1.8272715 0.55318856 33.998337 0.27252558 65.64157 0.14167308807373047 0.3488761782646179
Car 0.0 0 -1.5465826988220215 590.69482421875 178.68971252441406 617.198486328125 203.03025817871094 4.163887 1.5272857 1.6783615 -0.3981506 1.9358288 48.37096 -1.5548137426376343 0.7201964855194092
Car 0.0 0 1.3120313882827759 692.4821166992188 161.37399291992188 723.54736328125 182.1726837158203 3.5918775 1.5804827 1.5463568 7.6417375 0.70848066 56.704803 1.4459878206253052 0.6054219007492065
Car 0.0 0 -1.6990396976470947 648.9508056640625 167.56280517578125 680.8285522460938 192.2443389892578 4.060658 1.6200432 1.6639441 3.6870215 1.273098 49.429585 -1.6245862245559692 0.47572416067123413
Car 0.0 0 1.7624157667160034 469.67938232421875 185.4969940185547 498.40673828125 205.9951629638672 3.7716913 1.5163774 1.5719823 -10.046245 2.5596962 57.618702 1.5897936820983887 0.4607105255126953
Car 0.0 0 1.3983901739120483 699.3960571289062 158.38275146484375 729.6705322265625 180.4306182861328 3.5523865 1.5403233 1.5758203 7.498867 0.5296802 52.204647 1.5410579442977905 0.42180803418159485
Car 0.0 0 0.9381725192070007 967.5215454101562 155.32199096679688 1025.550048828125 177.24407958984375 4.132519 1.5454948 1.624595 28.30295 0.30985525 53.025875 1.428459882736206 0.40379396080970764
