Pedestrian 0.0 0 -2.8576178550720215 446.49603271484375 154.15737915039062 464.6591491699219 193.28579711914062 0.6586203 1.7708455 0.6456603 -7.098664 0.9250452 32.997787 -3.0695137977600098 0.5994818806648254
Pedestrian 0.0 0 -1.7126872539520264 1061.0474853515625 120.86514282226562 1095.398681640625 188.9998321533203 0.90372974 1.8526443 0.6824648 13.02969 0.4393778 20.169708 -1.1391270160675049 0.34653228521347046
Pedestrian 0.0 0 3.582883596420288 106.17530822753906 163.4523162841797 123.81993103027344 188.02963256835938 0.93325996 1.7894357 0.5210354 -36.291405 1.1052724 52.862972 2.9812631607055664 0.3202610909938812
Cyclist 0.0 0 1.300134301185608 706.5975952148438 148.8146514892578 723.0602416992188 179.61282348632812 1.5874441 1.807982 0.56905407 6.231486 0.39712948 43.177986 1.4434655904769897 0.48950231075286865
Cyclist 0.0 0 0.7860773801803589 968.0602416992188 137.92568969726562 1004.8057250976562 177.25225830078125 1.5557574 1.7808977 0.58201003 17.423355 0.19953233 33.501354 1.265658974647522 0.29989832639694214
Car 0.0 0 -0.9085504412651062 7.085554122924805 199.56961059570312 124.67308044433594 249.51588439941406 3.2423618 1.4842772 1.5658164 -18.635996 2.4644175 24.82408 -1.552513837814331 0.8955162763595581
Car 0.0 0 1.920215129852295 216.69789123535156 185.50830078125 291.0012512207031 223.0786590576172 3.954842 1.4544864 1.6390644 -15.419571 2.041047 31.368128 1.4633357524871826 0.6127720475196838
Car 0.0 0 -2.8536438941955566 369.109375 187.216064453125 470.3620300292969 222.4418182373047 3.8887684 1.4273158 1.577041 -8.104839 2.057093 30.771467 -3.111182928085327 0.5261745452880859
Car 0.0 0 -1.404261589050293 475.3916931152344 154.4935302734375 518.643310546875 187.56097412109375 4.2265835 1.7287686 1.6823218 -6.2116666 0.76923925 39.84244 -1.558922290802002 0.5164319276809692
Car 0.0 0 -2.013545036315918 735.1217651367188 152.53758239746094 790.769287109375 180.7491912841797 4.4633827 1.7276943 1.7611195 9.762919 0.4838635 46.560356 -1.806856393814087 0.5100790858268738
Car 0.0 0 1.8316566944122314 876.8675537109375 166.0734405517578 916.1539306640625 189.38128662109375 4.231145 1.6614162 1.6805636 21.301706 1.1784464 53.628807 2.2097525596618652 0.37180882692337036
Car 0.0 0 1.3969895839691162 663.408203125 165.23704528808594 694.26806640625 189.22720336914062 3.568937 1.6352388 1.5727166 4.8025236 1.1164035 51.02094 1.4908415079116821 0.3685618042945862
Car 0.0 0 -1.3128700256347656 0.0 159.0792999267578 33.0634880065918 186.38626098632812 3.7500281 1.6853423 1.6530526 -38.868153 0.835547 46.578014 -2.0082812309265137 0.367086261510849
Car 0.0 0 -0.46058815717697144 962.6624145507812 143.6105499267578 1070.8448486328125 179.64471435546875 4.1115437 1.6485546 1.6917899 19.03322 0.3110312 33.95563 0.05030512809753418 0.36410778760910034
Car 0.0 0 2.221738338470459 94.76325988769531 178.00796508789062 160.15444946289062 202.99624633789062 3.8904333 1.5699714 1.5963331 -32.142857 1.9284568 48.14272 1.6330498456954956 0.3188411593437195
Car 0.0 0 2.7439968585968018 701.4111328125 151.82215881347656 772.3414916992188 178.3018035888672 3.8938253 1.5560462 1.6371031 7.6212234 0.3204917 43.6293 2.916933298110962 0.3085629343986511
Car 0.0 0 1.2456142902374268 879.7055053710938 166.358642578125 912.4830322265625 185.4373321533203 3.8934662 1.6544486 1.5588374 25.530556 1.0915484 64.551186 1.62224280834198 0.3034937381744385
