Car 0.0 0 -1.9500097036361694 809.3937377929688 184.70718383789062 1088.413330078125 346.74163818359375 3.699563 1.479393 1.6946236 3.6838071 1.653786 8.724673 -1.5504887104034424 0.9690104126930237
Car 0.0 0 -1.8653907775878906 734.9801635742188 181.19874572753906 887.5935668945312 274.2132568359375 4.1712017 1.4654806 1.617911 3.5994942 1.6506652 13.861834 -1.6113324165344238 0.94643634557724
Car 0.0 0 1.8145452737808228 375.96636962890625 184.3860626220703 481.2462463378906 248.34178161621094 4.4127464 1.4154565 1.6498836 -4.657605 1.7543775 18.97161 1.5738025903701782 0.9346134662628174
Car 0.0 0 2.104614496231079 0.0 194.98751831054688 330.27545166015625 375.0 3.943082 1.5117528 1.6211157 -4.700603 1.8158789 7.9272056 1.569379448890686 0.9311128258705139
Car 0.0 0 1.913550853729248 273.05126953125 190.06446838378906 435.19073486328125 290.3157043457031 3.9486103 1.5274711 1.628272 -4.675047 1.9009876 13.6570215 1.5837358236312866 0.92180335521698
Car 0.0 0 -1.7679131031036377 708.9944458007812 178.4958953857422 802.09130859375 242.15249633789062 3.8488321 1.4731039 1.6450586 3.6543183 1.6368799 18.96671 -1.5775753259658813 0.9146059155464172
Car 0.0 0 1.7163838148117065 501.1505432128906 177.25794982910156 545.0135498046875 211.28733825683594 3.6190734 1.5400037 1.6024252 -4.1951146 1.7648906 34.953987 1.5969369411468506 0.8681067824363708
Car 0.0 0 -2.3231356143951416 1028.09033203125 205.20770263671875 1242.0 375.0 3.8098655 1.4946064 1.6194775 3.613157 1.7291218 3.2521448 -1.4852008819580078 0.763603687286377
Car 0.0 0 -1.680974006652832 702.8216552734375 178.67996215820312 762.5060424804688 226.39666748046875 3.5912707 1.4702613 1.5956584 4.047033 1.6833935 24.513424 -1.5173553228378296 0.6788948774337769
Car 0.0 0 1.6888935565948486 517.4390258789062 174.21075439453125 556.6864624023438 205.32818603515625 4.1772513 1.606759 1.6599073 -3.976581 1.6854279 39.54063 1.5886610746383667 0.6436699032783508
