Pedestrian 0.0 0 1.634630799293518 767.324462890625 173.51905822753906 820.53369140625 292.3303527832031 0.8726546 1.701317 0.72271544 2.8650796 1.5883485 10.812011 1.8936675786972046 0.8404481410980225
Pedestrian 0.0 0 1.626871943473816 550.8778686523438 178.67674255371094 567.335693359375 217.14564514160156 0.7922501 1.6985335 0.692539 -1.9007976 1.5748281 32.111523 1.5677473545074463 0.7415141463279724
Pedestrian 0.0 0 3.3476831912994385 435.4193115234375 177.7960205078125 456.750244140625 238.71255493164062 0.4668603 1.6327308 0.5431123 -4.2502317 1.5346167 19.524216 3.1333370208740234 0.5395534038543701
Pedestrian 0.0 0 -1.4216628074645996 449.97344970703125 180.67735290527344 471.20147705078125 232.32662963867188 0.70855874 1.6488776 0.5783975 -4.5888734 1.6237149 23.296907 -1.6161465644836426 0.39192721247673035
Pedestrian 0.0 0 2.2113330364227295 252.1184539794922 180.58702087402344 299.4300842285156 276.8945617675781 0.46337953 1.6437408 0.59410644 -5.725424 1.6294396 12.546766 1.7832304239273071 0.38494834303855896
Pedestrian 0.0 0 1.3356674909591675 413.30548095703125 162.62059020996094 438.5777587890625 212.17405700683594 0.918082 1.850528 0.7417981 -6.7188864 1.146528 27.400866 1.0952048301696777 0.355058878660202
Pedestrian 0.0 0 -2.6356325149536133 560.47021484375 178.03903198242188 570.2337036132812 198.08226013183594 0.69639283 1.8470184 0.6096935 -3.3085163 1.5284493 66.62034 -2.6852540969848633 0.28454288840293884
Pedestrian 0.0 0 -1.230720043182373 311.068359375 152.1138458251953 329.3733215332031 189.41529846191406 0.7627677 1.8952049 0.65978575 -14.442431 0.40302786 36.886505 -1.6039094924926758 0.22862477600574493
Pedestrian 0.0 0 0.8595304489135742 417.00592041015625 183.6061248779297 445.1170959472656 231.74244689941406 0.7739937 1.7439784 0.66838515 -6.3211303 1.8243577 26.563501 0.6259124279022217 0.21674847602844238
Pedestrian 0.0 0 -2.5305943489074707 393.254150390625 175.65817260742188 423.8305969238281 230.93150329589844 0.72105557 1.7392087 0.6209052 -6.2035046 1.5564973 23.014957 -2.793879508972168 0.21415965259075165
Pedestrian 0.0 0 -2.55283522605896 317.78326416015625 161.96620178222656 391.36370849609375 281.3594970703125 0.8831093 1.8612812 0.712117 -4.03603 1.5580583 11.651895 -2.8862850666046143 0.20343592762947083
Pedestrian 0.0 0 0.1299213021993637 600.9493408203125 180.80813598632812 615.6511840820312 208.8280029296875 0.86845964 1.7389035 0.4426238 0.43590137 1.6966987 44.856586 0.13963866233825684 0.19948922097682953
Pedestrian 0.0 0 1.2777924537658691 918.6452026367188 116.88429260253906 979.7026977539062 252.02078247070312 0.70398134 1.8943627 0.62040406 5.0046396 0.98988867 10.462306 1.7239701747894287 0.1848362386226654
Pedestrian 0.0 0 1.5685384273529053 402.4508361816406 146.8737335205078 419.61553955078125 201.85150146484375 0.99862283 1.9140673 0.5795967 -6.8006134 0.7096083 25.563814 1.3085352182388306 0.17813408374786377
Pedestrian 0.0 0 -1.367695927619934 272.1554260253906 145.5578155517578 304.49322509765625 212.41822814941406 1.702266 1.7089038 0.46344033 -8.398681 0.791425 19.238176 -1.7793198823928833 0.11694857478141785
Cyclist 0.0 0 2.7186245918273926 507.57647705078125 180.01817321777344 548.5270385742188 219.40402221679688 1.7699189 1.7702099 0.6289885 -3.378177 1.7045498 32.998882 2.616607427597046 0.6672809720039368
Cyclist 0.0 0 -1.5277425050735474 393.61273193359375 172.8999786376953 412.3196105957031 229.435546875 1.825062 1.7402701 0.5044117 -6.384456 1.4766593 23.054955 -1.7978960275650024 0.2836627960205078
Cyclist 0.0 0 -1.376215934753418 271.93499755859375 144.90493774414062 304.4104919433594 212.49046325683594 1.7863108 1.7245146 0.46448666 -8.406274 0.79193205 19.24866 -1.7879714965820312 0.26946404576301575
Car 0.0 0 -1.675959587097168 633.1145629882812 145.21014404296875 722.2245483398438 225.63021850585938 3.8872912 1.654316 1.6249151 1.6196961 0.90903807 16.724787 -1.5794166326522827 0.23637035489082336
Car 0.0 0 -1.574872374534607 574.7425537109375 182.09771728515625 633.324951171875 236.87155151367188 3.7254407 1.5127686 1.6213888 0.036739163 1.5335022 21.74121 -1.5731825828552246 0.22481754422187805
Car 0.0 0 1.3029594421386719 636.150146484375 180.7993621826172 711.7242431640625 224.28781127929688 4.3037486 1.4923418 1.7172635 2.592399 1.4693696 26.914629 1.3989825248718262 0.19110248982906342
