Pedestrian 0.0 0 -1.3917951583862305 499.54534912109375 188.6766815185547 514.6997680664062 228.95587158203125 1.3290975 1.651029 0.4036361 -4.264472 1.8010509 30.249231 -1.5318500995635986 0.18149754405021667
Cyclist 0.0 0 -1.3917951583862305 499.54534912109375 188.6766815185547 514.6997680664062 228.95587158203125 1.3290975 1.651029 0.4036361 -4.264472 1.8010509 30.249231 -1.5318500995635986 0.3627728819847107
Car 0.0 0 -1.0980825424194336 39.08399200439453 190.74432373046875 363.9987487792969 340.3038635253906 4.5921135 1.446586 1.6798004 -4.857179 1.5378602 9.41811 -1.5742329359054565 0.9624367952346802
Car 0.0 0 -1.226985216140747 244.8844451904297 185.2992401123047 358.94659423828125 245.62240600585938 3.7727401 1.469324 1.6526879 -8.163843 1.472939 19.439201 -1.6245859861373901 0.943213701248169
Car 0.0 0 -1.5815088748931885 572.0984497070312 183.0599365234375 602.147216796875 209.63990783691406 3.8803928 1.4560952 1.6470131 -1.2385017 1.3391298 41.34841 -1.6114526987075806 0.9125419855117798
Car 0.0 0 -1.0601475238800049 131.77772521972656 183.11932373046875 265.7382507324219 239.6189727783203 3.830251 1.4439528 1.60943 -11.408567 1.3915074 20.284393 -1.5724844932556152 0.9092550277709961
Car 0.0 0 -1.2760155200958252 327.6444396972656 186.48985290527344 408.0015869140625 231.54608154296875 3.846363 1.4551599 1.627344 -8.365706 1.5045238 25.26555 -1.5957648754119873 0.848370373249054
Car 0.0 0 2.2596473693847656 0.0 207.22584533691406 105.37843322753906 356.86285400390625 3.7495244 1.4276985 1.5351442 -8.577096 1.7732593 9.33162 1.516356110572815 0.7065213918685913
Car 0.0 0 1.7057857513427734 292.3963317871094 180.0075225830078 342.0242614746094 216.09828186035156 3.9231858 1.5141741 1.5499239 -12.997676 1.2967982 32.2474 1.3226431608200073 0.6726528406143188
Car 0.0 0 1.72346830368042 484.69427490234375 183.0914764404297 528.9105224609375 215.92996215820312 3.7203462 1.4694177 1.5257815 -4.7564344 1.3754969 34.03326 1.5846092700958252 0.6321085691452026
