Pedestrian 0.0 0 1.8925120830535889 1013.7484130859375 137.64456176757812 1047.35693359375 203.56800842285156 0.6945524 1.7753471 0.61311054 11.545871 0.82749975 19.88822 2.4184985160827637 0.5673713684082031
Pedestrian 0.0 0 3.138378858566284 479.81573486328125 151.2994384765625 504.23114013671875 199.41360473632812 0.9152091 1.8222369 0.7575071 -4.585297 1.0062544 27.773676 2.974759578704834 0.5014777779579163
Pedestrian 0.0 0 0.7947679758071899 186.46939086914062 85.18453216552734 316.33197021484375 290.0625915527344 0.9224211 1.776506 0.60420465 -3.3688445 1.0166785 6.6883717 0.32817530632019043 0.3449069857597351
Pedestrian 0.0 0 0.19457828998565674 716.5369262695312 191.61386108398438 743.4517822265625 242.62295532226562 0.8016413 1.7188219 0.7231983 4.1408563 2.385393 25.141918 0.35781216621398926 0.3299570083618164
Car 0.0 0 1.7061738967895508 518.7527465820312 202.1107635498047 566.0665893554688 245.1656494140625 3.635226 1.572131 1.5284579 -2.8591335 2.8925512 30.704498 1.6133239269256592 0.9180678129196167
Car 0.0 0 1.5826820135116577 660.4510498046875 196.8629150390625 685.769775390625 221.07968139648438 3.6277797 1.469261 1.6639665 4.3103776 3.1763725 49.402973 1.6697109937667847 0.5446958541870117
Car 0.0 0 0.07847338169813156 666.393798828125 173.3375701904297 723.8155517578125 195.51979064941406 3.9741204 1.5534947 1.7011503 6.100043 1.5893898 51.802883 0.19568848609924316 0.5002426505088806
Car 0.0 0 2.0250768661499023 555.4306640625 162.36708068847656 596.5463256835938 183.10891723632812 4.035408 1.5851337 1.6614865 -2.6835096 0.7840594 57.3204 1.978295087814331 0.4144018888473511
Car 0.0 0 1.151031494140625 908.4788208007812 222.62342834472656 1242.0 375.0 3.795083 1.474207 1.5525904 4.252284 2.1017108 7.1130633 1.689841628074646 0.3938733637332916
Car 0.0 0 1.6989682912826538 586.410400390625 164.26690673828125 609.0199584960938 182.66217041015625 3.8933613 1.611646 1.5608176 -1.1017646 0.85967237 65.233955 1.6820805072784424 0.31804797053337097
Car 0.0 0 0.33651527762413025 757.1051635742188 161.69578552246094 817.9572143554688 184.09779357910156 3.8254485 1.5168868 1.6068054 12.39883 0.7616985 50.570763 0.5769503116607666 0.31408581137657166
