Pedestrian 0.0 0 -1.3001770973205566 901.1647338867188 117.11343383789062 950.6663818359375 219.8817596435547 0.72619504 1.8400092 0.67505205 5.823578 0.84236324 13.410562 -0.8904951810836792 0.6035618782043457
Pedestrian 0.0 0 0.08178676664829254 764.90380859375 140.6593780517578 787.9246826171875 193.12161254882812 0.7168608 1.7595596 0.6339871 5.634402 0.6801239 24.607763 0.30687522888183594 0.4750696122646332
Pedestrian 0.0 0 -0.33452266454696655 674.8211059570312 163.24668884277344 690.324462890625 192.8934783935547 0.7130389 1.6711378 0.6202686 4.092368 1.1299485 41.05375 -0.2351677268743515 0.40022143721580505
Pedestrian 0.0 0 -1.7415200471878052 941.2941284179688 91.65149688720703 1008.1769409179688 236.39682006835938 0.84496015 1.77733 0.6343953 4.652057 0.78060114 9.352723 -1.2799534797668457 0.3260197937488556
Cyclist 0.0 0 -1.7415200471878052 941.2941284179688 91.65149688720703 1008.1769409179688 236.39682006835938 0.84496015 1.77733 0.6343953 4.652057 0.78060114 9.352723 -1.2799534797668457 0.1490141898393631
Car 0.0 0 1.8398723602294922 328.3284606933594 175.10671997070312 373.2740173339844 205.2184600830078 3.9923232 1.7426573 1.5820268 -15.81626 1.8871443 44.11148 1.4955992698669434 0.7285089492797852
Car 0.0 0 -0.9775502681732178 90.00698852539062 163.7653350830078 141.24288940429688 185.22738647460938 3.5722175 1.6219182 1.5714204 -38.55003 0.9354334 56.3165 -1.5778143405914307 0.5329158306121826
Car 0.0 0 1.2382200956344604 623.9246826171875 159.14739990234375 659.6094360351562 179.87762451171875 4.145502 1.6459217 1.6728287 2.5534785 0.5580146 59.510616 1.2811017036437988 0.4923439919948578
Car 0.0 0 -1.4182472229003906 994.6640014648438 153.76524353027344 1043.0531005859375 186.08282470703125 3.473637 1.5247593 1.5864973 20.332544 0.6245005 35.894646 -0.9028618335723877 0.474553644657135
Car 0.0 0 -1.718809962272644 683.9474487304688 161.81216430664062 724.6703491210938 193.85581970214844 3.4842427 1.5625463 1.5612053 4.7425303 1.024471 36.939262 -1.5911211967468262 0.4631328284740448
Car 0.0 0 -1.6379272937774658 645.7229614257812 156.8400421142578 676.3880004882812 183.69175720214844 3.5730965 1.562624 1.6120886 3.026565 0.6310566 43.7749 -1.5688978433609009 0.41659727692604065
Car 0.0 0 2.001988172531128 244.46859741210938 166.10922241210938 290.8855285644531 187.4419403076172 4.0890775 1.5424255 1.5883516 -25.685926 1.0551134 54.220116 1.5595731735229492 0.3830369710922241
Car 0.0 0 -0.9088957905769348 798.37646484375 151.51380920410156 864.4153442382812 180.58041381835938 3.7243283 1.5688289 1.6111683 12.463696 0.41738045 40.669926 -0.6115232110023499 0.3494040369987488
Car 0.0 0 -1.990104079246521 365.48675537109375 159.7819061279297 418.6837158203125 188.43386840820312 3.878537 1.6558046 1.6423941 -13.265747 0.90072256 43.698444 -2.284837245941162 0.3364481031894684
Car 0.0 0 1.7664663791656494 161.85128784179688 181.68499755859375 212.7452850341797 211.30953979492188 3.994586 1.483771 1.6639868 -23.15034 1.9950582 39.58323 1.2372593879699707 0.32875898480415344
