Cyclist 0.0 0 -1.66661536693573 875.1535034179688 189.39883422851562 919.7374267578125 315.44146728515625 1.8872055 1.8663114 0.49371392 4.663959 2.1622384 11.912188 -1.293433427810669 0.2863486707210541
Cyclist 0.0 0 -1.6011873483657837 495.198974609375 176.26377868652344 503.6647644042969 195.1340789794922 1.7122915 1.7255782 0.7263371 -10.323556 2.047871 67.213646 -1.7535895109176636 0.24743953347206116
Car 0.0 0 2.034240484237671 155.8085174560547 185.47801208496094 329.5701599121094 268.38592529296875 4.2406507 1.5429757 1.7357256 -8.040427 1.863858 16.194563 1.573405385017395 0.9620643854141235
Car 0.0 0 1.7080657482147217 502.0766906738281 177.01080322265625 528.4801635742188 195.03375244140625 4.409365 1.4653093 1.6593331 -8.106954 1.8349688 61.890156 1.5778179168701172 0.7573553919792175
Car 0.0 0 1.3496440649032593 610.4616088867188 176.85487365722656 642.1494140625 199.36351013183594 3.777758 1.5497407 1.5018847 1.1186949 1.8516881 52.387238 1.3709951639175415 0.40854695439338684
Car 0.0 0 -2.2899010181427 879.3214721679688 222.03408813476562 1172.4832763671875 370.26947021484375 3.8762064 1.5499756 1.6859646 5.941159 2.4416144 10.9966955 -1.7945605516433716 0.2905690670013428
Car 0.0 0 1.3331494331359863 661.3953857421875 185.89915466308594 689.5220947265625 204.34521484375 3.673269 1.5677667 1.742786 5.9370747 2.7969267 66.01826 1.4228389263153076 0.28525862097740173
Car 0.0 0 1.4867626428604126 710.5377807617188 187.53097534179688 734.3875122070312 205.85130310058594 4.068752 1.5152712 1.7859377 10.095509 2.882825 65.11857 1.640570878982544 0.2304513305425644
Car 0.0 0 1.244350790977478 619.1318359375 178.63150024414062 661.9883422851562 204.28976440429688 3.639163 1.48595 1.5571256 1.8126392 1.8594605 44.63408 1.2849396467208862 0.21864163875579834
Car 0.0 0 1.8339039087295532 364.0649719238281 182.99317932128906 405.8551940917969 207.91090393066406 3.9242737 1.4912772 1.623283 -14.5687065 2.1772106 46.793102 1.5320733785629272 0.2178865522146225
Car 0.0 0 1.993804693222046 309.78631591796875 187.24354553222656 350.69439697265625 209.3086395263672 3.9830017 1.6396012 1.58736 -22.571987 2.8430552 58.293198 1.62436842918396 0.18971490859985352
Car 0.0 0 -1.0769922733306885 837.75 189.7315216064453 876.2236938476562 207.32608032226562 4.0733294 1.5266652 1.7328684 23.450447 3.176587 68.498795 -0.7471502423286438 0.18846161663532257
