Pedestrian 0.0 0 -1.5275970697402954 687.1508178710938 158.44786071777344 703.350830078125 194.08340454101562 0.74244803 1.6799052 0.73760694 4.033705 1.0011395 34.436634 -1.410994291305542 0.745527446269989
Pedestrian 0.0 0 -1.3369770050048828 777.4563598632812 146.58840942382812 794.28076171875 179.90135192871094 0.8020596 1.7677999 0.7134955 9.4254465 0.37433615 38.806103 -1.0987052917480469 0.512052595615387
Pedestrian 0.0 0 -1.870732069015503 1182.4891357421875 124.87299346923828 1225.1412353515625 196.18740844726562 0.76307476 1.8701564 0.6896161 15.907836 0.6122557 19.402357 -1.1839790344238281 0.4071357250213623
Pedestrian 0.0 0 -0.11370152235031128 846.8626708984375 119.52198028564453 900.6390991210938 226.5416259765625 0.8097212 1.7830914 0.5192422 4.4556684 0.894866 12.364852 0.2321634292602539 0.328471302986145
Pedestrian 0.0 0 -2.6243388652801514 252.11581420898438 118.86945343017578 303.1569519042969 201.04190063476562 0.81786853 1.8183597 0.6874183 -7.5671897 0.6241158 16.340504 -3.058028221130371 0.3152996003627777
Pedestrian 0.0 0 -1.0248363018035889 162.95477294921875 120.6063461303711 210.65255737304688 207.01356506347656 0.76151615 1.7501388 0.539388 -8.835318 0.69224423 14.996046 -1.5572593212127686 0.308608740568161
Cyclist 0.0 0 1.7471007108688354 399.80120849609375 122.8423843383789 433.3601379394531 184.2439422607422 1.6167288 1.8062757 0.72145605 -5.9410768 0.33542073 22.059618 1.4840235710144043 0.7322387099266052
Cyclist 0.0 0 1.8482072353363037 294.6031799316406 128.4894561767578 338.7654724121094 203.84800720214844 1.7970798 1.822275 0.57412165 -7.488965 0.74983627 18.369608 1.4610956907272339 0.6823281645774841
Cyclist 0.0 0 -1.8135027885437012 841.6380615234375 145.2195281982422 862.595703125 186.79351806640625 1.7956873 1.7829943 0.45557046 10.6364765 0.5981851 31.855135 -1.4912409782409668 0.5961602330207825
Cyclist 0.0 0 1.7332570552825928 167.67083740234375 116.99480438232422 206.57237243652344 186.4447479248047 1.5634444 1.723836 0.6301177 -11.015969 0.33769745 18.749475 1.2020535469055176 0.5121056437492371
Cyclist 0.0 0 2.129469871520996 1078.577880859375 106.18753814697266 1142.1580810546875 176.9833526611328 1.6302239 1.8268187 0.62491065 13.287898 0.10691202 19.22567 2.734234094619751 0.3794751465320587
Cyclist 0.0 0 -1.0502612590789795 26.66145133972168 78.15364837646484 115.81532287597656 198.07374572753906 1.1248052 1.7131743 0.6009207 -8.157283 0.36064613 10.899889 -1.6927261352539062 0.3201596140861511
Car 0.0 0 -0.23265308141708374 678.378173828125 178.00880432128906 837.1240844726562 229.77467346191406 4.437995 1.4902568 1.7253071 4.352661 1.6538289 21.899942 -0.03645763918757439 0.9580532312393188
Car 0.0 0 -0.08280391246080399 642.3009643554688 178.7313232421875 712.3638305664062 203.07301330566406 4.1363773 1.4448485 1.6284987 4.038444 1.8108927 44.059288 0.008599996566772461 0.7928505539894104
Car 0.0 0 -1.3918119668960571 511.7161865234375 167.7418670654297 537.1395263671875 184.96182250976562 4.0468545 1.5219665 1.610608 -7.7934833 1.0704945 65.83844 -1.5096365213394165 0.5649315118789673
Car 0.0 0 -1.3305809497833252 767.03515625 156.23562622070312 813.3903198242188 185.84649658203125 3.8053548 1.5658323 1.6501468 10.052617 0.6874052 40.2203 -1.0856597423553467 0.41100987792015076
Car 0.0 0 1.759214997291565 477.7593994140625 165.2569580078125 516.0369873046875 190.9224853515625 4.193907 1.6299354 1.7591895 -7.491609 1.1478297 47.944958 1.6042139530181885 0.37181273102760315
Car 0.0 0 -1.6782329082489014 649.2832641601562 164.7703857421875 671.9539794921875 182.2738800048828 4.2048783 1.5816758 1.663591 4.672455 0.8515701 67.33049 -1.6089481115341187 0.3222481310367584
