Pedestrian 0.0 0 0.014794617891311646 818.250244140625 102.15491485595703 883.6867065429688 209.1229248046875 1.0626295 1.812542 0.6960671 4.295681 0.4866552 12.483443 0.34621286392211914 0.49170544743537903
Pedestrian 0.0 0 0.07429923117160797 707.2039184570312 120.22282409667969 739.8876953125 189.3819580078125 0.7889873 1.7423177 0.59334844 3.0181627 0.22535549 18.189177 0.23873281478881836 0.47245463728904724
Pedestrian 0.0 0 0.22739341855049133 562.91162109375 126.89896392822266 607.0419311523438 218.47293090820312 0.8051834 1.858193 0.6009355 -0.4514763 0.7721618 14.715626 0.19672298431396484 0.4531896412372589
Pedestrian 0.0 0 1.1946474313735962 753.63720703125 95.2083969116211 813.5890502929688 205.6207733154297 0.90604556 1.85504 0.73222864 3.0652425 0.42370355 12.37182 1.4375168085098267 0.4369509220123291
Pedestrian 0.0 0 0.11873790621757507 614.0453491210938 154.03387451171875 731.0170288085938 336.0713806152344 1.1594694 1.8038536 0.66652703 0.678045 1.5432892 7.447899 0.20952606201171875 0.4254389703273773
Pedestrian 0.0 0 -0.3585968315601349 910.3526000976562 98.24984741210938 975.1344604492188 210.16766357421875 0.8271708 1.8121649 0.558922 5.558631 0.48202968 11.756325 0.08307170867919922 0.3788639307022095
Pedestrian 0.0 0 -3.6211631298065186 966.5584106445312 86.24402618408203 1034.692626953125 198.28265380859375 0.7915797 1.8142868 0.62007785 6.525266 0.28961524 11.765095 -3.1147727966308594 0.3235322833061218
Pedestrian 0.0 0 -3.7021422386169434 1103.2061767578125 95.01214599609375 1197.1146240234375 209.62161254882812 1.0632746 1.8128697 0.5853114 8.817776 0.4622956 11.519629 -3.0488221645355225 0.3114229142665863
Pedestrian 0.0 0 1.7140476703643799 621.1121826171875 127.5423583984375 649.6329345703125 199.2357177734375 0.764538 1.7898864 0.6280862 0.7463454 0.4693481 18.08051 1.7553032636642456 0.30944108963012695
Pedestrian 0.0 0 1.6094093322753906 520.7844848632812 109.96463012695312 551.0482788085938 197.16143798828125 0.8583091 1.7895709 0.6074473 -1.4929535 0.3435731 14.952888 1.5098953247070312 0.30359888076782227
Pedestrian 0.0 0 -2.5841996669769287 195.24691772460938 116.26976013183594 252.2623291015625 206.3106689453125 0.80266875 1.7394135 0.58918625 -7.568086 0.50024396 13.97233 -3.0806081295013428 0.2478991001844406
Cyclist 0.0 0 -3.7021422386169434 1103.2061767578125 95.01214599609375 1197.1146240234375 209.62161254882812 1.0632746 1.8128697 0.5853114 8.817776 0.4622956 11.519629 -3.0488221645355225 0.19839759171009064
Cyclist 0.0 0 -0.39351439476013184 892.0350341796875 96.94514465332031 967.2893676757812 210.9300537109375 1.00137 1.8527522 0.5584881 5.3520036 0.4962738 11.783187 0.03283238410949707 0.1550552099943161
Cyclist 0.0 0 -0.03630167245864868 818.3914794921875 102.3394546508789 885.68701171875 210.63742065429688 1.0927924 1.8376278 0.6911716 4.295649 0.5130277 12.481992 0.2951500415802002 0.1245129406452179
Cyclist 0.0 0 1.201847791671753 752.8410034179688 94.66091918945312 814.7269897460938 206.1524200439453 0.9652856 1.8681718 0.7481272 3.0654118 0.43148613 12.36829 1.4447966814041138 0.11711133271455765
Car 0.0 0 -1.7267820835113525 722.2566528320312 134.06007385253906 805.8531494140625 196.27403259277344 3.958578 1.554863 1.6445067 4.2758327 0.3958225 19.689253 -1.5129367113113403 0.3555925786495209
Car 0.0 0 -1.2021434307098389 483.719970703125 138.767578125 579.9323120117188 197.03126525878906 3.7509766 1.5558444 1.5766146 -2.0873582 0.4430261 20.893278 -1.3017187118530273 0.26835522055625916
