Pedestrian 0.0 0 -1.6725473403930664 762.8803100585938 163.71441650390625 789.0580444335938 227.32769775390625 0.73774856 1.8270805 0.67145634 5.076092 1.3173877 21.039877 -1.4358108043670654 0.4284997284412384
Pedestrian 0.0 0 1.2962206602096558 685.4157104492188 167.69683837890625 717.7405395507812 237.82212829589844 0.8232336 1.6939701 0.5897221 2.4394875 1.3617308 17.798075 1.4324365854263306 0.35677701234817505
Pedestrian 0.0 0 2.136089324951172 466.7464904785156 179.05519104003906 509.8304443359375 253.29180908203125 0.8826077 1.8304324 0.72277075 -2.9015336 1.7713401 18.257595 1.978485345840454 0.25902459025382996
Pedestrian 0.0 0 0.4355464577674866 99.88652038574219 179.10328674316406 188.7410888671875 339.2460632324219 0.64070386 1.7182775 0.6198989 -5.1537995 1.6939203 8.05475 -0.13365744054317474 0.24162961542606354
Pedestrian 0.0 0 1.186995029449463 474.9709167480469 158.43861389160156 491.2770080566406 197.65850830078125 0.64020437 1.9593793 0.6183896 -5.9903593 0.80813956 36.318798 1.0235285758972168 0.16972211003303528
Pedestrian 0.0 0 3.037999153137207 501.35113525390625 174.64471435546875 519.91259765625 208.85777282714844 0.94244105 1.827726 0.53461003 -4.902664 1.4623408 38.739677 2.912114381790161 0.15983477234840393
Cyclist 0.0 0 0.054946672171354294 534.1371459960938 181.24774169921875 565.6646118164062 215.90379333496094 1.6661088 1.8524753 0.56800437 -2.772915 1.8398277 38.692425 -0.016596589237451553 0.152353435754776
Cyclist 0.0 0 1.2961909770965576 684.7105712890625 167.66415405273438 718.2449340820312 238.78640747070312 0.8975179 1.7127454 0.59853387 2.4335766 1.3807502 17.781921 1.4322028160095215 0.11747252941131592
Car 0.0 0 -1.671421766281128 644.2763061523438 170.36109924316406 685.3885498046875 204.45614624023438 3.8662927 1.6067958 1.6488761 3.096742 1.0827676 35.79508 -1.5851235389709473 0.8656154274940491
Car 0.0 0 1.9820115566253662 35.249202728271484 137.3827667236328 456.1608581542969 374.0 4.1995187 1.8360778 1.7243241 -2.7105505 1.5620207 6.600564 1.59235417842865 0.7819390892982483
Car 0.0 0 -1.6161317825317383 536.6859741210938 180.27822875976562 565.242431640625 209.05967712402344 2.552223 1.5390799 1.4577111 -2.8192873 1.474583 39.762127 -1.6869171857833862 0.3117932379245758
Car 0.0 0 2.4209063053131104 0.0 168.26617431640625 160.91427612304688 372.9920654296875 3.9730701 1.5193919 1.5583562 -6.7319307 1.4225749 7.389322 1.682027816772461 0.2922977805137634
Car 0.0 0 -2.760669231414795 281.3706359863281 137.12254333496094 433.4888610839844 188.4989013671875 4.19622 1.5395832 1.6420784 -7.582472 0.21085846 22.459372 -3.0862624645233154 0.1995839774608612
Car 0.0 0 -0.5955188274383545 0.0 126.17086029052734 89.60871124267578 210.5622100830078 4.701191 2.4880767 1.84908 -19.866886 0.8579592 23.689701 -1.2933746576309204 0.19487643241882324
Car 0.0 0 1.542050838470459 549.6494140625 171.7366180419922 571.84033203125 194.9676055908203 4.012422 1.6998538 1.563828 -3.1044493 0.98604524 54.624905 1.4852797985076904 0.19025163352489471
