Pedestrian 0.0 0 1.7690571546554565 408.47589111328125 162.41131591796875 426.40655517578125 201.66941833496094 0.69270545 1.8973119 0.724809 -9.438332 1.3929832 35.237213 1.5073491334915161 0.39839550852775574
Pedestrian 0.0 0 -0.5032647252082825 0.0 32.20635223388672 164.79344177246094 375.0 0.5002337 1.713047 0.7732642 -2.3801126 1.2130401 2.9417946 -1.183510661125183 0.38975629210472107
Pedestrian 0.0 0 -1.0532922744750977 1050.6202392578125 163.4965362548828 1105.75927734375 262.2416687011719 0.66579574 1.7276044 0.5834737 8.403088 1.5642477 13.033577 -0.4806334972381592 0.3160102367401123
Pedestrian 0.0 0 -1.924286127090454 1202.9293212890625 159.3333282470703 1242.0 287.3968505859375 0.55109113 1.7429463 0.59081733 8.790712 1.5592875 10.179132 -1.2119485139846802 0.2891368269920349
Pedestrian 0.0 0 -3.2852182388305664 968.5614013671875 144.49307250976562 993.0584716796875 196.52198791503906 0.70503134 1.8966562 0.76409745 13.710302 0.86314803 26.775682 -2.8119826316833496 0.2689553499221802
Cyclist 0.0 0 -2.0533447265625 1054.6964111328125 136.73106384277344 1131.58984375 229.5862274169922 1.7778448 1.668544 0.4468792 9.189458 1.0197972 13.869929 -1.4682008028030396 0.28662633895874023
Car 0.0 0 -1.8906505107879639 758.823974609375 181.09152221679688 979.7825927734375 332.6803894042969 3.5739815 1.5703765 1.593596 3.0730467 1.6991993 9.458197 -1.576501488685608 0.9709497690200806
Car 0.0 0 -1.7845194339752197 669.9849243164062 177.79592895507812 754.8900146484375 238.21896362304688 3.6567092 1.5264555 1.615194 2.7487676 1.6796231 20.42099 -1.6507186889648438 0.9621190428733826
Car 0.0 0 -1.797143816947937 707.454345703125 173.69375610351562 815.2080688476562 255.33021545410156 3.2698514 1.5792664 1.5620316 3.111774 1.5997682 15.647236 -1.6008344888687134 0.9551846981048584
Car 0.0 0 -1.4200797080993652 438.72052001953125 176.56686401367188 523.8796997070312 240.3313751220703 3.9110906 1.5178996 1.6735613 -3.3882697 1.6281376 19.376945 -1.5931904315948486 0.9394453167915344
Car 0.0 0 -1.6029614210128784 647.84130859375 175.92413330078125 683.886962890625 208.44564819335938 3.4767382 1.4141144 1.5458196 2.5083907 1.5644515 33.47534 -1.5281686782836914 0.8770485520362854
Car 0.0 0 -1.9185720682144165 600.4492797851562 175.1370849609375 632.1852416992188 193.47088623046875 3.8818533 1.5746183 1.6097164 0.5107678 1.7859935 64.58809 -1.9106642007827759 0.36501437425613403
