Pedestrian 0.0 0 -1.4553695917129517 278.0043029785156 132.80764770507812 304.953369140625 186.58285522460938 0.8654168 1.7510066 0.7273172 -10.637086 0.44739145 24.012867 -1.8723657131195068 0.6444026827812195
Pedestrian 0.0 0 -1.5582464933395386 415.5398254394531 160.78988647460938 431.0984802246094 197.9769744873047 0.6933809 1.836057 0.7450511 -9.360473 1.2407671 36.047813 -1.8123037815093994 0.5353738069534302
Pedestrian 0.0 0 2.0950849056243896 188.7415008544922 108.94285583496094 271.679443359375 208.2852020263672 1.880888 1.8299273 0.5868932 -7.4944654 0.6530154 14.239658 1.6106120347976685 0.14646536111831665
Cyclist 0.0 0 2.0950849056243896 188.7415008544922 108.94285583496094 271.679443359375 208.2852020263672 1.880888 1.8299273 0.5868932 -7.4944654 0.6530154 14.239658 1.6106120347976685 0.7411046624183655
Car 0.0 0 -1.8633259534835815 714.301025390625 189.54335021972656 892.4464111328125 312.6566467285156 3.704114 1.470488 1.5522271 2.6777732 1.7695419 11.019566 -1.6249446868896484 0.958897054195404
Car 0.0 0 -2.0696496963500977 800.440673828125 199.23391723632812 1242.0 375.0 4.223029 1.4899622 1.6255282 3.1131895 1.8051136 6.4581604 -1.620460867881775 0.9523443579673767
Car 0.0 0 1.789162039756775 290.942626953125 197.627197265625 424.4057922363281 301.0651550292969 3.4561138 1.4916545 1.548851 -4.4562883 2.0027018 13.068686 1.4605365991592407 0.941993772983551
Car 0.0 0 -1.7784980535507202 646.9535522460938 178.40408325195312 750.8629150390625 258.2405090332031 3.357459 1.5694307 1.6230761 1.828382 1.7076571 16.172588 -1.665921688079834 0.931251585483551
Car 0.0 0 2.001471519470215 0.0 207.9530792236328 348.8912048339844 375.0 4.246042 1.5439204 1.670309 -3.8102338 1.9662629 6.475552 1.4696228504180908 0.9131245017051697
Car 0.0 0 -1.6671926975250244 604.0475463867188 184.19500732421875 654.9102783203125 225.97903442382812 4.1824617 1.4912627 1.6348273 0.6710601 1.9821291 29.058907 -1.6441036462783813 0.8843576312065125
Car 0.0 0 1.6962401866912842 481.0903625488281 181.51963806152344 513.8941650390625 207.84593200683594 3.822365 1.5574288 1.5972474 -7.1436415 2.132164 45.888855 1.5418070554733276 0.7432029843330383
Car 0.0 0 -0.5065029859542847 737.6946411132812 158.3692626953125 800.2570190429688 183.02490234375 3.5028424 1.5026404 1.5812982 9.922938 0.6202251 45.23068 -0.2905392050743103 0.5589902997016907
Car 0.0 0 -0.7732497453689575 673.2944946289062 162.83950805664062 724.7239379882812 183.70449829101562 3.7167568 1.4866792 1.5776155 6.548776 0.7734815 53.161804 -0.6506814956665039 0.5325148701667786
