Pedestrian 0.0 0 0.8867008090019226 141.51303100585938 122.38337707519531 192.99734497070312 205.665771484375 0.779093 1.8383826 0.64836925 -10.083021 0.72464746 16.358597 0.33432817459106445 0.39172622561454773
Cyclist 0.0 0 1.933563232421875 307.13970947265625 130.60507202148438 351.2673645019531 193.54530334472656 1.974331 1.798938 0.5705802 -8.42718 0.59175026 21.609728 1.5617318153381348 0.46858522295951843
Car 0.0 0 -1.3486461639404297 438.84197998046875 161.49197387695312 585.1128540039062 268.75042724609375 4.4183893 1.6499665 1.7126883 -1.6554792 1.4755412 13.379781 -1.4717503786087036 0.952003002166748
Car 0.0 0 -1.575091004371643 853.9589233398438 178.14187622070312 1007.282958984375 311.5030822753906 3.5623221 1.4024439 1.5628694 4.1893067 1.4880476 9.684229 -1.1668086051940918 0.9309119582176208
Car 0.0 0 1.9051415920257568 266.4312744140625 179.34364318847656 434.1624755859375 274.313232421875 4.2467275 1.5066 1.6915241 -4.7938166 1.6507373 13.858574 1.572115182876587 0.9255409240722656
Car 0.0 0 2.480417251586914 0.0 185.15386962890625 191.58203125 375.0 3.7737284 1.45975 1.54638 -3.4467256 1.5374331 2.6407776 1.5633907318115234 0.6575446724891663
Car 0.0 0 -1.3031768798828125 887.0181884765625 169.19183349609375 1040.59423828125 260.569580078125 4.224788 1.5532813 1.6845703 7.1200533 1.4913877 14.40057 -0.8439963459968567 0.47599372267723083
Car 0.0 0 1.7102155685424805 607.8345336914062 159.2727508544922 638.0953979492188 181.93630981445312 3.7749796 1.4904289 1.5652667 0.89518124 0.59764093 49.434788 1.72832190990448 0.36787518858909607
Car 0.0 0 -0.1680816113948822 584.6837768554688 160.72500610351562 661.8138427734375 190.5278778076172 3.793958 1.504736 1.5859271 0.62502575 0.8927057 37.497467 -0.1514146775007248 0.3469145596027374
Car 0.0 0 2.290311336517334 442.5174560546875 163.9488983154297 490.66986083984375 185.15438842773438 3.9865181 1.6722759 1.6462328 -11.713906 0.970373 59.03585 2.094435214996338 0.32897913455963135
Car 0.0 0 -1.1097416877746582 527.6011352539062 168.57337951660156 569.73388671875 189.80043029785156 3.7381442 1.5326931 1.6616166 -4.5871596 1.2239699 54.13928 -1.1942687034606934 0.32272443175315857
