Pedestrian 0.0 0 1.4725582599639893 416.95892333984375 181.90216064453125 431.315673828125 213.24505615234375 1.8507006 1.7306107 0.61610305 -10.700746 2.2620738 41.374928 1.2194750308990479 0.1055520698428154
Cyclist 0.0 0 1.61669921875 461.2323303222656 179.957763671875 471.5379638671875 203.16123962402344 1.8683742 1.6764005 0.66904867 -10.708484 2.2150362 53.69695 1.419857144355774 0.46207523345947266
Cyclist 0.0 0 0.6650201678276062 1006.6810302734375 185.17494201660156 1062.77392578125 234.83145141601562 1.9600317 1.7993408 0.49807268 16.198904 2.2889128 27.643513 1.1950767040252686 0.36026471853256226
Cyclist 0.0 0 1.4725582599639893 416.95892333984375 181.90216064453125 431.315673828125 213.24505615234375 1.8507006 1.7306107 0.61610305 -10.700746 2.2620738 41.374928 1.2194750308990479 0.32319754362106323
Cyclist 0.0 0 1.5114893913269043 437.75421142578125 180.07713317871094 453.98858642578125 213.78369140625 1.7419146 1.6534559 0.7008827 -8.400554 2.0308547 36.72657 1.2866253852844238 0.21069052815437317
Cyclist 0.0 0 -2.1120171546936035 925.16748046875 187.28912353515625 958.3429565429688 227.96876525878906 1.88598 1.8283199 0.52408487 15.610231 2.5298386 34.078396 -1.68247389793396 0.18425709009170532
Car 0.0 0 -1.603858470916748 583.36181640625 185.81121826171875 616.7618408203125 216.40457153320312 3.726197 1.4451299 1.6077731 -0.59683806 2.1546955 37.590107 -1.6197346448898315 0.9175868034362793
Car 0.0 0 -1.5127174854278564 533.5812377929688 184.28060913085938 562.9102172851562 208.93777465820312 3.963121 1.4489938 1.648013 -3.9502606 2.2136927 46.25867 -1.5979058742523193 0.915406346321106
Car 0.0 0 2.205475330352783 318.1318359375 184.00144958496094 383.77996826171875 211.49143981933594 4.153662 1.5282515 1.635342 -15.800173 2.2449203 44.137604 1.8617132902145386 0.7053248882293701
Car 0.0 0 0.19862008094787598 146.7882843017578 190.45494079589844 206.2763671875 210.37257385253906 3.7989793 1.4732398 1.6468958 -34.377422 2.9053082 57.276463 -0.34194761514663696 0.2305687814950943
Car 0.0 0 1.2658271789550781 675.8154296875 193.990478515625 710.6402587890625 216.31076049804688 3.539533 1.5498768 1.6747313 6.3483167 3.2342572 55.588207 1.3795371055603027 0.21032090485095978
