Pedestrian 0.0 0 -0.21521678566932678 802.0765991210938 160.52365112304688 816.5927124023438 184.4176788330078 1.0094513 1.8634418 0.51549363 15.596097 0.9021841 56.552876 0.053873538970947266 0.5450860261917114
Pedestrian 0.0 0 2.7774205207824707 748.7850952148438 160.4821319580078 761.6689453125 181.08644104003906 1.0843256 1.9353461 0.50216025 13.689256 0.7736244 68.10786 2.975771427154541 0.4570469260215759
Pedestrian 0.0 0 -0.4464368224143982 784.03369140625 158.26907348632812 799.78759765625 185.03785705566406 0.74003994 1.6695335 0.6793604 11.413054 0.76024896 45.40506 -0.20017775893211365 0.39342546463012695
Pedestrian 0.0 0 2.3952174186706543 972.2811279296875 143.2028045654297 992.6586303710938 176.77444458007812 0.78227204 1.8283267 0.6212178 20.455 0.21386665 39.69637 2.871019124984741 0.36155182123184204
Pedestrian 0.0 0 1.8028137683868408 1205.8077392578125 111.82691955566406 1242.0 196.0380096435547 0.87760746 1.7957655 0.61513954 13.601133 0.49474692 15.890931 2.5107262134552 0.3351846933364868
Pedestrian 0.0 0 1.3194918632507324 1197.3699951171875 129.02157592773438 1224.7442626953125 179.31961059570312 0.9154598 1.9584291 0.62563235 23.806444 0.25210646 28.63896 2.0130057334899902 0.2968153953552246
Pedestrian 0.0 0 2.510124921798706 989.373779296875 125.51910400390625 1040.1962890625 177.7852020263672 1.5368462 1.8482733 0.59494174 14.481141 0.17473868 25.901346 3.019918918609619 0.10020521283149719
Cyclist 0.0 0 -0.4531267285346985 985.0731201171875 128.6920623779297 1037.804931640625 179.54978942871094 1.5278158 1.8017393 0.6435073 14.365822 0.23757029 25.920938 0.0529482364654541 0.4585997760295868
Cyclist 0.0 0 0.8518681526184082 1039.61181640625 106.6899642944336 1106.7349853515625 177.74224853515625 1.8988264 2.133828 0.6908894 14.458541 0.14716071 22.656887 1.419869303703308 0.38744738698005676
Cyclist 0.0 0 1.627500295639038 751.9810180664062 160.39175415039062 758.1142578125 180.9045867919922 1.0319581 1.9192724 0.5103775 13.668185 0.7536063 68.07115 1.825657844543457 0.18168047070503235
Car 0.0 0 -1.6247183084487915 590.9697265625 178.05697631835938 620.6179809570312 203.71485900878906 4.2960405 1.658523 1.8058767 -0.3622932 2.03335 49.72858 -1.6320035457611084 0.8397350311279297
Car 0.0 0 1.9239904880523682 366.976318359375 187.50946044921875 407.2605895996094 207.5196075439453 4.3728576 1.4780538 1.731172 -18.125397 2.7178807 58.790432 1.6249316930770874 0.7940965294837952
Car 0.0 0 -2.326336145401001 823.1815795898438 159.6687774658203 890.349853515625 190.24185180664062 3.2704983 1.5464088 1.5487647 13.009594 0.87984806 38.302326 -1.9989066123962402 0.5237219929695129
Car 0.0 0 -3.157264232635498 624.4840698242188 165.41871643066406 663.3787231445312 181.6201934814453 3.6811874 1.5336399 1.5915525 3.2195535 0.8301695 69.15051 -3.110739231109619 0.47663888335227966
Car 0.0 0 1.289069414138794 815.4138793945312 158.08941650390625 851.50927734375 178.68031311035156 3.8657753 1.509296 1.6024837 16.907364 0.42742094 54.831947 1.5881679058074951 0.3918231427669525
Car 0.0 0 -0.5591923594474792 877.5432739257812 159.9285888671875 936.2141723632812 180.68971252441406 3.8973672 1.5525312 1.577478 22.611507 0.58631694 55.06059 -0.1695251613855362 0.33318620920181274
Car 0.0 0 1.073061227798462 949.90869140625 146.463623046875 1018.076416015625 175.49327087402344 4.10202 1.5703467 1.6841456 21.172686 0.14312747 41.097588 1.5487796068191528 0.325448602437973
Car 0.0 0 2.2942097187042236 327.94757080078125 169.62669372558594 372.47332763671875 188.26077270507812 3.971574 1.682319 1.7073573 -24.203754 1.3913094 67.299675 1.9489716291427612 0.3055465817451477
Car 0.0 0 3.668518304824829 0.0 147.14956665039062 45.789180755615234 187.89358520507812 4.403494 1.6488131 1.6986872 -26.839289 0.6089741 30.456867 2.9461746215820312 0.295388400554657
