Pedestrian 0.0 0 0.401393860578537 634.5218505859375 162.92416381835938 645.7715454101562 182.86000061035156 0.87634104 1.791477 0.53795564 2.707494 0.89951813 65.266975 0.4428534507751465 0.5294931530952454
Pedestrian 0.0 0 0.5573219656944275 344.54052734375 171.9773406982422 358.6296081542969 196.75845336914062 0.8365475 1.7396853 0.4287744 -18.275501 1.6784992 50.948593 0.21291351318359375 0.3509569466114044
Pedestrian 0.0 0 1.304445743560791 918.8423461914062 126.52294921875 952.6810302734375 189.62039184570312 0.82547504 1.8010758 0.7058419 9.449598 0.47894385 21.055498 1.7262970209121704 0.3126012086868286
Pedestrian 0.0 0 2.3025903701782227 941.80810546875 126.83702850341797 982.9293212890625 190.4438018798828 0.7899598 1.741834 0.68270427 9.824295 0.4820444 20.22126 2.7548458576202393 0.3003878593444824
Pedestrian 0.0 0 1.4386121034622192 761.178955078125 158.71067810058594 772.8587036132812 185.4739532470703 0.73947495 1.7563545 0.662627 10.356618 0.82854927 47.744015 1.6522223949432373 0.2861900329589844
Pedestrian 0.0 0 -3.1671507358551025 687.84814453125 157.53831481933594 699.8513793945312 180.93885803222656 0.89029974 1.7641453 0.5137322 6.32681 0.60986817 54.688957 -3.0519754886627197 0.2735564708709717
Cyclist 0.0 0 1.251185655593872 635.809326171875 162.6051483154297 644.6180419921875 183.02041625976562 0.9179477 1.8314031 0.53371656 2.7096975 0.91236144 65.239235 1.2926965951919556 0.14651110768318176
Car 0.0 0 2.1948118209838867 0.0 185.5520477294922 205.71389770507812 270.1242370605469 4.4183173 1.5529972 1.708339 -11.212981 1.8765274 16.1376 1.5875602960586548 0.9109581112861633
Car 0.0 0 -1.6134854555130005 552.7880249023438 180.04957580566406 723.240478515625 343.55120849609375 4.463496 1.6394632 1.7630728 0.18364292 1.7588662 9.682507 -1.5945212841033936 0.8190170526504517
Car 0.0 0 1.9619665145874023 301.0697021484375 168.14503479003906 336.96209716796875 187.2808380126953 3.7021108 1.6270695 1.628764 -25.466148 1.2270355 63.205364 1.5789530277252197 0.4125485122203827
Car 0.0 0 2.3584728240966797 177.10594177246094 176.2045440673828 237.7416229248047 199.22097778320312 3.6013508 1.504469 1.5506701 -27.681026 1.7445234 49.671352 1.8500548601150513 0.4021439552307129
Car 0.0 0 1.436706781387329 584.3998413085938 166.95286560058594 633.7966918945312 205.3479461669922 3.7329595 1.515431 1.5852308 -0.1388256 1.2828746 30.43404 1.4321452379226685 0.39703524112701416
Car 0.0 0 -1.6652292013168335 680.8645629882812 163.17633056640625 707.0700073242188 183.9549560546875 4.0103035 1.5683289 1.6602678 6.510879 0.83823586 56.47907 -1.5504562854766846 0.3164405822753906
Car 0.0 0 -0.24421009421348572 646.10400390625 162.07188415527344 708.4850463867188 187.186279296875 3.4554808 1.4693013 1.5159256 3.9768724 0.83885854 43.221897 -0.1524578481912613 0.2817816138267517
Car 0.0 0 -2.716484546661377 601.995849609375 165.7689971923828 646.1439208984375 183.3922882080078 3.7267954 1.5814378 1.5974072 1.2704389 0.9460185 66.267 -2.6973154544830322 0.275919646024704
Car 0.0 0 -2.380215883255005 119.51434326171875 166.8813934326172 178.6890411376953 188.61170959472656 3.571718 1.5668478 1.5764084 -33.955124 1.1365559 53.138916 -2.9488108158111572 0.27345946431159973
Car 0.0 0 -0.6841170787811279 721.7548828125 154.3486785888672 803.1446533203125 184.3616180419922 4.135981 1.5271832 1.6337937 8.087199 0.5859132 38.386463 -0.47647520899772644 0.26623138785362244
