Pedestrian 0.0 0 2.607053279876709 953.102294921875 155.05438232421875 1024.3387451171875 276.27862548828125 0.76439285 1.7837845 0.5827364 5.6701903 1.5222253 10.926753 3.0857276916503906 0.2477235198020935
Pedestrian 0.0 0 1.3808424472808838 846.0835571289062 128.31265258789062 880.2387084960938 194.4794158935547 0.89782757 1.9407488 0.81052727 7.543411 0.63465685 21.6636 1.715918779373169 0.19545277953147888
Cyclist 0.0 0 1.2579362392425537 731.1802978515625 148.69093322753906 788.4006958007812 241.34823608398438 1.804923 1.8644232 0.66790277 3.1235642 1.3785789 15.450275 1.4574164152145386 0.9603868126869202
Car 0.0 0 -1.5190329551696777 586.3656005859375 175.98269653320312 613.2205200195312 199.31787109375 3.8348136 1.4850814 1.60644 -0.6797035 1.7036965 48.385128 -1.5330798625946045 0.627254843711853
Car 0.0 0 2.4539849758148193 1115.6336669921875 147.77471923828125 1209.89111328125 177.28880310058594 3.878973 1.5482635 1.6051941 29.579737 0.23300129 38.718407 3.106367588043213 0.27608877420425415
Car 0.0 0 1.8009790182113647 390.4578857421875 171.12852478027344 459.745849609375 217.6156463623047 4.261823 1.6742127 1.6840261 -7.148633 1.6124284 28.12938 1.5521132946014404 0.26516520977020264
Car 0.0 0 1.6354321241378784 617.1103515625 178.5441436767578 645.71435546875 203.17735290527344 3.9176753 1.5081887 1.6200637 1.4049927 1.896276 47.136723 1.6652300357818604 0.23529648780822754
Car 0.0 0 1.7353235483169556 457.97442626953125 178.88316345214844 496.8708801269531 206.4513702392578 3.8139086 1.4569495 1.5655282 -7.4967523 1.815044 40.88934 1.55399489402771 0.2138119637966156
Car 0.0 0 2.105663537979126 0.0 208.68826293945312 78.46735382080078 263.63580322265625 3.298629 1.4232763 1.5558807 -18.587809 2.638611 22.713758 1.4198331832885742 0.21154478192329407
Car 0.0 0 1.8454320430755615 716.9445190429688 162.83251953125 772.7546997070312 196.17103576660156 3.7962666 1.4615918 1.5918196 6.3087015 1.0225986 33.68435 2.03057599067688 0.18478967249393463
Car 0.0 0 1.9315963983535767 249.78773498535156 174.32225036621094 305.8589782714844 201.2413330078125 4.044852 1.4968854 1.674082 -19.484491 1.5877967 42.421986 1.501034140586853 0.16052080690860748
Car 0.0 0 2.112722396850586 239.61199951171875 196.617919921875 319.889892578125 234.22158813476562 3.7037246 1.4447814 1.5576466 -14.629747 2.5654893 32.085644 1.684923768043518 0.15419287979602814
