Pedestrian 0.0 0 -2.397073745727539 1156.792236328125 133.1708984375 1238.0 282.1184387207031 0.61040294 1.6450087 0.66424686 6.9229045 1.1126064 8.2764225 -1.7004926204681396 0.2564116418361664
Pedestrian 0.0 0 -2.5461525917053223 765.9658813476562 149.29067993164062 825.6900024414062 264.27679443359375 0.677228 1.6284066 0.5167522 2.8200588 1.1735823 10.595352 -2.2860233783721924 0.1710396558046341
Pedestrian 0.0 0 -3.0114870071411133 648.9302978515625 171.3013153076172 660.1375732421875 199.35324096679688 0.5966914 1.6723088 0.62429404 3.1975749 1.0650783 43.186882 -2.9375815391540527 0.1573668122291565
Cyclist 0.0 0 -2.443470001220703 787.3456420898438 146.1950225830078 911.018310546875 280.81658935546875 1.7902061 1.7601668 0.45451483 3.4431818 1.2998867 10.271653 -2.1200294494628906 0.4445732533931732
Car 0.0 0 -1.097754955291748 491.7859802246094 170.61752319335938 566.7763671875 203.95260620117188 4.4777865 1.4574963 1.6484575 -3.3119428 0.9826424 33.790047 -1.195458173751831 0.9342743158340454
Car 0.0 0 -0.9518995881080627 0.0 195.06729125976562 371.93707275390625 374.0 4.0163226 1.4707088 1.6113118 -2.6710713 1.5800786 3.7012198 -1.5770237445831299 0.9096751809120178
Car 0.0 0 0.34389030933380127 0.0 181.79441833496094 107.59233093261719 232.06591796875 4.109988 1.3999639 1.5798692 -17.428938 1.4104407 21.44526 -0.33855724334716797 0.7301210761070251
Car 0.0 0 -1.4220880270004272 564.6534423828125 166.66297912597656 600.400390625 192.01918029785156 3.8624825 1.4549443 1.5973432 -1.0895692 0.6043822 43.230534 -1.4472863674163818 0.5823986530303955
Car 0.0 0 2.1319756507873535 355.56304931640625 168.82118225097656 417.5649108886719 197.66000366210938 3.9591398 1.5870992 1.5803598 -12.384963 0.890158 41.648926 1.8429374694824219 0.5729994773864746
Car 0.0 0 3.2552330493927 99.1415786743164 177.3732452392578 175.235595703125 202.38815307617188 3.8110728 1.4995277 1.6572354 -28.7656 1.2529054 44.644955 2.682861804962158 0.18565227091312408
