Pedestrian 0.0 0 -0.39179426431655884 994.0025634765625 118.1385269165039 1062.47607421875 242.84231567382812 0.7147871 1.685099 0.40077367 5.8086305 0.844091 9.798622 0.14331483840942383 0.4535309970378876
Pedestrian 0.0 0 -1.503907561302185 789.671875 162.48797607421875 805.70166015625 196.25840759277344 0.8233143 1.7811598 0.7744842 10.29505 0.8325599 37.80261 -1.2380187511444092 0.42590445280075073
Pedestrian 0.0 0 -1.0418405532836914 1017.4013671875 143.39224243164062 1039.42626953125 186.81448364257812 0.54981333 2.0182729 0.70924854 19.925787 0.29495123 33.301987 -0.5026452541351318 0.3383300304412842
Pedestrian 0.0 0 -1.0193634033203125 985.8250122070312 143.47105407714844 1007.4830932617188 187.3006591796875 0.5096023 2.0611799 0.74620944 18.647978 0.3212656 33.695667 -0.5138955116271973 0.23411862552165985
Pedestrian 0.0 0 0.5752450227737427 133.3003692626953 132.38143920898438 201.65380859375 262.77593994140625 0.5791703 1.7659638 0.6021434 -6.1483865 1.1159533 9.877121 0.018454313278198242 0.18594922125339508
Pedestrian 0.0 0 -3.2681541442871094 770.336669921875 158.62808227539062 801.2636108398438 190.783203125 1.6651906 1.8304701 0.54278344 10.371538 0.5867684 40.616516 -3.018144130706787 0.18254047632217407
Pedestrian 0.0 0 1.01011323928833 873.107177734375 157.5148468017578 906.3597412109375 194.43226623535156 1.8901454 1.7056638 0.5424176 13.511751 0.645156 33.64044 1.3920429944992065 0.14755332469940186
Pedestrian 0.0 0 -2.1659231185913086 970.8228759765625 145.98277282714844 1031.250732421875 212.40841674804688 1.8066895 1.6532873 0.43738738 10.297786 0.79577345 18.51197 -1.6582733392715454 0.11858739703893661
Cyclist 0.0 0 -2.1659231185913086 970.8228759765625 145.98277282714844 1031.250732421875 212.40841674804688 1.8066895 1.6532873 0.43738738 10.297786 0.79577345 18.51197 -1.6582733392715454 0.4516250789165497
Cyclist 0.0 0 0.9325122833251953 871.8184204101562 155.24655151367188 907.9090576171875 192.46873474121094 1.9251857 1.7176914 0.550244 13.510091 0.55377716 33.62409 1.3145676851272583 0.35536929965019226
Cyclist 0.0 0 -3.274052619934082 769.7326049804688 158.72007751464844 801.5403442382812 190.93038940429688 1.7128298 1.8341811 0.54684937 10.3651 0.5953318 40.628963 -3.0242648124694824 0.3320426046848297
Car 0.0 0 -0.8541406989097595 0.0 206.52261352539062 288.8773498535156 370.0 3.5509224 1.4511496 1.5219764 -3.1677146 1.6487204 3.530221 -1.5854694843292236 0.8269339203834534
Car 0.0 0 0.30789849162101746 656.8294067382812 168.03863525390625 764.6463623046875 211.05050659179688 3.4937358 1.4433044 1.5502814 3.7338917 1.0266899 25.184807 0.45508599281311035 0.7230173945426941
Car 0.0 0 1.8162232637405396 84.51981353759766 182.7110595703125 131.2464141845703 208.05943298339844 4.1295757 1.6515775 1.6800703 -34.152798 1.8120745 48.67925 1.2044320106506348 0.34441235661506653
Car 0.0 0 -1.7354480028152466 555.9807739257812 170.5248260498047 588.8043212890625 195.44308471679688 3.8165116 1.6036651 1.5932219 -2.2304013 0.96302736 47.531612 -1.7823381423950195 0.33298346400260925
