Pedestrian 0.0 0 -1.4251493215560913 661.8441772460938 181.25645446777344 683.9929809570312 219.72018432617188 0.77117723 1.5329944 0.79760766 2.5286238 1.8814828 29.425255 -1.3394261598587036 0.6568126082420349
Pedestrian 0.0 0 -0.5582780838012695 1106.469970703125 128.2952117919922 1172.92138671875 243.93772888183594 0.5989341 1.741282 0.6070398 8.145816 1.0706979 11.185816 0.07114219665527344 0.34379708766937256
Pedestrian 0.0 0 -0.5027650594711304 900.0043334960938 145.56700134277344 946.0413208007812 208.1327362060547 0.999931 1.7143205 0.6259566 8.676843 0.9670063 20.126945 -0.0957341268658638 0.26010623574256897
Pedestrian 0.0 0 -0.6363260746002197 1156.9862060546875 141.4845428466797 1242.0 288.15667724609375 0.9800344 1.8069316 0.6571294 7.69515 1.4208324 9.2426605 0.05796074867248535 0.24872203171253204
Pedestrian 0.0 0 -0.16193997859954834 928.55224609375 187.9775848388672 964.0092163085938 242.81761169433594 0.9259196 1.6758242 0.5906329 10.515855 2.1602042 22.68075 0.2722043991088867 0.1484246551990509
Cyclist 0.0 0 -3.3933866024017334 1114.85595703125 192.0703582763672 1239.5130615234375 283.91204833984375 1.8308542 1.6844394 0.5816394 11.000926 2.0779135 14.12652 -2.7317423820495605 0.36009013652801514
Cyclist 0.0 0 1.3331592082977295 749.341552734375 156.8436737060547 768.1478271484375 193.2596435546875 1.5929109 1.7274559 0.5314334 7.1733055 0.9683358 35.030106 1.5351423025131226 0.15743544697761536
Cyclist 0.0 0 -0.5074837803840637 899.7371826171875 146.4170684814453 947.4393310546875 208.6055450439453 1.0586534 1.7063186 0.60995185 8.703165 0.9813038 20.150888 -0.09978346526622772 0.15557029843330383
Car 0.0 0 1.9515135288238525 306.8411560058594 182.42367553710938 377.60296630859375 220.12327575683594 4.6452703 1.7392594 1.7835463 -13.5911875 2.2591357 36.822132 1.5979222059249878 0.9581707715988159
Car 0.0 0 1.6404842138290405 646.7744750976562 186.00830078125 687.3731079101562 219.3082275390625 4.4247675 1.4204386 1.6544008 2.7812858 2.0994413 34.911453 1.7199832201004028 0.27599862217903137
Car 0.0 0 2.1393775939941406 272.5404357910156 191.2831268310547 329.1214599609375 215.19876098632812 4.2032394 1.5088583 1.6890239 -21.866545 2.8719518 51.1396 1.7353192567825317 0.2562231123447418
Car 0.0 0 2.1970300674438477 171.87368774414062 179.84031677246094 234.63601684570312 206.5010223388672 3.6540627 1.5559341 1.5667675 -25.33105 2.0105517 45.00858 1.6844089031219482 0.19023147225379944
Car 0.0 0 1.9660651683807373 252.32276916503906 191.3924102783203 306.0948486328125 218.5208740234375 3.9276862 1.4903352 1.6165953 -20.290321 2.6812673 44.345768 1.536952018737793 0.18447548151016235
Car 0.0 0 1.6653386354446411 620.8685302734375 180.27171325683594 647.7600708007812 202.20846557617188 3.8601875 1.5002298 1.6085421 1.7828768 2.0633745 52.723686 1.699141263961792 0.15889069437980652
