Pedestrian 0.0 0 -1.7649800777435303 1095.201171875 148.29429626464844 1129.2119140625 217.55384826660156 0.49322507 1.8386323 0.6714112 13.526492 1.1870041 19.512304 -1.1588129997253418 0.17560726404190063
Pedestrian 0.0 0 -1.4581581354141235 660.6085205078125 170.8558349609375 676.0238647460938 203.54513549804688 0.5668267 1.6768156 0.7372494 2.984727 1.5746765 37.357594 -1.3784313201904297 0.11219453066587448
Car 0.0 0 1.9369375705718994 280.5508117675781 178.79205322265625 366.3085632324219 222.2751922607422 4.2653184 1.5623392 1.7474521 -11.293991 1.8160973 28.647383 1.561405062675476 0.9056350588798523
Car 0.0 0 -1.6365368366241455 550.7022094726562 176.32904052734375 716.1029052734375 332.4811706542969 4.3278794 1.5783898 1.7123396 0.06414829 1.6356415 9.599672 -1.6298545598983765 0.8921066522598267
Car 0.0 0 1.8083131313323975 393.6566467285156 179.79916381835938 436.5194091796875 205.76736450195312 4.0143795 1.4332626 1.5619779 -11.571507 1.8663936 42.931763 1.545037031173706 0.8689372539520264
Car 0.0 0 1.6488652229309082 578.1193237304688 171.91615295410156 638.6270141601562 227.563720703125 3.7361422 1.4970678 1.4993619 -0.019245878 1.472195 21.328836 1.6479629278182983 0.1702616959810257
Car 0.0 0 0.9102276563644409 628.533203125 162.1630096435547 688.967529296875 191.95529174804688 4.1721725 1.8463838 1.7174025 3.0871706 1.1841646 46.92369 0.9759242534637451 0.16115333139896393
Car 0.0 0 1.9860198497772217 0.0 188.47528076171875 19.800703048706055 257.6974792480469 4.058093 1.4737189 1.6086264 -17.087568 1.9223543 18.522755 1.2409024238586426 0.13102228939533234
Car 0.0 0 -0.1517637073993683 241.7401123046875 185.21177673339844 313.44757080078125 211.9811553955078 4.2005396 1.6810476 1.7630892 -22.56053 2.5522199 48.948765 -0.583645761013031 0.12689869105815887
Car 0.0 0 1.9338295459747314 296.13580322265625 183.07077026367188 352.1739501953125 211.3538360595703 3.6818528 1.378927 1.5646666 -15.163993 1.9487616 38.364136 1.5574119091033936 0.1130804494023323
