Car 0.0 0 -1.4043991565704346 437.1856994628906 178.57952880859375 510.3558349609375 235.46177673339844 3.2743618 1.5650802 1.6215003 -3.9532328 1.3836213 21.425095 -1.5868611335754395 0.9778458476066589
Car 0.0 0 -1.2599518299102783 251.3094024658203 189.50296020507812 444.3312683105469 304.5321350097656 3.7896745 1.4287905 1.644694 -3.7658792 1.5068133 10.9782295 -1.5904052257537842 0.9686888456344604
Car 0.0 0 -1.2778913974761963 379.96588134765625 180.70437622070312 441.5564880371094 215.6038360595703 3.6804707 1.417249 1.5690656 -8.467409 1.235178 31.049103 -1.5441275835037231 0.9631946086883545
Car 0.0 0 -1.797415018081665 699.9713745117188 189.7340850830078 817.3848266601562 267.1626892089844 3.5534892 1.3649522 1.5468814 2.8912766 1.4696938 14.6794405 -1.6029433012008667 0.9598931670188904
Car 0.0 0 -1.7241768836975098 648.6157836914062 182.3185577392578 708.125 222.12533569335938 4.2301817 1.4529992 1.6934909 2.6668963 1.3483812 28.397278 -1.630537748336792 0.9404767751693726
Car 0.0 0 -0.9967967867851257 0.0 177.3655242919922 218.08570861816406 291.24847412109375 3.808711 1.554932 1.6032656 -8.197436 1.4488785 11.742877 -1.6062312126159668 0.9377448558807373
Car 0.0 0 -1.4126018285751343 477.3026123046875 181.5204620361328 532.6564331054688 220.0364990234375 4.112149 1.4829081 1.6381512 -4.211013 1.341769 29.74307 -1.5532467365264893 0.7738399505615234
Car 0.0 0 -1.668946385383606 623.5407104492188 180.37989807128906 647.5003051757812 199.60635375976562 3.5651293 1.4620886 1.5341095 2.1373153 1.0954779 56.487644 -1.6311275959014893 0.6178417801856995
Car 0.0 0 -1.5454102754592896 504.9314270019531 180.37281799316406 533.9647827148438 208.17649841308594 3.4738808 1.4921389 1.5332531 -4.952577 1.2333677 40.377842 -1.6674565076828003 0.49589890241622925
Car 0.0 0 -1.6357568502426147 582.5855712890625 179.79806518554688 607.9781494140625 201.8531951904297 3.584297 1.540742 1.6037693 -0.9530823 1.1634051 52.06721 -1.654059648513794 0.47041231393814087
