Pedestrian 0.0 0 -1.666374921798706 759.3233032226562 125.56941986083984 790.4312133789062 198.1319580078125 0.8269927 1.7799228 0.68430036 4.08939 0.62041366 18.149439 -1.4447580575942993 0.8500698804855347
Pedestrian 0.0 0 -2.106734275817871 687.5398559570312 153.6251983642578 710.1156005859375 192.7637176513672 0.9605983 1.7500732 0.6138759 3.9965186 0.8906182 32.823963 -1.98557448387146 0.6910918354988098
Pedestrian 0.0 0 0.10483682155609131 805.0844116210938 130.62289428710938 861.6323852539062 239.27235412597656 0.89662707 1.8512453 0.6230186 3.9010575 1.1320403 12.753308 0.4016847610473633 0.6162724494934082
Pedestrian 0.0 0 1.3919090032577515 776.114990234375 137.20318603515625 815.1613159179688 222.16464233398438 0.79630524 1.7703516 0.67614 3.9145815 1.0278494 15.452602 1.6400177478790283 0.5998216867446899
Pedestrian 0.0 0 1.6336174011230469 317.05120849609375 136.6751251220703 355.8165283203125 219.4880828857422 0.90744776 1.8173938 0.7698178 -6.2463565 1.0237784 16.37951 1.2692897319793701 0.543576717376709
Pedestrian 0.0 0 -1.0583655834197998 702.4712524414062 148.53109741210938 725.9614868164062 192.9853973388672 0.58010894 1.6751938 0.6955174 3.94838 0.75897914 27.629137 -0.9164202213287354 0.4544750154018402
Pedestrian 0.0 0 -0.5215635299682617 737.2428588867188 123.84491729736328 773.0684204101562 185.36534118652344 0.8510972 1.8117807 0.6367054 4.3121705 0.3688181 21.684233 -0.3252623975276947 0.3228624761104584
Pedestrian 0.0 0 0.6150326132774353 9.578742027282715 121.67011260986328 96.79300689697266 191.30108642578125 1.7552165 1.783845 0.6401681 -14.567509 0.47294596 18.83967 -0.04317436367273331 0.11200528591871262
Pedestrian 0.0 0 1.409959316253662 406.0157470703125 133.55699157714844 428.8118591308594 186.10096740722656 1.5303843 1.8001422 0.53757757 -6.867157 0.45419547 25.524982 1.1471455097198486 0.10018949210643768
Cyclist 0.0 0 1.3872642517089844 404.73028564453125 130.63182067871094 428.7259216308594 184.50164794921875 1.4708556 1.8486396 0.55824107 -6.895687 0.40006804 25.541912 1.1235754489898682 0.44357892870903015
Cyclist 0.0 0 -2.478544235229492 7.693932056427002 123.4802017211914 89.2172622680664 191.58421325683594 1.6358464 1.7503555 0.6376736 -14.711258 0.48174724 18.861002 -3.1409597396850586 0.353189080953598
Cyclist 0.0 0 1.073049783706665 688.4408569335938 152.74282836914062 709.7396850585938 193.3931121826172 0.94153655 1.812935 0.57814914 3.9956946 0.9163685 32.72068 1.194563388824463 0.13876670598983765
Car 0.0 0 1.974961280822754 118.26226806640625 197.34071350097656 419.9388732910156 375.0 4.339711 1.5436466 1.695458 -3.8296297 1.9214096 8.948017 1.5705639123916626 0.954199492931366
Car 0.0 0 1.7967193126678467 459.12152099609375 178.8914337158203 535.78955078125 230.06153869628906 4.060231 1.5273492 1.6581709 -3.702142 1.746935 24.11176 1.6443681716918945 0.9160830974578857
Car 0.0 0 -1.625020980834961 638.7715454101562 175.33468627929688 699.935791015625 228.8775177001953 3.425149 1.4091458 1.559452 1.5971224 1.4872334 20.876425 -1.5486661195755005 0.9052442908287048
Car 0.0 0 -3.011552333831787 496.04638671875 162.7274932861328 551.833251953125 183.44834899902344 4.1836457 1.6106958 1.7565987 -6.789351 0.82389 56.986824 -3.1301324367523193 0.30566638708114624
