Pedestrian 0.0 0 -1.8409497737884521 987.635009765625 170.0961151123047 1019.2987060546875 236.66783142089844 0.7118501 1.7380617 0.57070667 10.439683 1.6664162 19.246223 -1.343938946723938 0.2843286991119385
Pedestrian 0.0 0 1.5115301609039307 862.9226684570312 177.26145935058594 881.3599853515625 222.35836791992188 0.7774363 1.7239519 0.62913746 10.173152 1.8989921 28.132298 1.8585175275802612 0.1471542865037918
Pedestrian 0.0 0 -2.1237120628356934 256.8162536621094 181.2104034423828 273.500732421875 206.54183959960938 1.0247879 1.7442131 0.6069038 -24.195831 2.3363557 50.562866 -2.5700364112854004 0.13959860801696777
Pedestrian 0.0 0 0.8867231607437134 927.3524169921875 141.95660400390625 982.3115844726562 239.08766174316406 0.72997844 1.7829779 0.61601037 6.472308 1.2161704 13.67024 1.3289140462875366 0.12898729741573334
Car 0.0 0 1.9887819290161133 278.378662109375 187.05331420898438 331.92279052734375 210.56959533691406 4.4228077 1.4502302 1.7311308 -20.825703 2.4668572 49.411423 1.5899003744125366 0.8376923203468323
Car 0.0 0 -3.073544979095459 873.8126831054688 180.87794494628906 959.636962890625 215.5207061767578 3.6145952 1.5213821 1.5618715 14.365271 1.9155769 33.89891 -2.6727182865142822 0.7963403463363647
Car 0.0 0 1.0824804306030273 861.3366088867188 187.17599487304688 928.8681030273438 219.99896240234375 3.9927764 1.5168192 1.5361431 14.582053 2.2971337 37.219925 1.4558812379837036 0.17232277989387512
Car 0.0 0 -3.4103851318359375 761.7760009765625 172.04820251464844 881.2081909179688 212.31385803222656 4.1451445 1.5081501 1.6010525 8.0525 1.4783266 27.849174 -3.1289148330688477 0.12158626317977905
Car 0.0 0 -0.3610691428184509 709.3955078125 183.46690368652344 808.4812622070312 220.66964721679688 3.8054514 1.4941144 1.6072048 6.2621627 1.9621476 30.696821 -0.15983006358146667 0.11138904094696045
Car 0.0 0 -2.9046056270599365 934.193603515625 187.1000213623047 1027.709228515625 222.39471435546875 3.8186462 1.5710297 1.6034584 18.153633 2.3081892 35.46243 -2.431474208831787 0.11041852086782455
