Pedestrian 0.0 0 1.2330658435821533 130.77467346191406 164.8597869873047 154.5132293701172 205.64175415039062 0.71741295 1.8856578 0.7437306 -21.551094 1.117181 33.725372 0.6644501686096191 0.16915038228034973
Pedestrian 0.0 0 1.2485895156860352 834.4971313476562 96.61836242675781 911.2671508789062 264.259765625 0.6434295 1.646218 0.5589782 2.723726 0.8140604 7.3816442 1.602077603340149 0.16778936982154846
Pedestrian 0.0 0 -1.7292016744613647 766.3309936523438 164.05691528320312 776.7610473632812 188.9293670654297 0.635961 1.8145444 0.65227777 12.505665 0.5426 52.744137 -1.496399998664856 0.14364685118198395
Car 0.0 0 -1.4630911350250244 530.9862060546875 171.13665771484375 569.121337890625 200.67868041992188 4.1507034 1.476137 1.5757823 -2.6680262 0.9591874 37.994194 -1.5331979990005493 0.8402193784713745
Car 0.0 0 -1.5636579990386963 589.16357421875 170.95281982421875 615.6176147460938 195.35850524902344 3.6110208 1.4784243 1.602788 0.07733777 0.84025776 45.324524 -1.5619516372680664 0.7438083291053772
Car 0.0 0 -1.3727344274520874 564.3363647460938 168.21282958984375 592.2235717773438 187.4355926513672 3.653801 1.5314882 1.6098607 -1.8483977 0.47341004 59.162678 -1.4039669036865234 0.6557424664497375
Car 0.0 0 2.153280258178711 326.71881103515625 179.19973754882812 394.40960693359375 207.36929321289062 3.9019964 1.4116699 1.5038457 -12.692564 1.2972745 38.07443 1.8315038681030273 0.5366312861442566
Car 0.0 0 -2.264376401901245 0.0 198.2279052734375 40.767547607421875 299.1335144042969 4.0815673 1.4895731 1.6289405 -11.948257 1.7918808 11.928143 -3.050616979598999 0.16697312891483307
Car 0.0 0 -0.3512515425682068 0.0 176.78109741210938 86.37751007080078 206.24180603027344 4.005913 1.5553826 1.6313051 -31.381987 1.3070927 40.054134 -1.0158436298370361 0.1627281904220581
Car 0.0 0 -0.2611619234085083 0.0 167.56680297851562 123.0760726928711 204.86521911621094 4.2449217 1.55358 1.7053772 -24.141403 0.97420573 32.11432 -0.9057714343070984 0.1584586501121521
Car 0.0 0 -0.8570345640182495 370.4784851074219 164.27792358398438 423.865234375 191.75576782226562 4.1077743 2.0627897 1.7554649 -15.891708 0.77048516 56.155773 -1.1328167915344238 0.14921918511390686
