Pedestrian 0.0 0 -1.9190950393676758 856.2761840820312 140.37924194335938 885.2197265625 191.55404663085938 0.998329 1.8483156 0.7016226 9.544797 0.67575985 26.557835 -1.5740736722946167 0.7891253232955933
Pedestrian 0.0 0 -1.6453449726104736 834.4112548828125 152.84796142578125 848.5459594726562 184.31460571289062 0.7107834 1.7419336 0.7009847 12.911902 0.63479525 40.367447 -1.3357696533203125 0.6406099796295166
Pedestrian 0.0 0 -1.5154616832733154 951.502685546875 132.13645935058594 1004.0781860351562 259.2903747558594 0.8990244 1.7349714 0.62899184 5.251911 1.1797523 10.388917 -1.0473997592926025 0.6082653999328613
Pedestrian 0.0 0 0.6449528932571411 474.2230529785156 143.51663208007812 501.565185546875 188.93638610839844 0.9427498 1.8219634 0.57482344 -5.019061 0.64548546 29.412388 0.4759364128112793 0.565397322177887
Pedestrian 0.0 0 1.2864066362380981 872.0440063476562 125.7926254272461 899.8179321289062 186.23263549804688 0.8221716 1.77866 0.5692958 8.230587 0.39407137 21.663235 1.6494954824447632 0.5196604132652283
Pedestrian 0.0 0 1.3922467231750488 420.03460693359375 126.34922790527344 443.3475646972656 187.05145263671875 0.73991257 1.8394835 0.5762842 -5.5657177 0.430589 22.317924 1.1478486061096191 0.5156886577606201
Pedestrian 0.0 0 -1.49248206615448 928.8208618164062 136.8892822265625 953.138671875 188.93955993652344 0.85980475 1.7574264 0.69917667 11.384304 0.5434708 24.904842 -1.0637295246124268 0.4975539445877075
Pedestrian 0.0 0 -0.8082607984542847 756.1143798828125 124.37920379638672 786.0342407226562 182.00897216796875 0.7256319 1.8024918 0.5952739 5.091498 0.28669855 23.01411 -0.5905340313911438 0.45936983823776245
Pedestrian 0.0 0 -2.444309949874878 1019.4814453125 114.98616027832031 1075.0550537109375 195.21229553222656 0.97719926 1.8483549 0.59467024 10.349548 0.51547766 17.179731 -1.9021072387695312 0.41869863867759705
Pedestrian 0.0 0 0.7360333800315857 376.6324157714844 128.6370849609375 410.64404296875 195.1080322265625 0.6961188 1.6790404 0.48168623 -5.6220675 0.5624895 18.589777 0.4423506259918213 0.41852930188179016
Pedestrian 0.0 0 0.7408103942871094 92.95101165771484 99.32575225830078 174.25650024414062 248.5871124267578 0.6747789 1.7908566 0.51070863 -5.959663 0.9090134 8.958375 0.15378117561340332 0.41801732778549194
Pedestrian 0.0 0 -2.8059961795806885 444.14453125 136.03602600097656 471.892822265625 187.37326049804688 0.8161131 1.8190846 0.62528044 -5.500521 0.5148342 25.925865 -3.015059471130371 0.3989858031272888
Pedestrian 0.0 0 1.640341877937317 794.5634765625 132.85293579101562 815.2689208984375 187.65126037597656 0.7938986 1.7911336 0.6143473 6.4582253 0.4840201 24.056744 1.9026159048080444 0.3756020665168762
Pedestrian 0.0 0 -1.729067087173462 813.5636596679688 146.5387420654297 835.3451538085938 188.95721435546875 0.8383161 1.7165189 0.73372686 8.767046 0.6519954 29.658142 -1.4416487216949463 0.35567140579223633
Pedestrian 0.0 0 -0.015399247407913208 764.8236694335938 121.60326385498047 832.345703125 194.73800659179688 1.658497 1.8368957 0.6309334 4.803822 0.5500097 18.62122 0.23707175254821777 0.18006499111652374
Cyclist 0.0 0 -1.9011589288711548 1055.455810546875 100.35335540771484 1153.4837646484375 245.32472229003906 1.6942254 1.7145164 0.5216515 6.3406405 0.8574391 9.416352 -1.3085334300994873 0.6900765299797058
Cyclist 0.0 0 -0.016686320304870605 768.557373046875 120.49324798583984 838.7183837890625 194.0252227783203 1.7211463 1.8465232 0.6209416 4.9338045 0.5320064 18.624264 0.2422778606414795 0.4269653856754303
Cyclist 0.0 0 -1.4695777893066406 92.5198745727539 81.14112091064453 146.06704711914062 221.9748077392578 1.6180282 1.7203997 0.43325 -6.5719047 0.6004092 9.625691 -2.0686299800872803 0.37618252635002136
Cyclist 0.0 0 1.6040089130401611 955.79345703125 131.89627075195312 1004.4298095703125 261.2501525878906 0.9211912 1.7529023 0.59222305 5.250929 1.1982331 10.321287 2.07463002204895 0.15326142311096191
Cyclist 0.0 0 -1.2123101949691772 761.36181640625 119.9301528930664 789.7669677734375 177.52357482910156 0.9082037 1.7895327 0.602116 5.2277846 0.14545046 22.961573 -0.9884507656097412 0.13314145803451538
Cyclist 0.0 0 -1.729067087173462 813.5636596679688 146.5387420654297 835.3451538085938 188.95721435546875 0.8383161 1.7165189 0.73372686 8.767046 0.6519954 29.658142 -1.4416487216949463 0.10809118300676346
Car 0.0 0 2.036919116973877 120.11601257324219 181.18260192871094 487.73065185546875 375.0 4.011079 1.5414331 1.6760699 -2.6800778 1.6504616 7.3231573 1.6860860586166382 0.9446216821670532
Car 0.0 0 -1.801532506942749 766.7606811523438 182.90391540527344 1000.9404296875 364.1274108886719 3.4310384 1.5493569 1.6203606 2.7491908 1.6881008 8.148319 -1.4761321544647217 0.9081607460975647
Car 0.0 0 1.8283308744430542 600.5501708984375 164.90940856933594 633.7438354492188 186.3568878173828 3.7956605 1.5573314 1.5910646 0.5498247 0.9808209 54.429802 1.8384320735931396 0.4263444244861603
Car 0.0 0 -0.4776177406311035 741.9370727539062 160.36927795410156 804.7301025390625 185.1944122314453 3.60373 1.5430907 1.5407797 10.380202 0.7674185 46.04825 -0.2559034526348114 0.4238192141056061
Car 0.0 0 -0.15359854698181152 630.4033813476562 163.9157257080078 679.3521728515625 181.91522216796875 4.1493354 1.5809085 1.6924485 3.9633098 0.796211 64.40397 -0.09213776886463165 0.4137861430644989
Car 0.0 0 1.6654328107833862 623.9983520507812 162.2849884033203 646.2921142578125 180.4122314453125 4.170936 1.6405811 1.6988586 2.363249 0.6844064 67.47684 1.700441598892212 0.3706021010875702
Car 0.0 0 -1.4835084676742554 640.4708251953125 170.636474609375 667.8455200195312 194.0259552001953 3.9701173 1.6034088 1.6137556 3.1612225 1.4517494 51.543118 -1.4222536087036133 0.3666478991508484
Car 0.0 0 -1.7439148426055908 818.1728515625 160.98974609375 858.674560546875 188.1417694091797 3.700373 1.510075 1.629672 13.22979 0.85059583 42.06707 -1.4392155408859253 0.35161304473876953
