Pedestrian 0.0 0 -1.9088196754455566 263.7557678222656 179.04690551757812 280.3950500488281 210.3489227294922 0.68299216 1.8146187 0.7006773 -19.943502 2.1840444 42.508385 -2.3474974632263184 0.17034085094928741
Pedestrian 0.0 0 -1.8045604228973389 806.0867919921875 162.97755432128906 830.965576171875 213.5330047607422 1.059739 1.716248 0.5977571 7.182007 1.3813217 25.03484 -1.5251829624176025 0.14560957252979279
Pedestrian 0.0 0 -0.9823099970817566 0.0 208.280029296875 45.42404556274414 271.9987487792969 1.5173663 1.7227165 0.53480256 -17.40398 2.8002794 21.155586 -1.6707196235656738 0.10636300593614578
Cyclist 0.0 0 2.2593681812286377 507.6336669921875 131.46261596679688 547.0158081054688 184.34646606445312 1.5179813 1.8143737 0.546512 -2.9574146 0.39464942 25.5381 2.144077777862549 0.2614615559577942
Cyclist 0.0 0 2.2025156021118164 0.0 207.5493927001953 52.9503173828125 270.82470703125 1.6399368 1.7171341 0.51219404 -17.365948 2.7829447 21.322657 1.519033670425415 0.17253552377223969
Car 0.0 0 2.0782880783081055 161.5833740234375 195.6240234375 271.3804626464844 244.68309020996094 3.730431 1.3473446 1.5002438 -12.682107 2.146188 23.426128 1.5820978879928589 0.9287407994270325
Car 0.0 0 1.9907557964324951 241.48977661132812 190.68260192871094 307.8953857421875 225.20726013183594 3.6869612 1.4920334 1.5474232 -16.195515 2.4018245 34.94863 1.5568069219589233 0.8203439116477966
Car 0.0 0 -1.602244257926941 598.3510131835938 173.53611755371094 630.0896606445312 202.2462158203125 4.4093275 1.625685 1.7511599 0.17121145 1.6689799 43.18749 -1.5982799530029297 0.7568477988243103
Car 0.0 0 2.4573843479156494 0.0 206.1095428466797 102.24361419677734 263.0529479980469 3.498816 1.3994389 1.7011309 -17.674873 2.4925056 21.819225 1.7765394449234009 0.3085942566394806
Car 0.0 0 -1.3764939308166504 267.8652648925781 179.7134246826172 310.6372375488281 207.49838256835938 3.9511213 1.5826972 1.6660435 -19.642643 2.0238311 44.25112 -1.7942553758621216 0.15732447803020477
