Pedestrian 0.0 0 -2.964470624923706 698.8278198242188 161.1713104248047 736.01416015625 233.18104553222656 0.82970667 1.750839 0.5619605 2.625662 1.4671446 17.938627 -2.8191335201263428 0.2491850107908249
Pedestrian 0.0 0 1.139699935913086 279.7019348144531 139.79119873046875 328.1921691894531 216.163818359375 0.985583 1.8624245 0.7857398 -7.777314 1.0565126 18.214712 0.7361536026000977 0.24142324924468994
Pedestrian 0.0 0 -0.9779193997383118 0.0 164.15090942382812 121.89979553222656 375.0 0.69195616 1.7241794 0.5793843 -3.3600054 1.6791753 4.128712 -1.661027193069458 0.20019084215164185
Pedestrian 0.0 0 2.3025968074798584 897.387939453125 155.20272827148438 941.9920043945312 225.8435516357422 0.89592326 1.826226 0.65731466 8.163706 1.3702583 19.13768 2.7058029174804688 0.1810823231935501
Car 0.0 0 1.725816011428833 431.17901611328125 183.5545654296875 512.8955078125 245.001220703125 3.9004328 1.438498 1.5828459 -3.6747348 1.7580955 19.549873 1.540016770362854 0.9696797132492065
Car 0.0 0 1.7058844566345215 474.15496826171875 172.37881469726562 535.1058959960938 224.3635711669922 3.9596903 1.6976916 1.6139101 -3.6915512 1.6825312 25.547428 1.5623798370361328 0.9164301156997681
Car 0.0 0 1.5562827587127686 537.259033203125 175.96615600585938 564.3477172851562 201.58815002441406 3.7588494 1.470064 1.5698687 -3.6578138 1.6678184 43.815628 1.4729939699172974 0.7429138422012329
Car 0.0 0 -0.20164591073989868 648.9973754882812 170.32656860351562 719.954345703125 195.46177673339844 4.194247 1.5476542 1.6841053 4.6308746 1.39239 45.472126 -0.10015596449375153 0.7253742814064026
Car 0.0 0 -2.8167970180511475 413.42840576171875 169.08123779296875 491.4027099609375 198.8618927001953 3.707014 1.5361593 1.6444161 -8.354688 1.3419082 38.236073 -3.03191876411438 0.1985989362001419
Car 0.0 0 2.582571029663086 0.0 174.2162628173828 162.26055908203125 375.0 4.070948 1.6297915 1.6401314 -4.0233073 1.6395326 2.884125 1.6337230205535889 0.19379636645317078
Car 0.0 0 -2.0393970012664795 503.245361328125 163.19247436523438 541.2929077148438 183.36526489257812 3.8236036 1.6481225 1.6389179 -7.4686418 0.85913193 60.991405 -2.1612443923950195 0.189278244972229
