Pedestrian 0.0 0 2.6532444953918457 775.940185546875 118.11136627197266 822.6948852539062 198.8437957763672 0.7915125 1.7886984 0.70132035 4.25027 0.57618475 16.416735 2.906580686569214 0.4921441078186035
Pedestrian 0.0 0 -3.0096969604492188 578.7150268554688 163.0856475830078 589.717529296875 183.54412841796875 0.91831285 1.8058604 0.49434823 -2.3055108 0.94396985 63.97706 -3.04571795463562 0.43715792894363403
Pedestrian 0.0 0 -2.6615469455718994 729.2418212890625 119.33565521240234 763.0513305664062 184.9428253173828 0.6626414 1.7585199 0.70536613 3.6941583 0.32438397 19.81914 -2.4772682189941406 0.36124399304389954
Pedestrian 0.0 0 1.064170479774475 924.2708129882812 105.57621765136719 977.1160278320312 197.70779418945312 0.7732517 2.071084 0.8293987 7.7914205 0.55906224 16.631264 1.5022859573364258 0.356594979763031
Pedestrian 0.0 0 0.7700259685516357 450.81329345703125 142.0033416748047 487.97772216796875 208.5235137939453 0.78989047 1.8422202 0.6726199 -4.0363965 0.988195 20.476707 0.5753998756408691 0.33838480710983276
Cyclist 0.0 0 -1.0834333896636963 0.0 18.53331184387207 174.85072326660156 311.013671875 1.8460029 1.8416598 0.5475886 -4.077943 0.8703074 5.49426 -1.7219358682632446 0.5028916001319885
Cyclist 0.0 0 2.376217842102051 861.1826782226562 116.13668823242188 922.2520751953125 180.5280303955078 1.7103821 1.8316267 0.6277852 8.209839 0.21864778 21.140335 2.74664044380188 0.47557151317596436
Cyclist 0.0 0 1.70432710647583 313.7002868652344 106.31255340576172 365.5332336425781 200.3619384765625 2.0027616 2.0585556 0.8782166 -6.3316693 0.6024522 16.864527 1.345168113708496 0.4283983111381531
Car 0.0 0 -2.0380403995513916 775.3480224609375 89.51610565185547 1242.0 375.0 4.4935565 1.7802867 1.7925408 2.9014788 1.3066194 6.3826447 -1.6113770008087158 0.7336698174476624
Car 0.0 0 -0.314467191696167 757.2449340820312 177.02682495117188 837.0123901367188 208.85177612304688 3.4397125 1.5023044 1.5983946 9.053382 1.7114879 35.200512 -0.06272867321968079 0.6600130796432495
Car 0.0 0 -1.681449294090271 657.9091186523438 173.91139221191406 682.751708984375 193.173583984375 3.591538 1.4882292 1.5896705 4.774794 1.575902 57.761475 -1.5989727973937988 0.6180558800697327
Car 0.0 0 -2.982715606689453 514.274169921875 165.4215087890625 571.1699829101562 188.92434692382812 3.6130939 1.5543529 1.5891665 -4.537985 1.0631654 48.627598 -3.0757672786712646 0.5597449541091919
Car 0.0 0 -2.2136993408203125 470.368408203125 152.6349639892578 535.0742797851562 182.8180694580078 3.6114714 1.5309746 1.5471218 -5.780455 0.5057647 38.41453 -2.3630545139312744 0.505474328994751
Car 0.0 0 -2.880441188812256 495.00616455078125 166.9848175048828 559.6871948242188 194.82493591308594 3.4756186 1.5935726 1.6063207 -4.861002 1.2579775 42.346985 -2.9947307109832764 0.46317005157470703
Car 0.0 0 -1.681391954421997 738.147216796875 165.44480895996094 767.6907348632812 187.962646484375 3.9565558 1.5804323 1.6824502 10.36581 1.0607702 52.680576 -1.4871068000793457 0.45235076546669006
Car 0.0 0 -2.4490861892700195 540.3789672851562 168.27992248535156 591.3134765625 188.43861389160156 3.8669543 1.5421985 1.6262162 -3.5299456 1.1926254 56.99379 -2.5109426975250244 0.4146912395954132
Car 0.0 0 -1.699049949645996 714.8161010742188 137.21226501464844 784.789794921875 194.140380859375 3.3928614 1.5351268 1.5761203 3.9756062 0.57436764 21.192974 -1.513614296913147 0.39340832829475403
