Pedestrian 0.0 0 0.033070340752601624 737.2301635742188 170.0951385498047 754.5546264648438 202.724609375 0.9045574 1.748272 0.51207435 7.3123827 1.6008115 39.004852 0.21839284896850586 0.47334668040275574
Pedestrian 0.0 0 1.889386773109436 436.39385986328125 127.40876770019531 477.0456848144531 201.3307342529297 1.071494 1.8368118 0.7223159 -3.9647238 0.7079473 18.4974 1.6782419681549072 0.32192638516426086
Pedestrian 0.0 0 2.3354406356811523 836.8779296875 146.3382568359375 873.381591796875 216.19842529296875 0.67628115 1.8152033 0.62448937 6.4653153 1.1265926 19.178507 2.660588502883911 0.32093673944473267
Pedestrian 0.0 0 0.8859196305274963 979.6744995117188 77.47676086425781 1060.8006591796875 219.53697204589844 0.8588926 1.8698596 0.5536914 5.5925436 0.6148199 9.96524 1.3973249197006226 0.3137042224407196
Pedestrian 0.0 0 1.3229666948318481 804.3330688476562 133.742919921875 832.3161010742188 185.18612670898438 1.0858285 1.8308945 0.7311801 7.5198073 0.43926585 26.231318 1.6021523475646973 0.29482755064964294
Cyclist 0.0 0 -0.11866039037704468 821.1697387695312 124.40504455566406 876.1907348632812 180.92295837402344 1.6334333 1.8006418 0.631893 7.696517 0.25743222 23.455929 0.19839692115783691 0.3405204117298126
Cyclist 0.0 0 2.0611534118652344 179.23655700683594 83.45806884765625 287.36468505859375 232.8781280517578 1.6714951 1.7773422 0.52657783 -4.9101343 0.7143411 9.418182 1.5805749893188477 0.2232777178287506
Cyclist 0.0 0 0.8859196305274963 979.6744995117188 77.47676086425781 1060.8006591796875 219.53697204589844 0.8588926 1.8698596 0.5536914 5.5925436 0.6148199 9.96524 1.3973249197006226 0.11607798933982849
Car 0.0 0 -1.7098881006240845 673.0737915039062 180.7989959716797 741.5137939453125 231.6027069091797 3.447513 1.3872279 1.582854 2.8355231 1.6486411 21.973251 -1.5815529823303223 0.9497264623641968
Car 0.0 0 -2.0341949462890625 817.478515625 174.98324584960938 1242.0 375.0 4.1366124 1.5035924 1.6291176 2.7091432 1.5247593 4.9516277 -1.5335640907287598 0.9212287664413452
Car 0.0 0 -0.9304788112640381 695.056396484375 168.76641845703125 754.9309692382812 195.5164794921875 3.7454896 1.5326884 1.6286503 6.886595 1.2988418 43.22917 -0.7725019454956055 0.4484899938106537
Car 0.0 0 -1.577566146850586 675.5567016601562 172.46627807617188 714.2960205078125 207.71713256835938 3.703563 1.493921 1.6351851 3.76679 1.4778471 32.5053 -1.4621983766555786 0.3928719758987427
Car 0.0 0 -1.4097387790679932 669.1522216796875 181.51260375976562 727.7581176757812 225.9121551513672 3.682753 1.5238547 1.6507634 3.3958998 1.8787162 27.539862 -1.2870495319366455 0.2615598738193512
Car 0.0 0 1.8502830266952515 717.4950561523438 157.3547821044922 756.8738403320312 182.5386199951172 4.494408 1.8530433 1.814735 9.802733 0.71295804 55.50596 2.025087356567383 0.2440803498029709
