Pedestrian 0.0 0 -1.6904525756835938 784.1062622070312 154.77317810058594 805.2279052734375 207.39349365234375 0.54011506 1.7818092 0.64053833 6.282957 1.1699207 24.738724 -1.4417386054992676 0.20809955894947052
Cyclist 0.0 0 -1.6703875064849854 956.37255859375 149.4773406982422 994.0232543945312 272.3871154785156 1.7647626 1.7959458 0.34846926 5.7089953 1.454726 11.42693 -1.2070529460906982 0.3482895493507385
Car 0.0 0 -1.6133475303649902 573.9197387695312 179.9986572265625 602.8167724609375 204.81201171875 3.7715397 1.4484844 1.6417868 -1.4231745 1.9154291 45.176456 -1.6448396444320679 0.7667142152786255
Car 0.0 0 1.7583578824996948 396.1834411621094 186.64407348632812 455.43878173828125 227.39039611816406 3.7139452 1.4251863 1.5958685 -7.2210617 2.0052032 28.42445 1.509576678276062 0.5885048508644104
Car 0.0 0 1.715582251548767 647.5468139648438 172.39906311035156 670.2357788085938 191.22386169433594 3.490406 1.6301763 1.5330284 4.3641386 1.5911372 64.3481 1.7832993268966675 0.43761593103408813
Car 0.0 0 1.7226202487945557 382.8633728027344 194.7259063720703 415.4710998535156 216.29600524902344 4.2890296 1.4485538 1.7691574 -16.118013 3.1915228 55.242344 1.4387316703796387 0.3481733798980713
Car 0.0 0 1.5237923860549927 603.7750854492188 189.0658721923828 644.5632934570312 226.7412109375 3.9371636 1.4447508 1.5758895 0.52049553 2.1948 31.37197 1.540381908416748 0.34339195489883423
Car 0.0 0 1.8045439720153809 428.02069091796875 185.1940155029297 483.3317565917969 219.70555114746094 4.4233685 1.5245821 1.6957196 -7.590123 2.1736977 35.699394 1.5950512886047363 0.27852004766464233
Car 0.0 0 1.4379056692123413 691.43017578125 175.04122924804688 729.3147583007812 202.84754943847656 3.4834301 1.4283736 1.5761081 5.35505 1.5524937 39.0804 1.5740840435028076 0.21692518889904022
Car 0.0 0 1.836119532585144 641.35107421875 175.7415313720703 667.7457885742188 193.5280303955078 3.586412 1.6556743 1.6666354 4.316544 1.9431086 69.76644 1.8979121446609497 0.20861800014972687
