Pedestrian 0.0 0 -3.246762752532959 746.5670776367188 128.60208129882812 781.13720703125 198.10891723632812 0.843528 1.8359982 0.6636528 4.0865855 0.6674578 19.429512 -3.0394556522369385 0.42923787236213684
Pedestrian 0.0 0 -1.1404719352722168 49.74428939819336 114.04081726074219 103.4297866821289 204.18984985351562 0.68785 1.7570065 0.63764477 -10.72972 0.611094 14.462385 -1.778772234916687 0.3995778262615204
Pedestrian 0.0 0 2.1337170600891113 99.60028839111328 122.13433837890625 163.7179718017578 223.45616149902344 0.8029343 1.8128127 0.66097873 -8.863229 0.90571296 13.3161335 1.5464528799057007 0.36689117550849915
Pedestrian 0.0 0 0.685692310333252 71.80416107177734 139.43157958984375 116.42389678955078 201.6262664794922 0.851808 1.7661647 0.6133845 -14.926524 0.81741446 20.820202 0.06369733810424805 0.34747540950775146
Pedestrian 0.0 0 0.27442800998687744 0.0 82.95155334472656 39.089927673339844 234.2705078125 0.421856 1.7997929 0.56730545 -7.4670005 0.73084795 8.924432 -0.4222891330718994 0.3184521198272705
Pedestrian 0.0 0 -3.032674551010132 706.518310546875 141.88534545898438 729.9107666015625 189.8729705810547 0.8237209 1.8014083 0.57756233 4.0795903 0.6392331 27.466858 -2.8852248191833496 0.3098055422306061
Pedestrian 0.0 0 -3.536892890930176 1154.164794921875 81.19668579101562 1226.9151611328125 216.7836456298828 0.58385414 1.8523142 0.6900589 8.188074 0.6005003 10.266393 -2.863640785217285 0.2991377115249634
Pedestrian 0.0 0 -1.8666008710861206 719.8345336914062 131.6553192138672 762.2520141601562 207.62130737304688 1.5967749 1.852472 0.62135506 3.2754643 0.8481779 18.422148 -1.6906393766403198 0.10338512808084488
Cyclist 0.0 0 -0.7838993072509766 5.8938117027282715 96.33707427978516 117.86458587646484 209.228271484375 1.6097941 1.8095206 0.55656934 -9.413786 0.583397 12.398143 -1.4333195686340332 0.32918211817741394
Cyclist 0.0 0 -1.8666008710861206 719.8345336914062 131.6553192138672 762.2520141601562 207.62130737304688 1.5967749 1.852472 0.62135506 3.2754643 0.8481779 18.422148 -1.6906393766403198 0.3210802972316742
Cyclist 0.0 0 -2.403493881225586 67.15010070800781 137.37411499023438 112.66473388671875 200.79095458984375 0.8831138 1.7994893 0.6131923 -15.052262 0.7930853 20.825426 -3.0293471813201904 0.14265836775302887
Car 0.0 0 -1.594671607017517 391.7707214355469 168.8096923828125 433.74591064453125 205.93992614746094 3.9257727 1.5264751 1.6783895 -8.776907 1.3605663 31.782362 -1.8641127347946167 0.8377819657325745
Car 0.0 0 1.6820619106292725 363.2435302734375 162.3325653076172 394.89678955078125 186.77867126464844 3.849169 1.6086913 1.6537205 -15.837141 0.91668 49.52823 1.3725767135620117 0.4887051284313202
Car 0.0 0 3.491543769836426 16.6152286529541 150.65391540527344 132.396728515625 186.2034912109375 3.773406 1.4975641 1.5720845 -23.451582 0.56271964 31.681206 2.854320764541626 0.46273255348205566
Car 0.0 0 3.3219199180603027 342.8873291015625 163.09640502929688 401.7594909667969 183.7168731689453 3.9411755 1.5055718 1.6127847 -17.689169 0.79349434 53.748344 3.003974437713623 0.3300969898700714
