Pedestrian 0.0 0 2.0464258193969727 1162.963134765625 97.76642608642578 1242.0 229.4099578857422 0.709839 1.7338539 0.6222609 8.116172 0.7452465 9.92728 2.7317843437194824 0.7522507309913635
Pedestrian 0.0 0 -3.047499656677246 1142.7757568359375 86.65672302246094 1214.1063232421875 238.75320434570312 0.64510936 1.794567 0.5769678 6.991714 0.77789414 8.941823 -2.3838860988616943 0.4484117031097412
Car 0.0 0 -1.8105111122131348 467.3240966796875 172.380859375 512.5814819335938 201.2431182861328 3.988429 1.5313139 1.5911312 -6.809039 1.5065691 40.425377 -1.977379560470581 0.9449660181999207
Car 0.0 0 3.453381061553955 93.77726745605469 149.47787475585938 305.42596435546875 238.08883666992188 3.839105 1.8638463 1.7125257 -9.1970005 1.3725097 16.393742 2.942126750946045 0.8701902627944946
Car 0.0 0 3.743445873260498 0.0 134.54757690429688 111.12759399414062 304.7402038574219 3.9022381 1.5019386 1.57875 -7.82141 1.1642449 7.530424 2.9390954971313477 0.8148807287216187
Car 0.0 0 0.5412108302116394 0.0 154.75164794921875 226.498046875 272.38153076171875 3.7006962 1.4851203 1.4912862 -7.6558266 1.2569293 10.050752 -0.1097470074892044 0.8004738092422485
Car 0.0 0 0.02175500988960266 232.32298278808594 163.4265899658203 353.2469787597656 213.8731689453125 3.7666917 1.6654887 1.5464609 -11.068233 1.3546015 25.251875 -0.39133787155151367 0.7672412991523743
Car 0.0 0 3.100701332092285 202.136474609375 166.5694122314453 340.1093444824219 220.58360290527344 3.7087924 1.538234 1.5547252 -10.376735 1.3596175 22.091307 2.661569595336914 0.7508074045181274
Car 0.0 0 3.410512924194336 160.5825653076172 166.31851196289062 330.29736328125 227.1727294921875 3.739168 1.5219927 1.5935923 -9.609647 1.358895 19.187849 2.9462099075317383 0.6090553402900696
Car 0.0 0 -1.8554482460021973 1190.9267578125 147.98910522460938 1242.0 177.83319091796875 3.8478954 1.6957784 1.6393975 36.316887 0.2832816 43.08703 -1.1551064252853394 0.5920839905738831
