Pedestrian 0.0 0 -2.9921886920928955 752.814697265625 163.9162139892578 770.6552734375 195.72378540039062 0.95175856 1.8440825 0.54871213 8.853061 1.3262614 42.252277 -2.7856481075286865 0.14549967646598816
Pedestrian 0.0 0 1.399544596672058 819.8885498046875 147.14666748046875 840.5269775390625 192.3804473876953 0.9186168 1.9090925 0.69875085 9.398046 0.82447165 30.948637 1.6943612098693848 0.13225756585597992
Pedestrian 0.0 0 -1.8937116861343384 815.2114868164062 155.8983154296875 838.9663696289062 202.5041961669922 0.8111965 1.8756403 0.70643866 8.813722 1.1936219 29.452076 -1.6029372215270996 0.10554385930299759
Pedestrian 0.0 0 -2.6051905155181885 943.4732666015625 191.64845275878906 983.215087890625 232.8843231201172 1.4966711 1.7753928 0.6361971 15.909818 2.6456273 32.592453 -2.1510725021362305 0.10547087341547012
Pedestrian 0.0 0 -2.285876989364624 236.1336669921875 177.01736450195312 252.88607788085938 205.7751007080078 0.6789016 1.8133322 0.6742851 -23.363268 2.0820289 46.061806 -2.7552804946899414 0.10456373542547226
Cyclist 0.0 0 2.2637288570404053 56.33578109741211 199.94851684570312 95.96575927734375 237.1185302734375 1.8559768 1.7578442 0.5516613 -26.972227 3.161858 36.435272 1.626478910446167 0.39687037467956543
Cyclist 0.0 0 -1.7720617055892944 802.81494140625 170.66734313964844 816.68017578125 204.09059143066406 1.5769913 1.6581701 0.36729446 10.085776 1.5500453 36.592766 -1.5031172037124634 0.31519994139671326
Cyclist 0.0 0 -2.955801248550415 944.1334838867188 191.6092071533203 984.248291015625 233.14779663085938 1.5301956 1.7965217 0.6627634 15.948802 2.662599 32.57951 -2.500560760498047 0.1577179878950119
Cyclist 0.0 0 1.7921618223190308 895.0219116210938 172.3120880126953 919.8388671875 217.16395568847656 1.8131459 1.7644397 0.54864514 12.039693 1.7434791 29.281801 2.1822571754455566 0.10645020008087158
Car 0.0 0 -2.360137462615967 766.7938842773438 191.5495147705078 928.8657836914062 267.2040710449219 3.4084527 1.4453877 1.5685848 5.287918 1.9240206 16.582129 -2.0514392852783203 0.9746910333633423
Car 0.0 0 2.0837905406951904 190.65660095214844 193.21826171875 266.3406066894531 231.66302490234375 3.377065 1.5608863 1.5896459 -17.303574 2.535695 32.81364 1.5985198020935059 0.8690899014472961
Car 0.0 0 1.9434010982513428 298.9767150878906 186.16932678222656 359.2933654785156 214.6357421875 4.4864516 1.5359746 1.8645247 -16.786402 2.3764436 43.276024 1.5733765363693237 0.8005589246749878
Car 0.0 0 1.7410619258880615 802.4329223632812 168.65911865234375 845.5571899414062 201.44998168945312 3.7704678 1.6143557 1.5363597 11.141021 1.4081917 37.550392 2.0294840335845947 0.14423994719982147
Car 0.0 0 2.2396883964538574 998.5868530273438 185.65725708007812 1165.228515625 248.62774658203125 3.9558096 1.4992989 1.5918111 12.448361 1.8636713 19.125893 2.816671133041382 0.10944224148988724
