Pedestrian 0.0 0 -1.6570994853973389 515.7737426757812 154.81443786621094 530.510009765625 193.26806640625 0.7521917 1.7847602 0.6243202 -4.014617 0.37486872 33.792366 -1.7753477096557617 0.518520176410675
Cyclist 0.0 0 1.1409250497817993 776.84228515625 125.62664031982422 814.0975952148438 179.3378143310547 1.784805 1.8152063 0.5796059 6.5782857 -0.2143788 25.423326 1.3941218852996826 0.6721927523612976
Cyclist 0.0 0 1.0330036878585815 748.4071044921875 137.34457397460938 779.8137817382812 180.61151123046875 1.6745515 1.8365519 0.5680522 6.819467 -0.20683327 31.581812 1.2456687688827515 0.5592120289802551
Car 0.0 0 -1.3122811317443848 339.3316345214844 188.28440856933594 457.27490234375 258.3231506347656 3.7300265 1.3367509 1.5646564 -4.4865866 1.4132 15.760316 -1.5896207094192505 0.9765625596046448
Car 0.0 0 -1.3460721969604492 406.3661193847656 181.10667419433594 482.435791015625 229.58619689941406 3.956943 1.472486 1.6105684 -5.3486824 1.3488125 23.811789 -1.5670280456542969 0.9467222690582275
Car 0.0 0 -1.5683021545410156 573.8678588867188 176.77099609375 610.82177734375 211.84619140625 3.2749853 1.5798529 1.6649703 -0.7611726 1.200619 34.028553 -1.5906670093536377 0.9280696511268616
Car 0.0 0 -0.98023921251297 0.0 198.40951538085938 286.22796630859375 376.0 4.0327053 1.410461 1.6158158 -4.634966 1.5687317 6.5201116 -1.5982247591018677 0.8709236979484558
Car 0.0 0 -0.9974949955940247 51.58549880981445 189.0327606201172 269.5790710449219 278.2255859375 4.106133 1.467098 1.6271553 -8.499175 1.5540115 14.074725 -1.5407484769821167 0.8408695459365845
Car 0.0 0 -1.2567857503890991 288.2069091796875 183.05726623535156 378.70843505859375 230.81915283203125 4.0715637 1.4479655 1.6209635 -9.017106 1.3836612 23.861135 -1.618095874786377 0.7982221841812134
Car 0.0 0 -1.2192529439926147 395.25445556640625 170.85858154296875 455.7300720214844 204.9228057861328 3.6017234 1.5131836 1.6151217 -8.533509 0.87655044 33.804012 -1.4665274620056152 0.6004922986030579
Car 0.0 0 -0.9109154939651489 0.0 179.6269073486328 126.36366271972656 258.7751159667969 4.133852 1.3919573 1.6092051 -12.058563 1.2947998 14.725879 -1.5970563888549805 0.5863658785820007
Car 0.0 0 -1.0484164953231812 394.5222473144531 165.10903930664062 431.26507568359375 183.03428649902344 3.6917894 1.5682389 1.596869 -17.68664 -0.20325394 65.359886 -1.31269109249115 0.48827362060546875
Car 0.0 0 1.030292272567749 697.8455200195312 158.1602020263672 756.8028564453125 185.6941375732422 3.9111645 1.5370221 1.6303265 6.937934 0.027838454 42.24317 1.1930769681930542 0.468465119600296
