Pedestrian 0.0 0 1.3212701082229614 700.7005615234375 165.85696411132812 718.0635375976562 205.7977752685547 0.8908973 1.7564214 0.5636936 4.3906393 1.4490808 32.20194 1.4567815065383911 0.575729250907898
Pedestrian 0.0 0 1.0258452892303467 748.2128295898438 134.54342651367188 793.5304565429688 236.57896423339844 0.6605406 1.6792026 0.47671944 2.6746147 1.0490818 12.261336 1.2406150102615356 0.4792817234992981
Pedestrian 0.0 0 1.6319427490234375 511.2084655761719 174.81280517578125 534.2147216796875 233.452880859375 1.8502824 1.7471842 0.60400665 -2.7533922 1.811189 22.500158 1.5101760625839233 0.12393094599246979
Cyclist 0.0 0 1.7431113719940186 482.3921203613281 174.1707763671875 513.541748046875 233.85157775878906 1.8829137 1.7414927 0.6300237 -3.4488025 1.7838057 22.040285 1.587892770767212 0.6192241311073303
Cyclist 0.0 0 1.6319427490234375 511.2084655761719 174.81280517578125 534.2147216796875 233.452880859375 1.8502824 1.7471842 0.60400665 -2.7533922 1.811189 22.500158 1.5101760625839233 0.6163055300712585
Cyclist 0.0 0 1.4572821855545044 531.5289306640625 176.32847595214844 547.5559692382812 210.84805297851562 1.5155239 1.6990588 0.6364216 -3.6077366 1.8789927 36.481808 1.3587112426757812 0.36624234914779663
Car 0.0 0 -1.9401822090148926 751.1270141601562 179.87274169921875 1061.3944091796875 375.0 3.4729502 1.4976468 1.5794498 2.530687 1.585111 7.191776 -1.6018279790878296 0.9813477993011475
Car 0.0 0 2.0047454833984375 149.03524780273438 186.3538360595703 376.7860107421875 312.8482666015625 3.8414745 1.4942324 1.568478 -4.9737854 1.7337419 10.855303 1.5751020908355713 0.9569278955459595
Car 0.0 0 1.7219953536987305 435.5412292480469 182.4208984375 498.3134765625 228.11155700683594 4.53265 1.4944692 1.6223284 -5.269832 1.8814679 26.859035 1.5282530784606934 0.8066852688789368
Car 0.0 0 -1.5182989835739136 640.2454223632812 173.63075256347656 670.7997436523438 201.41603088378906 4.5709877 1.7484515 1.7886218 3.0380247 1.8029414 47.9079 -1.454969882965088 0.6846151351928711
Car 0.0 0 1.3749103546142578 689.47412109375 174.09442138671875 729.312255859375 205.75173950195312 4.0626698 1.8484645 1.6584946 6.024907 1.9286748 44.368607 1.5098769664764404 0.4702411890029907
