Pedestrian 0.0 0 -3.1419999599456787 816.53271484375 114.05158233642578 857.3850708007812 220.54393005371094 0.65528756 1.7787454 0.7742383 3.9224439 0.59121954 12.470808 -2.837266683578491 0.5683469772338867
Pedestrian 0.0 0 -1.088210105895996 1163.8804931640625 57.78132247924805 1241.0 217.4967498779297 0.6756274 1.822012 0.5920323 7.139548 0.369389 8.600115 -0.3953423500061035 0.38000813126564026
Cyclist 0.0 0 1.2479170560836792 768.4407348632812 130.31393432617188 796.7860717773438 179.79615783691406 1.6529261 1.7915529 0.53613186 6.527366 -0.20924935 27.05499 1.4846558570861816 0.36466899514198303
Car 0.0 0 -1.2282507419586182 276.6259765625 191.7864532470703 427.0267333984375 278.4494934082031 3.511571 1.3668948 1.5219387 -4.6259637 1.5063329 13.364504 -1.56148099899292 0.9722620844841003
Car 0.0 0 -1.3868110179901123 416.0425720214844 183.48866271972656 496.3562316894531 235.7825927734375 4.1711793 1.4265133 1.6287546 -4.502928 1.380533 21.707596 -1.5913459062576294 0.9528891444206238
Car 0.0 0 -1.5778803825378418 570.848388671875 175.7615509033203 654.919189453125 248.51637268066406 3.6173522 1.4708068 1.7000535 0.04782574 1.2808135 16.340763 -1.5749536752700806 0.9329782724380493
Car 0.0 0 -1.1669671535491943 195.29046630859375 184.35968017578125 331.23455810546875 251.7672576904297 3.8090832 1.4826767 1.6470991 -8.367204 1.4649793 17.741554 -1.6076509952545166 0.9150878190994263
Car 0.0 0 -0.9436933398246765 0.0 191.3393096923828 172.11566162109375 257.0452575683594 3.8252182 1.4393417 1.5936542 -12.927786 1.6103073 18.016869 -1.5660929679870605 0.8744885325431824
Car 0.0 0 -1.3619979619979858 380.318603515625 180.039306640625 438.5533447265625 216.2271728515625 4.164586 1.4539523 1.5904299 -8.504018 1.2471075 31.003832 -1.6297032833099365 0.5293728709220886
Car 0.0 0 -1.4835472106933594 643.743408203125 180.3917999267578 667.1664428710938 200.03402709960938 3.4599404 1.5189743 1.5732058 3.8210227 1.1470623 57.416862 -1.4170963764190674 0.5278121829032898
