Pedestrian 0.0 0 3.284701108932495 50.80807876586914 156.4977264404297 74.58467102050781 201.02890014648438 0.71847945 1.8829751 0.727247 -23.548607 1.1917173 30.999311 2.6350529193878174 0.6480114459991455
Pedestrian 0.0 0 1.096867561340332 1049.541748046875 107.98501586914062 1108.1043701171875 201.67092895507812 0.75283295 1.837413 0.7259858 9.393879 0.56552935 14.558876 1.6698849201202393 0.630597710609436
Pedestrian 0.0 0 -0.27768459916114807 764.8605346679688 157.0656280517578 785.8299560546875 189.0394287109375 0.9582322 1.7007637 0.6374873 8.833458 0.86130023 38.721447 -0.053394608199596405 0.5954302549362183
Pedestrian 0.0 0 0.34589964151382446 354.24176025390625 164.7186279296875 366.4419250488281 185.21923828125 0.9604104 1.8867055 0.47709337 -23.07826 1.1383505 66.64615 0.012542247772216797 0.4180448353290558
Pedestrian 0.0 0 0.7260249257087708 81.6340103149414 152.93109130859375 109.09212493896484 192.06124877929688 0.8362131 1.7865944 0.61199266 -23.78023 0.8773174 33.289448 0.10573458671569824 0.3542119562625885
Pedestrian 0.0 0 1.3643651008605957 759.6954345703125 149.62472534179688 775.2345581054688 181.62020874023438 0.9352276 1.7876778 0.6796012 8.860612 0.49015075 40.781742 1.5783090591430664 0.34105315804481506
Pedestrian 0.0 0 -1.3075180053710938 208.73886108398438 159.8641357421875 225.2809295654297 190.27099609375 0.83908254 1.7749219 0.663098 -23.232431 1.0170304 42.600567 -1.8067879676818848 0.34100720286369324
Pedestrian 0.0 0 2.695862293243408 811.2218017578125 149.51434326171875 832.6781005859375 189.37158203125 0.70163053 1.7768337 0.68473744 9.520382 0.736711 32.55763 2.980347156524658 0.33168652653694153
Cyclist 0.0 0 1.4719637632369995 768.1239624023438 156.62420654296875 782.1642456054688 189.70449829101562 1.1682969 1.7469229 0.62037456 8.820324 0.89020896 38.71893 1.695945382118225 0.3761521279811859
Cyclist 0.0 0 2.1185450553894043 0.0 198.45187377929688 27.854663848876953 240.3465576171875 1.6841084 1.76232 0.5691435 -26.95929 2.9394598 32.292885 1.4229199886322021 0.35752758383750916
Cyclist 0.0 0 1.3597362041473389 759.4552612304688 149.48854064941406 775.1556396484375 181.5291748046875 0.94812447 1.7908114 0.68271 8.855555 0.48522925 40.80034 1.5734672546386719 0.15282191336154938
Car 0.0 0 -2.262256145477295 753.6948852539062 189.5579376220703 935.0404663085938 272.78662109375 3.5861104 1.4005055 1.6228236 4.618855 1.7912942 14.895203 -1.9615683555603027 0.980854868888855
Car 0.0 0 2.1883492469787598 75.57550811767578 194.04920959472656 185.76980590820312 241.64453125 3.5227034 1.5052153 1.5822631 -17.314552 2.3276036 26.194372 1.6042780876159668 0.9225597381591797
Car 0.0 0 2.031672954559326 238.07568359375 182.18812561035156 314.7871398925781 221.26629638671875 4.41001 1.7936735 1.7300844 -16.755653 2.29393 36.41032 1.6003777980804443 0.8133106231689453
Car 0.0 0 -2.271430730819702 163.46304321289062 157.37921142578125 239.6722412109375 186.0027313232422 4.2320976 1.6665242 1.6625513 -24.667805 0.76590574 43.520897 -2.787083387374878 0.4319775402545929
Car 0.0 0 2.397416353225708 293.5169982910156 162.81915283203125 350.9698791503906 187.03054809570312 4.1383896 1.8267525 1.6948681 -22.567034 1.0699794 56.669468 2.0184435844421387 0.3788927495479584
Car 0.0 0 0.6060277819633484 1050.0296630859375 121.09506225585938 1242.0 204.0172882080078 3.4988904 1.6332564 1.5960094 11.955923 0.61415756 16.121838 1.2441298961639404 0.37748897075653076
Car 0.0 0 -0.8790783882141113 1081.84326171875 156.5187530517578 1135.558837890625 177.6346893310547 3.3352392 1.566445 1.5913543 37.799137 0.35500428 54.741432 -0.2747545838356018 0.3395836353302002
Car 0.0 0 2.190804958343506 351.8323669433594 166.73989868164062 392.6385803222656 185.8517303466797 4.039089 1.7554425 1.6349119 -22.524809 1.1942132 68.44251 1.8728642463684082 0.33058199286460876
Car 0.0 0 1.445277452468872 1022.1859741210938 153.1232452392578 1055.1466064453125 175.51722717285156 4.1317453 1.7302723 1.7683423 34.380165 0.20613343 57.993984 1.9804030656814575 0.3176113963127136
