Pedestrian 0.0 0 -2.3297927379608154 115.30599975585938 171.61903381347656 139.0296173095703 213.9744873046875 0.5902809 1.8917198 0.66895145 -21.86205 1.8369201 32.614353 -2.9203202724456787 0.17908959090709686
Pedestrian 0.0 0 -1.8741631507873535 1043.6876220703125 103.6526107788086 1088.3353271484375 201.97088623046875 0.5731414 1.9226857 0.6119147 9.07999 0.56975996 14.462437 -1.3135294914245605 0.17635250091552734
Pedestrian 0.0 0 3.197303056716919 562.3117065429688 159.81410217285156 577.942138671875 188.27108764648438 1.0048312 1.870456 0.51536584 -2.6630046 1.0137115 47.681118 3.1415107250213623 0.12028265744447708
Car 0.0 0 -1.4521721601486206 498.98504638671875 177.21932983398438 541.7864379882812 211.648681640625 3.6520154 1.5419364 1.6171776 -4.282728 1.7627431 34.605278 -1.575305461883545 0.9238902926445007
Car 0.0 0 -1.6031051874160767 556.026123046875 176.7470245361328 605.1026000976562 222.1658477783203 3.6610942 1.391477 1.5170431 -1.0969017 1.5331732 24.309338 -1.6481972932815552 0.9008647203445435
Car 0.0 0 1.9108210802078247 225.84120178222656 180.65464782714844 295.86834716796875 217.79425048828125 3.806638 1.51213 1.6342405 -15.520737 1.8819222 32.187767 1.461519718170166 0.8455072641372681
Car 0.0 0 2.1660959720611572 0.0 181.7237091064453 71.63890075683594 268.0217590332031 3.8591394 1.5558885 1.6296507 -13.637586 1.7708719 15.438768 1.4425653219223022 0.6009886264801025
Car 0.0 0 1.1907936334609985 766.8851318359375 181.94911193847656 801.6954956054688 200.53939819335938 3.078613 1.408301 1.6908506 13.931007 2.159403 57.911037 1.426866888999939 0.1311141848564148
Car 0.0 0 -0.9237497448921204 0.0 151.1529083251953 19.390708923339844 196.14234924316406 4.4812055 2.325509 1.8262339 -35.07225 1.2041355 39.59841 -1.6486070156097412 0.12262821942567825
Car 0.0 0 1.739945411682129 453.5024719238281 178.34413146972656 481.0545654296875 198.74867248535156 3.7817395 1.6669828 1.7076006 -12.227229 2.1527984 61.885914 1.5448808670043945 0.11074385792016983
