Pedestrian 0.0 0 -3.2048420906066895 662.1098022460938 172.61370849609375 675.2197265625 206.8360595703125 0.6270793 1.7566845 0.8067815 3.0038803 1.7447078 37.443462 -3.124788999557495 0.22944308817386627
Pedestrian 0.0 0 1.9560965299606323 291.7518615722656 172.5454559326172 314.37713623046875 204.97718811035156 1.6389407 1.836127 0.6345822 -17.74955 1.8190166 41.672073 1.5534350872039795 0.19358116388320923
Cyclist 0.0 0 1.9490300416946411 293.5242614746094 175.2171173095703 317.3006896972656 206.2417755126953 2.0204222 1.7521423 0.5684897 -17.713614 1.893122 41.917587 1.5492093563079834 0.7580601572990417
Cyclist 0.0 0 -1.796813726425171 843.6747436523438 159.19427490234375 868.8095092773438 208.576904296875 1.8550241 1.7254058 0.4535665 8.865956 1.2484994 26.153067 -1.469969630241394 0.2510937750339508
Car 0.0 0 -1.6066070795059204 554.4962158203125 174.45932006835938 718.3419799804688 320.0652770996094 3.9711719 1.4919903 1.6931854 0.18738459 1.5177898 9.433594 -1.586746096611023 0.85316002368927
Car 0.0 0 1.72488272190094 408.0611267089844 179.4994354248047 445.7218017578125 204.34693908691406 4.2857366 1.4651154 1.687005 -11.632727 1.9089705 45.938175 1.4768704175949097 0.7387567758560181
Car 0.0 0 2.1029739379882812 225.04031372070312 173.43482971191406 281.8223876953125 197.29541015625 3.8245323 1.5103129 1.656641 -23.547935 1.550682 47.732754 1.6446776390075684 0.3800964951515198
Car 0.0 0 -1.566620111465454 584.8216552734375 170.8417510986328 637.8419189453125 221.75892639160156 3.8026307 1.5548954 1.6193718 0.0022806637 1.493804 23.936148 -1.566524863243103 0.33910730481147766
Car 0.0 0 1.8265125751495361 474.6939697265625 179.78936767578125 504.45330810546875 199.4425506591797 3.8112335 1.5522203 1.5424751 -10.056809 2.1515098 60.34099 1.6613643169403076 0.2595844566822052
Car 0.0 0 1.6169918775558472 472.2652282714844 183.1191864013672 498.93255615234375 207.8905792236328 3.668323 1.4962097 1.5492085 -8.113763 2.1937058 47.082855 1.4463385343551636 0.23246127367019653
Car 0.0 0 2.032012939453125 248.39425659179688 179.35411071777344 301.8685302734375 203.1891632080078 3.789485 1.4590745 1.6552218 -21.835567 1.90129 47.128597 1.598138451576233 0.21759499609470367
Car 0.0 0 1.3001124858856201 654.5909423828125 177.04933166503906 690.0267333984375 199.44891357421875 3.6693428 1.501957 1.5680163 4.3398376 1.8105191 51.05608 1.384909987449646 0.21290825307369232
Car 0.0 0 1.4378942251205444 717.5779418945312 166.078369140625 748.2479858398438 190.01271057128906 4.1073866 1.6696683 1.6591103 8.856896 1.197355 52.413063 1.6052954196929932 0.20625151693820953
