Pedestrian 0.0 0 -1.8718708753585815 918.02734375 149.2099151611328 937.4780883789062 182.1533966064453 0.9164142 1.7017764 0.6898353 16.588459 0.48074123 37.764175 -1.4579803943634033 0.5399945974349976
Pedestrian 0.0 0 3.336369514465332 179.17703247070312 163.67112731933594 196.4408416748047 188.73956298828125 1.0394511 1.8571485 0.47939235 -31.531887 1.1772101 53.84828 2.806628704071045 0.3922138810157776
Pedestrian 0.0 0 -0.7928788661956787 1021.5361328125 139.54452514648438 1056.995849609375 192.3270721435547 0.84452516 1.7701017 0.627017 14.590491 0.653402 24.605299 -0.2576359212398529 0.3233432471752167
Cyclist 0.0 0 1.7850439548492432 78.07280731201172 191.90992736816406 98.58250427246094 224.28004455566406 1.5697969 1.6516421 0.57059556 -27.954103 2.694242 38.62749 1.158598780632019 0.5633118748664856
Cyclist 0.0 0 1.4676826000213623 907.0866088867188 151.4193115234375 922.8348999023438 183.928466796875 1.7866429 1.719741 0.6028688 16.484549 0.5861993 39.109142 1.8665859699249268 0.31200605630874634
Cyclist 0.0 0 -2.056168556213379 938.8889770507812 134.65492248535156 982.80078125 177.00494384765625 2.014311 1.7037107 0.79254997 14.538636 0.1673477 30.04448 -1.6054807901382446 0.29801228642463684
Cyclist 0.0 0 2.5837531089782715 179.3539581298828 163.3058624267578 197.25950622558594 188.80859375 1.0509641 1.884723 0.49812666 -31.52647 1.1794463 53.901924 2.054521083831787 0.17040956020355225
Cyclist 0.0 0 -0.9944487810134888 1023.8751831054688 137.9887237548828 1058.481689453125 190.1217803955078 0.9315906 1.7445654 0.6041609 14.667291 0.57820225 24.619238 -0.4571487009525299 0.1490473598241806
Car 0.0 0 2.1280417442321777 112.63327026367188 190.86965942382812 237.11094665527344 247.02101135253906 3.6827078 1.474881 1.5265073 -13.154425 2.070793 21.994562 1.5890378952026367 0.9288368821144104
Car 0.0 0 1.8489638566970825 386.5499572753906 180.2005615234375 424.27435302734375 202.80252075195312 4.3390946 1.624807 1.6624167 -15.6926985 2.2118874 55.450275 1.5731709003448486 0.7526409029960632
Car 0.0 0 -0.6958385705947876 223.7267608642578 165.88279724121094 289.9696960449219 190.08078002929688 4.2416573 1.6878738 1.6903025 -25.704414 1.201972 52.60751 -1.1503305435180664 0.5024749636650085
Car 0.0 0 -0.6675471067428589 892.6686401367188 159.6080780029297 957.4931640625 182.63038635253906 3.8283656 1.5214573 1.6571007 21.340464 0.6464429 48.968117 -0.2565616965293884 0.40194740891456604
