Pedestrian 0.0 0 -1.7989237308502197 685.6636962890625 172.18467712402344 717.1804809570312 229.71951293945312 1.029742 1.7621635 0.7640678 3.1011858 1.4779718 22.545982 -1.6622321605682373 0.8576891422271729
Pedestrian 0.0 0 0.07864819467067719 745.9012451171875 162.619384765625 821.85107421875 297.4781188964844 0.99914885 1.8305156 0.73414147 2.5703192 1.575562 10.254863 0.324232816696167 0.6817061305046082
Pedestrian 0.0 0 1.5167964696884155 664.2415161132812 174.77142333984375 686.6708984375 229.8408660888672 0.8859779 1.6856523 0.6476841 2.278696 1.4808093 22.44308 1.6179819107055664 0.6800535917282104
Pedestrian 0.0 0 -1.6909496784210205 519.1570434570312 172.01097106933594 543.4429931640625 231.52940368652344 0.9330651 1.7537751 0.6199572 -2.152388 1.4753006 21.686644 -1.7898751497268677 0.6746758818626404
Pedestrian 0.0 0 -0.5977299213409424 1008.81103515625 183.72486877441406 1096.468994140625 321.7562255859375 0.72857136 1.7227875 0.63698083 5.7829933 1.7539806 9.30713 -0.041758984327316284 0.5043002963066101
Pedestrian 0.0 0 2.3388097286224365 1088.02197265625 96.15902709960938 1237.7127685546875 288.12384033203125 1.014579 1.775824 0.6263926 5.419328 0.9877302 7.0261073 2.995812177658081 0.47079551219940186
Pedestrian 0.0 0 1.4727964401245117 247.7786407470703 141.39248657226562 285.97747802734375 219.8633270263672 0.7778818 1.8278111 0.75785506 -8.077032 0.89479756 17.25735 1.0350468158721924 0.4324875473976135
Pedestrian 0.0 0 -2.7692902088165283 589.8526000976562 174.7771453857422 609.7319946289062 207.46592712402344 0.93457794 1.7404077 0.5495036 -0.09068966 1.383311 38.667923 -2.7716355323791504 0.38480332493782043
Pedestrian 0.0 0 -1.5946621894836426 742.0807495117188 180.0688934326172 779.8234252929688 293.46893310546875 1.4056536 1.7289594 0.55736536 2.5347722 1.7084432 11.692271 -1.3811753988265991 0.3514957129955292
Pedestrian 0.0 0 1.2452998161315918 720.8107299804688 174.81845092773438 774.8107299804688 275.9502868652344 1.1138991 1.8031944 0.6607291 2.6716697 1.6853334 13.40014 1.4420955181121826 0.3347659707069397
Pedestrian 0.0 0 2.802161931991577 786.1996459960938 192.36642456054688 872.5339965820312 327.01123046875 0.85639095 1.6046609 0.64709634 2.776503 1.7466073 8.952987 3.102877378463745 0.32835888862609863
Pedestrian 0.0 0 -2.4060544967651367 139.05377197265625 175.77218627929688 231.9533233642578 314.4938659667969 0.9257078 1.7877291 0.5847662 -5.614576 1.7152458 9.636338 -2.9336161613464355 0.32823359966278076
Pedestrian 0.0 0 1.075791597366333 597.780029296875 177.1064910888672 619.9027709960938 205.81187438964844 1.8462638 1.8106015 0.6203078 0.47432488 1.5341994 46.26794 1.086042881011963 0.13865849375724792
Cyclist 0.0 0 1.9305272102355957 385.087158203125 172.0092010498047 444.02874755859375 259.70074462890625 1.8521497 1.8235791 0.65457153 -4.1349607 1.6274502 15.890754 1.675960898399353 0.6045706868171692
Cyclist 0.0 0 -1.8890694379806519 716.9072265625 177.44776916503906 771.6947021484375 279.29449462890625 1.5520571 1.7852614 0.53474426 2.5957794 1.7155056 13.392624 -1.6976217031478882 0.48256951570510864
Cyclist 0.0 0 -1.6107434034347534 741.6509399414062 176.94180297851562 781.7384643554688 294.10235595703125 1.5325649 1.7747756 0.5654733 2.541777 1.7070316 11.682594 -1.396512508392334 0.4252350330352783
Cyclist 0.0 0 -1.2805774211883545 544.562744140625 178.1239471435547 554.6925048828125 198.9158477783203 1.7431107 1.6214318 0.31636152 -4.0751305 1.3586907 56.90101 -1.3520731925964355 0.34752601385116577
Cyclist 0.0 0 1.075791597366333 597.780029296875 177.1064910888672 619.9027709960938 205.81187438964844 1.8462638 1.8106015 0.6203078 0.47432488 1.5341994 46.26794 1.086042881011963 0.33357277512550354
Cyclist 0.0 0 1.6802390813827515 298.56201171875 169.22015380859375 346.2923278808594 283.620849609375 1.6966872 1.743252 0.55526716 -4.6106677 1.5574338 11.834768 1.308741807937622 0.32957786321640015
Cyclist 0.0 0 1.509145975112915 663.9884033203125 174.6868133544922 687.2722778320312 229.95703125 0.8946787 1.6914628 0.66716266 2.283628 1.4840714 22.441206 1.6105573177337646 0.12459862232208252
Car 0.0 0 -2.793414831161499 453.1614685058594 181.78292846679688 558.754638671875 216.63575744628906 4.1014504 1.4016489 1.5626538 -3.9943109 1.4149398 30.107994 -2.9253108501434326 0.583413302898407
Car 0.0 0 -1.709347128868103 733.2717895507812 154.1301727294922 807.2883911132812 212.78492736816406 3.6315682 1.5571338 1.5903904 4.797769 0.83170056 20.945122 -1.4841680526733398 0.528856635093689
Car 0.0 0 1.6397043466567993 420.8218078613281 177.36888122558594 441.26959228515625 194.24290466308594 4.059776 1.4907509 1.5430923 -15.491986 1.1261939 65.58756 1.407752513885498 0.4740956723690033
Car 0.0 0 -2.9301748275756836 529.4257202148438 182.0773162841797 592.8499755859375 206.26731872558594 3.7555728 1.4924052 1.599595 -2.5212555 1.5305029 45.447575 -2.9855940341949463 0.3371095359325409
Car 0.0 0 -1.521546721458435 16.977397918701172 143.51678466796875 112.07267761230469 219.27334594726562 3.664428 1.6540415 1.6881503 -13.114014 0.82595265 17.67361 -2.1599152088165283 0.32732418179512024
