Pedestrian 0.0 0 -1.8011242151260376 565.1172485351562 162.8717041015625 605.7724609375 250.5615234375 0.9646333 1.7362965 0.6282845 -0.37798592 1.3686961 14.766861 -1.8267155885696411 0.8719140291213989
Pedestrian 0.0 0 -0.3741927444934845 843.1719360351562 153.8917236328125 943.5180053710938 307.76702880859375 0.8810156 1.6530904 0.5867969 3.1873076 1.3578517 8.009882 0.004520893096923828 0.8675463795661926
Pedestrian 0.0 0 1.0653107166290283 638.8751220703125 154.5126190185547 685.7257690429688 241.3835906982422 0.77444077 1.7458096 0.6783508 1.2199234 1.2046994 14.925925 1.1468613147735596 0.8095851540565491
Pedestrian 0.0 0 -2.665724277496338 601.97314453125 164.31900024414062 653.3026733398438 254.57403564453125 0.86866885 1.7528167 0.5610381 0.48792717 1.4204018 14.404751 -2.631864547729492 0.7219957709312439
Pedestrian 0.0 0 -2.504173755645752 679.8594970703125 155.50904846191406 735.2039794921875 251.27220153808594 0.8265632 1.7225958 0.6029987 1.9398979 1.256338 13.423926 -2.36065673828125 0.6781356334686279
Pedestrian 0.0 0 2.733505964279175 727.89501953125 158.06716918945312 847.868896484375 340.4064025878906 0.9601914 1.7069659 0.67952394 1.7818516 1.4889753 7.1353893 2.9782214164733887 0.6746978759765625
Pedestrian 0.0 0 2.0119142532348633 307.6321105957031 167.11807250976562 350.33489990234375 242.19468688964844 0.7808625 1.7114121 0.6650523 -6.392572 1.3847799 16.787159 1.6480672359466553 0.6206223368644714
Pedestrian 0.0 0 2.0890464782714844 705.8485107421875 170.66436767578125 747.7633056640625 244.2312774658203 0.74846107 1.6901691 0.6999373 2.936532 1.4424341 17.012196 2.2599754333496094 0.5062857270240784
Pedestrian 0.0 0 1.7292660474777222 1145.5106201171875 133.9950714111328 1237.865478515625 309.7564697265625 0.7338325 1.7392231 0.6490219 6.1918564 1.2705134 7.591968 2.4134349822998047 0.46067893505096436
Pedestrian 0.0 0 2.816669225692749 623.463623046875 162.19204711914062 654.3480834960938 235.4216766357422 0.5998313 1.7944502 0.63404584 0.89998055 1.3225106 17.986307 2.866664409637451 0.43382740020751953
Pedestrian 0.0 0 1.530750036239624 198.44610595703125 164.02101135253906 231.13819885253906 234.94309997558594 0.94935656 1.7829695 0.70777506 -10.074856 1.3447336 18.64501 1.0353448390960693 0.39663559198379517
Pedestrian 0.0 0 0.16654464602470398 608.5751342773438 158.62118530273438 649.452880859375 216.61373901367188 1.2013516 1.7837148 0.57563 0.8413051 1.0811305 22.495182 0.20392656326293945 0.17262743413448334
Cyclist 0.0 0 0.13761745393276215 607.8750610351562 158.82595825195312 650.4393310546875 215.89173889160156 1.2734373 1.7659615 0.5764386 0.851424 1.0654006 22.621845 0.17523694038391113 0.30691927671432495
Cyclist 0.0 0 -1.8199676275253296 564.9078369140625 162.49990844726562 606.1204223632812 249.36578369140625 0.95052576 1.7287439 0.6326829 -0.37770972 1.3518637 14.836428 -1.8454203605651855 0.158535435795784
Cyclist 0.0 0 2.0890464782714844 705.8485107421875 170.66436767578125 747.7633056640625 244.2312774658203 0.74846107 1.6901691 0.6999373 2.936532 1.4424341 17.012196 2.2599754333496094 0.11251494288444519
Car 0.0 0 1.7996693849563599 393.1720275878906 158.18185424804688 537.213134765625 263.2886657714844 4.3065305 1.7072725 1.7614216 -2.4584477 1.3298022 13.862623 1.6241506338119507 0.9267771244049072
Car 0.0 0 1.8173366785049438 373.61322021484375 155.6986846923828 469.0234375 225.41796875 4.287575 1.8266904 1.6936123 -5.145155 1.1518493 20.966978 1.5766984224319458 0.8627728223800659
