Pedestrian 0.0 0 1.5558711290359497 972.9760131835938 145.28050231933594 995.8741455078125 198.60711669921875 0.8033562 1.7780083 0.67826515 12.696115 0.85901475 24.5654 2.032891273498535 0.5988399982452393
Pedestrian 0.0 0 3.421113967895508 348.23797607421875 119.6351089477539 431.61029052734375 274.466796875 0.87891114 1.8517233 0.5041539 -2.7509897 1.215605 8.887649 3.1209375858306885 0.4738462269306183
Pedestrian 0.0 0 3.6946487426757812 77.93324279785156 159.24928283691406 98.47824096679688 189.51263427734375 0.9238017 1.8281964 0.4293213 -31.73027 1.0066993 43.833054 3.0680692195892334 0.4230145215988159
Pedestrian 0.0 0 -1.84639573097229 848.3323364257812 138.85986328125 870.0624389648438 180.66990661621094 0.76524717 1.7432376 0.68417025 10.481334 0.32623577 30.482262 -1.5152100324630737 0.38244882225990295
Pedestrian 0.0 0 1.8175978660583496 292.9070739746094 151.88784790039062 312.62689208984375 191.35874938964844 0.6594262 1.7610941 0.67939365 -13.904007 0.8259937 32.56917 1.4141130447387695 0.34917059540748596
Pedestrian 0.0 0 -0.5682337880134583 963.5256958007812 157.3789520263672 982.9912719726562 192.03871154785156 0.657038 1.7698787 0.63552576 18.684711 0.9800129 37.19188 -0.10267850756645203 0.334335058927536
Pedestrian 0.0 0 0.6819274425506592 942.354248046875 148.1018524169922 966.845703125 189.98306274414062 0.7184235 1.7612066 0.6114523 14.664622 0.720677 30.795431 1.1263501644134521 0.3263917863368988
Pedestrian 0.0 0 -3.4041051864624023 996.5521240234375 141.71096801757812 1019.8004150390625 177.0009002685547 0.9535614 1.8751245 0.6634027 21.35438 0.22070277 38.77192 -2.9006717205047607 0.30905914306640625
Pedestrian 0.0 0 2.7729873657226562 801.5648193359375 150.24880981445312 814.5982055664062 178.08065795898438 0.66082096 1.8141342 0.5769567 12.966085 0.34104133 47.348907 3.040276050567627 0.3046472370624542
Car 0.0 0 0.2577087879180908 446.6284484863281 179.85154724121094 699.7600708007812 265.0211181640625 4.6346197 1.4758661 1.7003065 -0.70465434 1.624964 14.024946 0.20750808715820312 0.9485803246498108
Car 0.0 0 1.5472787618637085 604.9569702148438 156.95152282714844 644.4835815429688 194.24676513671875 4.106165 1.5405012 1.6331867 0.55404234 0.8839981 31.858824 1.5646675825119019 0.4526466131210327
Car 0.0 0 2.044968605041504 216.2113494873047 164.27687072753906 263.80804443359375 187.87168884277344 3.492988 1.6094401 1.5707989 -26.104643 1.0247383 50.961586 1.5715758800506592 0.4451354146003723
Car 0.0 0 0.3385859727859497 1039.962646484375 145.00064086914062 1201.345458984375 200.99282836914062 3.8682961 1.6215827 1.6258307 16.06815 0.81528294 22.93957 0.9496176242828369 0.3492412567138672
Car 0.0 0 2.258901834487915 372.8281555175781 168.81243896484375 419.4269714355469 189.2859649658203 3.925248 1.6453165 1.5919722 -17.789963 1.320883 60.099976 1.9711132049560547 0.33632808923721313
Car 0.0 0 -2.532379627227783 241.04283142089844 167.95448303222656 291.5233154296875 183.7025604248047 4.234747 1.4908882 1.5967854 -33.082592 1.0274031 69.440674 -2.9769821166992188 0.3332478404045105
Car 0.0 0 -1.2620911598205566 58.500030517578125 162.8304901123047 113.5601577758789 191.57127380371094 4.028476 1.715283 1.6466446 -32.796913 1.1174257 45.230236 -1.8894717693328857 0.27496519684791565
