Pedestrian 0.0 0 -0.07606533169746399 928.9244995117188 78.69975280761719 1000.6874389648438 219.95126342773438 0.81959957 1.8131115 0.5244713 4.7073073 0.44699872 9.618757 0.3790569305419922 0.37403151392936707
Pedestrian 0.0 0 2.7533459663391113 686.3518676757812 111.70806121826172 738.0177612304688 216.078369140625 0.70244634 1.792996 0.6753024 1.7954953 0.5313265 12.759225 2.8931493759155273 0.35158032178878784
Pedestrian 0.0 0 -2.1495201587677 877.4605712890625 100.05774688720703 928.5841064453125 206.94471740722656 0.7118916 1.7632633 0.4958084 4.9728317 0.3595843 12.251759 -1.763948917388916 0.2757793366909027
Pedestrian 0.0 0 -3.4365522861480713 1022.1472778320312 53.41758728027344 1115.7230224609375 219.59625244140625 0.7845324 1.832797 0.53453285 5.24157 0.38031685 8.286459 -2.872544765472412 0.2666865885257721
Pedestrian 0.0 0 -1.992248296737671 844.7515869140625 98.36189270019531 894.4922485351562 195.9732666015625 1.3283048 1.7916979 0.3866688 4.981808 0.19859059 13.868123 -1.6473770141601562 0.16683673858642578
Pedestrian 0.0 0 -2.0683155059814453 878.1627807617188 86.65035247802734 955.6061401367188 210.53765869140625 1.6227783 1.7828649 0.3655257 4.709912 0.36553997 11.16671 -1.669174075126648 0.10684926062822342
Cyclist 0.0 0 -1.9641717672348022 827.2682495117188 109.37469482421875 881.4055786132812 199.5272216796875 1.6533221 1.7237538 0.43035874 4.923613 0.27477324 14.580373 -1.63850736618042 0.4704817235469818
Cyclist 0.0 0 -2.1642191410064697 1108.2025146484375 44.67469787597656 1241.0 284.9662780761719 1.585444 1.7611332 0.5412987 4.9450235 0.7322182 6.078565 -1.4812895059585571 0.41762620210647583
Cyclist 0.0 0 -2.033984899520874 876.98095703125 90.54553985595703 950.8478393554688 212.63970947265625 1.600412 1.7859409 0.38691404 4.732512 0.40227777 11.322741 -1.6380877494812012 0.30045512318611145
Cyclist 0.0 0 -1.8471555709838867 688.0377197265625 111.85472869873047 735.9747314453125 215.66380310058594 0.77924186 1.7820053 0.651706 1.7906886 0.5238086 12.766708 -1.7078022956848145 0.10531773418188095
Car 0.0 0 -1.5506824254989624 572.2466430664062 177.33351135253906 621.5634155273438 219.4192657470703 3.433214 1.4532051 1.703303 -0.4071758 1.1821675 26.538698 -1.5660239458084106 0.9426582455635071
Car 0.0 0 -1.3061673641204834 287.8738708496094 189.55223083496094 457.2016296386719 293.381103515625 4.1875715 1.4159131 1.6201731 -3.7605774 1.5028541 12.098638 -1.6075268983840942 0.7616615295410156
Car 0.0 0 1.6762964725494385 508.85003662109375 154.41738891601562 555.0866088867188 192.11988830566406 4.262079 1.6080842 1.6571677 -3.423043 0.2956084 32.78907 1.5722774267196655 0.5744661092758179
Car 0.0 0 -1.301750659942627 418.6152038574219 178.62612915039062 455.5273132324219 199.3917999267578 4.0850983 1.4920189 1.658739 -12.721819 1.019688 53.717705 -1.534293532371521 0.543075442314148
Car 0.0 0 -1.2632378339767456 368.21380615234375 177.54110717773438 432.5745544433594 213.89913940429688 3.3576875 1.3506068 1.4964005 -8.156553 1.066647 28.398897 -1.5429232120513916 0.4619027376174927
Car 0.0 0 1.6551085710525513 520.6199951171875 152.085693359375 561.1090087890625 186.15931701660156 4.3940506 1.6578951 1.7211809 -3.4284863 0.04704468 37.17659 1.5631470680236816 0.4393687844276428
Car 0.0 0 1.923661470413208 25.6947078704834 153.6350555419922 204.63697814941406 253.87049865722656 3.1744637 1.4555657 1.4693328 -8.165833 0.9980997 12.151046 1.3319568634033203 0.3668341636657715
Car 0.0 0 2.068270444869995 392.93658447265625 164.179931640625 435.7287902832031 185.56338500976562 3.9588404 1.6583028 1.636424 -15.532357 0.028094709 57.85964 1.8060048818588257 0.3191578984260559
Car 0.0 0 1.3828638792037964 612.0513916015625 174.3634033203125 646.0421142578125 197.38050842285156 4.152897 1.5472274 1.6318527 1.429966 0.81885964 50.498043 1.4111735820770264 0.2597353458404541
