Pedestrian 0.0 0 -3.303252696990967 772.4332885742188 153.27850341796875 784.8242797851562 181.0417938232422 0.6873429 1.7968438 0.66907537 10.962917 0.5302726 47.052166 -3.0743417739868164 0.5231096744537354
Pedestrian 0.0 0 -0.2253183126449585 683.7025756835938 163.9731903076172 703.3217163085938 207.5435791015625 0.6833664 1.8002031 0.66234386 3.4476042 1.4336315 30.176277 -0.11156272888183594 0.490710586309433
Pedestrian 0.0 0 -0.1515612006187439 663.3739013671875 151.4355926513672 679.7504272460938 183.09410095214844 0.7587283 1.6398429 0.67840666 3.1794972 0.5307737 37.735386 -0.06750202924013138 0.4593363404273987
Pedestrian 0.0 0 -2.1159167289733887 932.205810546875 107.669189453125 1013.4948120117188 204.12075805664062 1.6988941 1.6539184 0.5192662 6.560553 0.5365095 13.23836 -1.655818223953247 0.11897952854633331
Cyclist 0.0 0 -2.1159167289733887 932.205810546875 107.669189453125 1013.4948120117188 204.12075805664062 1.6988941 1.6539184 0.5192662 6.560553 0.5365095 13.23836 -1.655818223953247 0.3646714389324188
Car 0.0 0 1.8904345035552979 280.1490783691406 187.74929809570312 380.1634216308594 241.38360595703125 4.58009 1.5121268 1.7321482 -9.177756 2.0552206 23.960161 1.5246317386627197 0.9321428537368774
Car 0.0 0 -1.4988415241241455 587.0532836914062 174.69076538085938 616.939453125 199.3448486328125 4.100128 1.5450543 1.683799 -0.5177651 1.6719959 47.625713 -1.5097126960754395 0.696845293045044
Car 0.0 0 1.8254703283309937 433.6068420410156 182.9544219970703 478.0523986816406 211.15753173828125 4.3163414 1.605146 1.6667849 -9.54597 2.2637556 44.82708 1.6156535148620605 0.6791295409202576
Car 0.0 0 2.672389030456543 748.4025268554688 156.44699096679688 834.4923095703125 188.33067321777344 3.5637314 1.4354148 1.5816802 8.400862 0.6971235 33.648884 2.9170498847961426 0.6010384559631348
Car 0.0 0 -3.1974103450775146 1167.0643310546875 151.83358764648438 1242.0 176.62596130371094 3.830916 1.5369834 1.6032394 38.322117 0.23419747 46.508236 -2.508214235305786 0.5398741960525513
Car 0.0 0 1.9995888471603394 475.32147216796875 178.83724975585938 509.35760498046875 195.14402770996094 3.9523091 1.4284638 1.61819 -10.885389 2.0010047 66.878746 1.838240623474121 0.5157735347747803
Car 0.0 0 1.4647889137268066 634.2791137695312 163.9034881591797 657.4254150390625 183.11155700683594 3.8225412 1.6050795 1.5935967 3.0412862 0.85750717 62.244675 1.5136102437973022 0.4675996005535126
Car 0.0 0 -1.3514349460601807 300.229736328125 167.24562072753906 330.1916198730469 186.7682342529297 3.9226406 1.655808 1.6185522 -25.826117 1.1804917 63.263493 -1.7390167713165283 0.42904552817344666
Car 0.0 0 1.5445894002914429 662.568359375 158.00592041015625 695.3539428710938 187.36129760742188 4.090552 1.5225656 1.670008 3.6938233 0.7528029 39.517593 1.6377915143966675 0.4002132713794708
Car 0.0 0 -1.3533862829208374 1007.2421875 153.0750274658203 1045.61865234375 176.19898986816406 3.8192935 1.6341457 1.6557553 30.559572 0.2367442 52.955456 -0.8299896717071533 0.38578397035598755
