Pedestrian 0.0 0 -2.054764747619629 895.3433227539062 119.28575134277344 940.3419799804688 204.83270263671875 0.69326276 1.7791435 0.6288003 6.550854 0.40911126 15.317067 -1.6506234407424927 0.46270549297332764
Cyclist 0.0 0 -2.184095859527588 858.8738403320312 119.10502624511719 923.1659545898438 195.40695190429688 1.7800353 1.7567469 0.518398 6.8046184 0.23577085 17.473087 -1.8127310276031494 0.4780527651309967
Car 0.0 0 -1.384232997894287 449.9029846191406 183.82569885253906 511.3320007324219 227.32843017578125 3.5052161 1.4617364 1.5563439 -4.548872 1.416163 25.912947 -1.558006763458252 0.9484919309616089
Car 0.0 0 -1.328608751296997 331.4908447265625 192.01634216308594 462.8320617675781 276.4523010253906 4.2003207 1.4537159 1.6126894 -4.2030573 1.6154019 14.841312 -1.6045821905136108 0.8965290188789368
Car 0.0 0 -1.0715465545654297 126.47352600097656 180.8597412109375 306.19305419921875 265.6843566894531 4.1614156 1.6233215 1.6639187 -8.417209 1.5410907 15.842889 -1.5599136352539062 0.8574843406677246
Car 0.0 0 -1.3681584596633911 398.2126159667969 180.38552856445312 448.3484802246094 213.19017028808594 3.7317083 1.4886749 1.6142159 -8.826203 1.2706132 34.52011 -1.618478536605835 0.8326340913772583
Car 0.0 0 -1.5714945793151855 580.2337646484375 182.07655334472656 610.5275268554688 209.37281799316406 3.3995075 1.4445319 1.603582 -0.7168066 1.2795385 39.752922 -1.5895241498947144 0.8024598360061646
Car 0.0 0 -1.3921983242034912 482.04815673828125 181.20066833496094 527.1884765625 213.11300659179688 3.76412 1.5150836 1.5972866 -5.1442447 1.3255954 36.035107 -1.5339967012405396 0.7915055155754089
Car 0.0 0 -1.294309377670288 304.3155212402344 189.6601104736328 386.2447204589844 235.27613830566406 3.5790167 1.3620114 1.6135952 -8.577273 1.5208474 23.661406 -1.642076849937439 0.7826071381568909
Car 0.0 0 -1.3118863105773926 381.1546630859375 179.8739776611328 421.30804443359375 204.8050079345703 3.4578855 1.4684943 1.5338755 -12.642556 1.1549863 44.08267 -1.5911821126937866 0.619967520236969
Car 0.0 0 3.560034990310669 94.71930694580078 203.74038696289062 400.1264343261719 307.5817565917969 3.9583793 1.4506884 1.5968909 -5.4922743 1.7634925 11.2201185 3.104820728302002 0.5532463788986206
Car 0.0 0 -1.238710641860962 414.1654968261719 165.81613159179688 441.7869567871094 182.45172119140625 3.1860895 1.5114214 1.5651261 -16.86323 -0.26483417 67.51296 -1.4834799766540527 0.5388463735580444
Car 0.0 0 1.4559651613235474 513.0654296875 176.65110778808594 547.4578247070312 202.8358154296875 4.273211 1.5623853 1.6602715 -4.9383564 1.0524852 45.156357 1.3470367193222046 0.5345509648323059
Car 0.0 0 2.1956756114959717 0.0 202.44110107421875 151.85009765625 366.1817932128906 4.400752 1.5212504 1.6755198 -8.106258 1.8023398 9.415371 1.4848530292510986 0.4934951364994049
