Pedestrian 0.0 0 0.014422804117202759 669.2833251953125 166.01571655273438 679.8516845703125 185.0502471923828 0.9733651 1.7646557 0.5189372 5.9962444 1.1310503 67.19803 0.10341954231262207 0.31904298067092896
Cyclist 0.0 0 -1.8108899593353271 758.5422973632812 152.8961181640625 798.6226196289062 224.13868713378906 1.7729607 1.7403706 0.59002227 4.2533092 1.2531812 18.514156 -1.5850753784179688 0.9184633493423462
Cyclist 0.0 0 2.726043224334717 702.2576293945312 157.40895080566406 726.7303466796875 181.17543029785156 1.7751931 1.8175085 0.6092519 8.041338 0.63672733 55.707897 2.869401216506958 0.30089372396469116
Car 0.0 0 1.6622929573059082 378.6017150878906 183.23568725585938 403.6645812988281 204.01046752929688 3.6171298 1.5149201 1.5549201 -17.12129 2.3555336 56.46776 1.36789870262146 0.557468056678772
Car 0.0 0 3.1306843757629395 579.6209716796875 162.78195190429688 628.3140869140625 183.12783813476562 3.887575 1.6232226 1.6511201 -0.5213385 0.82001805 58.42652 3.1217615604400635 0.5396124720573425
Car 0.0 0 1.4437737464904785 661.4833984375 166.57139587402344 684.7913208007812 184.87176513671875 4.132566 1.6851882 1.6904665 5.946874 1.1070129 68.5388 1.5303235054016113 0.30784139037132263
Car 0.0 0 2.082472324371338 782.927978515625 162.73658752441406 822.4622802734375 181.50482177734375 3.620023 1.5072694 1.5988642 15.967336 0.6951024 59.797794 2.3434064388275146 0.24585627019405365
Car 0.0 0 1.638807773590088 427.82244873046875 179.21780395507812 452.5081481933594 198.89344787597656 4.3695607 1.4746419 1.6350052 -13.601165 2.0053751 57.843536 1.4078658819198608 0.2350543588399887
Car 0.0 0 1.1864581108093262 675.441650390625 165.25186157226562 711.7962646484375 184.3735809326172 4.2196407 1.619043 1.7077436 7.2754493 0.9757246 63.35123 1.3008002042770386 0.21524037420749664
Car 0.0 0 -3.292678117752075 919.8408813476562 163.48171997070312 969.7791748046875 180.04051208496094 4.09703 1.5418484 1.6710452 31.747248 0.6695207 68.55584 -2.8589954376220703 0.19894398748874664
Car 0.0 0 -1.349919319152832 997.7809448242188 158.7695770263672 1030.1822509765625 179.3785858154297 3.8646212 1.8573474 1.8267145 37.554565 0.58837306 67.07269 -0.8395006656646729 0.188587948679924
