Pedestrian 0.0 0 1.1693389415740967 1025.582275390625 134.0066680908203 1064.6431884765625 202.7439422607422 0.7822501 1.779917 0.62896276 11.467044 0.774343 19.112026 1.709751844406128 0.6750151515007019
Pedestrian 0.0 0 1.2472361326217651 867.2481079101562 149.09222412109375 889.9801025390625 192.87728881835938 0.8122144 1.7375304 0.6308763 10.765598 0.7949457 29.045965 1.602178931236267 0.6328095197677612
Pedestrian 0.0 0 -1.7698819637298584 970.3001708984375 138.29270935058594 994.6171875 183.9033660888672 0.85411423 1.8835138 0.75219613 15.595902 0.4566466 30.306927 -1.294623851776123 0.6161277294158936
Pedestrian 0.0 0 1.2089788913726807 842.1881713867188 155.5616912841797 858.4616088867188 186.93612670898438 0.670316 1.8052844 0.7034622 13.906751 0.8106435 41.863842 1.5297000408172607 0.47922542691230774
Pedestrian 0.0 0 0.2191377431154251 750.1178588867188 157.9668731689453 762.82470703125 179.2823028564453 1.0755396 1.9327985 0.3967767 13.3426695 0.5832504 65.82348 0.4191317558288574 0.4445410966873169
Pedestrian 0.0 0 -0.6459037065505981 794.5249633789062 161.27838134765625 807.1253662109375 181.84153747558594 0.84230274 1.7642809 0.6313035 16.468906 0.7714715 62.355263 -0.3876858651638031 0.43568962812423706
Pedestrian 0.0 0 -3.0758941173553467 786.4102172851562 160.305419921875 799.1856079101562 184.0178985595703 0.8994217 1.7638689 0.45871896 13.661803 0.8307917 54.026165 -2.8282124996185303 0.41911375522613525
Pedestrian 0.0 0 -2.497267007827759 201.6027069091797 161.34495544433594 221.69924926757812 189.5577392578125 0.7737679 1.6736847 0.72508717 -23.888596 0.99128425 43.21426 -3.0022530555725098 0.3305964469909668
Pedestrian 0.0 0 0.9428572654724121 216.27871704101562 160.2327423095703 234.00355529785156 187.47410583496094 1.0769981 1.8626431 0.5522005 -26.602201 1.0000147 49.816494 0.4523780345916748 0.32018762826919556
Cyclist 0.0 0 1.1238408088684082 752.051025390625 158.00082397460938 761.3433837890625 179.650634765625 1.0573357 1.957806 0.4133707 13.357777 0.6149815 65.80946 1.3240967988967896 0.12688884139060974
Car 0.0 0 2.096186876296997 166.95140075683594 193.99884033203125 252.59933471679688 230.21160888671875 3.7871225 1.4241807 1.7039444 -17.966291 2.4335046 32.516056 1.5913987159729004 0.9274068474769592
Car 0.0 0 -1.5782456398010254 594.15673828125 177.79254150390625 616.6785888671875 198.76254272460938 3.7360318 1.4879699 1.6261259 -0.38596797 1.8705406 53.960407 -1.5853983163833618 0.6390742659568787
Car 0.0 0 -2.223848581314087 770.6486206054688 161.5514373779297 816.3958740234375 182.02488708496094 3.707146 1.5740787 1.6072031 14.555071 0.7054516 57.4922 -1.9758923053741455 0.4688299298286438
Car 0.0 0 -1.1895724534988403 210.5911407470703 165.03501892089844 257.79083251953125 187.69419860839844 3.9706483 1.5505091 1.6234614 -26.747427 1.015835 51.42568 -1.669184684753418 0.32975295186042786
Car 0.0 0 1.8733406066894531 392.8378601074219 164.85333251953125 428.1230773925781 186.13816833496094 4.738391 1.9058089 1.8301525 -18.489609 1.1897997 67.000885 1.6040815114974976 0.30861663818359375
