Pedestrian 0.0 0 3.0576324462890625 601.8350219726562 169.325927734375 615.9672241210938 193.1942138671875 1.070245 1.8650317 0.5159181 -0.113619514 1.5897118 56.68004 3.0556278228759766 0.2360662817955017
Cyclist 0.0 0 3.0545873641967773 597.6555786132812 169.27235412597656 617.3751220703125 192.8865966796875 1.5098715 1.8444178 0.5118084 -0.22295916 1.5650265 56.677197 3.0506534576416016 0.20583133399486542
Car 0.0 0 -1.5563534498214722 581.8142700195312 181.6669464111328 613.6970825195312 212.0578155517578 3.4595244 1.4297239 1.54433 -0.636604 1.8992612 36.67816 -1.573708176612854 0.9235440492630005
Car 0.0 0 -1.5108656883239746 532.2369995117188 181.44680786132812 562.2911376953125 205.99606323242188 4.0172935 1.4553566 1.682236 -4.0086255 2.030407 46.22388 -1.597371220588684 0.7466154098510742
Car 0.0 0 1.8035423755645752 405.3275451660156 181.78564453125 433.8418884277344 200.232666015625 3.8010392 1.5022457 1.5563275 -16.48738 2.300486 62.534283 1.5457552671432495 0.2826538383960724
Car 0.0 0 1.9430456161499023 287.5377502441406 177.5247344970703 335.1485900878906 204.65223693847656 3.8505847 1.703869 1.6340414 -19.80511 2.0270493 47.926105 1.5511754751205444 0.15225420892238617
Car 0.0 0 1.6478396654129028 507.25982666015625 165.3282470703125 533.3663330078125 188.86773681640625 4.3938923 1.8222821 1.7544205 -7.2047753 1.2400421 58.089447 1.524440884590149 0.15143772959709167
Car 0.0 0 -1.6564730405807495 651.2027587890625 157.24188232421875 697.3286743164062 195.2547607421875 3.8474145 1.5518612 1.6607735 2.6927981 0.9148601 31.37751 -1.5708634853363037 0.14921224117279053
Car 0.0 0 2.0065460205078125 224.595703125 189.08062744140625 274.1512756347656 214.35191345214844 4.1005206 1.6454403 1.5954493 -25.80242 2.8553016 51.708206 1.5436984300613403 0.14802268147468567
Car 0.0 0 1.662043571472168 440.14129638671875 178.1601104736328 462.5921630859375 196.52120971679688 3.947496 1.5241792 1.567501 -13.87096 2.0039828 63.137493 1.4457846879959106 0.14603868126869202
Car 0.0 0 3.465919017791748 169.2614288330078 192.81248474121094 258.0611572265625 224.48318481445312 3.8362265 1.5820928 1.6874697 -21.214403 2.6848755 38.683235 2.964294672012329 0.12862546741962433
Car 0.0 0 0.707983672618866 1088.1978759765625 169.93768310546875 1242.0 223.7794189453125 3.8983812 1.5530138 1.6960522 17.510769 1.4692533 22.892408 1.3609628677368164 0.12324246764183044
Car 0.0 0 1.0547454357147217 913.822265625 187.44003295898438 982.003173828125 217.9954833984375 3.9882612 1.5324326 1.6827911 18.702782 2.3870864 40.201942 1.4901846647262573 0.1203184500336647
