Pedestrian 0.0 0 -2.408092737197876 484.90191650390625 155.07969665527344 509.2726745605469 194.20028686523438 0.84193116 1.7938526 0.742042 -5.300091 0.97917974 33.62358 -2.564436435699463 0.7160472273826599
Pedestrian 0.0 0 1.6800973415374756 476.3041687011719 137.99691772460938 496.2077941894531 186.6837158203125 0.7607378 1.7698003 0.6462847 -4.6047974 0.503078 26.625315 1.5088433027267456 0.6036611199378967
Pedestrian 0.0 0 0.07610231637954712 133.36814880371094 173.82876586914062 151.48851013183594 210.39073181152344 0.7104165 1.7911628 0.621838 -23.241074 1.840503 35.811924 -0.4995526075363159 0.5220663547515869
Pedestrian 0.0 0 -0.9031422138214111 457.7989501953125 124.61323547363281 510.0815124511719 219.33934020996094 0.6837975 1.7938598 0.7467953 -2.5173612 0.8806664 14.138898 -1.079340934753418 0.49921610951423645
Pedestrian 0.0 0 0.19272425770759583 638.9938354492188 116.88304901123047 688.4017333984375 211.8351287841797 0.83814806 1.7989378 0.75913686 1.0103432 0.7388843 14.143109 0.2640402317047119 0.34573808312416077
Pedestrian 0.0 0 2.9701497554779053 676.0227661132812 147.26788330078125 698.7823486328125 189.9703369140625 0.88315535 1.8178821 0.6008999 3.2852256 0.72901565 31.042688 3.0755865573883057 0.3375650644302368
Cyclist 0.0 0 1.3403596878051758 883.9164428710938 118.48655700683594 916.185302734375 177.66265869140625 1.4590694 1.7430347 0.59204483 8.787646 0.1419974 22.01563 1.7201372385025024 0.4578115940093994
Cyclist 0.0 0 -2.163961887359619 1120.7225341796875 86.7640609741211 1216.6922607421875 186.4590606689453 1.7331212 1.6926013 0.48862582 10.056503 0.23134167 13.1271305 -1.510245442390442 0.3891710340976715
Cyclist 0.0 0 2.9311559200286865 460.35638427734375 150.12905883789062 491.9096984863281 182.18081665039062 1.6236719 1.7395028 0.5773882 -7.4071264 0.5065402 39.735 2.7468581199645996 0.35089442133903503
Cyclist 0.0 0 -2.5530247688293457 936.33935546875 27.59037971496582 1138.6107177734375 229.67164611816406 1.791962 1.8006896 0.48673478 4.1959543 0.5066441 7.337067 -2.0335350036621094 0.33598682284355164
Car 0.0 0 1.5940160751342773 337.95660400390625 184.9488067626953 371.8799133300781 214.40689086914062 4.0931144 1.4383523 1.6459178 -13.856109 2.1333504 39.23623 1.2545415163040161 0.8655774593353271
Car 0.0 0 -1.4031816720962524 76.7428970336914 175.96632385253906 135.6705322265625 215.76768493652344 3.7155864 1.7238152 1.6524649 -23.417099 1.8778774 33.59801 -2.0118770599365234 0.49333807826042175
Car 0.0 0 -0.4118102192878723 937.51806640625 136.24842834472656 1076.77783203125 181.7759246826172 4.0514574 1.5681849 1.6415789 14.086875 0.3076723 25.844618 0.08723258972167969 0.46900251507759094
Car 0.0 0 -1.1439058780670166 487.4271545410156 146.77273559570312 570.0245361328125 190.7922821044922 3.966955 1.5724146 1.6813306 -3.0948565 0.6411282 27.917784 -1.254311203956604 0.4552660286426544
Car 0.0 0 1.6378512382507324 780.4983520507812 148.4903564453125 820.5626220703125 180.14065551757812 3.8807487 1.4271513 1.6039839 9.149673 0.32892215 34.627213 1.8961807489395142 0.3712517321109772
Car 0.0 0 -0.005464259535074234 606.8923950195312 146.74314880371094 704.9012451171875 182.33302307128906 4.4913993 1.6280185 1.7140375 2.107711 0.43396515 33.985584 0.05647420883178711 0.3659670054912567
Car 0.0 0 -1.3927803039550781 154.65719604492188 156.47549438476562 195.0690155029297 184.8131866455078 3.3983598 1.6906421 1.578458 -27.067636 0.7138497 44.91345 -1.9351550340652466 0.30938154458999634
