Pedestrian 0.0 0 1.8868401050567627 854.7282104492188 124.90373992919922 904.8911743164062 211.30039978027344 0.5862523 1.7527142 0.8457689 5.6059813 0.780313 15.127472 2.241732597351074 0.6241755485534668
Pedestrian 0.0 0 2.151059150695801 839.0943603515625 146.53990173339844 867.135986328125 199.56561279296875 0.5958928 1.7461435 0.6756612 8.110715 0.87997496 24.207333 2.474355697631836 0.5453721284866333
Pedestrian 0.0 0 -1.818783164024353 693.6644287109375 153.09205627441406 711.7650146484375 187.4682159423828 0.71952015 1.6322144 0.70636386 4.410947 0.6942557 34.656464 -1.6921875476837158 0.4466019868850708
Pedestrian 0.0 0 0.5080513954162598 291.1172790527344 168.59628295898438 305.7991638183594 191.2369384765625 1.0476233 1.9010068 0.45600834 -26.29986 1.5438687 60.859905 0.10015058517456055 0.35397103428840637
Pedestrian 0.0 0 -0.7184898853302002 1210.5745849609375 113.81043243408203 1242.0 204.68655395507812 0.7035153 1.7418045 0.53869617 12.260874 0.6104859 14.097103 -0.002644383581355214 0.335702508687973
Pedestrian 0.0 0 2.3233723640441895 168.73719787597656 136.60044860839844 215.39627075195312 229.25433349609375 0.52677006 1.6757753 0.5317407 -7.7872763 1.0204369 13.363327 1.79574453830719 0.3192034661769867
Car 0.0 0 -1.5040639638900757 491.26129150390625 178.44276428222656 526.8853759765625 208.29698181152344 3.5924706 1.4398193 1.5912443 -5.2143626 1.7437161 37.336857 -1.6428236961364746 0.9401652812957764
Car 0.0 0 -1.5610255002975464 545.3390502929688 181.30572509765625 591.0244750976562 221.72727966308594 3.556882 1.3282787 1.549209 -1.5514884 1.6577586 26.280565 -1.6199926137924194 0.9318945407867432
Car 0.0 0 2.31364107131958 873.2924194335938 186.7758026123047 942.5379638671875 212.99180603027344 4.2943077 1.5441341 1.5795134 18.90738 2.460438 45.844845 2.7048091888427734 0.8026778697967529
Car 0.0 0 2.5732946395874023 758.6672973632812 183.26632690429688 832.5053100585938 209.60890197753906 4.024659 1.4752393 1.5965934 10.991435 2.1145422 42.887436 2.8241803646087646 0.7988870739936829
Car 0.0 0 -1.6494476795196533 551.661865234375 162.74581909179688 574.9954223632812 184.84112548828125 2.3018782 1.5016223 1.4429252 -3.298102 0.8150172 50.276463 -1.7149531841278076 0.37542280554771423
Car 0.0 0 -1.375665545463562 640.3593139648438 158.69053649902344 674.7454833984375 182.50244140625 4.140404 1.5776103 1.6070989 3.3093796 0.6395964 50.00879 -1.3095859289169312 0.37180712819099426
Car 0.0 0 1.3903769254684448 950.4794921875 148.04747009277344 1011.35302734375 185.19827270507812 3.6831944 1.4056557 1.5482754 14.92949 0.4674223 29.283981 1.8618477582931519 0.3560580611228943
Car 0.0 0 -1.056989312171936 222.3234100341797 162.80528259277344 284.23443603515625 189.56314086914062 3.8933725 1.5274712 1.6160151 -21.298538 0.95419896 43.174747 -1.515270709991455 0.3121771514415741
