Pedestrian 0.0 0 2.047816038131714 304.50537109375 173.14585876464844 321.9361877441406 204.1023406982422 0.75919765 1.8323994 0.69288534 -17.767464 1.850366 43.122753 1.6569901704788208 0.5374819040298462
Pedestrian 0.0 0 -1.820387840270996 656.0428466796875 171.36976623535156 673.4010620117188 205.6704864501953 0.652636 1.7508588 0.7541608 2.7824004 1.6754555 37.214664 -1.745760440826416 0.3117489218711853
Cyclist 0.0 0 -0.3455028533935547 933.1173095703125 147.84400939941406 1017.5308837890625 213.43780517578125 1.9730858 1.7886409 0.7282605 10.129165 1.1070151 20.152311 0.12024688720703125 0.18471914529800415
Cyclist 0.0 0 -1.9621089696884155 799.1011962890625 175.6481170654297 821.4779052734375 213.98516845703125 1.6183261 1.6369344 0.35554212 8.761813 1.7634506 31.750847 -1.692854881286621 0.1598891168832779
Cyclist 0.0 0 2.082425117492676 303.9678955078125 172.7646942138672 322.832763671875 203.37164306640625 0.9502429 1.8071381 0.66301906 -17.750452 1.8022231 43.11095 1.6918401718139648 0.10177511721849442
Car 0.0 0 1.818359375 379.3586730957031 178.54379272460938 430.22796630859375 207.25904846191406 4.4745855 1.4990196 1.7231354 -11.565441 1.839125 40.82056 1.5422710180282593 0.9032618403434753
Car 0.0 0 -1.621228575706482 556.4511108398438 173.77975463867188 721.5632934570312 318.5318603515625 3.9882529 1.4821514 1.7054856 0.18545237 1.4972032 9.430497 -1.601565957069397 0.8442389965057373
Car 0.0 0 -1.5316070318222046 583.8817138671875 169.6714324951172 636.3406982421875 219.95777893066406 3.761712 1.5633979 1.6227143 0.025902068 1.4648105 24.341787 -1.5305429697036743 0.35364392399787903
Car 0.0 0 -0.5824657082557678 1107.8377685546875 162.91481018066406 1216.5399169921875 195.49798583984375 3.778393 1.4729424 1.5561905 25.54782 1.0239936 33.520874 0.06876397132873535 0.21483778953552246
Car 0.0 0 1.1739044189453125 162.4782257080078 197.52706909179688 210.7660369873047 222.75299072265625 4.015543 1.5942187 1.5014116 -29.934742 3.3979163 50.929935 0.642531156539917 0.19432078301906586
Car 0.0 0 -2.943732261657715 498.1227722167969 186.18350219726562 560.0401000976562 210.50469970703125 3.6511068 1.4673555 1.5004863 -5.1013517 2.323637 45.42488 -3.0555667877197266 0.17556478083133698
