Pedestrian 0.0 0 -1.5300887823104858 356.2960510253906 143.31710815429688 385.1893310546875 209.77178955078125 0.70628065 1.8465387 0.752466 -6.8336797 1.0261716 20.489895 -1.852002501487732 0.7185578346252441
Pedestrian 0.0 0 -1.7389432191848755 847.8958129882812 142.45364379882812 868.6470336914062 192.38072204589844 0.898554 1.8247577 0.5865286 9.19225 0.71402943 26.858948 -1.4091967344284058 0.544601559638977
Pedestrian 0.0 0 1.771416187286377 127.35237121582031 147.11070251464844 158.08372497558594 203.15914916992188 0.98319495 1.8160666 0.67562574 -15.549963 0.98229724 23.9575 1.1956989765167236 0.5224966406822205
Cyclist 0.0 0 -1.9330763816833496 1121.31689453125 56.84739685058594 1242.0 243.56936645507812 1.9365042 1.7759033 0.58337486 6.22715 0.6729282 7.8708916 -1.2637478113174438 0.5610173344612122
Car 0.0 0 1.704129934310913 452.15484619140625 182.35366821289062 521.8361206054688 233.4519500732422 4.2888255 1.4425441 1.6600065 -3.9209282 1.7788693 23.344614 1.537724494934082 0.9729862809181213
Car 0.0 0 -1.340687870979309 354.32403564453125 179.22911071777344 498.0307312011719 280.6766662597656 4.0459533 1.5556105 1.6624222 -3.2505128 1.691855 13.346773 -1.5795801877975464 0.968536376953125
Car 0.0 0 -2.001600742340088 776.354248046875 182.91139221191406 1242.0 375.0 4.2103586 1.4575701 1.6575865 2.6493871 1.5701749 5.935924 -1.5818020105361938 0.9613994359970093
Car 0.0 0 -1.7895759344100952 699.5621948242188 176.69842529296875 831.5873413085938 264.3133850097656 4.1706533 1.4409652 1.6021245 2.8116093 1.5279435 14.151562 -1.5934514999389648 0.9419893026351929
Car 0.0 0 -1.7307053804397583 660.7962646484375 176.9522247314453 729.3447875976562 230.74960327148438 3.551535 1.5079731 1.5386462 2.501888 1.6453439 22.309074 -1.6190253496170044 0.9233703017234802
Car 0.0 0 -1.71534264087677 638.3096313476562 177.07862854003906 684.359130859375 211.71287536621094 3.6621437 1.4590683 1.5610867 2.2332575 1.6621711 32.739395 -1.6472350358963013 0.7958393096923828
Car 0.0 0 3.2735435962677 458.0184020996094 174.7093505859375 530.7011108398438 205.899169921875 3.799232 1.6873943 1.6188885 -6.4025674 1.7928138 39.99536 3.114807605743408 0.7801164984703064
Car 0.0 0 1.746695876121521 673.6015014648438 160.61196899414062 702.4955444335938 182.4219512939453 4.005143 1.6927874 1.6411895 6.3001275 0.74297756 58.15184 1.8546142578125 0.6066962480545044
