Pedestrian 0.0 0 0.6690409183502197 745.85498046875 159.6774444580078 809.2966918945312 277.514892578125 0.6112935 1.692768 0.7190179 2.5987985 1.3805951 10.778842 0.9056274890899658 0.5595971345901489
Pedestrian 0.0 0 -1.8579144477844238 657.1505126953125 160.6688690185547 685.5582885742188 226.48207092285156 0.71185756 1.7683129 0.5967255 1.881332 1.2097698 19.704391 -1.7627252340316772 0.3609520494937897
Pedestrian 0.0 0 -2.270933151245117 322.4380187988281 150.40090942382812 348.24737548828125 208.54470825195312 0.51234937 1.8145088 0.5729071 -8.467465 0.84510034 22.790125 -2.6266677379608154 0.3056302070617676
Pedestrian 0.0 0 0.7251728773117065 582.153076171875 165.92050170898438 620.509521484375 233.2733154296875 0.83904153 1.7625762 0.6068276 -0.03578902 1.3560419 19.300827 0.7233185768127441 0.28732624650001526
Pedestrian 0.0 0 0.472311794757843 442.7222595214844 161.65386962890625 484.4104919433594 235.14846801757812 0.72283816 1.6001595 0.59478486 -3.1068552 1.1692836 16.02322 0.2807912826538086 0.23149411380290985
Pedestrian 0.0 0 -2.8632545471191406 593.815673828125 164.90505981445312 641.7503051757812 251.9585418701172 0.8882126 1.7749625 0.54680187 0.30872953 1.4378436 15.035804 -2.842724561691284 0.20453909039497375
Pedestrian 0.0 0 2.9923853874206543 611.3430786132812 150.84817504882812 628.9432373046875 188.5865478515625 0.8304313 1.9293287 0.576832 0.95653236 0.3631573 37.058712 3.018190860748291 0.19868291914463043
Cyclist 0.0 0 1.8975882530212402 360.6923522949219 161.44900512695312 423.7051696777344 260.5562744140625 1.8376644 1.7031585 0.5604524 -3.8673496 1.3598616 13.272062 1.614048957824707 0.8868510723114014
Cyclist 0.0 0 1.7961007356643677 442.3545837402344 164.66094970703125 481.0855407714844 239.69895935058594 1.553832 1.595626 0.5195302 -3.1392663 1.2387862 16.057116 1.6030298471450806 0.3973914682865143
Car 0.0 0 0.6925091743469238 966.4267578125 205.45379638671875 1238.0 374.0 3.2404575 1.4105173 1.429191 5.480272 1.7152038 7.351467 1.3331024646759033 0.44434621930122375
Car 0.0 0 -1.5687860250473022 568.840087890625 153.5894012451172 607.622802734375 191.6596221923828 4.1052036 1.6762195 1.7081137 -0.6291166 0.44827697 33.69199 -1.587456464767456 0.401481956243515
Car 0.0 0 1.7108309268951416 523.9534301757812 160.72625732421875 553.9519653320312 184.62167358398438 3.7120945 1.66189 1.6573147 -4.457172 0.21774876 51.8548 1.625086784362793 0.3761225938796997
Car 0.0 0 -1.8145372867584229 806.6867065429688 159.27224731445312 918.6552124023438 228.62159729003906 3.656076 1.4614758 1.6262645 6.012473 0.9942781 17.03296 -1.475200891494751 0.30794721841812134
Car 0.0 0 2.13580322265625 0.0 159.34375 95.38475799560547 374.0 3.5141742 1.4380747 1.5382763 -5.820029 1.3188504 5.7925243 1.348036527633667 0.25452080368995667
