Pedestrian 0.0 0 -3.158968925476074 695.4346923828125 163.1016082763672 712.98828125 198.5047149658203 0.8017408 1.6364565 0.5490515 4.353074 1.1860241 33.66659 -3.0303828716278076 0.8151143193244934
Pedestrian 0.0 0 1.4157222509384155 663.6578979492188 147.76014709472656 684.7819213867188 192.35687255859375 0.64437324 1.7445592 0.7413615 2.4963045 0.7632822 28.569363 1.5028778314590454 0.6752487421035767
Pedestrian 0.0 0 1.0983424186706543 728.251953125 118.37358093261719 767.7132568359375 208.71844482421875 0.5994804 1.7243749 0.5449013 2.646389 0.6848874 14.133612 1.2834399938583374 0.6266041398048401
Pedestrian 0.0 0 1.3956714868545532 723.0780029296875 156.44393920898438 740.1259155273438 194.3590850830078 0.8689355 1.755816 0.6457152 5.660738 0.99623907 33.84851 1.5613754987716675 0.4672360420227051
Pedestrian 0.0 0 -0.4907468259334564 648.904541015625 156.48428344726562 666.314453125 183.33587646484375 0.9411804 1.6961305 0.5903999 3.00527 0.662465 46.037655 -0.4255608022212982 0.45515772700309753
Pedestrian 0.0 0 -1.9964357614517212 794.82763671875 147.65155029296875 813.5191040039062 184.66197204589844 0.6397459 1.8479134 0.70904124 9.754512 0.5899247 36.396683 -1.734583854675293 0.37640881538391113
Cyclist 0.0 0 1.4705634117126465 523.5535278320312 169.2967987060547 544.6652221679688 221.53565979003906 1.8145076 1.780265 0.5594272 -2.7421374 1.659396 25.532164 1.3635741472244263 0.7158033847808838
Cyclist 0.0 0 1.6663017272949219 537.109375 172.39678955078125 552.1396484375 205.9547882080078 1.7646028 1.7967539 0.6567272 -3.6069312 1.7726315 39.513393 1.5752702951431274 0.6773154735565186
Cyclist 0.0 0 1.7647626399993896 497.6587829589844 173.3822021484375 524.0790405273438 226.80665588378906 1.8387115 1.7814034 0.56650573 -3.4643574 1.8007548 25.008764 1.627112865447998 0.6365028023719788
Cyclist 0.0 0 1.4025862216949463 722.9771118164062 156.621826171875 740.0916137695312 194.74038696289062 0.9133079 1.7644908 0.64659035 5.6582522 1.0134686 33.8544 1.5681904554367065 0.11740605533123016
Car 0.0 0 -1.866353988647461 729.1754150390625 177.88967895507812 943.3867797851562 328.26519775390625 3.542586 1.5322043 1.5672742 2.5897326 1.6096746 9.257624 -1.5935858488082886 0.9677445292472839
Car 0.0 0 1.9583584070205688 218.107177734375 182.63693237304688 406.7368469238281 291.9275817871094 3.9680693 1.5692577 1.6549362 -5.03549 1.7689487 12.706616 1.5810554027557373 0.9573348164558411
Car 0.0 0 1.7748427391052246 443.00250244140625 179.93931579589844 508.9136047363281 222.97088623046875 4.311727 1.5325874 1.7250671 -5.255771 1.8350298 28.585703 1.5930132865905762 0.9131581783294678
Car 0.0 0 -1.5105589628219604 639.151611328125 174.92724609375 666.6455078125 199.32931518554688 3.7101672 1.5930408 1.6596078 2.9390595 1.7408481 49.372112 -1.4511003494262695 0.8837606310844421
Car 0.0 0 -1.3378159999847412 512.9826049804688 181.84446716308594 549.6231079101562 206.36619567871094 3.6525633 1.4879327 1.5779033 -5.1238647 2.0988681 47.089592 -1.4462006092071533 0.5135027170181274
Car 0.0 0 2.896239995956421 740.3125610351562 161.42294311523438 834.6731567382812 195.68142700195312 3.9831848 1.5577275 1.6804279 8.187204 1.0383172 33.659073 3.134845495223999 0.5024684071540833
