Pedestrian 0.0 0 -1.336029291152954 804.5808715820312 114.10037231445312 831.90283203125 178.01705932617188 0.67635846 1.7775491 0.60667807 5.87475 0.14394462 20.507114 -1.0570275783538818 0.6735253930091858
Pedestrian 0.0 0 -2.274296760559082 1126.169189453125 117.38516998291016 1178.4140625 201.84922790527344 0.69199836 1.6447592 0.5057201 10.768266 0.56497854 14.408608 -1.6324940919876099 0.6140957474708557
Pedestrian 0.0 0 1.1484262943267822 936.2933959960938 113.55313873291016 995.9445190429688 212.64187622070312 0.9328627 1.7909 0.6762593 6.600498 0.719472 13.5151005 1.6027343273162842 0.5880128741264343
Pedestrian 0.0 0 -1.7725646495819092 913.7777709960938 124.08128356933594 945.395263671875 187.9270782470703 0.4975092 1.8628445 0.771385 9.414566 0.44014877 21.37444 -1.357673168182373 0.5373938679695129
Pedestrian 0.0 0 -3.0621325969696045 706.3591918945312 152.61685180664062 719.350830078125 179.9900665283203 0.77216536 1.7331378 0.661756 6.5407805 0.45217863 46.088768 -2.921156883239746 0.5142236351966858
Pedestrian 0.0 0 0.8077678680419922 1167.8887939453125 88.07398986816406 1242.0 225.58383178710938 0.5874736 1.6928142 0.5292985 7.5527472 0.6494883 9.192541 1.495551586151123 0.5067449808120728
Pedestrian 0.0 0 0.6839836239814758 1084.9581298828125 82.5323715209961 1167.4569091796875 226.4603729248047 0.64650196 1.7693248 0.5692614 6.5554166 0.65934765 9.254764 1.300277590751648 0.4711247980594635
Pedestrian 0.0 0 -0.3774756193161011 1206.2987060546875 141.7594451904297 1242.0 188.4610595703125 1.1736465 1.8683048 0.61798984 25.065737 0.62472045 29.344696 0.32944178581237793 0.29195061326026917
Cyclist 0.0 0 3.3432350158691406 36.408756256103516 158.47105407714844 75.73186492919922 187.0792999267578 1.8654591 1.761838 0.61727166 -34.653957 0.87642205 45.11909 2.6882784366607666 0.6875669360160828
Cyclist 0.0 0 -1.8872480392456055 693.7831420898438 167.76907348632812 715.7210083007812 202.4076690673828 1.7869112 1.8099725 0.63755774 5.02546 1.5446271 38.636974 -1.7579054832458496 0.5660235285758972
Cyclist 0.0 0 2.471254348754883 754.964111328125 127.68783569335938 803.4454345703125 178.3788604736328 1.7445645 1.8480399 0.64060515 6.2834005 0.20177725 26.964558 2.700193405151367 0.512719988822937
Cyclist 0.0 0 -0.2579619884490967 1204.5396728515625 141.935546875 1242.0 188.0159912109375 1.2065065 1.8421824 0.6035481 25.018448 0.6064968 29.375647 0.44750261306762695 0.4749109745025635
Cyclist 0.0 0 1.1885428428649902 920.8374633789062 109.29751586914062 970.2332153320312 175.6292266845703 1.6938368 1.7330283 0.632315 9.089803 0.07286534 19.710264 1.620647668838501 0.4619413912296295
Cyclist 0.0 0 0.044615089893341064 1030.0072021484375 111.71906280517578 1118.0023193359375 189.1024627685547 1.6896718 1.7134576 0.5010474 10.651673 0.36013836 16.66501 0.6133348941802979 0.38628989458084106
Car 0.0 0 1.9031904935836792 398.1199645996094 181.3564453125 443.8973083496094 206.84449768066406 4.3369064 1.6087009 1.700882 -12.864268 2.2157037 49.251183 1.647701382637024 0.7354915738105774
Car 0.0 0 1.657979965209961 425.0140686035156 184.0345001220703 460.6106262207031 213.82717895507812 3.9217 1.5232682 1.6116387 -9.365801 2.1828249 40.484684 1.4306375980377197 0.6097933650016785
Car 0.0 0 -1.6262414455413818 804.5368041992188 151.97804260253906 867.3477172851562 207.02651977539062 3.654637 1.5610012 1.6422341 6.892295 0.969383 22.42888 -1.3281049728393555 0.5758011341094971
Car 0.0 0 -1.5224882364273071 585.70654296875 180.26004028320312 613.17578125 204.24574279785156 4.1193476 1.503919 1.6554193 -0.70294064 2.0246992 48.613144 -1.5369471311569214 0.5514285564422607
Car 0.0 0 1.78289794921875 396.9642639160156 188.04336547851562 455.260498046875 226.24864196777344 3.4973955 1.3402753 1.5284489 -7.2339244 1.9779584 28.496588 1.5342968702316284 0.42426472902297974
Car 0.0 0 0.614296019077301 44.98945999145508 166.86305236816406 118.7347640991211 189.5437469482422 3.846716 1.5221516 1.5956783 -36.04019 1.120443 49.252438 -0.017418738454580307 0.3527328073978424
