Car 0.0 0 -2.5270888805389404 849.25 176.29876708984375 1062.864501953125 262.5970153808594 3.5251584 1.4417602 1.5196333 6.5476303 1.5186019 14.110738 -2.092639207839966 0.9791840314865112
Car 0.0 0 -1.7797437906265259 650.0848388671875 183.28506469726562 711.44921875 227.86170959472656 3.2779667 1.476568 1.5772635 2.4824915 1.8837734 26.42088 -1.6860593557357788 0.9629097580909729
Car 0.0 0 -1.667973279953003 628.609130859375 179.6077117919922 668.9983520507812 212.3098907470703 4.100206 1.5003507 1.612175 1.8446223 1.8576576 36.047108 -1.6168453693389893 0.9426629543304443
Car 0.0 0 3.4274404048919678 312.4100036621094 193.39297485351562 463.3423767089844 243.20445251464844 4.145247 1.4247314 1.5845141 -6.772397 2.0781221 22.122961 3.13037371635437 0.9178131818771362
Car 0.0 0 -2.364612102508545 0.0 214.2916717529297 212.00030517578125 375.0 3.961188 1.5621755 1.6682233 -6.6854606 2.055073 7.627476 -3.084289312362671 0.9055379033088684
Car 0.0 0 3.4487719535827637 222.00770568847656 192.73025512695312 405.9015808105469 263.681640625 3.7800212 1.5576352 1.5673727 -7.025404 2.0599406 17.288671 3.062795877456665 0.8660312294960022
Car 0.0 0 -2.663149356842041 159.19801330566406 198.85426330566406 382.8541259765625 283.1225280761719 3.893598 1.5855101 1.6771164 -7.011252 2.1619258 15.062463 -3.0988004207611084 0.8279375433921814
Car 0.0 0 0.27011457085609436 348.3741760253906 190.6635284423828 465.57269287109375 237.54855346679688 3.55622 1.5084769 1.5836574 -6.907284 2.136193 24.616156 -0.003450058400630951 0.636614978313446
Car 0.0 0 3.25767183303833 463.68780517578125 177.72683715820312 523.2947387695312 204.09375 3.4872253 1.5916189 1.6308011 -7.2257476 1.900384 44.77293 3.0976650714874268 0.634819507598877
Car 0.0 0 -0.8771309852600098 20.14617919921875 188.65826416015625 147.99005126953125 237.12660217285156 3.734214 1.497719 1.6321163 -18.444893 2.0978274 25.461252 -1.5040653944015503 0.5284980535507202
Car 0.0 0 1.7509819269180298 438.17364501953125 182.33718872070312 492.7054443359375 221.1603240966797 3.7035012 1.479405 1.6046768 -6.0357013 1.9021256 30.268251 1.5541566610336304 0.4982321262359619
