Pedestrian 0.0 0 -1.0545263290405273 114.91919708251953 150.8875732421875 140.1328887939453 191.6145477294922 0.76898867 1.9819393 0.7478628 -23.522198 0.5423175 34.815327 -1.6487071514129639 0.4827093482017517
Pedestrian 0.0 0 -0.6381169557571411 990.6602783203125 116.82308959960938 1062.146240234375 247.90896606445312 0.71956563 1.7665203 0.4572935 5.779468 0.9100779 9.788265 -0.10475009679794312 0.438994824886322
Pedestrian 0.0 0 -2.4677696228027344 985.5794677734375 155.4942626953125 1031.68212890625 223.27450561523438 0.91364187 1.6893193 0.50021726 10.307327 1.0676847 18.134161 -1.950914978981018 0.38070443272590637
Pedestrian 0.0 0 2.0081117153167725 277.0220947265625 176.82388305664062 320.8863525390625 265.35955810546875 0.6120284 1.7720549 0.62446547 -6.294023 1.7001047 14.46099 1.5975985527038574 0.3203882575035095
Pedestrian 0.0 0 -2.220463275909424 878.5353393554688 149.62982177734375 900.571533203125 191.39291381835938 0.829284 1.9570578 0.58923244 13.504917 0.51190287 33.6058 -1.8383522033691406 0.19179441034793854
Pedestrian 0.0 0 -3.2434873580932617 786.083740234375 162.64321899414062 805.520263671875 197.32810974121094 0.949091 1.837721 0.57569975 10.190288 0.8930193 37.817177 -2.9802770614624023 0.1833723783493042
Pedestrian 0.0 0 -0.08832588791847229 768.4308471679688 156.81048583984375 799.749755859375 189.80259704589844 1.7000962 1.8761655 0.5615379 10.271914 0.53039706 40.614975 0.15938925743103027 0.14019376039505005
Cyclist 0.0 0 -0.08832588791847229 768.4308471679688 156.81048583984375 799.749755859375 189.80259704589844 1.7000962 1.8761655 0.5615379 10.271914 0.53039706 40.614975 0.15938925743103027 0.2238260954618454
Car 0.0 0 -0.8303050994873047 0.0 202.07203674316406 297.71240234375 370.0 3.7056139 1.4650955 1.557937 -3.185793 1.6314546 3.5335371 -1.5639965534210205 0.879209578037262
Car 0.0 0 2.1012537479400635 0.0 186.6036834716797 166.41773986816406 274.09222412109375 4.2581687 1.8291291 1.6843865 -12.746278 1.9990491 17.290253 1.4659987688064575 0.8596978187561035
Car 0.0 0 0.9196537733078003 478.1025085449219 171.56039428710938 565.6511840820312 209.00033569335938 3.8878915 1.5026903 1.7250198 -3.6410234 1.145385 30.368841 0.8003299236297607 0.8595282435417175
Car 0.0 0 -2.6370108127593994 162.59713745117188 183.06729125976562 299.7348937988281 230.69509887695312 3.4510217 1.4174061 1.5328522 -11.554681 1.5014778 21.922817 -3.122072696685791 0.4290145933628082
