Car 0.0 0 -1.1307578086853027 135.439208984375 187.53697204589844 307.1261901855469 270.16693115234375 3.926161 1.4796836 1.606868 -7.8640046 1.5356364 14.977312 -1.6142528057098389 0.9538339376449585
Car 0.0 0 -1.3417223691940308 375.3798828125 187.92115783691406 473.34918212890625 247.58392333984375 4.4799643 1.463604 1.6625738 -5.0163417 1.548829 20.08769 -1.5864394903182983 0.9498721957206726
Car 0.0 0 -1.2243375778198242 277.1183166503906 186.46463012695312 365.8431091308594 236.54502868652344 3.2974432 1.4240193 1.5115745 -8.778146 1.466614 22.19079 -1.6010243892669678 0.9014589190483093
Car 0.0 0 -1.5305969715118408 572.2117919921875 178.9932403564453 605.0302734375 207.51097106933594 4.3544097 1.5145096 1.669701 -1.0533634 1.1851807 40.361725 -1.5566891431808472 0.8170446753501892
Car 0.0 0 -0.9211208820343018 0.0 89.73954772949219 337.83941650390625 376.0 3.827507 1.7023119 1.6161833 -3.4378085 1.3206606 4.815116 -1.5411558151245117 0.7860916256904602
Car 0.0 0 2.0700154304504395 48.56071472167969 182.25857543945312 190.26312255859375 244.4766082763672 3.7327278 1.4810761 1.4884657 -12.789047 1.4118145 19.035364 1.4784280061721802 0.7488266825675964
Car 0.0 0 1.9572523832321167 440.7832336425781 191.15493774414062 479.3439025878906 209.9333953857422 4.1457324 1.4784242 1.7280442 -12.326809 1.9949181 60.17697 1.7552047967910767 0.5405393242835999
Car 0.0 0 -1.4750646352767944 394.4585266113281 177.89779663085938 440.2509765625 215.2768096923828 3.756223 1.5734024 1.6341511 -8.511929 1.2664994 32.240673 -1.7331870794296265 0.4564174711704254
Car 0.0 0 -1.2505431175231934 284.84173583984375 168.15618896484375 357.764892578125 208.2180633544922 3.9756885 1.5308768 1.6068859 -11.689092 0.8801164 29.496147 -1.6278489828109741 0.44703078269958496
Car 0.0 0 -1.567933440208435 578.5450439453125 171.23565673828125 598.5855102539062 190.07630920410156 4.0186267 1.5574529 1.6566397 -1.6481346 0.40293187 61.44866 -1.5947483777999878 0.42062604427337646
