Pedestrian 0.0 0 3.3799290657043457 293.4800109863281 118.10582733154297 389.8189697265625 307.27996826171875 0.7518115 1.7270503 0.5840083 -2.6079166 1.2275892 6.920078 3.019526720046997 0.1449112743139267
Car 0.0 0 -0.3602539300918579 960.8328247070312 176.8062744140625 1230.0723876953125 274.68170166015625 3.4249325 1.4870328 1.6214005 7.950239 1.5606598 12.213409 0.21678423881530762 0.9330668449401855
Car 0.0 0 1.0057470798492432 0.0 187.46343994140625 129.0242462158203 259.99261474609375 4.318918 1.4534683 1.7045048 -13.484948 1.8191807 16.54964 0.3220357894897461 0.7180129289627075
Car 0.0 0 -3.5158510208129883 1115.4024658203125 191.94239807128906 1242.0 238.69403076171875 3.6022375 1.4730779 1.5528296 19.880104 2.1694608 25.037603 -2.844773292541504 0.3081980049610138
Car 0.0 0 -0.8429007530212402 372.66180419921875 169.379150390625 421.62286376953125 190.8680877685547 3.9882152 1.7303549 1.7010975 -17.753231 1.4509082 60.26403 -1.129387617111206 0.1980772316455841
Car 0.0 0 -2.9325950145721436 1064.3641357421875 175.75772094726562 1155.51806640625 206.0130157470703 3.7023408 1.4924569 1.4604222 26.096642 1.6523427 37.791058 -2.3282389640808105 0.1778634786605835
Car 0.0 0 0.11467738449573517 380.6105041503906 184.57247924804688 438.44500732421875 206.7117156982422 3.8317735 1.5154835 1.5640538 -14.32045 2.3711696 51.591675 -0.1560792475938797 0.17289011180400848
Car 0.0 0 1.3306761980056763 764.4423217773438 187.66722106933594 813.8931884765625 218.260009765625 3.657653 1.4164199 1.6282734 9.089577 2.2141068 37.00492 1.5715391635894775 0.16303734481334686
Car 0.0 0 0.03801042214035988 529.9444580078125 182.74725341796875 587.7857055664062 205.17108154296875 4.229151 1.6159067 1.6414286 -3.7969604 2.3643377 53.66667 -0.03262268379330635 0.14023810625076294
Car 0.0 0 -2.2736735343933105 329.3706359863281 178.82420349121094 389.5547790527344 203.731201171875 3.7886407 1.5191809 1.583962 -16.169237 1.917423 46.43971 -2.6087234020233154 0.13632921874523163
Car 0.0 0 -2.5647051334381104 244.37588500976562 169.24034118652344 295.9858093261719 185.09756469726562 4.2704554 1.4970406 1.6519154 -32.602615 1.1562417 69.22509 -3.0048563480377197 0.13041263818740845
Car 0.0 0 -2.0361297130584717 761.185302734375 170.49807739257812 801.922607421875 191.5821533203125 3.958995 1.6640021 1.6362317 13.96945 1.4784243 59.057507 -1.803858995437622 0.12599050998687744
