Pedestrian 0.0 0 2.5547685623168945 643.90087890625 172.33633422851562 658.036865234375 196.45201110839844 0.932963 1.8030031 0.51893854 3.0626435 1.7646582 54.402763 2.6110048294067383 0.33687207102775574
Car 0.0 0 2.5043036937713623 375.5989990234375 182.15708923339844 433.6014709472656 202.6473846435547 3.915653 1.4125402 1.6881064 -15.267293 2.131693 53.6801 2.227207899093628 0.6162869930267334
Car 0.0 0 2.2993059158325195 0.0 209.27850341796875 23.542509078979492 250.71058654785156 3.6150599 1.4335215 1.7881978 -26.747456 3.037157 29.948824 1.5703132152557373 0.5799975395202637
Car 0.0 0 2.946929931640625 455.57586669921875 175.64817810058594 509.7329406738281 191.63290405273438 4.6727233 1.4202895 1.6228713 -11.712376 1.6834813 66.268166 2.7719943523406982 0.40996360778808594
Car 0.0 0 -0.32123222947120667 503.87548828125 177.213623046875 556.6613159179688 196.0735321044922 4.1767774 1.5520118 1.6727871 -6.8431196 1.9354284 61.762096 -0.43158018589019775 0.4052041172981262
Car 0.0 0 1.946669578552246 178.37399291992188 186.552001953125 226.30966186523438 212.07752990722656 4.3381324 1.82999 1.7978185 -31.837248 2.9449475 56.436493 1.4330464601516724 0.38669928908348083
Car 0.0 0 2.0296895503997803 247.26138305664062 181.7529754638672 295.1155700683594 203.8347625732422 3.940439 1.50646 1.5900977 -24.761381 2.1826525 52.80863 1.5912392139434814 0.35520005226135254
Car 0.0 0 1.2984155416488647 1187.8878173828125 180.06393432617188 1242.0 207.46893310546875 4.283227 1.5408813 1.659901 36.972176 2.004514 44.066494 1.996493935585022 0.29902228713035583
Car 0.0 0 0.03893941640853882 713.4529418945312 180.85171508789062 768.22509765625 201.30958557128906 4.056485 1.5003422 1.6062416 9.977565 2.124949 55.092712 0.21810245513916016 0.2860684394836426
Car 0.0 0 1.1855807304382324 117.1843490600586 185.88914489746094 165.59466552734375 209.2599334716797 3.6603198 1.5152004 1.5710806 -32.7477 2.4558556 50.354565 0.6089649200439453 0.2757056951522827
Car 0.0 0 1.8643639087677002 447.9620361328125 183.34219360351562 485.44915771484375 205.75521850585938 4.1217713 1.5434783 1.6197327 -10.662745 2.3570166 53.809982 1.6687425374984741 0.27260857820510864
