Car 0.0 0 -1.3956736326217651 456.60626220703125 183.9650115966797 514.7401123046875 225.42587280273438 3.6263113 1.470005 1.5681077 -4.6029634 1.4267932 27.3029 -1.5626919269561768 0.9370681643486023
Car 0.0 0 -1.328308343887329 350.8260803222656 190.50811767578125 475.52313232421875 267.9732971191406 4.2422857 1.4742168 1.7016003 -4.2215514 1.6096168 16.100775 -1.5847318172454834 0.8941577672958374
Car 0.0 0 -1.1479461193084717 172.63113403320312 183.29116821289062 321.9703369140625 253.6089324951172 4.0780716 1.4885331 1.6621183 -8.498214 1.4489244 17.279715 -1.6050145626068115 0.8346841931343079
Car 0.0 0 -1.3273870944976807 404.5722961425781 179.0900421142578 455.2891845703125 210.66065979003906 3.6387262 1.4925447 1.6233038 -8.825094 1.2040766 35.801888 -1.569067120552063 0.8322378396987915
Car 0.0 0 -1.2814017534255981 320.95721435546875 187.60301208496094 399.1199951171875 229.7943878173828 3.4733636 1.3480357 1.6373736 -8.537316 1.4378539 24.93258 -1.6113044023513794 0.7947345972061157
Car 0.0 0 -1.3219521045684814 383.4060974121094 178.67276000976562 424.3268737792969 201.6453399658203 3.9562707 1.3903778 1.5668222 -12.874318 0.99550873 45.5023 -1.5976829528808594 0.7835773229598999
Car 0.0 0 -1.2393237352371216 294.2734069824219 175.07090759277344 360.6005554199219 211.40444946289062 3.892903 1.5394762 1.6069857 -12.5912895 1.1107663 32.430847 -1.609660267829895 0.7498416304588318
Car 0.0 0 -1.5436519384384155 580.3673095703125 177.72633361816406 608.5736694335938 204.6391143798828 2.485407 1.4394207 1.4926656 -0.7382375 1.0399857 39.693024 -1.5622484683990479 0.7463671565055847
Car 0.0 0 -1.4284884929656982 487.2386474609375 180.03236389160156 527.4230346679688 208.84014892578125 3.6730247 1.4200169 1.5594748 -5.1867313 1.1656466 37.270298 -1.5667656660079956 0.6070020198822021
Car 0.0 0 1.4949557781219482 513.6046142578125 180.51596069335938 543.651123046875 203.0238494873047 4.0193763 1.3967102 1.6339079 -5.2057266 1.1062025 46.730717 1.3840148448944092 0.5934321284294128
Car 0.0 0 -1.1369454860687256 124.72359466552734 187.24073791503906 238.98782348632812 236.7256317138672 3.8726075 1.3881655 1.5627584 -13.114583 1.4578508 22.328732 -1.6680049896240234 0.5409051179885864
