Pedestrian 0.0 0 1.597474455833435 469.79718017578125 170.6048126220703 483.8067626953125 209.32350158691406 0.8283436 1.8756182 0.6556147 -6.5711246 1.7670206 35.410408 1.4139912128448486 0.5002585053443909
Car 0.0 0 -1.8128830194473267 686.3652954101562 175.2010040283203 852.5245971679688 287.1966247558594 3.7678113 1.4006792 1.5430487 2.1702683 1.4431328 11.020125 -1.6184345483779907 0.9741299748420715
Car 0.0 0 -1.761475682258606 637.312255859375 168.30014038085938 707.5355224609375 220.01812744140625 3.937929 1.5515167 1.5561012 1.9129436 1.4152608 23.685596 -1.6808866262435913 0.9459922313690186
Car 0.0 0 -2.5314085483551025 45.046470642089844 182.9625244140625 256.9762268066406 262.44915771484375 3.335469 1.492332 1.555501 -9.2466545 1.7094367 14.614731 -3.0955216884613037 0.9442345499992371
Car 0.0 0 -1.4824672937393188 480.3628845214844 171.52378845214844 538.3546752929688 219.48692321777344 3.6720915 1.5124627 1.6408707 -3.4045005 1.470874 24.624195 -1.6198546886444092 0.8965543508529663
Car 0.0 0 3.87599515914917 0.0 201.9651641845703 74.43131256103516 357.57977294921875 3.9859412 1.4205256 1.5788616 -8.559276 1.7791526 7.9111943 3.051269292831421 0.7793453335762024
Car 0.0 0 -0.7603815793991089 0.0 206.8094482421875 175.69190979003906 375.0 3.9315856 1.4787558 1.5835223 -3.326458 1.6918888 2.4714153 -1.6921995878219604 0.6127231121063232
Car 0.0 0 -1.6322145462036133 631.1334228515625 174.16873168945312 675.568115234375 211.70660400390625 3.8170118 1.4422588 1.5838933 1.6882193 1.500343 29.765957 -1.5755587816238403 0.5646495819091797
Car 0.0 0 0.8084387183189392 0.0 189.0135498046875 62.692535400390625 266.476806640625 3.8128223 1.4608902 1.6178654 -13.8406105 1.8159343 14.911968 0.06028461456298828 0.43024134635925293
Car 0.0 0 -1.428670048713684 517.4296875 172.61268615722656 555.9761962890625 202.69410705566406 3.4983747 1.5314685 1.5685873 -3.9029322 1.5195413 38.511276 -1.5296703577041626 0.412618488073349
