Pedestrian 0.0 0 2.33123779296875 999.3220825195312 94.07516479492188 1088.612060546875 256.341064453125 0.7720899 1.8068539 0.489751 5.0013385 0.7931222 8.339809 2.8714327812194824 0.5376449823379517
Pedestrian 0.0 0 1.2572625875473022 748.0703125 134.36746215820312 776.99853515625 194.37002563476562 0.7131478 1.7887267 0.66957116 4.6486073 0.2740294 21.815199 1.4672126770019531 0.46113255620002747
Cyclist 0.0 0 1.4879775047302246 768.1685791015625 114.87838745117188 796.6551513671875 186.0111083984375 1.5795768 1.876296 0.6279272 4.7473807 0.022112183 19.78612 1.7234609127044678 0.6214812397956848
Car 0.0 0 -1.2397046089172363 300.4376525878906 181.4488983154297 391.97564697265625 230.2205047607422 3.7143915 1.4229698 1.6072721 -8.234072 1.3142003 22.838686 -1.5857309103012085 0.9691762328147888
Car 0.0 0 -1.001012921333313 1.5555380582809448 179.27456665039062 255.6504364013672 289.71826171875 3.9072185 1.55468 1.6696932 -7.7527456 1.4721797 12.069912 -1.5719702243804932 0.9594020843505859
Car 0.0 0 -1.362000584602356 373.90240478515625 179.3622283935547 503.0196533203125 266.9261169433594 4.314586 1.5413648 1.7013537 -3.344301 1.4394587 14.818368 -1.5839680433273315 0.9397597908973694
Car 0.0 0 -1.5636961460113525 558.523193359375 178.6427459716797 607.2071533203125 221.21932983398438 3.6304898 1.4959667 1.7112538 -0.96654737 1.2661512 27.092817 -1.5993564128875732 0.927606463432312
Car 0.0 0 -1.4509645700454712 474.08514404296875 178.99288940429688 526.1561889648438 221.90896606445312 3.7928684 1.5831141 1.5941832 -4.225874 1.3546951 28.431623 -1.5985171794891357 0.9081506133079529
Car 0.0 0 -1.0924276113510132 150.9611358642578 184.25997924804688 272.2261962890625 232.98443603515625 4.312651 1.4586043 1.6945927 -12.915281 1.4311259 23.689203 -1.5915757417678833 0.8109615445137024
Car 0.0 0 1.6716575622558594 513.5285034179688 164.84674072265625 547.5501708984375 192.75112915039062 3.6471822 1.4894434 1.5337749 -4.3031106 0.4033481 40.194347 1.565006136894226 0.5485090613365173
Car 0.0 0 -1.5717984437942505 607.6134033203125 160.8174285888672 628.33056640625 181.1519317626953 4.0922527 1.5985485 1.652446 0.8261855 -0.34623212 59.38601 -1.5578871965408325 0.5464627146720886
