Pedestrian 0.0 0 1.0843309164047241 750.83447265625 115.1557846069336 821.6775512695312 256.2242736816406 0.98260564 1.8451773 0.5497384 2.441655 0.9921481 9.786081 1.3288415670394897 0.6996956467628479
Pedestrian 0.0 0 1.4466769695281982 364.1465148925781 166.08566284179688 387.5823974609375 220.47752380371094 0.742454 1.6513349 0.6026861 -7.142371 1.2152756 21.925125 1.131756067276001 0.5792585611343384
Pedestrian 0.0 0 2.2326431274414062 286.72479248046875 151.5442657470703 375.86651611328125 285.2674255371094 0.9717922 1.8045086 0.75237507 -3.9401228 1.4154404 10.109422 1.861006259918213 0.5085472464561462
Pedestrian 0.0 0 0.1468934416770935 587.5244140625 151.68063354492188 600.6160278320312 184.78529357910156 0.71606654 1.9890968 0.5808483 -0.66449153 0.25884557 42.812958 0.13137388229370117 0.48434412479400635
Pedestrian 0.0 0 1.3462408781051636 735.2278442382812 118.14730834960938 787.2537841796875 238.86021423339844 0.8727148 1.8124712 0.61052406 2.3811498 0.87792367 11.05126 1.5584605932235718 0.4525609314441681
Pedestrian 0.0 0 -1.3748908042907715 381.056640625 170.88973999023438 399.43035888671875 212.8151397705078 0.64179754 1.76758 0.63836515 -9.177497 1.3638916 30.155327 -1.6703252792358398 0.30123603343963623
Cyclist 0.0 0 1.8431919813156128 487.3953857421875 165.32733154296875 503.7415466308594 191.18675231933594 1.7959194 1.7406721 0.6512811 -7.497695 0.72067165 48.51884 1.6898730993270874 0.6387184858322144
Cyclist 0.0 0 2.2326431274414062 286.72479248046875 151.5442657470703 375.86651611328125 285.2674255371094 0.9717922 1.8045086 0.75237507 -3.9401228 1.4154404 10.109422 1.861006259918213 0.13205638527870178
Car 0.0 0 1.5582464933395386 536.4852905273438 163.1175994873047 574.0005493164062 198.6782684326172 4.367285 1.6026639 1.6906937 -2.4482203 0.8207283 34.107643 1.4865901470184326 0.5764349102973938
Car 0.0 0 -1.648354172706604 546.0191650390625 154.07569885253906 593.7608642578125 206.53570556640625 4.245643 1.981116 1.6075451 -1.5260483 0.984731 28.90552 -1.7010995149612427 0.5492462515830994
