Pedestrian 0.0 0 -0.9375455379486084 162.38510131835938 154.1525421142578 190.5730438232422 190.43919372558594 0.88434047 1.676108 0.7558009 -20.34125 0.8126318 33.80049 -1.4792900085449219 0.5857736468315125
Pedestrian 0.0 0 2.5028414726257324 778.8431396484375 151.099853515625 803.854248046875 199.30604553222656 0.6939942 1.793055 0.6014967 6.8029294 0.9842559 27.246155 2.7475225925445557 0.5665700435638428
Pedestrian 0.0 0 -0.09185627102851868 222.12030029296875 147.13204956054688 245.3365478515625 201.4374542236328 0.6049144 1.7236263 0.6837118 -12.225584 0.90758264 23.349808 -0.5741925239562988 0.49151962995529175
Cyclist 0.0 0 -0.9308583736419678 162.0316619873047 153.62353515625 190.0051727294922 190.191650390625 0.8796249 1.6870544 0.7442781 -20.338112 0.80022347 33.75911 -1.4730759859085083 0.1357380449771881
Car 0.0 0 -0.3199451267719269 699.7988891601562 196.46714782714844 870.0953369140625 262.3492431640625 3.7639904 1.4730473 1.6059669 4.190176 2.0872903 17.789122 -0.08861476182937622 0.9439535140991211
Car 0.0 0 -0.663007378578186 859.7650756835938 188.97671508789062 1242.0 370.74334716796875 3.6720521 1.4678321 1.6599625 4.4991355 1.6467526 6.994365 -0.09139098227024078 0.9281019568443298
Car 0.0 0 3.448899984359741 215.83245849609375 189.53607177734375 388.7539978027344 252.1259307861328 3.8148932 1.4924058 1.6103178 -7.907843 1.9478308 18.7016 3.0488576889038086 0.9136841297149658
Car 0.0 0 3.7482645511627197 0.0 200.2761688232422 257.7964782714844 312.6780090332031 4.058459 1.486418 1.6634616 -7.7756886 1.9311559 10.825342 3.1253714561462402 0.897616446018219
Car 0.0 0 0.501989483833313 53.13663101196289 197.81454467773438 316.0780334472656 284.1230163574219 3.979359 1.4561691 1.5504601 -7.846421 1.9512775 13.473655 -0.02535305544734001 0.8619519472122192
Car 0.0 0 3.216789960861206 280.1944274902344 186.55270385742188 396.5426025390625 237.45689392089844 3.4459784 1.5271634 1.6320027 -8.824817 1.999421 23.58879 2.8587992191314697 0.755683183670044
Car 0.0 0 0.6551070809364319 0.0 189.4580535888672 149.9525909423828 356.65728759765625 4.0670524 1.6050481 1.7087716 -7.903144 1.81917 8.21183 -0.11113817989826202 0.7354719638824463
Car 0.0 0 -0.2878137230873108 678.515625 194.7166290283203 822.3027954101562 253.1466064453125 3.6424813 1.4947948 1.5622443 3.8120012 2.1344223 20.134972 -0.10070584714412689 0.6266819834709167
