Pedestrian 0.0 0 3.3906409740448 246.21395874023438 148.66505432128906 308.32177734375 278.7283020019531 0.6389546 1.7314793 0.6640977 -4.644435 1.4098195 9.988246 2.9553914070129395 0.6649966239929199
Pedestrian 0.0 0 0.8546938300132751 336.6651306152344 162.49746704101562 351.8874206542969 190.73239135742188 0.58338785 1.8228801 0.72718894 -17.353714 1.154608 47.039597 0.5012667179107666 0.47268518805503845
Pedestrian 0.0 0 -1.993534803390503 1011.2244873046875 97.89314270019531 1077.928466796875 229.12879943847656 0.5696447 1.8285707 0.64283705 6.1794376 0.7844622 10.370511 -1.4561604261398315 0.4651321470737457
Pedestrian 0.0 0 -2.824491262435913 450.79547119140625 164.32875061035156 464.024169921875 187.15899658203125 0.739917 1.6666691 0.80287397 -11.256461 1.0446604 53.110493 -3.0333447456359863 0.45674824714660645
Pedestrian 0.0 0 0.012763828039169312 345.5647888183594 151.5494842529297 369.6994323730469 191.68557739257812 0.98278135 1.7223021 0.7360842 -11.039953 0.8084502 31.465124 -0.32467976212501526 0.41408950090408325
Car 0.0 0 -1.7224675416946411 661.7080078125 174.66009521484375 741.0762939453125 231.49546813964844 3.9651299 1.3933 1.5512705 2.3555663 1.4483026 19.820438 -1.6041771173477173 0.9654518961906433
Car 0.0 0 -1.5687130689620972 524.6920776367188 174.75765991210938 562.2198486328125 209.76048278808594 3.9939272 1.5159477 1.6339878 -3.1295862 1.6102291 33.533867 -1.6617696285247803 0.9414241313934326
Car 0.0 0 -1.1290104389190674 2.3947861194610596 189.20933532714844 449.0342102050781 375.0 4.0756826 1.4908164 1.6355976 -2.7736602 1.680048 6.2717233 -1.54539954662323 0.9116529226303101
Car 0.0 0 -1.7741894721984863 636.6906127929688 173.63839721679688 690.6954345703125 211.89305114746094 4.055165 1.6059309 1.6250752 2.3068452 1.6439152 32.491405 -1.7033097743988037 0.884535014629364
Car 0.0 0 -2.186356544494629 798.2833862304688 185.10003662109375 1242.0 375.0 3.6822164 1.4698906 1.5858723 2.3573813 1.5689514 3.9181883 -1.6447241306304932 0.8635897636413574
Car 0.0 0 -1.311567783355713 272.3882141113281 182.4013214111328 459.508056640625 304.54638671875 3.877691 1.404969 1.6051162 -3.3772871 1.5715336 10.581995 -1.6205031871795654 0.8147271871566772
Car 0.0 0 -2.626354694366455 274.7652893066406 182.34390258789062 394.1160888671875 228.34512329101562 3.3602777 1.4179661 1.4762719 -9.029159 1.7419794 23.624327 -2.9914205074310303 0.5498821139335632
Car 0.0 0 -0.7668989300727844 0.0 0.0 1242.0 375.0 3.6508007 1.4715896 1.5868421 -2.6756437 1.6081568 1.7353997 -1.7623108625411987 0.5027868747711182
Car 0.0 0 0.2329987734556198 404.0268859863281 165.18582153320312 460.93988037109375 183.11903381347656 4.6950936 1.5854169 1.6611229 -15.889513 0.907856 64.63547 -0.008053913712501526 0.4632677733898163
