Pedestrian 0.0 0 3.58817720413208 167.75953674316406 110.4075927734375 272.11444091796875 275.71282958984375 0.83885396 1.7643212 0.6179316 -4.3470016 0.9670173 7.9986863 3.0903656482696533 0.3758019506931305
Pedestrian 0.0 0 3.1949303150177 298.8174743652344 110.63125610351562 384.49078369140625 277.89453125 0.8625987 1.7630336 0.62041885 -2.9919538 0.9780097 7.9985847 2.8369836807250977 0.2071358561515808
Pedestrian 0.0 0 -0.8135935068130493 1073.935302734375 113.8349609375 1201.216796875 312.98492431640625 0.7626564 1.7610159 0.59829265 4.87905 1.1309513 6.717133 -0.18539515137672424 0.1379922479391098
Pedestrian 0.0 0 -0.456532746553421 655.5090942382812 177.45938110351562 679.5042114257812 227.23838806152344 0.5944381 1.7685871 0.74900347 2.117316 1.4941466 25.993683 -0.3752571642398834 0.11134517192840576
Car 0.0 0 -0.9419795274734497 0.0 181.20562744140625 186.9942626953125 305.6961975097656 3.4469924 1.5046636 1.5672051 -7.9197206 1.4573267 10.4242115 -1.5916869640350342 0.8638103008270264
Car 0.0 0 1.7699860334396362 377.5281066894531 188.94454956054688 488.2816162109375 264.11077880859375 3.9939382 1.4414372 1.6185502 -3.7854319 1.5360999 16.004786 1.5377353429794312 0.8331210017204285
Car 0.0 0 -1.5997031927108765 575.7108154296875 173.35940551757812 618.3877563476562 213.2129669189453 3.7484527 1.4910204 1.5874677 -0.52084213 1.048579 28.799849 -1.617786169052124 0.7898383736610413
Car 0.0 0 -1.0516085624694824 81.55756378173828 177.39584350585938 223.83995056152344 242.22952270507812 3.677847 1.5829303 1.6279849 -12.153795 1.3931382 19.417334 -1.610872745513916 0.6319119930267334
Car 0.0 0 -1.4768037796020508 521.7626953125 170.63246154785156 559.68505859375 200.9759979248047 3.7795541 1.4795104 1.5938481 -3.4259102 0.76958257 36.937664 -1.569287657737732 0.16187959909439087
Car 0.0 0 1.6644212007522583 402.0589599609375 180.25991821289062 458.3395080566406 224.71707153320312 3.9483469 1.4504316 1.5751241 -6.2626963 1.2898792 25.517439 1.4237501621246338 0.13025033473968506
Car 0.0 0 1.3443151712417603 519.059326171875 169.73858642578125 556.6376953125 192.07943725585938 4.3347826 1.4810613 1.6612583 -4.9275165 0.45615557 49.971104 1.246025562286377 0.11408882588148117
