Pedestrian 0.0 0 -0.641927182674408 1169.9891357421875 146.68479919433594 1195.7484130859375 185.381103515625 0.6615859 1.7657462 0.6677604 26.367264 0.5719807 33.26476 0.028315067291259766 0.44221895933151245
Pedestrian 0.0 0 -0.6547813415527344 763.7630615234375 158.0702362060547 779.2384033203125 185.32504272460938 0.7253788 1.817187 0.7246833 10.84361 0.83185196 48.586514 -0.43519845604896545 0.4136456549167633
Pedestrian 0.0 0 0.12560801208019257 759.2449340820312 139.27105712890625 799.2449340820312 183.45758056640625 1.5328373 1.7705001 0.54473823 6.861608 0.4252301 29.429962 0.35466647148132324 0.12240230292081833
Cyclist 0.0 0 0.11282393336296082 759.7694091796875 139.32110595703125 799.22021484375 184.92404174804688 1.5143912 1.826846 0.54588765 6.86822 0.48388228 29.413149 0.3422219753265381 0.5448859930038452
Car 0.0 0 1.863813042640686 317.7368469238281 184.16806030273438 400.4700927734375 229.83168029785156 4.2998066 1.4844285 1.7176834 -9.209138 1.9379562 26.715763 1.5318604707717896 0.8933258056640625
Car 0.0 0 1.6299188137054443 444.79547119140625 178.02647399902344 475.5923156738281 203.34744262695312 4.554015 1.5489991 1.7196223 -9.83971 1.9068309 47.485806 1.4255967140197754 0.8195383548736572
Car 0.0 0 -1.4925647974014282 587.8674926757812 176.95358276367188 618.4402465820312 202.17088317871094 4.2211246 1.5687841 1.7001084 -0.4404299 1.8527708 47.752403 -1.501787781715393 0.7278480529785156
Car 0.0 0 1.8472256660461426 343.3114318847656 171.3492431640625 425.95977783203125 223.56410217285156 3.7148378 1.5493277 1.587015 -7.211147 1.5050361 23.282703 1.5468744039535522 0.5924721360206604
Car 0.0 0 1.3225963115692139 729.4808959960938 151.7908477783203 775.3150634765625 181.24977111816406 3.88221 1.5823073 1.625192 7.944838 0.45131412 40.735973 1.5152108669281006 0.4826330840587616
Car 0.0 0 1.2190816402435303 624.6763916015625 162.6912078857422 658.2938842773438 181.37586975097656 4.1757565 1.60256 1.6413707 2.7369237 0.731268 64.12123 1.2617393732070923 0.47646409273147583
Car 0.0 0 1.5971508026123047 664.69677734375 158.35743713378906 694.783935546875 186.19703674316406 3.8097205 1.4934726 1.5911669 3.9358015 0.71615374 40.692554 1.6935713291168213 0.4637558162212372
Car 0.0 0 1.2511000633239746 840.4547119140625 138.63858032226562 919.4840087890625 183.6490936279297 4.135233 1.6297956 1.660566 10.401654 0.39123976 28.217812 1.6042656898498535 0.39815446734428406
