Pedestrian 0.0 0 -0.26625964045524597 939.030517578125 98.3653564453125 1008.2529907226562 244.7195587158203 0.62298864 1.7908436 0.7093083 4.5815544 0.8797311 9.234377 0.19429612159729004 0.3041418790817261
Pedestrian 0.0 0 -1.808844804763794 987.68798828125 118.85298156738281 1025.483642578125 188.91905212402344 1.0134948 1.7897418 0.6490109 10.3822 0.41071773 19.001455 -1.3087775707244873 0.2815159261226654
Pedestrian 0.0 0 -1.432173490524292 0.0 193.2327117919922 69.31464385986328 351.92529296875 0.4943602 1.7480934 0.65278184 -6.8055243 1.9971541 8.422975 -2.1117563247680664 0.27343299984931946
Pedestrian 0.0 0 0.0028770267963409424 892.1358642578125 145.01370239257812 919.6732177734375 197.2517852783203 0.8945393 1.8221502 0.6774383 10.472785 0.85139257 25.64916 0.39052581787109375 0.2698574662208557
Pedestrian 0.0 0 2.6943273544311523 839.0643920898438 143.9195098876953 860.8825073242188 183.53440856933594 0.7401013 1.8240899 0.68532795 11.134634 0.49214333 33.60774 3.0142571926116943 0.2260432094335556
Cyclist 0.0 0 0.6156800389289856 1012.3253173828125 119.81800842285156 1077.8525390625 180.32730102539062 1.7380241 1.8205427 0.5861133 13.564526 0.22520703 22.619562 1.1558650732040405 0.39076337218284607
Cyclist 0.0 0 0.5688326358795166 871.5764770507812 139.46463012695312 914.2472534179688 178.75440979003906 1.785652 1.7591602 0.59852177 12.963428 0.2645431 33.20119 0.94107985496521 0.35112738609313965
Cyclist 0.0 0 -1.8179007768630981 910.0274658203125 125.41401672363281 944.8692626953125 184.84825134277344 1.8546294 1.8043531 0.5691356 9.991261 0.36448914 22.863731 -1.4059170484542847 0.30677735805511475
Cyclist 0.0 0 -0.04125499725341797 890.678955078125 144.4628448486328 921.8904418945312 197.61178588867188 0.99707 1.8529643 0.68788636 10.477089 0.86350375 25.645512 0.3465874195098877 0.11378445476293564
Car 0.0 0 2.3943734169006348 157.10597229003906 169.88079833984375 223.8614501953125 191.70574951171875 4.355467 1.5717833 1.6891989 -31.508955 1.3580178 54.29041 1.868506908416748 0.38495057821273804
Car 0.0 0 0.14405933022499084 34.71165466308594 155.58152770996094 153.85690307617188 194.2858428955078 3.7906737 1.5032442 1.5435809 -21.053312 0.8327539 29.573826 -0.47460201382637024 0.3718569576740265
Car 0.0 0 0.15886953473091125 229.1226806640625 172.00132751464844 275.93646240234375 190.20635986328125 3.5300195 1.5916488 1.63655 -31.877821 1.5174577 64.38517 -0.3008594214916229 0.3186424672603607
Car 0.0 0 -1.9943355321884155 90.51699829101562 164.6913299560547 143.89163208007812 188.70233154296875 3.516172 1.54366 1.6291685 -32.8204 1.0192424 47.99537 -2.5941226482391357 0.2614502012729645
Car 0.0 0 -0.2544320821762085 297.2873840332031 169.52122497558594 340.6753845214844 186.35079956054688 3.4948494 1.5360866 1.5211915 -27.234001 1.2322524 67.505806 -0.637893557548523 0.24895229935646057
Car 0.0 0 3.154188394546509 45.93131637573242 163.8119659423828 122.25474548339844 190.6691436767578 3.6443727 1.5470752 1.5421572 -31.486475 1.0265775 43.243504 2.5248379707336426 0.2366606742143631
