Pedestrian 0.0 0 -0.3492352366447449 798.6414794921875 148.5467071533203 896.7943115234375 299.4794921875 0.92010987 1.695526 0.640036 2.7694619 1.3382598 8.26967 -0.02608080767095089 0.8836621046066284
Pedestrian 0.0 0 1.5552635192871094 494.97747802734375 171.6041259765625 532.013671875 272.352294921875 0.97567564 1.7747004 0.64974654 -1.7331073 1.6196413 12.980319 1.4225305318832397 0.16028490662574768
Pedestrian 0.0 0 2.8842225074768066 629.2125854492188 164.60983276367188 699.481201171875 268.8353576660156 1.1460323 1.8527436 0.70089245 1.0367726 1.5719181 13.010026 2.963744640350342 0.15818321704864502
Pedestrian 0.0 0 3.806955337524414 11.723983764648438 170.96051025390625 76.86148071289062 259.31927490234375 0.839497 1.7574326 0.61154324 -11.424529 1.5693234 14.366518 3.135136365890503 0.13370086252689362
Pedestrian 0.0 0 0.11175000667572021 590.3384399414062 163.2884063720703 603.7991943359375 189.79534912109375 0.92696255 1.8962923 0.4213815 -0.5631284 0.6662726 50.833157 0.10067248344421387 0.12260864675045013
Pedestrian 0.0 0 2.6745896339416504 608.2399291992188 187.92445373535156 658.7925415039062 279.32952880859375 0.8747072 1.822968 0.5840002 0.54526734 1.982824 14.616617 2.71187686920166 0.12247195839881897
Pedestrian 0.0 0 -0.7002712488174438 835.948974609375 172.63197326660156 875.839111328125 245.33689880371094 0.7189705 1.7928836 0.6191699 6.2929754 1.6004574 17.847326 -0.3612816631793976 0.10889779776334763
Cyclist 0.0 0 -1.5006518363952637 854.2584838867188 165.5087127685547 884.8057250976562 280.1640625 1.7959387 1.772003 0.35864994 4.392959 1.5419703 11.814284 -1.1446592807769775 0.1771189421415329
Cyclist 0.0 0 0.6378395557403564 272.6399230957031 207.361083984375 357.7077941894531 281.7441101074219 2.0090382 1.843678 0.7632828 -7.647397 2.5747478 18.58094 0.24739718437194824 0.12096264958381653
Car 0.0 0 -2.2835428714752197 585.8780517578125 136.6947021484375 693.8489990234375 195.94505310058594 4.9815874 2.3422208 1.817857 1.375127 0.61205596 30.464066 -2.238434076309204 0.17269814014434814
Car 0.0 0 -1.793290615081787 845.0097045898438 187.2735137939453 974.3558959960938 272.3100280761719 3.8733788 1.5096643 1.6450272 6.203928 1.6738925 14.922067 -1.3992762565612793 0.14346952736377716
