Pedestrian 0.0 0 -1.0793755054473877 1067.4287109375 144.621337890625 1090.8665771484375 182.60179138183594 0.8103248 1.8811218 0.6856495 23.519192 0.4831535 36.22983 -0.5035865306854248 0.40382421016693115
Pedestrian 0.0 0 -2.4360883235931396 82.24110412597656 154.02987670898438 109.36466979980469 186.83021545410156 1.1686766 1.8617786 0.57753664 -29.457212 0.7936615 41.290222 -3.0557634830474854 0.3297065496444702
Cyclist 0.0 0 -2.5435445308685303 1187.350341796875 132.35723876953125 1242.0 180.9251708984375 1.6833922 1.8048091 0.6432405 23.24651 0.3002867 27.70734 -1.8454701900482178 0.3156028389930725
Car 0.0 0 -1.4897863864898682 533.0491333007812 178.4477996826172 569.1746826171875 208.4598388671875 3.7421303 1.4966689 1.6275977 -3.1357932 1.8104054 38.54832 -1.5709547996520996 0.9516689777374268
Car 0.0 0 -1.5460290908813477 584.22607421875 179.71275329589844 622.9494018554688 216.0885772705078 3.410148 1.4761488 1.6072731 -0.28089333 1.7936494 31.642958 -1.5549057722091675 0.9064884781837463
Car 0.0 0 3.4109225273132324 242.59051513671875 160.7078399658203 321.7628173828125 189.54698181152344 3.42744 1.4411833 1.5035987 -16.82309 0.83455956 37.064877 2.98484468460083 0.7562661170959473
Car 0.0 0 -1.1429951190948486 409.126220703125 165.040771484375 451.9502868652344 187.91188049316406 3.9647007 1.6499493 1.62088 -13.4416065 1.0866511 54.147224 -1.386318325996399 0.5210893154144287
Car 0.0 0 1.9610307216644287 329.036376953125 165.63868713378906 379.9385986328125 191.39956665039062 3.7955582 1.5013512 1.6020491 -15.544415 1.081199 43.9845 1.6213243007659912 0.3827535808086395
Car 0.0 0 -0.411983847618103 702.0275268554688 160.45254516601562 772.0501708984375 187.6813201904297 3.7815933 1.5826311 1.6538395 7.5534053 0.8621733 43.186295 -0.23883244395256042 0.3310801684856415
Car 0.0 0 -2.2599565982818604 1188.53662109375 161.12611389160156 1242.0 203.63092041015625 3.8153286 1.676088 1.8109019 26.721195 1.2139812 30.385372 -1.5386344194412231 0.3169226050376892
Car 0.0 0 -0.6840832233428955 860.4288330078125 158.9201202392578 914.9981079101562 178.64764404296875 3.9309366 1.5466528 1.6541121 22.280317 0.45458353 57.965073 -0.31711894273757935 0.3130469024181366
Car 0.0 0 -3.2822232246398926 856.2160034179688 161.4567108154297 925.6090087890625 184.00660705566406 4.2205524 1.4993587 1.663029 19.088139 0.7419034 49.261726 -2.912552833557129 0.30650562047958374
Car 0.0 0 2.2177867889404297 0.5607296824455261 147.06861877441406 139.3093719482422 192.94503784179688 3.6609807 1.2969847 1.5173997 -16.513868 0.5683573 22.232637 1.5789251327514648 0.3011084198951721
