Pedestrian 0.0 0 2.9403834342956543 726.4212646484375 134.17042541503906 761.1756591796875 202.40711975097656 0.79003114 1.751686 0.5790955 3.4347684 0.7590082 18.817307 3.1209282875061035 0.4987441301345825
Car 0.0 0 -1.9313411712646484 586.4597778320312 191.7751922607422 749.3726196289062 294.6543273925781 3.8161333 1.4353344 1.6010256 0.8027824 1.8275272 12.8803625 -1.8690955638885498 0.9721347093582153
Car 0.0 0 -1.692107081413269 488.5355529785156 185.33045959472656 543.7044067382812 227.320068359375 3.8445423 1.412735 1.621089 -3.6931386 1.925469 27.56453 -1.8252954483032227 0.9397685527801514
Car 0.0 0 1.8548110723495483 21.277734756469727 206.0560302734375 224.26205444335938 332.7337951660156 3.810147 1.4756606 1.6481001 -7.561237 2.1023564 11.546122 1.2750182151794434 0.9049109816551208
Car 0.0 0 -1.6904206275939941 474.1322326660156 181.7224884033203 521.3269653320312 220.3270263671875 4.0598555 1.6084373 1.6630471 -5.268691 2.0441926 33.2412 -1.8476117849349976 0.8590419292449951
Car 0.0 0 1.957153558731079 0.0 217.33578491210938 140.0229034423828 375.0 4.163715 1.406413 1.6041377 -6.0004015 1.9631118 6.7916627 1.2335323095321655 0.851341724395752
Car 0.0 0 1.6665725708007812 306.6249084472656 185.59889221191406 346.5007629394531 217.37261962890625 3.9573615 1.6145566 1.7141571 -15.892212 2.3683562 40.514626 1.292757511138916 0.8238099813461304
Car 0.0 0 -2.8914101123809814 677.1118774414062 162.62648010253906 777.608154296875 206.3743133544922 3.6598127 1.6531917 1.6461893 4.63584 1.2670608 28.74789 -2.7315280437469482 0.8138559460639954
Car 0.0 0 -1.828786015510559 538.5093994140625 163.88673400878906 576.1176147460938 188.2413787841797 3.2295425 1.4442834 1.5380682 -3.320074 0.9128625 44.56333 -1.903151035308838 0.7543099522590637
Car 0.0 0 0.20809540152549744 86.03511810302734 193.302734375 177.6868896484375 222.82791137695312 4.1668367 1.5569414 1.6364836 -27.563425 2.782045 41.68635 -0.3761198818683624 0.5480928421020508
Car 0.0 0 1.1326367855072021 879.8206787109375 155.52719116210938 947.4077758789062 186.90452575683594 3.7880132 1.466112 1.612101 14.8721075 0.6568716 35.638016 1.527976155281067 0.5467915534973145
Car 0.0 0 -2.7923035621643066 603.0219116210938 172.6798858642578 701.287353515625 208.14486694335938 4.445727 1.6398132 1.7084115 2.0014427 1.6321207 35.022667 -2.7352185249328613 0.4823179543018341
