Pedestrian 0.0 0 -1.5142230987548828 505.0390625 154.4229736328125 518.1014404296875 186.67764282226562 0.8934025 1.9128357 0.7278423 -5.9311194 0.82015693 43.26168 -1.6504724025726318 0.6170769929885864
Pedestrian 0.0 0 1.5061116218566895 717.912109375 144.36593627929688 746.271484375 215.78665161132812 0.81298846 1.7968297 0.66648096 3.088602 1.0804739 18.5877 1.6707708835601807 0.5259449481964111
Pedestrian 0.0 0 2.0736243724823 753.7081298828125 131.01133728027344 793.7811279296875 203.8010711669922 0.7752899 1.7911996 0.704502 4.1011662 0.7618992 18.276484 2.2943637371063232 0.4980340003967285
Pedestrian 0.0 0 -0.13724800944328308 941.642333984375 82.3981704711914 1025.43408203125 229.48951721191406 0.88639206 1.811168 0.56606495 4.734958 0.69772327 9.294365 0.3339262008666992 0.48630818724632263
Pedestrian 0.0 0 -0.45186638832092285 1009.454345703125 61.79499435424805 1124.17529296875 231.67779541015625 0.93505925 1.8119917 0.5365156 4.9924393 0.6277801 8.009281 0.10553240776062012 0.45296552777290344
Pedestrian 0.0 0 -1.3096622228622437 591.5125122070312 155.35281372070312 604.2696533203125 185.1039276123047 0.39552647 1.8912405 0.7390038 -0.8052232 0.7790705 46.14556 -1.3271100521087646 0.44828781485557556
Cyclist 0.0 0 1.2251513004302979 779.2267456054688 120.60453796386719 814.8936767578125 178.56788635253906 1.7433435 1.9565047 0.6518969 6.481887 0.19322532 25.250664 1.476427435874939 0.59295254945755
Cyclist 0.0 0 -1.8743597269058228 904.9566040039062 80.8583984375 971.0582885742188 200.9760284423828 1.6530994 1.8106215 0.49641365 5.23901 0.42426187 11.7233515 -1.454097867012024 0.3973492980003357
Car 0.0 0 -1.7690140008926392 448.3673400878906 185.1804962158203 539.010498046875 253.6035614013672 3.733533 1.5712465 1.6720082 -3.2575622 1.9370136 19.344446 -1.9358465671539307 0.960349977016449
Car 0.0 0 -1.493061900138855 228.14218139648438 191.16429138183594 288.47393798828125 240.2261505126953 3.9539642 1.5312957 1.6694024 -12.757115 2.2526622 26.264126 -1.9452235698699951 0.9332755208015442
Car 0.0 0 -1.7881163358688354 423.7673645019531 184.8313751220703 490.9771423339844 236.40438842773438 3.401636 1.60966 1.5941405 -5.4465294 2.0606866 25.26805 -2.000418186187744 0.8780319094657898
Car 0.0 0 -1.72334885597229 405.78216552734375 187.93646240234375 461.62310791015625 229.55010986328125 3.9902413 1.4910787 1.6216274 -7.325535 2.1545243 29.565542 -1.9662301540374756 0.8631927371025085
Car 0.0 0 1.7114968299865723 0.0 140.92112731933594 224.86685180664062 367.23284912109375 4.398938 1.9600252 1.714283 -5.72474 1.6838211 8.600247 1.124199628829956 0.800834059715271
Car 0.0 0 -1.6509630680084229 383.80963134765625 185.80001831054688 417.3661804199219 212.42445373535156 3.8563862 1.3910154 1.5554445 -12.200727 2.178616 41.794933 -1.93498957157135 0.6695480346679688
Car 0.0 0 2.454345703125 68.95704650878906 156.23233032226562 170.9062957763672 188.2708282470703 3.9193554 1.4328226 1.5560893 -23.264894 0.68982804 34.36582 1.8592387437820435 0.46690833568573
