Pedestrian 0.0 0 1.3588062524795532 789.6148071289062 121.25615692138672 828.986083984375 205.97547912597656 0.6271041 1.6975322 0.6584581 4.024937 0.6640174 14.785597 1.6245862245559692 0.643707275390625
Pedestrian 0.0 0 -2.61283802986145 1190.641357421875 131.56153869628906 1242.0 233.4119873046875 0.6770929 1.7302746 0.6824927 10.7604475 1.0291402 12.687699 -1.9094475507736206 0.6021426916122437
Pedestrian 0.0 0 -0.8591350317001343 1096.24609375 95.13823699951172 1180.7607421875 223.45057678222656 0.86760294 1.793455 0.55772424 7.595005 0.7075594 10.453074 -0.23079133033752441 0.5766247510910034
Pedestrian 0.0 0 1.0186525583267212 970.3738403320312 106.35073852539062 1020.300537109375 217.5127716064453 0.55961484 1.6767544 0.45505443 5.9073195 0.67398524 11.175017 1.504931926727295 0.42844924330711365
Pedestrian 0.0 0 -0.24365383386611938 929.3131713867188 153.0831298828125 960.071533203125 201.21339416503906 0.938646 1.8290898 0.68276876 12.863873 1.0780973 27.841316 0.18916940689086914 0.42844444513320923
Pedestrian 0.0 0 0.13028091192245483 477.549560546875 151.37484741210938 496.9349670410156 187.05007934570312 0.90714973 1.8046424 0.5872488 -6.2958603 0.71847063 36.8076 -0.03912748768925667 0.42324313521385193
Pedestrian 0.0 0 -2.0875258445739746 1095.87939453125 134.74786376953125 1133.834716796875 204.73092651367188 0.6023716 1.7273102 0.5557182 12.631129 0.78713906 18.1315 -1.4790585041046143 0.37735480070114136
Pedestrian 0.0 0 -1.5599193572998047 994.4097290039062 141.37765502929688 1012.39697265625 184.74285888671875 0.56048983 1.871206 0.68495095 17.160124 0.51336145 31.543188 -1.0616788864135742 0.3232120871543884
Car 0.0 0 2.2852330207824707 0.0 202.3861083984375 168.3305206298828 361.2524108886719 3.931791 1.4691373 1.5958351 -7.829995 1.9348922 9.387108 1.5900293588638306 0.8508804440498352
Car 0.0 0 -1.634268045425415 587.8375244140625 178.60752868652344 621.158447265625 207.1019287109375 3.657805 1.4822583 1.6177279 -0.3824345 1.8180047 40.174583 -1.6437870264053345 0.6908034086227417
Car 0.0 0 -1.2708232402801514 685.7130737304688 161.7616424560547 725.7217407226562 185.5834503173828 3.8672442 1.5751024 1.6711073 6.6177616 0.8420312 49.81126 -1.138740062713623 0.4459216594696045
Car 0.0 0 -1.5349639654159546 466.90216064453125 160.02711486816406 500.2291564941406 191.9772491455078 3.9784148 1.632117 1.6315316 -6.811512 0.9772357 38.937904 -1.7081443071365356 0.3944186866283417
Car 0.0 0 1.4610148668289185 180.2696075439453 165.50650024414062 223.52149963378906 194.91102600097656 3.5355515 1.4328938 1.5492674 -21.020643 1.0752052 37.044537 0.9448788166046143 0.3503793776035309
Car 0.0 0 1.6090031862258911 652.5713500976562 170.72999572753906 670.7376708984375 187.06396484375 3.8146825 1.5337029 1.6085831 4.997706 1.3346232 69.73104 1.6805520057678223 0.323674738407135
Car 0.0 0 1.7718493938446045 433.66241455078125 179.77145385742188 486.05572509765625 215.05503845214844 3.8289924 1.4680804 1.5907365 -6.772678 1.800225 32.687782 1.5675472021102905 0.30160579085350037
