Pedestrian 0.0 0 0.9950307607650757 429.9847106933594 170.55007934570312 454.40179443359375 211.26544189453125 0.9261387 1.8058931 0.67921495 -7.371793 1.3660401 31.921537 0.7680747509002686 0.6116731762886047
Pedestrian 0.0 0 -1.4393666982650757 504.5207824707031 163.065673828125 520.27490234375 200.77748107910156 0.6994998 1.7651908 0.65401244 -4.3934193 0.9505869 33.440147 -1.5700000524520874 0.35410282015800476
Pedestrian 0.0 0 -1.3902735710144043 470.513671875 173.81369018554688 485.0105895996094 206.705078125 0.64547604 1.7733978 0.6717515 -6.9256854 1.4142973 38.440346 -1.568528413772583 0.2576645612716675
Pedestrian 0.0 0 0.6656745672225952 871.4542236328125 156.99783325195312 902.8999633789062 187.98460388183594 1.7361267 1.7881383 0.57510924 16.620922 0.433289 41.691498 1.0450291633605957 0.13337339460849762
Cyclist 0.0 0 -0.06369592249393463 734.8733520507812 157.03402709960938 776.4374389648438 196.4323272705078 1.7803938 1.7366263 0.59548485 6.699066 0.7037446 31.584343 0.1453075408935547 0.8910093307495117
Cyclist 0.0 0 -0.9271837472915649 333.1614685058594 174.6312255859375 376.4093017578125 221.7802734375 1.9371011 1.798804 0.5666098 -9.901528 1.5764092 27.978914 -1.267322063446045 0.876251757144928
Cyclist 0.0 0 -0.12950757145881653 673.3597412109375 161.66387939453125 711.0670166015625 198.27047729492188 1.8198606 1.824595 0.5854111 4.3620257 0.88717103 35.53612 -0.007369490806013346 0.8471200466156006
Cyclist 0.0 0 -0.4181947708129883 583.874755859375 165.4383544921875 615.0834350585938 195.9470672607422 1.8084475 1.8107396 0.5607018 -0.335096 0.9181759 42.5885 -0.42606282234191895 0.7355254292488098
Cyclist 0.0 0 -2.473778009414673 871.0415649414062 156.4856414794922 902.2897338867188 187.14645385742188 1.7321888 1.7710509 0.56788254 16.605402 0.38529575 41.727993 -2.095045328140259 0.25119543075561523
Cyclist 0.0 0 -1.788948655128479 757.4144897460938 152.8174591064453 782.1139526367188 202.50961303710938 1.8045832 1.8094788 0.5239056 6.168871 0.80297214 26.646057 -1.5614451169967651 0.2390708476305008
Cyclist 0.0 0 0.9408825635910034 428.20855712890625 169.96038818359375 453.3192138671875 210.7241973876953 0.9396388 1.8088552 0.6819258 -7.4389143 1.3426366 31.934734 0.7120225429534912 0.1380000114440918
Car 0.0 0 -1.415123701095581 483.0585632324219 173.21728515625 538.9937744140625 214.24082946777344 3.596206 1.4770719 1.6000032 -3.579877 1.2163767 27.270313 -1.5456510782241821 0.959879994392395
Car 0.0 0 -0.37929239869117737 874.7252807617188 157.94325256347656 948.5994873046875 183.52842712402344 3.8211515 1.5376182 1.6337881 18.758326 0.18336552 43.35927 0.02901935577392578 0.6420435309410095
Car 0.0 0 -0.6446951627731323 951.0046997070312 151.38909912109375 1031.005615234375 177.48287963867188 4.2136483 1.5638614 1.62332 23.847837 -0.1900381 43.735558 -0.14548799395561218 0.515696108341217
Car 0.0 0 -1.471606731414795 1194.73095703125 145.82606506347656 1224.0 173.52346801757812 4.0211844 1.566058 1.6087049 37.15288 -0.44171804 42.931004 -0.7582346200942993 0.3007659912109375
