Pedestrian 0.0 0 -0.5909385681152344 908.4974975585938 125.9947280883789 946.103271484375 181.0287628173828 0.9586097 1.8530216 0.68722713 10.818401 0.27560604 24.71495 -0.17833757400512695 0.6518593430519104
Pedestrian 0.0 0 2.475501298904419 1059.462890625 124.47493743896484 1142.91943359375 230.40426635742188 1.0516639 1.7844874 0.59506255 8.435185 0.9698508 12.486871 3.069611072540283 0.4173010289669037
Pedestrian 0.0 0 -1.7893435955047607 529.0147705078125 148.86941528320312 544.4674682617188 182.17811584472656 0.9703895 1.7488973 0.6222262 -3.9434707 0.48992693 38.440666 -1.8915718793869019 0.4134199321269989
Pedestrian 0.0 0 3.3047749996185303 416.44677734375 163.95724487304688 431.5070495605469 190.32211303710938 0.9686422 1.8620487 0.4959106 -13.238458 1.2340629 51.246986 3.0519750118255615 0.3999296724796295
Pedestrian 0.0 0 2.4043092727661133 1177.5662841796875 132.4898223876953 1242.0 242.95425415039062 0.98612255 1.8182815 0.65659297 10.310961 1.1542315 12.220036 3.1051783561706543 0.37191715836524963
Pedestrian 0.0 0 -0.4859207570552826 824.7604370117188 148.1669921875 843.4244995117188 179.47779846191406 0.8109984 1.7992177 0.6781676 12.966188 0.38098207 41.86718 -0.1855904757976532 0.35323458909988403
Pedestrian 0.0 0 -0.011803537607192993 545.4266967773438 151.81312561035156 562.015869140625 180.42840576171875 1.0572367 1.8286866 0.54042757 -3.6552954 0.48440728 46.424637 -0.09037754684686661 0.3190363943576813
Pedestrian 0.0 0 1.2819013595581055 504.55621337890625 149.0803985595703 527.7466430664062 188.7074737548828 1.4805688 1.7364101 0.6353793 -4.2659287 0.695038 32.419643 1.1510683298110962 0.10107056051492691
Cyclist 0.0 0 -1.7971664667129517 505.1617126464844 148.76025390625 527.3846435546875 186.80796813964844 1.5574201 1.6660767 0.6551438 -4.2633715 0.6113904 32.436855 -1.9278533458709717 0.3409777581691742
Cyclist 0.0 0 2.475501298904419 1059.462890625 124.47493743896484 1142.91943359375 230.40426635742188 1.0516639 1.7844874 0.59506255 8.435185 0.9698508 12.486871 3.069611072540283 0.2997308671474457
Cyclist 0.0 0 -1.7893435955047607 529.0147705078125 148.86941528320312 544.4674682617188 182.17811584472656 0.9703895 1.7488973 0.6222262 -3.9434707 0.48992693 38.440666 -1.8915718793869019 0.21198925375938416
Cyclist 0.0 0 -0.7895889282226562 1172.2525634765625 126.77831268310547 1242.0 236.0553436279297 0.9771335 1.7942832 0.670193 10.217393 1.0380974 12.223786 -0.09336044639348984 0.15793515741825104
Cyclist 0.0 0 2.188657283782959 417.09014892578125 163.63381958007812 430.8473815917969 190.40475463867188 0.9374911 1.8819736 0.49534938 -13.238741 1.2341613 51.247013 1.935852289199829 0.135953888297081
Car 0.0 0 -0.30029529333114624 792.2235107421875 165.5810546875 902.1098022460938 208.03790283203125 3.4599688 1.4860848 1.5644592 8.46093 1.2318734 26.05847 0.013656377792358398 0.9009838104248047
Car 0.0 0 -1.5812582969665527 657.3945922851562 161.19186401367188 682.8538818359375 185.39614868164062 3.7418387 1.5648209 1.6423749 3.9933987 0.8112146 48.569965 -1.4992233514785767 0.7776777148246765
Car 0.0 0 -0.2585377097129822 751.3556518554688 148.3700714111328 866.3956909179688 186.78195190429688 4.3128324 1.5426742 1.591417 8.104355 0.55972385 29.78624 0.007115364074707031 0.38605451583862305
Car 0.0 0 1.9979221820831299 550.3633422851562 159.4274139404297 590.3289184570312 180.88746643066406 3.9601269 1.6113157 1.6206608 -3.0774982 0.6035455 56.312656 1.9433262348175049 0.3766402304172516
Car 0.0 0 -2.543219804763794 505.45257568359375 158.2670440673828 568.5216674804688 183.4329833984375 3.9077985 1.6045731 1.6226069 -4.8619337 0.67487085 47.646595 -2.644909381866455 0.3287247121334076
Car 0.0 0 -2.6286826133728027 481.4700927734375 160.3687744140625 552.9534301757812 189.02186584472656 3.5700119 1.5094668 1.549716 -5.099911 0.8520936 39.3958 -2.7574198246002197 0.30568927526474
Car 0.0 0 -2.458892822265625 384.570068359375 170.7312469482422 438.7915954589844 192.66680908203125 3.578526 1.5421982 1.590935 -14.368644 1.3933144 52.17355 -2.7276318073272705 0.30221712589263916
Car 0.0 0 1.675133228302002 685.2487182617188 161.87525939941406 710.2693481445312 180.22567749023438 4.4729815 1.5583425 1.7360467 7.754811 0.62637043 63.6452 1.7963799238204956 0.2974304258823395
