Pedestrian 0.0 0 -1.8486006259918213 955.0662231445312 153.4535369873047 987.7390747070312 215.85723876953125 0.8131816 1.7205068 0.6229428 10.135115 1.1859826 20.347256 -1.3864684104919434 0.7625304460525513
Pedestrian 0.0 0 1.929945468902588 654.64892578125 162.6050262451172 679.02685546875 207.30181884765625 1.1289009 1.8662726 0.68513304 2.3900614 1.4386941 30.780748 2.0074379444122314 0.3700147271156311
Pedestrian 0.0 0 -3.184622049331665 1206.4393310546875 105.99148559570312 1242.0 202.0883331298828 0.6726619 1.8610712 0.5682588 12.302625 0.5665283 14.402026 -2.477678060531616 0.3367612361907959
Pedestrian 0.0 0 1.266111135482788 869.1700439453125 123.56172943115234 920.5057983398438 220.02841186523438 0.72118604 1.7813965 0.7217366 5.346405 0.87150127 13.705518 1.6380466222763062 0.28800255060195923
Cyclist 0.0 0 0.8026648163795471 1175.196533203125 107.2689437866211 1242.0 174.3873748779297 1.4755204 1.7430675 0.6161313 16.146576 0.04017982 19.494728 1.4943976402282715 0.4564756453037262
Cyclist 0.0 0 -2.844858169555664 1093.8800048828125 116.22859954833984 1167.646240234375 175.91505432128906 1.6874247 1.7505203 0.73410475 15.848883 0.09013435 22.052547 -2.2217001914978027 0.4027833640575409
Cyclist 0.0 0 2.0422070026397705 0.0 141.93875122070312 27.64672088623047 185.88092041015625 1.6632471 1.872729 0.5488879 -26.34939 0.5555403 31.61953 1.3474727869033813 0.3609652817249298
Cyclist 0.0 0 1.929945468902588 654.64892578125 162.6050262451172 679.02685546875 207.30181884765625 1.1289009 1.8662726 0.68513304 2.3900614 1.4386941 30.780748 2.0074379444122314 0.16150088608264923
Car 0.0 0 1.8452380895614624 332.8263244628906 186.2362060546875 530.7135620117188 331.6678466796875 3.6929846 1.4980164 1.5744991 -2.1935663 1.7125459 9.660561 1.621959924697876 0.9412317276000977
Car 0.0 0 1.6136733293533325 677.3799438476562 164.98280334472656 702.830810546875 189.9307403564453 4.0798864 1.6673731 1.594071 5.595433 1.1416662 50.35843 1.7243316173553467 0.5417712330818176
Car 0.0 0 -1.3966106176376343 313.4204406738281 147.11526489257812 363.68115234375 183.87217712402344 3.1906717 1.504986 1.507754 -11.737749 0.45148894 31.24697 -1.755946159362793 0.4675047695636749
Car 0.0 0 -2.0947089195251465 259.618408203125 161.5362548828125 321.42803955078125 188.6677703857422 4.0541863 1.6038791 1.6817044 -19.769587 0.9351885 44.52348 -2.5125837326049805 0.43495115637779236
Car 0.0 0 1.8064130544662476 387.93109130859375 173.1057891845703 417.0792541503906 189.7362060546875 4.3199625 1.4718312 1.6040812 -18.988777 1.4960278 66.11474 1.5267316102981567 0.35867175459861755
Car 0.0 0 -0.9778609871864319 530.2543334960938 161.24610900878906 582.4213256835938 186.87298583984375 4.0005417 1.7073767 1.6717538 -3.7166023 0.93436396 50.22078 -1.0517315864562988 0.3497585654258728
