Pedestrian 0.0 0 -1.067192792892456 284.1224365234375 168.79617309570312 315.59185791015625 224.59690856933594 0.9523818 1.7875136 0.5614546 -9.887732 1.3816593 23.511545 -1.4652864933013916 0.6771053671836853
Pedestrian 0.0 0 2.9423930644989014 248.3456573486328 127.1800308227539 389.1626281738281 374.0 0.7570166 1.6143334 0.5822128 -1.9151447 1.2926908 4.7212152 2.5570285320281982 0.5544263124465942
Pedestrian 0.0 0 -1.4868838787078857 0.0 158.0406951904297 22.405431747436523 216.92555236816406 1.0068359 1.8397658 0.593722 -19.01295 1.1079247 23.023493 -2.177163600921631 0.5397516489028931
Pedestrian 0.0 0 -1.6561797857284546 756.00732421875 157.82752990722656 771.0164184570312 198.17364501953125 0.666794 1.8343668 0.617314 7.437363 0.7590147 33.029224 -1.4346985816955566 0.42983683943748474
Pedestrian 0.0 0 2.4070773124694824 0.0 200.92108154296875 121.74618530273438 374.0 0.73097384 1.5229634 0.525482 -3.4116218 1.6497506 4.2324824 1.7286540269851685 0.3536425232887268
Pedestrian 0.0 0 -1.3078687191009521 633.7705688476562 162.19227600097656 656.9047241210938 211.19430541992188 0.8122384 1.7460746 0.6509843 1.5769713 1.0591422 26.08209 -1.2474803924560547 0.24181988835334778
Pedestrian 0.0 0 -1.1113388538360596 242.07415771484375 152.3205108642578 278.9429931640625 213.90139770507812 1.056747 1.8695256 0.6348751 -10.6170635 0.9847883 22.338537 -1.5550156831741333 0.21386948227882385
Pedestrian 0.0 0 1.6389377117156982 178.45797729492188 146.32888793945312 208.34886169433594 211.6959991455078 1.1044687 1.905455 0.7098955 -12.279026 0.8813486 21.588463 1.1217925548553467 0.2114659696817398
Pedestrian 0.0 0 2.2594099044799805 1122.1231689453125 79.49120330810547 1238.0 278.2971496582031 0.8640996 1.8232821 0.6081371 5.642086 0.88912034 6.9698024 2.9399194717407227 0.1863097995519638
Pedestrian 0.0 0 3.0325822830200195 581.9168701171875 123.51669311523438 622.7716064453125 212.76821899414062 0.8173295 1.8791091 0.5969046 -0.024826482 0.6595561 15.463012 3.0309767723083496 0.18263742327690125
Cyclist 0.0 0 2.880826234817505 628.4550170898438 158.52267456054688 679.1184692382812 207.91241455078125 1.7200025 1.7474446 0.6123665 1.8589426 0.935548 25.874937 2.9525463581085205 0.3956005275249481
Cyclist 0.0 0 -1.4714751243591309 651.8069458007812 146.57772827148438 666.4401245117188 188.99578857421875 1.8240012 1.7659943 0.45048654 2.4709182 0.31305456 30.84142 -1.3915289640426636 0.21790197491645813
Cyclist 0.0 0 -1.944683313369751 829.5194702148438 172.3385009765625 861.1533813476562 223.2821807861328 1.5021521 1.5522398 0.42070955 7.646688 1.2742093 22.645199 -1.619031548500061 0.1555374711751938
Cyclist 0.0 0 1.6938987970352173 171.56434631347656 150.58067321777344 203.41783142089844 215.29176330566406 1.1374954 1.881834 0.69573605 -12.4314375 0.9838178 21.546303 1.1705899238586426 0.12702633440494537
Car 0.0 0 -0.09034033119678497 347.15155029296875 196.10781860351562 639.234619140625 324.62103271484375 3.5710402 1.4556261 1.5863233 -1.4825487 1.6767471 9.606537 -0.24345941841602325 0.8717767596244812
Car 0.0 0 -1.5524208545684814 0.0 163.86024475097656 130.16741943359375 374.0 3.8251903 1.5021143 1.6577104 -4.706779 1.4273151 5.0806174 -2.2996416091918945 0.16686491668224335
Car 0.0 0 -0.8594489693641663 1020.0989990234375 145.70713806152344 1176.8873291015625 203.53663635253906 3.7577672 1.562697 1.6686633 14.253969 0.59664464 20.691856 -0.2562329173088074 0.16430862247943878
Car 0.0 0 -1.1800342798233032 247.4359130859375 154.29762268066406 304.8366394042969 193.46482849121094 4.7306304 2.4474342 1.772981 -21.305872 0.7483705 47.276855 -1.603438377380371 0.15128560364246368
