Car 0.0 0 -1.924753189086914 764.1030883789062 183.8378448486328 984.0335083007812 311.18939208984375 4.1318393 1.4572436 1.6335801 3.5555027 1.6524714 10.706432 -1.6041216850280762 0.9648681282997131
Car 0.0 0 -2.1670141220092773 893.8328247070312 186.5657196044922 1242.0 375.0 3.6700609 1.4849814 1.592008 3.649266 1.6251872 5.5123115 -1.582234501838684 0.9612855911254883
Car 0.0 0 2.0406696796417236 137.6010284423828 187.5362548828125 388.62518310546875 322.7852783203125 3.9515254 1.5193003 1.638585 -4.7889214 1.7752554 10.548548 1.6145037412643433 0.9572713375091553
Car 0.0 0 1.8644635677337646 317.6511535644531 187.45114135742188 454.56829833984375 268.23431396484375 4.436751 1.4451435 1.6412016 -4.7827945 1.8126851 15.927202 1.572739839553833 0.9521036148071289
Car 0.0 0 1.742899775505066 485.4525146484375 180.74879455566406 534.1552734375 218.16636657714844 3.3665595 1.5242039 1.5748872 -4.4036064 1.8914589 31.819963 1.605381965637207 0.9419885873794556
Car 0.0 0 -1.8055598735809326 722.2012329101562 182.65957641601562 840.9378051757812 262.3656311035156 3.8544254 1.4838657 1.6417722 3.560558 1.725935 15.845131 -1.5845215320587158 0.9372278451919556
Car 0.0 0 -1.7072954177856445 708.6864624023438 180.83380126953125 782.697998046875 237.52879333496094 3.807555 1.4903413 1.6337591 3.8876626 1.7493389 21.44658 -1.527970790863037 0.931837260723114
Car 0.0 0 -1.70806884765625 691.7757568359375 181.69802856445312 751.861083984375 225.53558349609375 4.0025806 1.4635941 1.6629775 4.043514 1.8184705 26.909523 -1.558921456336975 0.8875870108604431
Car 0.0 0 2.250965118408203 0.0 204.5099334716797 195.29360961914062 375.0 3.7195935 1.4978255 1.5678246 -4.6497464 1.7996038 4.9552712 1.4973652362823486 0.872922420501709
Car 0.0 0 1.720019817352295 505.1998596191406 179.30386352539062 549.3721923828125 211.8417205810547 4.0243297 1.5121759 1.6327409 -4.1476226 1.8559892 36.379066 1.6064987182617188 0.8192420601844788
