Pedestrian 0.0 0 0.579020082950592 408.0250549316406 163.56906127929688 451.7471923828125 241.99234008789062 0.72212666 1.7651776 0.6892649 -4.2081194 1.5565473 16.681347 0.3319108486175537 0.5476673245429993
Pedestrian 0.0 0 1.6142802238464355 913.3773803710938 129.9887237548828 938.6756591796875 192.58651733398438 0.9249269 1.8216363 0.6544473 9.399579 0.5745871 21.553661 2.0255160331726074 0.5002162456512451
Car 0.0 0 -1.3317978382110596 286.07366943359375 184.06398010253906 504.01971435546875 349.99310302734375 4.3037624 1.6122004 1.6742038 -2.5489047 1.7935005 9.472472 -1.594657063484192 0.9484605193138123
Car 0.0 0 -1.8393903970718384 707.0818481445312 187.3043212890625 862.5525512695312 291.7513122558594 3.6958382 1.4061127 1.5502877 2.689291 1.6869317 12.116842 -1.6209841966629028 0.9474796652793884
Car 0.0 0 -1.903326392173767 754.235107421875 177.25038146972656 1119.5953369140625 375.0 3.8448298 1.6219059 1.6880848 2.4611025 1.6745462 6.636937 -1.548226237297058 0.9443891048431396
Car 0.0 0 -1.3691978454589844 417.18792724609375 186.00685119628906 543.4042358398438 278.7159729003906 4.1794233 1.5139227 1.6630903 -2.4769027 1.8171338 14.495623 -1.5384358167648315 0.9396193027496338
Car 0.0 0 -1.720623254776001 664.2664184570312 181.39793395996094 720.1177368164062 223.2511444091797 3.9352365 1.4547814 1.5577408 3.059696 1.8090837 27.890425 -1.6113560199737549 0.9347304105758667
Car 0.0 0 -1.6224887371063232 558.535400390625 180.52841186523438 590.9562377929688 208.68650817871094 4.059005 1.503184 1.6572975 -2.1185966 1.9701734 41.765812 -1.6731709241867065 0.8822851777076721
Car 0.0 0 -1.765954852104187 650.2429809570312 177.3527069091797 693.7804565429688 209.0316925048828 4.082972 1.657966 1.6630048 3.3860497 1.9239808 40.483963 -1.6825097799301147 0.8332211971282959
Car 0.0 0 1.4640265703201294 672.0463256835938 162.14112854003906 696.080810546875 181.53257751464844 4.4540935 1.7142024 1.7163181 6.7197323 0.7675426 66.01269 1.5654716491699219 0.6515350937843323
