Pedestrian 0.0 0 -1.2528414726257324 727.268310546875 140.24436950683594 752.0717163085938 193.7818603515625 0.55575544 1.8251868 0.7085984 4.4515805 0.7138253 25.008396 -1.0766830444335938 0.6128737926483154
Pedestrian 0.0 0 -3.2135205268859863 724.6839599609375 154.98648071289062 738.95458984375 186.02847290039062 0.7654077 1.7608606 0.5577157 6.925415 0.74768126 41.24028 -3.0471444129943848 0.521384060382843
Pedestrian 0.0 0 -2.6477837562561035 404.16937255859375 135.61892700195312 438.55902099609375 191.28492736816406 0.9219753 1.8659956 0.68421245 -6.4779654 0.6181862 24.624746 -2.9050228595733643 0.470366895198822
Pedestrian 0.0 0 0.17263519763946533 300.4842224121094 146.45220947265625 336.7535095214844 217.75851440429688 0.76903415 1.7984328 0.64266825 -7.5472064 1.132905 18.590683 -0.21300464868545532 0.38999325037002563
Car 0.0 0 -1.7197532653808594 678.119384765625 180.71713256835938 749.7647094726562 234.41038513183594 3.7888985 1.4212015 1.549151 2.9655528 1.6772587 21.556965 -1.5830432176589966 0.948009192943573
Car 0.0 0 1.7207027673721313 406.1423645019531 175.2122344970703 510.1759033203125 256.8840026855469 3.6825511 1.5139904 1.6204618 -3.1483188 1.5707151 15.362455 1.5185656547546387 0.9276845455169678
Car 0.0 0 1.6929166316986084 525.9105834960938 170.8089599609375 565.909912109375 204.8329315185547 3.743654 1.6171523 1.5549713 -3.201301 1.5203099 36.188892 1.6046854257583618 0.8891076445579529
Car 0.0 0 1.6773476600646973 496.0889892578125 176.09454345703125 546.87451171875 214.20948791503906 4.127024 1.3526533 1.5265794 -3.4088829 1.4882305 28.030811 1.5563299655914307 0.8651020526885986
Car 0.0 0 1.4349207878112793 646.4961547851562 175.1321258544922 690.1349487304688 208.07943725585938 4.0650573 1.5662663 1.6625814 2.86597 1.6889464 36.66254 1.5129337310791016 0.8447898626327515
Car 0.0 0 -2.3933379650115967 915.9201049804688 197.83935546875 1242.0 375.0 3.8737192 1.4913207 1.5848999 3.004299 1.6704152 3.174819 -1.6355290412902832 0.8101493716239929
Car 0.0 0 1.9302301406860352 506.8650817871094 162.57830810546875 542.9732055664062 181.55760192871094 4.056568 1.4959824 1.6111354 -6.940562 0.6863918 59.03248 1.8131954669952393 0.4832031726837158
Car 0.0 0 1.4654723405838013 564.499755859375 167.24920654296875 587.9964599609375 185.22161865234375 4.1665006 1.535069 1.6412114 -3.0373557 1.0567076 63.809532 1.417907953262329 0.3981839418411255
Car 0.0 0 1.8191438913345337 489.6487731933594 159.3856658935547 528.2801513671875 182.79437255859375 4.475037 1.5826008 1.6607178 -7.126453 0.67239964 51.093533 1.6805593967437744 0.39670485258102417
