Pedestrian 0.0 0 -0.3234783411026001 1091.6597900390625 193.56668090820312 1135.822265625 258.1228942871094 0.87258875 1.818525 0.72413766 14.667369 2.4379814 21.094048 0.28410792350769043 0.12272923439741135
Pedestrian 0.0 0 -2.140036106109619 285.22515869140625 189.03982543945312 306.7110595703125 227.64297485351562 0.54468316 1.7018696 0.7092922 -14.239347 2.4442136 32.62757 -2.5515403747558594 0.11963042616844177
Pedestrian 0.0 0 1.1176555156707764 7.36128568649292 115.10980224609375 87.08151245117188 259.1964416503906 0.4731798 1.7707305 0.6677033 -7.2743435 1.06145 9.268154 0.4522054195404053 0.11253988742828369
Pedestrian 0.0 0 -3.067934513092041 800.012451171875 142.1279296875 814.9034423828125 186.02296447753906 0.59785545 1.9428655 0.66006136 8.814313 0.5832373 32.34446 -2.8018810749053955 0.10388682782649994
Pedestrian 0.0 0 -3.141709089279175 691.5066528320312 179.8168487548828 711.501708984375 223.61911010742188 0.7227859 1.5879624 0.48325595 3.3200245 1.8471109 26.530235 -3.0172150135040283 0.10344095528125763
Pedestrian 0.0 0 -2.162541627883911 1008.3029174804688 153.72177124023438 1051.75634765625 221.8886260986328 0.91181314 1.8165935 0.6211516 11.4094515 1.3070928 19.7013 -1.6376152038574219 0.10293491929769516
Cyclist 0.0 0 -1.7082973718643188 693.2463989257812 179.4658203125 710.1527099609375 224.22552490234375 1.2929183 1.5923812 0.44006425 3.318016 1.8416187 26.507898 -1.583774209022522 0.26806944608688354
Car 0.0 0 2.0760226249694824 380.18170166015625 191.82467651367188 425.3704833984375 215.36854553222656 3.7540767 1.5842811 1.6258816 -15.428266 3.0521832 53.802917 1.7967607975006104 0.18416380882263184
Car 0.0 0 -1.2894468307495117 525.6983032226562 170.51573181152344 575.315185546875 200.02154541015625 3.5795884 1.4387975 1.6125401 -3.0412748 1.3251337 37.09583 -1.3712481260299683 0.13992580771446228
Car 0.0 0 -1.269461989402771 271.6634521484375 187.00381469726562 331.01373291015625 220.1016387939453 3.5296643 1.4026331 1.5939056 -14.501735 2.1054788 33.982227 -1.6728094816207886 0.10405733436346054
