Pedestrian 0.0 0 -1.5846495628356934 700.84619140625 167.63719177246094 713.1098022460938 205.62503051757812 0.9965443 1.7120341 0.5409666 4.3972507 1.4772805 33.042217 -1.4523471593856812 0.35775691270828247
Pedestrian 0.0 0 -0.5703988671302795 1114.577392578125 170.5875244140625 1175.53857421875 266.01708984375 0.6765463 1.6557647 0.5552872 9.440588 1.6167977 12.815277 0.06451416015625 0.12299565970897675
Cyclist 0.0 0 2.1796181201934814 37.126617431640625 199.38734436035156 82.81732940673828 246.74571228027344 1.6067109 1.6830705 0.561652 -20.8817 2.719883 27.367538 1.52784264087677 0.6390517950057983
Cyclist 0.0 0 -1.5833684206008911 700.0784301757812 166.5447998046875 712.9138793945312 204.4694366455078 1.0563465 1.7126521 0.569079 4.3877864 1.4280905 33.139656 -1.4517312049865723 0.24932436645030975
Cyclist 0.0 0 2.2130606174468994 298.5619812011719 189.42227172851562 320.31182861328125 216.40249633789062 1.5938174 1.7819061 0.52996504 -20.646961 2.9385977 49.517296 1.8180155754089355 0.12799212336540222
Car 0.0 0 2.2197961807250977 0.0 205.35830688476562 26.636680603027344 283.66094970703125 4.0983477 1.5030361 1.6454538 -16.708256 2.398261 17.73665 1.4642454385757446 0.4527839720249176
Car 0.0 0 2.985867738723755 673.707763671875 185.1454315185547 773.1956787109375 225.25189208984375 3.598975 1.4807048 1.5492733 4.2906103 1.9695839 27.89442 3.1384875774383545 0.27314236760139465
Car 0.0 0 1.93585205078125 432.69952392578125 189.37094116210938 468.0368957519531 209.7311248779297 3.8710587 1.5357351 1.5805163 -13.198301 2.9503326 59.747204 1.718441128730774 0.16309979557991028
Car 0.0 0 0.9297087788581848 5.557850360870361 194.95408630371094 94.18334197998047 227.9318084716797 3.5843217 1.5018522 1.6653839 -27.851404 2.639576 35.85129 0.2692382335662842 0.13882268965244293
Car 0.0 0 1.4814354181289673 647.4607543945312 179.6829376220703 673.8048706054688 202.68138122558594 3.9393966 1.618165 1.6124395 3.722059 2.1477556 53.92954 1.5503432750701904 0.12460196763277054
Car 0.0 0 1.530824899673462 658.6566162109375 185.46243286132812 690.0130004882812 217.81716918945312 3.6323788 1.6567321 1.589128 3.5125391 2.392636 40.238453 1.6178972721099854 0.10833077877759933
