Pedestrian 0.0 0 -1.780574917793274 838.849853515625 143.3412322998047 863.1748046875 195.9658660888672 0.8520088 1.8257222 0.6501672 8.462918 0.80218476 25.489109 -1.4600059986114502 0.6979898810386658
Pedestrian 0.0 0 -1.8877453804016113 818.1724853515625 134.0947723388672 850.8980712890625 201.1232452392578 0.8311724 1.8655803 0.65984297 6.3239236 0.7871662 20.500937 -1.5885361433029175 0.6381688117980957
Cyclist 0.0 0 -0.4771685004234314 986.8961181640625 129.98757934570312 1035.1943359375 174.91012573242188 1.6232861 1.831109 0.6511683 16.487722 0.08416903 29.757006 0.02880072593688965 0.579673707485199
Cyclist 0.0 0 -2.5259900093078613 862.5556640625 131.67938232421875 914.1024780273438 181.83395385742188 1.8848127 1.8847854 0.5703327 10.7578125 0.33782023 28.054327 -2.1598198413848877 0.5352802276611328
Car 0.0 0 -1.8461456298828125 722.5860595703125 187.61338806152344 895.3911743164062 307.9351806640625 3.77991 1.5221289 1.6173279 2.8978074 1.7970324 11.506548 -1.5994360446929932 0.9722175598144531
Car 0.0 0 1.4202380180358887 688.7545166015625 187.34255981445312 791.2952270507812 262.0791015625 4.1976037 1.4359455 1.6911787 2.8267612 1.8159515 16.79168 1.587017297744751 0.9555702209472656
Car 0.0 0 1.90640127658844 309.8345031738281 185.8603515625 512.9404907226562 303.4075927734375 4.5090213 1.403175 1.6386927 -2.8968277 1.6515881 11.440758 1.6584107875823975 0.9409404397010803
Car 0.0 0 1.4339680671691895 663.9161376953125 181.6974334716797 713.8408203125 219.19134521484375 3.8709044 1.4482205 1.5873959 3.2548354 1.8495189 30.7507 1.5394213199615479 0.9158716797828674
Car 0.0 0 1.7527358531951904 430.96697998046875 179.0549774169922 524.075439453125 248.9457244873047 3.6754863 1.4836735 1.5696 -3.141129 1.6501195 17.482065 1.5749555826187134 0.8591784834861755
Car 0.0 0 1.6661180257797241 502.81884765625 177.4481658935547 553.2276611328125 222.29234313964844 3.415014 1.5038928 1.505516 -2.9683669 1.6824703 26.267382 1.5535895824432373 0.7826316952705383
Car 0.0 0 1.0533289909362793 840.5355834960938 187.81910705566406 1242.0 375.0 3.9358609 1.4723947 1.6317408 2.86206 1.6124483 4.7446833 1.5961084365844727 0.7456464171409607
Car 0.0 0 -1.6297893524169922 651.529296875 177.2693328857422 677.157470703125 200.61154174804688 3.6978638 1.5665065 1.5840381 3.778407 1.8902577 50.984447 -1.555815577507019 0.7204136848449707
