Pedestrian 0.0 0 1.966536283493042 116.89707946777344 158.6020050048828 137.91348266601562 194.68475341796875 0.7563501 1.7538244 0.6140494 -23.513968 0.69089854 34.792896 1.3722188472747803 0.6369590759277344
Pedestrian 0.0 0 -0.5419468879699707 787.6547241210938 160.9881591796875 807.536865234375 194.3463897705078 0.8785612 1.7664918 0.52927333 10.287714 0.7346485 37.811382 -0.27629753947257996 0.6033399105072021
Pedestrian 0.0 0 1.8577179908752441 0.0 146.92083740234375 32.073299407958984 208.51858520507812 0.48992768 1.7999119 0.6452633 -17.54465 0.82028174 21.008335 1.161921501159668 0.5718032121658325
Pedestrian 0.0 0 -3.075165033340454 773.9645385742188 154.65927124023438 795.5399169921875 186.3061065673828 1.1601748 1.794895 0.65061283 10.313506 0.33068758 40.585472 -2.8263142108917236 0.5156935453414917
Pedestrian 0.0 0 -1.759943962097168 1020.6271362304688 137.5673065185547 1040.598876953125 179.5103302001953 0.7108874 1.9438889 0.68168837 19.986305 -0.045714438 33.236534 -1.2185430526733398 0.46191227436065674
Pedestrian 0.0 0 -2.892557382583618 724.8787231445312 157.3061065673828 737.165771484375 179.6631317138672 0.842505 1.7531409 0.5685463 9.977998 -0.065452315 55.904247 -2.7159335613250732 0.4313814043998718
Pedestrian 0.0 0 -0.07131445407867432 998.27978515625 106.46127319335938 1062.1629638671875 237.768798828125 0.7259695 1.751571 0.44159 5.82486 0.76560664 9.786919 0.4655444622039795 0.4294429421424866
Pedestrian 0.0 0 -1.7308839559555054 976.3751220703125 119.69132232666016 1009.4984130859375 190.37318420410156 0.8726 1.8272085 0.63844514 10.264527 0.25682256 18.79083 -1.2309229373931885 0.38257092237472534
Pedestrian 0.0 0 -1.6038689613342285 989.2314453125 139.32411193847656 1007.8646850585938 180.63877868652344 0.44811684 1.9469149 0.76038927 18.731592 0.007988989 33.687046 -1.0963947772979736 0.36523348093032837
Pedestrian 0.0 0 1.9313241243362427 247.77719116210938 155.3647918701172 267.923828125 189.9507598876953 0.8855816 1.8072354 0.69026625 -18.3775 0.49524918 37.41462 1.4747533798217773 0.31254899501800537
Cyclist 0.0 0 1.3117822408676147 878.9307250976562 151.55625915527344 901.9890747070312 188.2949981689453 2.0005846 1.6913973 0.51624626 13.5222435 0.36032605 33.57105 1.6946955919265747 0.4874957203865051
Cyclist 0.0 0 -3.1059141159057617 773.845947265625 154.43992614746094 795.1590576171875 185.97406005859375 1.1639317 1.7887725 0.63772523 10.2958145 0.31190133 40.57162 -2.857391357421875 0.4103769063949585
Cyclist 0.0 0 1.0162091255187988 107.48139953613281 164.24969482421875 128.59922790527344 187.5099639892578 1.8181664 1.8423429 0.51132387 -38.971474 0.5564657 56.59645 0.41318535804748535 0.3253275156021118
Cyclist 0.0 0 -1.7957055568695068 978.8688354492188 119.59258270263672 1017.0029907226562 191.61253356933594 1.0416304 1.8383341 0.6599426 10.306495 0.28524256 18.634474 -1.2904949188232422 0.10931088030338287
Car 0.0 0 -0.8065488338470459 0.0 219.37525939941406 292.0496520996094 370.0 3.8921185 1.4374098 1.5660518 -3.152326 1.7269611 3.2834866 -1.5715700387954712 0.7749302983283997
Car 0.0 0 1.5773710012435913 449.2643127441406 175.19252014160156 473.31451416015625 197.4733428955078 3.878779 1.5012167 1.5935028 -10.082881 1.1449292 49.690357 1.3771748542785645 0.47032371163368225
Car 0.0 0 -1.8320906162261963 711.2709350585938 161.4112548828125 744.0375366210938 181.43113708496094 4.048701 1.5761521 1.6402266 9.988596 0.07454811 57.750458 -1.6608237028121948 0.41206076741218567
Car 0.0 0 1.7132149934768677 85.88121795654297 180.7276611328125 124.00059509277344 203.09878540039062 4.0815706 1.4638675 1.5723094 -34.229145 1.4814658 48.47916 1.0984342098236084 0.31927838921546936
Car 0.0 0 -1.6485720872879028 945.5074462890625 150.43838500976562 985.24462890625 182.885986328125 3.8924654 1.645536 1.59294 19.277567 0.12242752 37.954952 -1.1786192655563354 0.30762794613838196
Car 0.0 0 -1.6193110942840576 696.6163940429688 161.47166442871094 715.0503540039062 178.1200408935547 4.0408278 1.5739375 1.5952967 9.918212 -0.23996359 69.5233 -1.477607011795044 0.29632070660591125
