Pedestrian 0.0 0 0.591601550579071 134.69552612304688 164.38839721679688 154.45448303222656 192.832275390625 1.0336565 1.9161329 0.47776207 -31.540571 1.3462021 48.852222 0.01830291748046875 0.4995487332344055
Pedestrian 0.0 0 -2.337238311767578 2.853114128112793 163.70028686523438 27.29937744140625 198.32522583007812 0.75857174 1.7815515 0.63003194 -30.93661 1.310925 37.47863 -3.027304172515869 0.27658551931381226
Pedestrian 0.0 0 1.3300036191940308 824.86962890625 124.30827331542969 871.6155395507812 222.9412078857422 0.50356454 1.7882012 0.7209684 4.3503337 0.90843195 13.356405 1.64487886428833 0.2516181468963623
Pedestrian 0.0 0 -2.0914454460144043 1043.2652587890625 125.4518814086914 1085.4332275390625 186.78082275390625 1.0457659 1.8041518 0.6388852 13.640596 0.4100517 21.75822 -1.5314688682556152 0.24722525477409363
Pedestrian 0.0 0 2.270937442779541 954.5115966796875 142.19815063476562 997.0446166992188 181.71336364746094 1.8806585 1.7506486 0.6607081 16.507862 0.39285615 32.635838 2.739230155944824 0.14397349953651428
Cyclist 0.0 0 1.19698965549469 990.0089111328125 131.74008178710938 1021.525146484375 178.39358520507812 1.4714693 1.7788883 0.58329374 15.451678 0.21158168 28.275936 1.6971112489700317 0.5237326622009277
Cyclist 0.0 0 -2.534359931945801 1166.8214111328125 109.9417495727539 1242.0 192.61717224121094 1.851608 1.8823211 0.50179476 14.494023 0.4503181 17.384129 -1.8393754959106445 0.4185192883014679
Cyclist 0.0 0 2.270937442779541 954.5115966796875 142.19815063476562 997.0446166992188 181.71336364746094 1.8806585 1.7506486 0.6607081 16.507862 0.39285615 32.635838 2.739230155944824 0.4181765019893646
Cyclist 0.0 0 0.9353204965591431 975.959228515625 141.27932739257812 1007.3956909179688 177.30078125 1.5913382 1.7858771 0.57559776 19.308084 0.22082102 36.599503 1.4207648038864136 0.3504014015197754
Cyclist 0.0 0 0.9983483552932739 943.3632202148438 150.78842163085938 977.701171875 188.39120483398438 1.6662352 1.7239003 0.6521762 16.433262 0.7126615 33.942673 1.4492337703704834 0.254616916179657
Cyclist 0.0 0 2.2001442909240723 135.47146606445312 164.4368438720703 153.08677673339844 193.14898681640625 1.0257016 1.9220247 0.4929246 -31.539219 1.3589283 48.82362 1.6265983581542969 0.151813805103302
Car 0.0 0 1.9612400531768799 318.4748840332031 186.66619873046875 377.7043762207031 217.2737579345703 4.502241 1.6602166 1.7742561 -15.728845 2.536874 43.48694 1.6141880750656128 0.8888665437698364
Car 0.0 0 3.4337387084960938 147.12538146972656 159.577392578125 228.77633666992188 185.595703125 4.10943 1.5832216 1.6692429 -26.397081 0.775694 45.195786 2.9051218032836914 0.4105018079280853
Car 0.0 0 0.9013524651527405 946.6918334960938 154.68072509765625 1041.59130859375 189.56503295898438 4.05453 1.4961481 1.6780523 17.45759 0.71707505 33.08973 1.3868224620819092 0.36426272988319397
Car 0.0 0 -1.711121678352356 669.8935546875 161.610595703125 732.787841796875 210.14035034179688 3.757036 1.5590099 1.6394757 3.0483685 1.1981753 25.070541 -1.5901240110397339 0.36290937662124634
Car 0.0 0 -1.0052889585494995 921.5064086914062 153.13241577148438 984.1770629882812 179.71165466308594 3.902937 1.5740172 1.6563443 21.112164 0.40646687 44.467278 -0.5620203614234924 0.3215689957141876
