Pedestrian 0.0 0 3.575167655944824 116.80006408691406 156.69691467285156 138.4134063720703 192.950927734375 0.65994185 1.7655838 0.676444 -23.519592 0.60780287 34.815212 2.981036901473999 0.6404640674591064
Pedestrian 0.0 0 0.9529635906219482 0.0 129.71578979492188 36.41490173339844 192.46701049804688 0.71952724 1.8255057 0.6787258 -17.535759 0.34970203 20.983522 0.2568349838256836 0.5683264136314392
Pedestrian 0.0 0 -2.94800066947937 774.103271484375 156.53091430664062 795.8509521484375 187.26991271972656 1.109107 1.7419823 0.6328503 10.325593 0.38503814 40.587067 -2.6988794803619385 0.5353171825408936
Pedestrian 0.0 0 1.4127064943313599 1021.7760620117188 142.69650268554688 1040.524169921875 182.9521942138672 0.80058527 1.8630773 0.6347386 19.994223 0.11494452 33.208046 1.9546611309051514 0.5173312425613403
Pedestrian 0.0 0 2.302403211593628 788.5955810546875 161.07020568847656 806.177001953125 194.99122619628906 0.7235208 1.7926147 0.56920105 10.273565 0.7672254 37.795628 2.567809581756592 0.5001076459884644
Pedestrian 0.0 0 3.1811583042144775 508.2703857421875 158.81439208984375 521.2444458007812 180.83035278320312 1.0909857 1.8854451 0.44093293 -7.7414446 0.029486418 60.813694 3.05454158782959 0.4896029233932495
Pedestrian 0.0 0 -1.5343343019485474 989.4198608398438 141.60215759277344 1007.17041015625 181.81509399414062 0.5168662 1.8916233 0.72050357 18.71108 0.063311964 33.66228 -1.0270130634307861 0.41401490569114685
Pedestrian 0.0 0 -1.5771714448928833 971.8125 122.11569213867188 1001.7501220703125 191.5280303955078 0.95395577 1.7927239 0.68599176 10.1303005 0.2864117 18.83814 -1.0837781429290771 0.352333128452301
Pedestrian 0.0 0 -0.14695709943771362 999.13720703125 109.24857330322266 1062.61083984375 239.1421661376953 0.69626474 1.7378578 0.42170632 5.832647 0.78625035 9.782241 0.3906993865966797 0.3419156074523926
Pedestrian 0.0 0 3.613069772720337 104.71460723876953 88.29080200195312 215.46656799316406 231.40142822265625 1.1612359 1.920413 0.5955126 -6.2106547 0.6847217 9.832742 3.0497169494628906 0.33616235852241516
Pedestrian 0.0 0 1.4584299325942993 704.565185546875 159.4612579345703 712.0859985351562 177.79864501953125 0.88363296 1.7441323 0.61793613 9.938448 -0.2597754 67.830185 1.6039142608642578 0.31039533019065857
Pedestrian 0.0 0 3.1280393600463867 0.0 161.47605895996094 27.45534896850586 193.544189453125 1.6010631 1.8589895 0.69147974 -35.173557 0.7575493 41.767986 2.4281392097473145 0.23054833710193634
Cyclist 0.0 0 1.3417476415634155 879.6629638671875 149.6632080078125 901.9636840820312 185.61868286132812 1.8965259 1.6530094 0.5594828 13.503657 0.23678231 33.480747 1.7251180410385132 0.4939017593860626
Cyclist 0.0 0 3.063748598098755 0.0 162.9300994873047 29.36631202697754 193.27618408203125 1.6516299 1.7600918 0.6662473 -35.157906 0.7424037 41.820816 2.3646905422210693 0.4432392120361328
Cyclist 0.0 0 -3.01668643951416 774.4767456054688 156.56027221679688 795.34033203125 187.08201599121094 1.0932089 1.7307456 0.60956013 10.318268 0.37462112 40.571877 -2.7676453590393066 0.36200785636901855
Cyclist 0.0 0 3.682182550430298 87.62535095214844 91.10043334960938 228.2562713623047 226.0341033935547 1.5752268 1.819864 0.59463584 -6.2459044 0.6157943 9.847691 3.1169586181640625 0.32200172543525696
Car 0.0 0 0.6817052364349365 567.9686279296875 171.2775115966797 673.0053100585938 212.32298278808594 3.845455 1.4503121 1.5762771 0.51460236 1.1259686 26.820414 0.7008898258209229 0.8758836984634399
Car 0.0 0 -0.7984822392463684 0.0 214.37229919433594 298.44927978515625 370.0 3.8761418 1.4564141 1.5493224 -3.1577399 1.71297 3.362702 -1.5524569749832153 0.8251307010650635
Car 0.0 0 -1.5478986501693726 716.5753784179688 160.59666442871094 737.7130126953125 180.06863403320312 3.8828638 1.5289003 1.6122137 10.003121 -0.035238236 57.664497 -1.3761368989944458 0.47249892354011536
Car 0.0 0 1.526650071144104 967.3070678710938 146.09280395507812 1007.25634765625 178.71688842773438 4.185435 1.6167995 1.6711887 20.218775 -0.09893885 37.529747 2.0208072662353516 0.3991553485393524
Car 0.0 0 -0.8264013528823853 867.4298706054688 149.5391387939453 930.3268432617188 173.1905975341797 4.0513654 1.5196946 1.6289533 19.9581 -0.51135635 47.996456 -0.4323280453681946 0.38309141993522644
Car 0.0 0 -1.8274084329605103 693.253173828125 161.36146545410156 719.8883056640625 177.8945770263672 3.9650996 1.5651237 1.6393188 9.999967 -0.2631605 69.643326 -1.6847949028015137 0.31663188338279724
