Pedestrian 0.0 0 -1.7664064168930054 771.0449829101562 152.04905700683594 800.6260986328125 225.41412353515625 0.9578175 1.8147041 0.55168563 4.4099803 1.3004463 18.334345 -1.5303592681884766 0.6030754446983337
Pedestrian 0.0 0 2.8648223876953125 786.2932739257812 119.25477600097656 851.5208129882812 249.47218322753906 0.73421884 1.6853302 0.44814467 2.7046356 0.99198353 9.560173 3.140524387359619 0.44267117977142334
Pedestrian 0.0 0 -2.5872013568878174 667.7723388671875 168.2530975341797 681.66748046875 196.11529541015625 0.68697554 1.8140866 0.6189995 4.224076 1.5148834 47.429688 -2.49837589263916 0.26718762516975403
Cyclist 0.0 0 1.9138731956481934 289.3030090332031 166.37525939941406 393.4346618652344 333.5559387207031 1.8329816 1.7929282 0.58806896 -3.2116327 1.7238048 8.655399 1.5585652589797974 0.8815866112709045
Car 0.0 0 1.819267988204956 459.37274169921875 181.9059600830078 527.5283203125 224.7254180908203 4.144646 1.5076045 1.6812798 -4.543805 1.8916985 28.44557 1.6608693599700928 0.9373573660850525
Car 0.0 0 2.0472168922424316 56.167266845703125 189.6959991455078 364.5269775390625 334.2786865234375 4.57675 1.44297 1.7377046 -5.119477 1.7308803 10.0244055 1.5750449895858765 0.9275270104408264
Car 0.0 0 -1.485405683517456 667.6524658203125 174.33212280273438 714.1696166992188 213.26649475097656 3.70665 1.5242283 1.6364889 3.4182947 1.5908637 30.37249 -1.3733315467834473 0.8491819500923157
Car 0.0 0 1.6868890523910522 713.8804931640625 167.9770965576172 752.4421997070312 200.47964477539062 4.041382 1.7074554 1.6553911 6.850988 1.4516153 40.073776 1.856211543083191 0.3137773871421814
Car 0.0 0 -1.430947184562683 755.04638671875 171.65370178222656 803.0494995117188 206.54360961914062 3.6650383 1.505146 1.6524314 7.7702646 1.4537238 33.1316 -1.2005832195281982 0.3013458251953125
Car 0.0 0 1.7350026369094849 655.7521362304688 163.84083557128906 691.8773803710938 193.3788604736328 4.4178977 1.9205047 1.7595953 4.3760037 1.3348441 49.26899 1.8235888481140137 0.2800571024417877
Car 0.0 0 -1.5050488710403442 636.8455810546875 173.56890869140625 655.4019775390625 189.9744873046875 3.4711866 1.5147876 1.5389644 3.4371862 1.5849044 68.590355 -1.4549789428710938 0.2430458813905716
