Car 0.0 0 -1.8776248693466187 727.5369873046875 190.03248596191406 957.4365844726562 341.65130615234375 4.136476 1.498446 1.64475 2.7454982 1.7795116 9.695024 -1.6016639471054077 0.9709320068359375
Car 0.0 0 -1.7733349800109863 665.0724487304688 191.1634979248047 748.8865356445312 253.75306701660156 3.6945076 1.4941807 1.5933913 2.5695517 2.0564404 20.237997 -1.647044062614441 0.9634678363800049
Car 0.0 0 -1.278370976448059 252.76304626464844 200.07357788085938 474.52545166015625 349.7842712402344 4.2212615 1.4449778 1.633541 -3.0928879 1.8970939 9.852402 -1.5825510025024414 0.9580404758453369
Car 0.0 0 -1.4798088073730469 485.0603942871094 193.5225067138672 548.6213989257812 248.2383270263672 3.8614848 1.4499986 1.6227039 -2.8724687 2.1526668 22.556435 -1.6064729690551758 0.9577652215957642
Car 0.0 0 -1.7875794172286987 693.268310546875 194.6464385986328 813.389404296875 278.64373779296875 3.8532307 1.4055376 1.6172819 2.7789483 1.9191318 15.037251 -1.6048369407653809 0.9521684646606445
Car 0.0 0 -1.7209765911102295 657.7230834960938 175.46340942382812 722.4968872070312 230.76205444335938 3.9024138 1.7415825 1.6350117 2.6337895 1.839163 24.894712 -1.6155714988708496 0.9321945309638977
Car 0.0 0 -1.6563410758972168 635.9588623046875 187.10882568359375 666.84130859375 213.9326629638672 3.6995325 1.4640007 1.5290833 2.4085796 2.3556263 43.23883 -1.6006945371627808 0.9103842973709106
Car 0.0 0 2.0366311073303223 0.0 212.58351135253906 369.5478515625 375.0 3.4996314 1.4509348 1.5040154 -2.7522001 1.7975754 4.4787316 1.4856148958206177 0.857207715511322
Car 0.0 0 1.5664868354797363 527.8344116210938 186.39993286132812 565.9844360351562 224.03953552246094 4.1997647 1.5517887 1.6531985 -2.9779553 2.2212906 33.47226 1.4777525663375854 0.8512553572654724
Car 0.0 0 1.6826996803283691 559.6611938476562 184.6408233642578 585.4439086914062 205.20529174804688 4.050696 1.5872654 1.7061154 -3.1092153 2.6039371 60.13849 1.6310447454452515 0.6762818098068237
