Pedestrian 0.0 0 1.0724955797195435 452.578857421875 128.69053649902344 508.57806396484375 224.18699645996094 0.9777919 1.8489819 0.7336677 -2.6721494 0.9942561 14.578335 0.891211986541748 0.6215488314628601
Pedestrian 0.0 0 -0.6841273307800293 861.6419677734375 136.9319610595703 885.8678588867188 178.11270141601562 0.77600926 1.8909798 0.7245426 12.240112 0.2418321 33.5992 -0.3347723186016083 0.3808893859386444
Pedestrian 0.0 0 0.9437028169631958 1030.26318359375 101.9988021850586 1096.805419921875 225.77032470703125 0.6494696 1.7535037 0.54660714 6.5735884 0.7500373 10.562625 1.5003900527954102 0.2998179793357849
Pedestrian 0.0 0 3.3005406856536865 234.1580352783203 86.9215316772461 353.1346740722656 311.6564025878906 0.83891433 1.783782 0.6415144 -2.7155194 1.1020706 6.1412587 2.884212017059326 0.288952499628067
Car 0.0 0 -1.9341140985488892 820.0726318359375 175.84591674804688 1110.2691650390625 340.8332214355469 4.326397 1.5345224 1.6596724 3.9291625 1.5812925 8.989073 -1.522035837173462 0.9592813849449158
Car 0.0 0 -1.74490487575531 787.1055297851562 156.07383728027344 924.2323608398438 259.8906555175781 4.4840693 1.718989 1.7469434 4.591065 1.4415025 14.284648 -1.4339338541030884 0.9411013126373291
Car 0.0 0 -2.24857759475708 975.587646484375 187.42373657226562 1242.0 375.0 3.9206107 1.4022771 1.5854307 3.403508 1.5155717 3.5705187 -1.4871224164962769 0.8313007950782776
Car 0.0 0 -1.656311273574829 781.3634643554688 165.66217041015625 841.0618896484375 211.15118408203125 3.8334136 1.4412538 1.6426518 6.8134537 1.213749 24.891691 -1.389131784439087 0.701859712600708
Car 0.0 0 2.272230863571167 817.7225952148438 158.61268615722656 870.1060791015625 177.85240173339844 4.099155 1.4488645 1.6101531 18.176401 0.37676635 56.098946 2.5855636596679688 0.6499713659286499
Car 0.0 0 -1.4269976615905762 795.1612548828125 139.63197326660156 843.1893920898438 177.8087615966797 4.3000674 1.8247904 1.7553581 10.686676 0.23718764 36.80614 -1.1444170475006104 0.23749449849128723
