Pedestrian 0.0 0 -1.8509068489074707 763.1200561523438 152.86563110351562 781.324462890625 191.8744354248047 0.6045214 1.732819 0.6544207 7.234735 0.8452691 32.370235 -1.6310209035873413 0.5914672017097473
Pedestrian 0.0 0 2.2565767765045166 965.2542114257812 117.4617691040039 1011.5589599609375 191.2620849609375 0.81390554 1.7519516 0.62523997 9.1645155 0.43734896 17.5734 2.7372756004333496 0.38888639211654663
Pedestrian 0.0 0 -0.15492388606071472 836.655517578125 136.04586791992188 876.4838256835938 199.838623046875 1.0617808 1.9070385 0.6287149 7.4504347 0.80704343 21.967712 0.17205595970153809 0.35974034667015076
Pedestrian 0.0 0 -0.8712185025215149 1110.8160400390625 113.05984497070312 1162.20751953125 205.91700744628906 0.5645174 1.7274079 0.5598253 9.983818 0.61542404 13.759627 -0.24352513253688812 0.3165890872478485
Pedestrian 0.0 0 2.4564173221588135 1147.0201416015625 121.1933822631836 1198.3934326171875 189.50592041015625 0.8930095 1.8204057 0.6424341 15.195186 0.4441015 19.557049 3.116955280303955 0.26266998052597046
Pedestrian 0.0 0 -0.66004478931427 1010.63232421875 111.77278900146484 1060.163330078125 192.86126708984375 0.72764665 1.7621968 0.6078121 9.39133 0.4351513 16.026049 -0.1299799680709839 0.25183647871017456
Pedestrian 0.0 0 -3.5984976291656494 981.4667358398438 117.37396240234375 1030.6148681640625 196.35809326171875 0.79238456 1.7881098 0.64253134 9.090118 0.5324637 16.669777 -3.0992658138275146 0.24426698684692383
Pedestrian 0.0 0 2.38765811920166 832.053466796875 136.69338989257812 860.2380981445312 187.6008758544922 0.7534894 1.7955768 0.60122603 8.424436 0.5205011 25.879156 2.702369213104248 0.23713578283786774
Cyclist 0.0 0 0.971311092376709 777.1060791015625 141.72157287597656 803.0849609375 177.3059844970703 1.4274675 1.7689486 0.572594 9.096954 0.22167194 36.634624 1.214703917503357 0.693317711353302
Cyclist 0.0 0 -1.8550955057144165 1179.785888671875 88.24944305419922 1242.0 216.00930786132812 1.8335395 1.7041984 0.46296212 8.863118 0.5760096 10.554305 -1.1565744876861572 0.5686893463134766
Cyclist 0.0 0 0.927374005317688 903.1041870117188 110.85053253173828 963.4567260742188 179.5126190185547 1.6710484 1.8187039 0.65018046 8.881751 0.17672998 19.996208 1.3453706502914429 0.4485121965408325
Cyclist 0.0 0 1.1860060691833496 786.6055908203125 139.22305297851562 814.3451538085938 180.51580810546875 1.7601446 1.7818402 0.568751 8.402946 0.3309757 32.041847 1.4424797296524048 0.35913342237472534
Cyclist 0.0 0 2.331700325012207 199.86065673828125 160.24490356445312 233.4993896484375 188.96356201171875 1.8913817 1.7006719 0.67228353 -23.85099 0.95433986 43.725975 1.8323454856872559 0.3352956771850586
Cyclist 0.0 0 1.5325759649276733 800.2826538085938 139.79176330566406 817.7515869140625 186.01312255859375 1.6147653 1.8482549 0.6285978 8.142588 0.5265517 29.707094 1.8001012802124023 0.2784293591976166
Cyclist 0.0 0 -2.1470141410827637 973.9822998046875 120.65733337402344 1041.3712158203125 203.22662353515625 1.6528883 1.7726073 0.5129343 8.914903 0.6524011 16.330944 -1.6473318338394165 0.26526299118995667
Cyclist 0.0 0 2.0408835411071777 139.7145233154297 156.62631225585938 170.9653778076172 188.4819793701172 1.5666101 1.6983418 0.8201152 -24.77309 0.83354247 39.28293 1.4782440662384033 0.24743159115314484
Cyclist 0.0 0 -0.16909775137901306 839.4012451171875 132.92257690429688 880.4157104492188 196.3439178466797 1.082369 1.8885386 0.6369536 7.522889 0.69983244 21.884552 0.162001371383667 0.13889893889427185
Car 0.0 0 3.0189359188079834 235.48489379882812 178.2191619873047 292.25726318359375 199.39718627929688 4.225325 1.7388575 1.6995865 -29.765856 2.2143152 62.035988 2.571565628051758 0.509320080280304
Car 0.0 0 -3.04874849319458 586.3944091796875 163.52230834960938 631.81005859375 181.70767211914062 3.9337344 1.605738 1.718404 -0.07959815 0.7821224 64.743385 -3.049978017807007 0.3553240895271301
Car 0.0 0 2.326521158218384 86.2242660522461 167.49212646484375 161.71380615234375 194.01087951660156 3.8091722 1.507689 1.5408608 -28.924896 1.2032046 43.024067 1.7346316576004028 0.2931579649448395
Car 0.0 0 -1.880910038948059 659.4823608398438 162.69602966308594 697.9818115234375 187.50485229492188 3.950987 1.7072462 1.6135746 4.8550906 1.0085723 51.753376 -1.7873717546463013 0.2404152750968933
Car 0.0 0 2.15366792678833 292.5133361816406 183.5249481201172 355.8993835449219 211.8109588623047 4.3322935 1.6646223 1.6909354 -18.358706 2.3863938 46.48356 1.7775222063064575 0.23986434936523438
