Pedestrian 0.0 0 -3.1590967178344727 699.943115234375 163.66603088378906 714.9490356445312 190.66464233398438 0.99397707 1.8109189 0.5580629 6.547789 1.1949971 48.728764 -3.025524616241455 0.6544395089149475
Pedestrian 0.0 0 1.6671329736709595 406.2484436035156 141.6688690185547 428.05010986328125 192.5360107421875 0.8838456 1.7688339 0.66651815 -6.874147 0.6847726 25.57869 1.4045912027359009 0.5822319984436035
Pedestrian 0.0 0 0.2248338758945465 609.4783325195312 159.19091796875 626.1608276367188 193.26962280273438 0.77997684 1.8128821 0.6130313 0.38641864 1.0864062 38.769676 0.2348005771636963 0.4999258518218994
Pedestrian 0.0 0 -0.33136406540870667 384.9102783203125 116.4824447631836 436.02850341796875 203.8645782470703 0.9009797 1.8365934 0.6727844 -4.392055 0.65213674 15.695262 -0.604218065738678 0.48805469274520874
Pedestrian 0.0 0 -0.9994763731956482 0.0 80.91320037841797 133.5576171875 296.9895324707031 1.4759759 1.7010909 0.5429789 -5.0130925 0.9776322 6.4371324 -1.6611419916152954 0.21450220048427582
Pedestrian 0.0 0 1.6359529495239258 566.5118408203125 156.250244140625 586.0511474609375 203.3938751220703 1.7202444 1.7840374 0.6543057 -1.3475267 1.1560661 28.167786 1.588150143623352 0.1084977313876152
Cyclist 0.0 0 -0.9779640436172485 0.0 82.53096771240234 141.48023986816406 295.049560546875 1.6296403 1.66911 0.5435491 -5.0315576 0.96007556 6.4952006 -1.637060284614563 0.4861728847026825
Cyclist 0.0 0 1.6359529495239258 566.5118408203125 156.250244140625 586.0511474609375 203.3938751220703 1.7202444 1.7840374 0.6543057 -1.3475267 1.1560661 28.167786 1.588150143623352 0.4815986156463623
Car 0.0 0 -1.3205227851867676 453.4911804199219 178.02174377441406 598.4115600585938 283.29852294921875 3.6140049 1.4833186 1.5716462 -1.3114456 1.5850536 12.251001 -1.4271646738052368 0.9807344079017639
Car 0.0 0 2.1283912658691406 0.0 179.4975128173828 463.7867431640625 375.0 3.7073848 1.4939858 1.561301 -2.5172849 1.5623299 5.4447803 1.695331335067749 0.9233839511871338
Car 0.0 0 1.7207046747207642 616.9422607421875 167.1195831298828 670.1654052734375 207.9611358642578 4.2339234 1.6725928 1.7284348 1.5084347 1.4381081 31.791853 1.7681163549423218 0.8733977675437927
Car 0.0 0 0.2290230393409729 469.4140625 162.99142456054688 579.2250366210938 204.67782592773438 3.6975186 1.4542357 1.5446882 -3.1054199 1.1105362 26.140192 0.1107785701751709 0.8568238615989685
Car 0.0 0 -2.0130198001861572 883.96630859375 196.92701721191406 1242.0 375.0 3.3846045 1.5016022 1.5005057 2.7939188 1.7061958 4.343847 -1.4414469003677368 0.8546703457832336
Car 0.0 0 -1.5696849822998047 766.0166625976562 171.9688720703125 820.5438232421875 223.49008178710938 3.6727388 1.553791 1.6080331 5.973788 1.527455 23.735027 -1.3231195211410522 0.8346152901649475
Car 0.0 0 -1.684805154800415 771.023193359375 178.64512634277344 842.5121459960938 240.26861572265625 2.8873734 1.4738375 1.4871414 5.079538 1.6396844 19.079542 -1.42461097240448 0.8270817399024963
Car 0.0 0 1.5438021421432495 739.8392333984375 172.5637664794922 762.5057373046875 192.32749938964844 4.362604 1.4612709 1.5905966 10.822703 1.4401702 55.62793 1.7359569072723389 0.5917029976844788
Car 0.0 0 1.4170842170715332 762.3988037109375 166.32000732421875 786.29833984375 185.17738342285156 4.052276 1.7106397 1.5738152 15.328678 1.1182688 67.52718 1.6403015851974487 0.5422771573066711
