Pedestrian 0.0 0 -2.4690747261047363 848.4913940429688 85.4369888305664 916.351806640625 222.28273010253906 0.6024559 1.8078202 0.6487505 3.7343369 0.49081045 9.917682 -2.1089606285095215 0.5279130935668945
Pedestrian 0.0 0 -2.3618364334106445 1154.689697265625 62.55482482910156 1241.0 207.36212158203125 0.5821633 1.7283326 0.5998718 7.244956 0.2654573 8.897681 -1.6784653663635254 0.28992053866386414
Cyclist 0.0 0 -1.632280945777893 851.3895263671875 116.62403106689453 876.9033813476562 188.63455200195312 1.7340329 1.7417233 0.499493 6.4615183 0.08382344 18.285503 -1.2926084995269775 0.3106871247291565
Car 0.0 0 -1.0483229160308838 0.0 150.2025604248047 343.47174072265625 362.572998046875 4.258407 1.6531595 1.6586932 -4.497216 1.3817371 7.72512 -1.5755176544189453 0.9401804804801941
Car 0.0 0 -1.3444175720214844 391.65966796875 180.40464782714844 479.04815673828125 235.42230224609375 3.727731 1.4326718 1.6312073 -4.8677588 1.3085222 20.583979 -1.5766342878341675 0.9271060824394226
Car 0.0 0 -1.5731174945831299 577.0618286132812 172.4185028076172 628.16259765625 219.26962280273438 3.6780124 1.5412468 1.6817153 -0.23129891 1.1213928 25.492674 -1.5821903944015503 0.9089295268058777
Car 0.0 0 -1.1593191623687744 217.3111114501953 185.10191345214844 353.55694580078125 245.72048950195312 4.5098615 1.4382182 1.6522639 -8.490314 1.4366499 19.308807 -1.5735846757888794 0.6474382877349854
Car 0.0 0 1.284534215927124 697.2555541992188 159.58262634277344 750.2178955078125 189.0339813232422 4.001235 1.4401442 1.6336659 5.9084125 0.18784218 37.23664 1.4418944120407104 0.5086793303489685
Car 0.0 0 1.215915322303772 554.1983642578125 165.48741149902344 595.8887329101562 190.02114868164062 3.8906925 1.6233213 1.6205336 -2.3241348 0.31909275 49.66797 1.1691559553146362 0.40008851885795593
Car 0.0 0 2.743011236190796 153.15611267089844 142.29898071289062 266.03839111328125 183.5328826904297 3.7741401 1.5923824 1.6273024 -16.525537 -0.073532864 29.905077 2.2381742000579834 0.36866551637649536
Car 0.0 0 -1.473287582397461 380.1114501953125 178.04298400878906 423.7344665527344 210.8335723876953 3.7646294 1.4178848 1.5710895 -9.444515 1.1088643 33.072807 -1.7514513731002808 0.36864912509918213
Car 0.0 0 3.182894229888916 0.0 148.16127014160156 84.92867279052734 207.12586975097656 4.174878 1.5004382 1.6539726 -17.380255 0.5586668 20.231262 2.4731528759002686 0.3474479913711548
Car 0.0 0 -1.5470157861709595 516.8758544921875 171.85098266601562 543.122802734375 197.50343322753906 3.4284842 1.471211 1.4820466 -4.6448946 0.7058535 42.99408 -1.6546341180801392 0.325440913438797
Car 0.0 0 -1.5638370513916016 575.2710571289062 170.1864776611328 610.274658203125 201.90956115722656 3.777726 1.512423 1.669102 -0.7746738 0.7970245 36.168964 -1.5852519273757935 0.32243314385414124
