Pedestrian 0.0 0 -0.601340651512146 411.88226318359375 137.76608276367188 448.3298645019531 201.15728759765625 0.78563386 1.7794511 0.6537343 -5.2223396 0.7948579 20.762314 -0.8477585315704346 0.7826886177062988
Pedestrian 0.0 0 -1.6059883832931519 1164.3134765625 143.01820373535156 1186.9266357421875 186.34506225585938 0.6965297 1.798501 0.72578156 23.818022 0.5603727 30.443424 -0.9420902729034424 0.7143560647964478
Pedestrian 0.0 0 0.3040163815021515 498.0602111816406 120.79924011230469 549.1492919921875 208.40992736816406 1.0116998 1.9539853 0.6556098 -2.0180624 0.7933638 16.50384 0.1823420524597168 0.5943102836608887
Pedestrian 0.0 0 -1.6547173261642456 553.1883544921875 146.7772674560547 570.2650146484375 188.08401489257812 0.5594062 1.7743512 0.6942619 -2.138987 0.65457064 31.32032 -1.7229053974151611 0.48853665590286255
Pedestrian 0.0 0 -0.19913382828235626 754.5435791015625 115.43049621582031 792.2592163085938 209.9423828125 0.5831933 1.8018539 0.7369122 3.138939 0.70744175 14.127328 0.01950359344482422 0.4723517894744873
Pedestrian 0.0 0 1.5648894309997559 366.7333068847656 142.0832061767578 394.44403076171875 206.11279296875 0.7789084 1.8503124 0.7676614 -6.833098 0.9614632 21.337492 1.254969596862793 0.4514114558696747
Cyclist 0.0 0 0.2992815375328064 503.7945861816406 119.96231079101562 555.9803466796875 204.67938232421875 1.0617152 1.9004508 0.6049474 -1.8835955 0.71429396 16.578947 0.18615293502807617 0.14241059124469757
Car 0.0 0 -2.1523597240448 143.27157592773438 212.18499755859375 441.60870361328125 375.0 3.4578285 1.5286413 1.6116272 -3.9042258 2.0870697 8.62959 -2.5772268772125244 0.9782307147979736
Car 0.0 0 -1.9773492813110352 0.0 225.54412841796875 222.62747192382812 356.3724060058594 3.6778402 1.4461671 1.5525389 -7.721755 2.3609395 10.898784 -2.5937552452087402 0.9225922226905823
Car 0.0 0 -1.7306948900222778 1130.6090087890625 166.4867706298828 1242.0 245.22723388671875 4.2743244 1.5465231 1.6919638 13.147062 1.4218235 16.4456 -1.0563032627105713 0.9144955277442932
Car 0.0 0 -1.5386443138122559 863.8126220703125 176.88633728027344 970.9503784179688 271.31353759765625 4.3593903 1.5811503 1.7279587 6.226108 1.6763093 14.619898 -1.1360409259796143 0.9131897687911987
Car 0.0 0 -1.5096113681793213 921.8912353515625 178.37660217285156 974.4415283203125 223.58575439453125 3.3862247 1.529768 1.559997 12.524361 1.7489454 26.726593 -1.0713891983032227 0.8278654217720032
Car 0.0 0 -1.7044202089309692 1087.948486328125 155.2828369140625 1158.5235595703125 211.21469116210938 3.7254303 1.8287736 1.5431584 18.067118 1.2546166 25.597322 -1.0897984504699707 0.7728767395019531
Car 0.0 0 -1.6814759969711304 1066.3695068359375 160.88821411132812 1115.3935546875 198.14486694335938 3.7939665 1.7061377 1.5646429 23.276438 1.1585323 35.08421 -1.0957071781158447 0.6744892597198486
Car 0.0 0 0.11997410655021667 680.7735595703125 182.82554626464844 734.1536865234375 203.5770721435547 3.94473 1.5397943 1.61142 7.554693 2.3322487 56.037598 0.2539808750152588 0.5318454504013062
Car 0.0 0 -1.608181118965149 1132.1324462890625 168.90509033203125 1205.462890625 226.4710693359375 3.4667423 1.5391558 1.5555282 16.242367 1.4339306 21.152802 -0.95334792137146 0.4775746762752533
Car 0.0 0 -1.9612314701080322 1177.725830078125 174.85720825195312 1242.0 294.9324035644531 4.059415 1.4859577 1.6581568 10.531759 1.5234795 11.1915 -1.2061941623687744 0.46754196286201477
Car 0.0 0 -0.4599277973175049 735.0723876953125 153.83905029296875 815.7767944335938 185.2337646484375 3.6419418 1.522655 1.5301642 8.235765 0.6007811 36.16175 -0.23599934577941895 0.4459111988544464
