Pedestrian 0.0 0 1.8662714958190918 37.1119384765625 179.93482971191406 78.6472396850586 250.1759796142578 0.940361 1.8901708 0.67406017 -15.063608 1.849214 19.88527 1.2179710865020752 0.8673463463783264
Pedestrian 0.0 0 1.339463710784912 660.5311889648438 163.50674438476562 689.1918334960938 224.68714904785156 0.81921595 1.7905108 0.6805293 2.1592488 1.2650512 21.470816 1.4396934509277344 0.8481594324111938
Pedestrian 0.0 0 0.4357048571109772 115.74304962158203 179.15719604492188 218.33364868164062 374.0 0.55057734 1.6630305 0.58331144 -3.7069178 1.6456265 6.08095 -0.11174007505178452 0.7117794156074524
Pedestrian 0.0 0 -1.5906199216842651 93.85636138916016 176.76043701171875 162.06385803222656 332.6584777832031 0.8437409 1.637133 0.612507 -5.3682575 1.5887228 8.062041 -2.178069591522217 0.690834105014801
Pedestrian 0.0 0 -1.4920799732208252 423.2685852050781 167.31631469726562 445.32861328125 219.4871368408203 0.8654186 1.7906593 0.6877451 -5.8639708 1.3049029 25.132177 -1.721304178237915 0.6456170678138733
Pedestrian 0.0 0 -2.395263910293579 278.08392333984375 168.95245361328125 378.3199768066406 374.0 0.49270493 1.6180135 0.57595414 -2.231442 1.5249903 5.7613125 -2.764787197113037 0.6300092935562134
Pedestrian 0.0 0 -2.4517416954040527 342.15093994140625 161.4530029296875 442.7453308105469 314.59613037109375 0.93453324 1.689854 0.64303774 -2.4849849 1.4700009 8.402638 -2.7392845153808594 0.5541602969169617
Pedestrian 0.0 0 -1.2486087083816528 195.91995239257812 147.541015625 323.74853515625 374.0 0.479369 1.5854256 0.6592662 -2.3217263 1.3720124 4.820987 -1.697417974472046 0.5206483006477356
Pedestrian 0.0 0 2.1174817085266113 613.9642944335938 157.4416046142578 650.4651489257812 227.72125244140625 0.43467602 1.6807569 0.7797966 0.71804637 1.1065916 17.573576 2.158318519592285 0.5083717703819275
Pedestrian 0.0 0 -0.08480823040008545 33.64910125732422 191.07073974609375 58.90887451171875 230.53311157226562 0.86005735 1.7584044 0.65618575 -25.359293 2.2034187 32.796207 -0.7430168986320496 0.5058445334434509
Pedestrian 0.0 0 -1.9644609689712524 504.92413330078125 169.3220977783203 521.275390625 197.7573699951172 1.0225276 1.738073 0.66346943 -5.4723525 0.9944557 44.51315 -2.086785078048706 0.48858559131622314
Pedestrian 0.0 0 1.8905515670776367 170.20901489257812 177.83595275878906 235.98275756835938 323.4803161621094 0.6434495 1.4399189 0.41870186 -4.167956 1.405063 7.454714 1.3807461261749268 0.4862096309661865
Pedestrian 0.0 0 1.541081428527832 143.60118103027344 153.9248046875 166.48501586914062 210.16452026367188 0.60504115 1.8921431 0.6472674 -15.311521 0.9654757 24.596315 0.9842727184295654 0.44150930643081665
Pedestrian 0.0 0 3.4203805923461914 51.87931823730469 186.8884735107422 104.0102310180664 250.79306030273438 1.1269449 1.861489 0.65167123 -15.684728 2.0276968 21.505869 2.7902445793151855 0.4344114363193512
Pedestrian 0.0 0 0.3622148633003235 196.224365234375 159.40652465820312 239.6405792236328 263.2699279785156 0.4634965 1.6748047 0.57152015 -6.3843327 1.3198384 11.894058 -0.1304115504026413 0.39954835176467896
Pedestrian 0.0 0 -0.12619684636592865 537.0614013671875 168.3452911376953 566.1767578125 213.3426055908203 1.0479861 1.7187177 0.68615067 -1.957118 1.2172837 27.8736 -0.1962958425283432 0.3522239625453949
Pedestrian 0.0 0 -0.6041452288627625 673.6321411132812 173.3081512451172 706.6234741210938 223.5730743408203 0.89845127 1.6395273 0.6167382 2.9259777 1.373419 23.909405 -0.48237302899360657 0.34816211462020874
Pedestrian 0.0 0 -1.1925755739212036 258.3057556152344 157.70828247070312 329.3424987792969 289.3802490234375 0.6539096 1.7467269 0.70721567 -4.2537584 1.4324394 9.863684 -1.5997319221496582 0.34473052620887756
Pedestrian 0.0 0 1.4048339128494263 650.8126831054688 155.2682342529297 667.7334594726562 196.13711547851562 0.91555893 1.8125514 0.614871 2.5862544 0.6501103 32.338356 1.4846389293670654 0.3427314758300781
Pedestrian 0.0 0 -1.1734163761138916 181.1316680908203 157.07034301757812 217.80441284179688 217.48388671875 0.9793238 1.8019418 0.6512985 -12.29669 1.0744094 21.946362 -1.6841380596160889 0.33888769149780273
Pedestrian 0.0 0 -0.4995839595794678 627.0315551757812 192.56643676757812 677.57666015625 275.8264465332031 0.71369433 1.5908595 0.794164 0.97139764 1.821345 14.368159 -0.432079017162323 0.32420557737350464
Cyclist 0.0 0 1.4969968795776367 476.485107421875 163.21435546875 514.63037109375 231.19110107421875 1.7627673 1.746128 0.8854647 -2.912532 1.277598 19.406765 1.3480304479599 0.9149314165115356
Cyclist 0.0 0 -2.488478899002075 330.2109069824219 154.7531280517578 437.318603515625 315.1946105957031 1.0278091 1.7763469 0.63598925 -2.5929627 1.4815701 8.427169 -2.7869765758514404 0.23336449265480042
Cyclist 0.0 0 3.4203805923461914 51.87931823730469 186.8884735107422 104.0102310180664 250.79306030273438 1.1269449 1.861489 0.65167123 -15.684728 2.0276968 21.505869 2.7902445793151855 0.18096701800823212
Cyclist 0.0 0 1.8662714958190918 37.1119384765625 179.93482971191406 78.6472396850586 250.1759796142578 0.940361 1.8901708 0.67406017 -15.063608 1.849214 19.88527 1.2179710865020752 0.14979484677314758
Cyclist 0.0 0 -1.240973711013794 675.7056884765625 173.82669067382812 703.3236694335938 223.7252655029297 1.0796434 1.6158646 0.59524614 2.9096055 1.3684742 23.874792 -1.1197023391723633 0.14611083269119263
Cyclist 0.0 0 -1.1740460395812988 180.64222717285156 157.13211059570312 219.1180419921875 217.50001525878906 1.0531673 1.8006737 0.6752845 -12.304267 1.0749459 21.985542 -1.684269905090332 0.14282219111919403
Cyclist 0.0 0 -0.11677311360836029 533.331787109375 169.3245391845703 563.0732421875 213.91246032714844 1.0777047 1.7023433 0.6768722 -2.0885684 1.2385147 27.85789 -0.1916053593158722 0.10347942262887955
Car 0.0 0 1.8149245977401733 312.2594299316406 180.14669799804688 453.099853515625 274.5155944824219 4.093843 1.5242443 1.5901312 -4.002174 1.5036784 13.677378 1.5302588939666748 0.9154165387153625
Car 0.0 0 -1.4734675884246826 449.35809326171875 173.49623107910156 475.6220703125 194.57554626464844 3.6894443 1.5044038 1.5598426 -10.233026 0.93380266 53.17309 -1.663590669631958 0.3724093735218048
Car 0.0 0 2.634645938873291 34.948551177978516 173.5026397705078 147.45779418945312 209.89987182617188 3.750634 1.4990398 1.5660307 -22.363605 1.1706513 31.61181 2.0189411640167236 0.29366931319236755
