Pedestrian 0.0 0 -1.3248862028121948 402.1616516113281 143.34893798828125 427.4331970214844 196.64816284179688 0.894392 1.8133968 0.6486128 -6.800692 0.80990547 24.999594 -1.5904910564422607 0.5769868493080139
Pedestrian 0.0 0 -1.6137150526046753 391.0845642089844 153.92266845703125 409.10736083984375 199.64414978027344 1.0787653 1.8621001 0.6719762 -8.7753315 1.0914408 30.002123 -1.8982681035995483 0.5596888065338135
Pedestrian 0.0 0 -3.31278395652771 981.2799072265625 105.20469665527344 1041.041259765625 198.60086059570312 0.9512791 1.800226 0.57821566 7.9018707 0.49663258 14.333583 -2.808955669403076 0.3974514305591583
Pedestrian 0.0 0 -1.2984426021575928 364.7484436035156 145.42236328125 388.4571533203125 190.16427612304688 1.0314063 1.772114 0.65830046 -9.44875 0.6859745 29.10447 -1.6123573780059814 0.36484116315841675
Pedestrian 0.0 0 1.5244677066802979 864.5224609375 139.48806762695312 883.0192260742188 182.3899688720703 1.2030067 1.8814915 0.72103906 11.76819 0.4185638 32.32242 1.8736371994018555 0.34460487961769104
Cyclist 0.0 0 -1.525801181793213 182.75543212890625 127.28917694091797 208.3944549560547 194.7200164794922 1.7049311 1.7597071 0.5342548 -11.352567 0.57098407 19.706696 -2.0484442710876465 0.43608972430229187
Cyclist 0.0 0 -0.41543200612068176 903.1078491210938 129.03704833984375 964.3994140625 178.1279754638672 1.8204789 1.7139776 0.7858071 11.420655 0.1844953 25.586168 0.004391193389892578 0.34226787090301514
Cyclist 0.0 0 -1.5428471565246582 938.0628051757812 113.5959243774414 968.025146484375 208.92250061035156 1.7130147 1.8325654 0.5096011 6.975265 0.69374156 14.74722 -1.101041316986084 0.31318455934524536
Cyclist 0.0 0 -1.2984426021575928 364.7484436035156 145.42236328125 388.4571533203125 190.16427612304688 1.0314063 1.772114 0.65830046 -9.44875 0.6859745 29.10447 -1.6123573780059814 0.12313760071992874
Cyclist 0.0 0 -2.425943613052368 976.905517578125 105.48158264160156 1040.0906982421875 199.99737548828125 0.9508285 1.810605 0.58365834 7.8698716 0.5203337 14.3665905 -1.9247989654541016 0.11639184504747391
Car 0.0 0 -1.9385075569152832 784.7408447265625 176.09820556640625 1074.3714599609375 354.664794921875 3.619208 1.5311145 1.6475664 3.1535459 1.5758963 8.06373 -1.56571626663208 0.9750160574913025
Car 0.0 0 -1.790466070175171 721.436767578125 175.40159606933594 837.5541381835938 263.82843017578125 3.2719433 1.5464815 1.5358156 3.1882517 1.6032844 14.347147 -1.5717973709106445 0.9608114957809448
Car 0.0 0 -1.7791863679885864 679.4638671875 179.13491821289062 770.4526977539062 242.6013641357422 3.738216 1.4782803 1.610075 2.879925 1.6615384 19.095312 -1.6294960975646973 0.9363242983818054
Car 0.0 0 -1.4177387952804565 429.5960388183594 178.12603759765625 521.4579467773438 250.33795166015625 3.9028223 1.5844802 1.6768509 -3.2952855 1.7314618 18.09088 -1.5979151725769043 0.93526691198349
Car 0.0 0 -1.6877903938293457 648.3745727539062 177.3533935546875 691.8598022460938 211.83193969726562 3.5042603 1.4284532 1.5199734 2.5854151 1.6403017 32.13382 -1.6075055599212646 0.8912745118141174
Car 0.0 0 -1.6924372911453247 619.6860961914062 173.3217315673828 645.33203125 194.02069091796875 3.42411 1.5875558 1.6235834 1.7304982 1.6261473 57.196735 -1.6621912717819214 0.3969331681728363
Car 0.0 0 1.8369038105010986 469.2955017089844 167.75033569335938 505.43572998046875 188.6900634765625 4.3183255 1.553051 1.676937 -9.448732 1.1748809 55.74298 1.668994426727295 0.31683701276779175
Car 0.0 0 -1.7445173263549805 835.7943725585938 144.05467224121094 885.672607421875 177.79844665527344 3.7112687 1.5004848 1.5937618 11.723001 0.2202225 34.03976 -1.4128477573394775 0.30722859501838684
