Pedestrian 0.0 0 -2.740898370742798 332.76300048828125 146.52505493164062 418.34039306640625 301.0766296386719 0.8042801 1.7490616 0.55864936 -2.7326443 1.3662521 8.308381 -3.0586555004119873 0.7805827856063843
Pedestrian 0.0 0 -0.04202163219451904 822.1754760742188 97.50381469726562 876.7254638671875 204.8359832763672 0.877018 1.8249459 0.7357186 4.2585616 0.41542733 12.493608 0.2864868640899658 0.6522389054298401
Pedestrian 0.0 0 2.5896880626678467 855.2514038085938 103.64835357666016 922.5880737304688 213.60899353027344 0.86070645 1.7832186 0.5954273 4.696443 0.5385775 11.82886 2.9676337242126465 0.4864552915096283
Pedestrian 0.0 0 0.3009558320045471 561.9195556640625 120.84323120117188 606.4263916015625 211.61618041992188 0.7852153 1.8358494 0.5925199 -0.46837935 0.63093984 14.684799 0.269071102142334 0.4314502477645874
Pedestrian 0.0 0 -3.311823606491089 954.0626831054688 95.1379623413086 1012.6127319335938 207.74717712402344 0.7705903 1.8062572 0.5557867 6.2130046 0.43870032 11.720331 -2.82438325881958 0.42861658334732056
Pedestrian 0.0 0 -0.033789366483688354 706.961669921875 117.4171142578125 740.0471801757812 185.52676391601562 0.8167122 1.7169443 0.59783125 3.000841 0.12831041 18.167995 0.12990450859069824 0.3823462426662445
Pedestrian 0.0 0 -0.1258651316165924 754.6001586914062 94.01651000976562 815.6737060546875 204.55908203125 0.95100033 1.8710938 0.70626235 3.0908258 0.40888315 12.369938 0.1189873218536377 0.35293442010879517
Pedestrian 0.0 0 1.7226649522781372 623.046630859375 123.02198791503906 649.701904296875 191.39227294921875 0.7009096 1.7129748 0.58473533 0.77231556 0.27449358 18.110054 1.765284776687622 0.3496837615966797
Pedestrian 0.0 0 -3.7058327198028564 1116.367431640625 100.5619888305664 1198.2047119140625 207.8850860595703 0.8725528 1.7030954 0.5908606 8.961509 0.4362255 11.550808 -3.04600191116333 0.349672794342041
Pedestrian 0.0 0 -2.013587713241577 912.8023071289062 91.91840362548828 968.9678955078125 204.82518005371094 0.7510898 1.8174173 0.57462347 5.525403 0.39320725 11.752616 -1.5741102695465088 0.3327656388282776
Pedestrian 0.0 0 0.5211122632026672 169.58624267578125 118.67725372314453 268.0538024902344 205.83656311035156 1.6700051 1.6932372 0.5323729 -7.6814876 0.49384344 14.013383 0.019687652587890625 0.1682274043560028
Cyclist 0.0 0 0.41362449526786804 148.8576202392578 109.74573516845703 260.69134521484375 200.54232788085938 1.8598475 1.7517326 0.5649113 -7.9468403 0.3883082 14.012005 -0.10228659957647324 0.6258636713027954
Cyclist 0.0 0 -0.29162561893463135 806.9631958007812 90.67284393310547 870.570556640625 197.9832305908203 0.900845 1.8350198 0.68723774 4.054286 0.30061245 12.439722 0.023433208465576172 0.1258423924446106
Car 0.0 0 -1.3164827823638916 500.4906005859375 141.7957000732422 580.97265625 194.66903686523438 3.6342676 1.4694598 1.577422 -1.8988055 0.39536333 21.568115 -1.4042940139770508 0.5126902461051941
Car 0.0 0 -1.877148151397705 648.7274169921875 132.6869659423828 746.014404296875 195.45237731933594 3.6470327 1.5526726 1.5988857 2.3898597 0.371484 19.424774 -1.7547317743301392 0.48927757143974304
Car 0.0 0 -1.7916072607040405 715.6661987304688 132.4639434814453 807.4060668945312 196.34486389160156 3.97637 1.6052927 1.640235 4.212579 0.3997666 19.759678 -1.5815610885620117 0.38479748368263245
