Pedestrian 0.0 0 1.7329310178756714 531.2852172851562 159.41200256347656 543.208251953125 190.28250122070312 0.79617995 1.8417721 0.59505427 -4.2703753 0.30342287 43.30033 1.6346266269683838 0.7548280358314514
Car 0.0 0 -1.3986420631408691 440.2285461425781 181.25869750976562 504.212890625 222.8175506591797 3.5978644 1.3520439 1.6090821 -4.7101626 1.2244416 25.191921 -1.5834790468215942 0.9637256264686584
Car 0.0 0 -1.2957016229629517 326.8721923828125 185.1398468017578 450.5138244628906 256.3375244140625 4.023259 1.3811448 1.5715278 -4.739279 1.3808045 15.963179 -1.5843011140823364 0.9603622555732727
Car 0.0 0 -1.056278944015503 76.63102722167969 176.95945739746094 270.5441589355469 260.9564208984375 3.8262599 1.453015 1.618548 -8.463273 1.3113265 14.358747 -1.5888797044754028 0.9113231897354126
Car 0.0 0 -1.1155140399932861 187.9617462158203 178.32479858398438 294.83758544921875 227.01107788085938 3.9319081 1.5064468 1.6393934 -12.236951 1.2943602 24.215155 -1.5834267139434814 0.8491249084472656
Car 0.0 0 -1.5951547622680664 575.0213012695312 174.9327850341797 608.3062744140625 205.75379943847656 3.7567933 1.4736761 1.5782192 -0.88634855 0.98314 36.282257 -1.6195791959762573 0.832280695438385
Car 0.0 0 -0.9643158912658691 0.0 205.9659423828125 301.2767028808594 376.0 3.568307 1.3461883 1.5775435 -4.219381 1.5757216 6.1222653 -1.5677473545074463 0.7841862440109253
Car 0.0 0 -1.4203786849975586 464.361572265625 178.5588836669922 510.3431091308594 211.45309448242188 3.6965015 1.4435889 1.5717291 -5.5697827 1.1525806 33.403473 -1.5856012105941772 0.7368172407150269
Car 0.0 0 -1.2032012939453125 284.7130432128906 180.9326629638672 378.5020446777344 228.5900421142578 3.7110863 1.394269 1.5519199 -8.714105 1.2700956 22.885601 -1.5670192241668701 0.6312377452850342
Car 0.0 0 -1.4324325323104858 442.46484375 168.64553833007812 476.2115783691406 194.53379821777344 3.347459 1.522801 1.5782717 -9.070705 0.5492412 44.002216 -1.635726809501648 0.5099678039550781
Car 0.0 0 3.2630045413970947 465.5245056152344 165.79469299316406 514.82763671875 186.3303985595703 3.7509575 1.6305287 1.6745325 -9.468262 0.089638345 57.98555 3.1011464595794678 0.5014073252677917
