Pedestrian 0.0 0 0.28265857696533203 83.72642517089844 185.4685821533203 115.19363403320312 226.88002014160156 0.9333196 1.7172675 0.7086387 -21.757038 2.262979 30.703066 -0.3338342308998108 0.21448838710784912
Cyclist 0.0 0 2.6272616386413574 75.39505767822266 184.62249755859375 114.50582885742188 226.37521362304688 1.2049528 1.7125661 0.61742085 -21.91069 2.2239184 30.650316 2.006631851196289 0.17059344053268433
Car 0.0 0 -1.6219724416732788 592.5060424804688 173.31964111328125 626.716796875 204.94029235839844 4.4647884 1.7048455 1.7175922 -0.1086223 1.7332889 41.24173 -1.6246062517166138 0.8522361516952515
Car 0.0 0 1.9848324060440063 358.90679931640625 182.6969451904297 412.66064453125 210.6077880859375 3.9676602 1.5306408 1.604545 -13.352264 2.146885 43.082886 1.684299349784851 0.8051097989082336
Car 0.0 0 1.7127699851989746 458.3632507324219 180.36538696289062 485.2087097167969 199.9652557373047 4.0460243 1.5051337 1.6028349 -11.295907 2.141597 59.042557 1.5237362384796143 0.2893323600292206
Car 0.0 0 1.7024755477905273 442.9616394042969 181.10275268554688 466.8245544433594 198.85557556152344 3.8140411 1.4641678 1.5611143 -13.595424 2.2105885 63.293896 1.4908921718597412 0.2763116657733917
Car 0.0 0 -0.8160103559494019 66.3816146850586 185.49063110351562 166.90577697753906 222.1996612548828 3.685744 1.4482939 1.5438523 -21.62722 2.0385888 31.741245 -1.4141165018081665 0.18152950704097748
Car 0.0 0 2.1068215370178223 0.0 200.86781311035156 75.64635467529297 249.37977600097656 4.2744017 1.4117291 1.5362259 -21.235262 2.5003564 25.798111 1.4181338548660278 0.17841920256614685
Car 0.0 0 0.7989300489425659 1015.5032348632812 164.4005889892578 1091.7587890625 193.0864715576172 3.2749183 1.4773781 1.6999892 23.834627 1.0423688 38.94254 1.348159909248352 0.1732185035943985
Car 0.0 0 0.5928041934967041 1166.623046875 158.79837036132812 1242.0 202.084228515625 3.3809915 1.7101264 1.855503 25.811811 1.1551783 30.381948 1.2970527410507202 0.1717551201581955
