Car 0.0 0 2.0010406970977783 293.30615234375 181.12991333007812 356.58673095703125 211.1991729736328 4.1558847 1.5409466 1.7052764 -15.854007 2.0274858 40.263317 1.6259267330169678 0.9210769534111023
Car 0.0 0 1.928534984588623 285.98046875 175.9871826171875 332.6639099121094 198.72547912597656 3.9795227 1.4658151 1.6425818 -20.420553 1.6880964 49.08555 1.5342953205108643 0.741960346698761
Car 0.0 0 1.963098406791687 323.2015380859375 175.23440551757812 362.31378173828125 194.78392028808594 3.3249733 1.4402163 1.6655785 -20.449396 1.6284678 55.258156 1.6086567640304565 0.5319817066192627
Car 0.0 0 1.8622639179229736 413.7839050292969 178.3905792236328 444.2854309082031 195.78021240234375 3.9585238 1.4770571 1.578452 -16.176924 1.9884231 64.579445 1.6168180704116821 0.4496104121208191
Car 0.0 0 1.691042423248291 448.84222412109375 178.85345458984375 472.7371826171875 196.67535400390625 3.9340932 1.4949043 1.6142863 -13.204592 2.0435638 63.912525 1.487304925918579 0.4115559458732605
Car 0.0 0 -0.8082926273345947 0.0 185.86582946777344 60.86257553100586 234.12014770507812 4.020135 1.5254669 1.5760161 -22.196867 2.0310643 25.963545 -1.5156385898590088 0.37195324897766113
Car 0.0 0 -0.22331057488918304 746.2017211914062 167.11434936523438 816.163818359375 191.5791015625 4.140935 1.5573871 1.6912879 11.028773 1.192368 46.79172 0.008163928985595703 0.3340396583080292
Car 0.0 0 1.742950677871704 0.0 188.75619506835938 50.90789794921875 225.27777099609375 3.2459328 1.463357 1.5087384 -26.273872 2.2137957 32.246532 1.0592615604400635 0.25342532992362976
Car 0.0 0 1.988274097442627 171.48060607910156 185.0232696533203 235.67555236816406 214.91058349609375 3.8829947 1.4658961 1.5868185 -21.932442 2.1584218 39.029457 1.4763057231903076 0.24713847041130066
Car 0.0 0 0.9585883617401123 1063.2510986328125 180.082763671875 1154.889892578125 214.00657653808594 3.5662985 1.4037637 1.6227621 22.265835 1.7467892 32.409218 1.5605508089065552 0.23917151987552643
