Cyclist 0.0 0 1.6217615604400635 377.8607482910156 179.9910125732422 408.0968933105469 260.5038757324219 1.8454812 1.7363113 0.5809244 -5.0515127 1.9113775 16.69437 1.327932357788086 0.8798808455467224
Car 0.0 0 -1.7887758016586304 528.7919311523438 183.02902221679688 585.3787231445312 225.20016479492188 3.3732228 1.5694706 1.6121029 -2.26612 2.0132036 29.590193 -1.8652100563049316 0.9656932950019836
Car 0.0 0 -1.9510172605514526 612.8206787109375 181.1690673828125 751.2848510742188 269.3891296386719 3.6093528 1.5804968 1.6578047 1.3310263 1.7794374 15.261959 -1.864025354385376 0.9574103355407715
Car 0.0 0 -3.649968147277832 982.3059692382812 190.41720581054688 1242.0 353.7576904296875 3.89487 1.4278275 1.6009712 6.2679873 1.6426209 7.6771145 -2.9652764797210693 0.8526617288589478
Car 0.0 0 2.5577051639556885 475.0763244628906 181.02679443359375 537.691162109375 206.59146118164062 3.542361 1.4744438 1.5756391 -6.3988824 1.9989507 44.50641 2.4149093627929688 0.6636254787445068
Car 0.0 0 1.7457129955291748 772.630126953125 176.0425262451172 797.5126342773438 193.2938995361328 3.9871635 1.5659674 1.6260656 16.614906 1.8782955 68.44158 1.9838664531707764 0.4598381221294403
Car 0.0 0 -0.6524882316589355 577.6830444335938 178.51010131835938 647.4744262695312 205.8736114501953 3.823362 1.4793288 1.617384 0.13876542 1.8195167 41.548973 -0.6491484642028809 0.45409077405929565
Car 0.0 0 -0.7351748943328857 629.2252197265625 176.9447784423828 687.5794677734375 201.3729248046875 3.4718611 1.4391028 1.5462339 2.9886007 1.70273 44.750435 -0.6684901714324951 0.3378695249557495
Car 0.0 0 0.07712182402610779 757.8057861328125 174.42724609375 829.404541015625 199.12767028808594 4.158913 1.4651757 1.6499672 11.279244 1.5655671 44.428703 0.325742244720459 0.324141263961792
Car 0.0 0 -1.0703065395355225 685.474609375 174.59799194335938 730.5228881835938 197.2226104736328 3.442715 1.4496078 1.5279516 6.566015 1.5712808 48.350018 -0.9353305697441101 0.2754237949848175
