Pedestrian 0.0 0 1.397229790687561 217.59327697753906 165.86648559570312 255.31838989257812 232.08775329589844 1.064969 1.8961173 0.8168129 -11.094515 1.6964014 21.328154 0.9175674915313721 0.1969703584909439
Pedestrian 0.0 0 3.5297086238861084 276.2966613769531 188.24847412109375 300.02178955078125 226.658203125 0.8352101 1.8039819 0.6999322 -15.440529 2.5490832 34.540024 3.1093249320983887 0.1713784635066986
Car 0.0 0 -0.2421017289161682 15.689127922058105 198.23629760742188 116.27210235595703 232.20230102539062 3.95534 1.5422586 1.5378762 -28.463167 2.943347 37.796356 -0.8875624537467957 0.7037813663482666
Car 0.0 0 -0.7709260582923889 157.21157836914062 177.17835998535156 220.74415588378906 201.00375366210938 3.762949 1.5871508 1.6769749 -29.62628 1.9044366 50.840435 -1.2985507249832153 0.37040507793426514
Car 0.0 0 2.1152100563049316 231.0450897216797 200.3008575439453 303.9513854980469 235.9339141845703 3.2996364 1.4360293 1.5716059 -15.839391 2.7743394 33.448708 1.6729514598846436 0.3271200358867645
Car 0.0 0 1.9411554336547852 608.7265014648438 168.16610717773438 691.3435668945312 215.8785400390625 3.819594 1.514608 1.5764273 1.4216673 1.366151 24.966852 1.9980361461639404 0.23940187692642212
Car 0.0 0 -0.2864059805870056 588.3975219726562 160.58505249023438 651.363525390625 182.8464813232422 4.398795 1.6142753 1.6517848 0.69966817 0.7249563 53.70822 -0.27337950468063354 0.23179788887500763
Car 0.0 0 0.48296767473220825 0.0 206.95225524902344 97.85493469238281 243.79879760742188 3.5350378 1.5581654 1.6272866 -26.344261 3.2038999 33.69645 -0.18058370053768158 0.2161659300327301
Car 0.0 0 -2.276794195175171 843.1575927734375 169.01300048828125 893.6485595703125 188.5861358642578 4.2135687 1.6060804 1.7245909 21.937857 1.2912642 61.478947 -1.9340431690216064 0.19132746756076813
Car 0.0 0 -1.1283700466156006 775.5372924804688 168.74417114257812 845.6752319335938 204.8748779296875 3.7450907 1.5369301 1.6086035 9.076633 1.3624642 32.632122 -0.8570773601531982 0.1898188591003418
