Pedestrian 0.0 0 -0.5387356281280518 1044.1888427734375 176.5549774169922 1094.3956298828125 243.83914184570312 0.9138799 1.6200243 0.49106959 11.182302 1.7122766 17.655539 0.025852441787719727 0.44805455207824707
Pedestrian 0.0 0 -0.5984821915626526 1085.1514892578125 139.46240234375 1140.1702880859375 229.41709899902344 0.681322 1.7603023 0.6014608 9.985049 1.1072279 14.420014 0.0071544647216796875 0.23800350725650787
Pedestrian 0.0 0 2.89392352104187 738.029541015625 166.529541015625 757.0322875976562 212.0823974609375 0.60121965 1.7742609 0.6183634 5.372762 1.5282841 28.42769 3.0807178020477295 0.22783523797988892
Pedestrian 0.0 0 2.1394152641296387 255.4293670654297 178.8521270751953 291.06365966796875 217.57102966308594 1.8265162 1.64621 0.52939916 -14.911282 1.9196414 31.906185 1.7022289037704468 0.16496776044368744
Cyclist 0.0 0 2.112700939178467 256.0442199707031 178.01824951171875 290.5447692871094 216.84800720214844 1.8500283 1.6511022 0.50049907 -14.895201 1.8863966 31.875948 1.6755650043487549 0.31296616792678833
Car 0.0 0 2.194143772125244 0.0 188.2971649169922 181.86221313476562 270.4793701171875 4.1290054 1.6462235 1.6316925 -12.357082 2.0610316 17.294352 1.5737420320510864 0.9389967322349548
Car 0.0 0 1.863542079925537 422.371337890625 182.20774841308594 468.5343933105469 208.28453063964844 4.347435 1.5592378 1.7496945 -10.675691 2.197418 46.969112 1.6400474309921265 0.8028348088264465
Car 0.0 0 -1.6754279136657715 596.2041625976562 179.1766815185547 627.7960815429688 205.3527069091797 3.723688 1.5663182 1.62854 0.05721306 1.9871367 46.04375 -1.6741852760314941 0.6189873814582825
Car 0.0 0 1.942231297492981 247.23023986816406 174.757568359375 388.9606628417969 251.46868896484375 4.24326 1.6155552 1.7274841 -6.890782 1.6674992 17.42459 1.5656421184539795 0.4052686095237732
Car 0.0 0 1.8161709308624268 425.2934875488281 185.2861785888672 483.3872985839844 223.27915954589844 4.060769 1.5158441 1.5929276 -6.9040484 2.1062715 32.18729 1.6048763990402222 0.22006817162036896
Car 0.0 0 -2.7815732955932617 1006.718017578125 175.48748779296875 1060.402587890625 193.12660217285156 3.9257667 1.5600345 1.6765264 38.96909 1.8105266 66.477394 -2.2513623237609863 0.18396063148975372
Car 0.0 0 1.9288026094436646 344.7979736328125 172.18014526367188 441.0078430175781 226.57493591308594 3.9122725 1.5757952 1.6516203 -6.813039 1.5566316 22.908281 1.6397281885147095 0.16510403156280518
Car 0.0 0 1.7340052127838135 167.9000701904297 187.21151733398438 231.5900421142578 231.41033935546875 3.4147637 1.4515748 1.5183787 -15.183672 2.021768 26.769833 1.218057632446289 0.15912260115146637
