Pedestrian 0.0 0 -2.510686159133911 387.7862243652344 172.7086639404297 410.8192138671875 220.43313598632812 0.54917634 1.6856893 0.5921893 -7.591691 1.6809134 25.85445 -2.796290397644043 0.3428494334220886
Pedestrian 0.0 0 1.8091709613800049 408.27716064453125 186.88998413085938 427.3800354003906 232.71572875976562 0.659815 1.5927833 0.51539445 -6.863373 2.0980642 25.617598 1.547402262687683 0.309571772813797
Pedestrian 0.0 0 2.5246474742889404 431.83148193359375 184.29916381835938 452.6034240722656 224.1351318359375 0.6364343 1.6589485 0.5920689 -7.186776 2.1536782 30.729464 2.2949042320251465 0.22656336426734924
Car 0.0 0 -1.4837653636932373 449.0736083984375 179.45236206054688 518.2606201171875 231.23646545410156 3.8175197 1.3742235 1.7117388 -3.7382607 1.5903891 21.622097 -1.654963731765747 0.9679282307624817
Car 0.0 0 2.0591354370117188 0.0 208.77835083007812 376.2313232421875 375.0 3.739799 1.51752 1.6498635 -2.9962504 1.8594356 4.943901 1.5142794847488403 0.9111376404762268
Car 0.0 0 -1.7008672952651978 609.0525512695312 179.4395751953125 654.13232421875 213.24952697753906 3.8352349 1.3826629 1.5173094 0.8683056 1.6956431 32.26369 -1.6739610433578491 0.8296932578086853
Car 0.0 0 -1.733558177947998 623.1484375 169.71142578125 696.9134521484375 232.13363647460938 3.868273 1.7511694 1.6393654 1.4021972 1.663367 22.245195 -1.6706078052520752 0.8198861479759216
Car 0.0 0 1.6234914064407349 495.8316345214844 178.00726318359375 530.7252807617188 210.19329833984375 3.8324807 1.4597341 1.4948282 -4.725893 1.7264528 35.32201 1.490486741065979 0.6168115139007568
Car 0.0 0 -1.6782335042953491 589.23583984375 172.77670288085938 612.0968627929688 190.34938049316406 3.4319556 1.4781656 1.6168154 -0.8555355 1.472022 62.492157 -1.691922903060913 0.40768781304359436
Car 0.0 0 -1.647981882095337 553.281005859375 182.3289794921875 578.308349609375 203.73934936523438 3.5536911 1.4881035 1.5833963 -3.3440418 2.2178411 53.671333 -1.7102073431015015 0.22255361080169678
