Pedestrian 0.0 0 -1.694825530052185 351.02044677734375 185.13916015625 389.7538146972656 270.4275817871094 0.62598574 1.6278449 0.65292835 -4.600157 1.7030017 14.165581 -2.008823871612549 0.5716087222099304
Pedestrian 0.0 0 0.6076933145523071 208.69232177734375 184.8549041748047 284.191162109375 287.7629089355469 1.0730009 1.7577479 0.54327154 -6.277601 1.8196687 12.636757 0.14663052558898926 0.5025357604026794
Pedestrian 0.0 0 2.8155317306518555 730.248779296875 159.20050048828125 823.1614379882812 299.49725341796875 1.0445583 1.8492774 0.78681666 2.3501594 1.556672 9.906161 3.0484673976898193 0.47572287917137146
Pedestrian 0.0 0 -2.6197798252105713 776.1419677734375 147.39564514160156 832.1282958984375 263.4331359863281 0.64821213 1.7843754 0.60278857 3.198073 1.2612348 11.486049 -2.348226547241211 0.26931673288345337
Pedestrian 0.0 0 2.460970163345337 850.3159790039062 154.25152587890625 900.1948852539062 251.09112548828125 0.6378033 1.7615739 0.59809685 5.080801 1.2671744 13.448413 2.822192668914795 0.2476544827222824
Pedestrian 0.0 0 -3.6040401458740234 949.8867797851562 162.65480041503906 1034.788818359375 300.36248779296875 0.8128235 1.7580577 0.5692475 5.088592 1.5188023 9.465094 -3.1107540130615234 0.24029186367988586
Cyclist 0.0 0 -1.9588086605072021 981.0006103515625 159.4918670654297 1071.4605712890625 318.58612060546875 1.1074886 1.7980798 0.55900764 5.0641723 1.550696 8.703116 -1.431818962097168 0.1854449212551117
Cyclist 0.0 0 3.4466323852539062 261.4471435546875 151.33877563476562 448.375244140625 306.1727294921875 1.8788533 1.6523701 0.5736192 -2.7454216 1.3318524 7.97498 3.1150853633880615 0.15364611148834229
Cyclist 0.0 0 1.563362956047058 862.9781494140625 153.16470336914062 896.3233642578125 252.9536590576172 0.9289288 1.7498455 0.549201 5.0356197 1.2542484 13.125045 1.9297086000442505 0.10004682838916779
Car 0.0 0 -2.9873197078704834 984.8633422851562 251.41029357910156 1238.0 374.0 3.8950026 1.4683925 1.5767626 3.7412329 1.9411888 2.7493682 -2.050279140472412 0.26165223121643066
Car 0.0 0 2.9156856536865234 308.8063049316406 176.9259033203125 419.80767822265625 219.8883514404297 3.7495513 1.5305527 1.5156333 -8.977556 1.3686537 27.207811 2.5969719886779785 0.15180155634880066
