Pedestrian 0.0 0 1.4147076606750488 563.900390625 137.09234619140625 600.035888671875 212.060546875 1.0127976 1.7289493 0.7092198 -0.59908676 0.72947055 16.865957 1.379202127456665 0.635382890701294
Pedestrian 0.0 0 1.487038254737854 415.67840576171875 142.44088745117188 445.5213928222656 215.42616271972656 0.87174815 1.7396635 0.6382641 -4.3285465 0.8340959 17.363575 1.2427289485931396 0.5509907603263855
Pedestrian 0.0 0 0.26682841777801514 690.6532592773438 141.5541229248047 761.3480224609375 274.9634704589844 0.8424045 1.7700653 0.59863 1.6392086 1.2550067 9.8243065 0.4321577548980713 0.5298169255256653
Pedestrian 0.0 0 0.4338977336883545 618.51171875 129.0651397705078 723.5753173828125 294.8467102050781 1.0801167 1.8298663 0.6033742 0.7283596 1.2638252 8.329809 0.5211160182952881 0.5229216814041138
Pedestrian 0.0 0 1.2289531230926514 440.4799499511719 150.21035766601562 479.1192321777344 221.76307678222656 0.9641699 1.7405052 0.664975 -3.6959262 1.0053152 17.778522 1.0239853858947754 0.5024845600128174
Pedestrian 0.0 0 0.7998578548431396 686.1297607421875 137.076171875 773.1408081054688 288.5240783691406 0.93587095 1.7673237 0.57424855 1.4883565 1.2622719 8.794175 0.9675126075744629 0.5014234781265259
Pedestrian 0.0 0 0.9056228995323181 238.26280212402344 137.8052978515625 291.81634521484375 238.9104461669922 0.63967717 1.6752962 0.5478928 -5.8596888 0.9695024 12.097271 0.45454835891723633 0.4504716694355011
Pedestrian 0.0 0 1.2677634954452515 492.46478271484375 134.71173095703125 527.0841674804688 208.75430297851562 0.9404705 1.7693988 0.59025544 -2.3949738 0.67679614 17.442532 1.131310224533081 0.427595853805542
Pedestrian 0.0 0 1.630054235458374 435.9023132324219 138.6381378173828 461.6744689941406 203.7353515625 0.90025026 1.8722303 0.69169927 -4.6273384 0.66983116 20.829435 1.4114505052566528 0.42742112278938293
Pedestrian 0.0 0 1.6074696779251099 532.9033813476562 143.372802734375 565.9484252929688 221.7327880859375 1.0183173 1.78151 0.73953885 -1.331352 0.939035 16.594463 1.5274124145507812 0.34841427206993103
Pedestrian 0.0 0 1.7231496572494507 524.0682373046875 142.84979248046875 550.399658203125 210.4197540283203 0.87596333 1.7043988 0.5537461 -1.7815695 0.75629526 18.282368 1.6260089874267578 0.24974937736988068
