Pedestrian 0.0 0 -1.965014100074768 0.0 168.70228576660156 71.43648529052734 321.9985656738281 0.8577038 1.7936819 0.59514284 -7.2660336 1.7454616 8.904692 -2.6494221687316895 0.34929829835891724
Pedestrian 0.0 0 -0.6396996974945068 794.2449951171875 157.0660858154297 825.2916870117188 209.47450256347656 0.9113082 1.7979275 0.5233879 6.9203854 1.2566638 25.159563 -0.37127789855003357 0.22557666897773743
Pedestrian 0.0 0 -1.5456883907318115 1132.3602294921875 139.1195526123047 1161.9366455078125 201.94107055664062 0.45530674 1.9119676 0.72459984 16.600636 0.8856206 22.359716 -0.9070465564727783 0.17756682634353638
Pedestrian 0.0 0 3.4001598358154297 214.55764770507812 166.73776245117188 306.72064208984375 321.384033203125 0.8716578 1.7274208 0.47571215 -4.0908504 1.6594595 8.375038 2.945788860321045 0.12139289081096649
Car 0.0 0 2.267019033432007 463.76885986328125 178.4718475341797 675.5382690429688 276.4664001464844 4.197698 1.516962 1.6598952 -0.6398705 1.6400726 13.589563 2.219968318939209 0.9647678136825562
Car 0.0 0 1.1521682739257812 747.0316772460938 192.52304077148438 1186.950439453125 375.0 3.9050658 1.472108 1.6319783 2.3697276 1.6924495 6.078479 1.5238988399505615 0.9480765461921692
Car 0.0 0 -2.686065673828125 308.6943359375 173.45333862304688 386.9013366699219 202.68878173828125 3.8125758 1.60999 1.6692148 -14.831292 1.6451052 40.80787 -3.0346648693084717 0.19321922957897186
Car 0.0 0 1.3000656366348267 797.6632080078125 178.8158416748047 933.646728515625 262.84991455078125 4.1484985 1.532655 1.6655852 5.2695456 1.6792188 15.574702 1.6263154745101929 0.17166489362716675
Car 0.0 0 2.791886806488037 550.7099609375 176.7394561767578 669.332275390625 221.83045959472656 4.0470257 1.5528754 1.6538721 -0.04937718 1.7042762 26.573137 2.7900285720825195 0.1458459347486496
Car 0.0 0 2.6093850135803223 479.0666809082031 174.9859619140625 623.0528564453125 229.45785522460938 4.0800304 1.4952124 1.6100565 -1.7743261 1.5653452 21.779102 2.528095245361328 0.12641002237796783
Car 0.0 0 1.4362599849700928 838.8930053710938 176.9590301513672 921.398681640625 238.24803161621094 3.889708 1.4621774 1.5573145 7.156243 1.58556 19.554537 1.787084698677063 0.12487367540597916
