Car 0.0 0 -1.3473796844482422 359.2866516113281 183.58148193359375 472.4625244140625 253.638427734375 4.22622 1.4740225 1.7109333 -4.486148 1.4407691 17.259716 -1.6016730070114136 0.9619966745376587
Car 0.0 0 -1.1001579761505127 79.96320343017578 195.5983428955078 351.8107604980469 336.55010986328125 3.3625324 1.3554034 1.5280862 -4.556601 1.5086405 8.842275 -1.575986385345459 0.9612782597541809
Car 0.0 0 -1.587760329246521 581.47900390625 176.5918426513672 662.6976928710938 252.6244659423828 3.5022626 1.5754472 1.6832027 0.24491268 1.3978863 16.644426 -1.5730470418930054 0.9560855031013489
Car 0.0 0 -1.1528985500335693 214.8065185546875 181.9571075439453 308.7007751464844 222.21466064453125 3.9220538 1.3368754 1.5819253 -12.354441 1.2297955 25.850391 -1.5987273454666138 0.9442827701568604
Car 0.0 0 -1.0404117107391357 53.95649719238281 188.86587524414062 259.2336730957031 276.8973693847656 3.6718047 1.4225922 1.6385401 -8.333795 1.5022875 13.617447 -1.5896035432815552 0.9094577431678772
Car 0.0 0 2.03132963180542 225.1367645263672 176.4964141845703 268.2709655761719 194.1075897216797 4.0235205 1.4399855 1.6439419 -30.485613 0.728181 60.789047 1.566483974456787 0.902381420135498
Car 0.0 0 -1.226298451423645 335.896728515625 185.25799560546875 416.70977783203125 226.06130981445312 3.8306396 1.3731644 1.5927656 -8.349228 1.3759487 26.13432 -1.5355238914489746 0.7986441254615784
Car 0.0 0 2.088864326477051 155.4086456298828 178.15037536621094 218.13528442382812 204.0683135986328 3.9949737 1.5498068 1.6223106 -26.285421 1.128455 44.98748 1.5600816011428833 0.5914623141288757
Car 0.0 0 2.184220552444458 391.7895812988281 172.9606475830078 432.4140625 193.97607421875 3.8015525 1.8601727 1.7070017 -17.850008 0.7765542 65.703384 1.918947696685791 0.5406028628349304
Car 0.0 0 1.7151578664779663 667.8319702148438 180.77586364746094 696.166259765625 198.78941345214844 3.9773078 1.4632068 1.8218565 6.2739086 1.1036991 60.538853 1.8184236288070679 0.47063153982162476
Car 0.0 0 -0.7697978019714355 0.0 195.06605529785156 59.76219940185547 290.8214416503906 4.1303906 1.477924 1.649099 -12.89323 1.6945245 13.621899 -1.527721643447876 0.46177080273628235
Car 0.0 0 1.2749638557434082 555.2160034179688 184.92474365234375 593.2373657226562 207.46148681640625 3.7193005 1.4810357 1.5807108 -2.3581266 1.4630458 49.254124 1.2271236181259155 0.46090519428253174
