Pedestrian 0.0 0 2.2746288776397705 372.59912109375 185.85336303710938 392.0259704589844 222.33078002929688 0.5562646 1.7874808 0.74179363 -11.409715 2.4443865 36.039368 1.9680218696594238 0.1791384369134903
Pedestrian 0.0 0 -3.4556074142456055 1126.2015380859375 103.0223617553711 1242.0 375.0 0.807435 1.7946922 0.5057591 3.4345608 1.4351767 4.10113 -2.758434534072876 0.13270063698291779
Cyclist 0.0 0 -3.3077588081359863 766.9161376953125 194.47259521484375 814.9465942382812 238.67340087890625 2.0110471 1.9418275 0.7105055 8.108846 2.930525 32.551376 -3.0636186599731445 0.21234503388404846
Car 0.0 0 -0.2662862241268158 764.9375610351562 199.74533081054688 838.7269287109375 236.61846923828125 2.9105334 1.5644356 1.5403904 8.571925 2.8066268 32.53486 -0.008671609684824944 0.5441656708717346
Car 0.0 0 2.4233078956604004 293.1799011230469 190.4871368408203 361.05316162109375 218.50022888183594 3.62228 1.490354 1.5564079 -16.766039 2.585402 42.825405 2.0501527786254883 0.24935738742351532
Car 0.0 0 2.668313980102539 629.2662963867188 188.8940887451172 703.1851806640625 216.90618896484375 3.9513752 1.4898468 1.6066183 3.208444 2.4484482 41.59859 2.7452902793884277 0.20582851767539978
Car 0.0 0 1.9258078336715698 458.1727600097656 190.1132354736328 498.3010559082031 212.5322265625 3.952319 1.4922596 1.647695 -9.716597 2.818335 53.33071 1.7455894947052002 0.18384693562984467
Car 0.0 0 1.7710163593292236 32.65144348144531 203.84524536132812 107.25109100341797 249.32838439941406 3.2915626 1.3917804 1.5585083 -19.695303 2.603478 26.3787 1.129671335220337 0.16486668586730957
Car 0.0 0 1.6395084857940674 115.5455322265625 191.14144897460938 155.49546813964844 221.7054901123047 3.530746 1.5190871 1.6180849 -26.359747 2.5851574 40.110054 1.058098554611206 0.14642325043678284
Car 0.0 0 1.2928893566131592 687.3865966796875 186.7008819580078 727.7750244140625 212.53988647460938 3.7377598 1.5387024 1.639752 6.2826986 2.4796374 47.041374 1.425660490989685 0.12837669253349304
