Pedestrian 0.0 0 1.1221718788146973 942.727294921875 152.79042053222656 965.0504150390625 196.07748413085938 0.56730944 1.6988928 0.6128105 13.585848 0.9118135 28.600763 1.56563401222229 0.6348708271980286
Pedestrian 0.0 0 -1.5756877660751343 800.2930908203125 156.6544647216797 811.1210327148438 184.1508331298828 0.70780605 1.7263522 0.6572536 12.36824 0.70962703 45.72512 -1.3115181922912598 0.5104581713676453
Pedestrian 0.0 0 -3.727555990219116 1193.3885498046875 111.85319519042969 1242.0 194.58990478515625 0.74359244 1.8355917 0.6686906 13.830499 0.4825895 16.380123 -3.026353359222412 0.47353285551071167
Pedestrian 0.0 0 -2.553577423095703 834.3746948242188 157.48912048339844 851.9072875976562 189.8860626220703 0.64438105 1.7988428 0.72359437 13.0639715 0.9460646 40.537975 -2.2418212890625 0.4389277994632721
Pedestrian 0.0 0 -2.0673162937164307 204.0254364013672 165.89866638183594 222.4530487060547 193.00523376464844 0.8246624 1.6520628 0.68532294 -24.494263 1.2285138 44.483906 -2.5706446170806885 0.32887130975723267
Cyclist 0.0 0 -0.7297223210334778 1008.6124877929688 124.163818359375 1069.3797607421875 175.4443359375 1.7949591 1.7553542 0.7342102 14.949861 0.0890263 25.229687 -0.19479846954345703 0.329235702753067
Car 0.0 0 2.120741605758667 66.50362396240234 186.8617401123047 205.6185302734375 241.8015594482422 4.008519 1.4288272 1.6560608 -14.185924 1.8921828 21.820744 1.5442878007888794 0.9168658256530762
Car 0.0 0 1.8575767278671265 350.6113586425781 179.4563751220703 393.760986328125 205.49435424804688 3.941249 1.5433755 1.5487298 -15.058834 1.9808226 45.77053 1.5397247076034546 0.763523280620575
Car 0.0 0 -1.7813737392425537 583.2366943359375 170.0703582763672 612.4459228515625 188.85704040527344 3.6785798 1.4502656 1.5954784 -1.0290684 1.2357349 57.66954 -1.7992160320281982 0.6761026382446289
Car 0.0 0 -1.1011546850204468 252.04998779296875 156.9248504638672 308.7241516113281 188.30474853515625 3.1379187 1.7061487 1.6797651 -18.628092 0.84042734 40.830338 -1.5291787385940552 0.5175914764404297
Car 0.0 0 1.2992148399353027 1091.0745849609375 148.06594848632812 1169.302978515625 189.2086944580078 3.6446316 1.5131588 1.5756735 20.410643 0.60185516 28.516106 1.9204387664794922 0.4777144193649292
Car 0.0 0 -2.529078483581543 157.93226623535156 164.4603729248047 227.41378784179688 192.2882080078125 3.4598143 1.6915761 1.5720776 -25.911125 1.1817083 44.79265 -3.0535151958465576 0.4352152347564697
Car 0.0 0 -1.9478155374526978 781.2940673828125 161.20098876953125 827.4785766601562 185.77268981933594 3.8445647 1.5468122 1.6223154 12.687424 0.81360173 47.42174 -1.6863938570022583 0.3807070553302765
Car 0.0 0 -1.4126405715942383 910.8211669921875 151.37335205078125 952.319091796875 178.40765380859375 3.9351273 1.5242854 1.6494185 19.067314 0.31349108 42.77875 -0.9933521747589111 0.3281921446323395
