Pedestrian 0.0 0 2.4658522605895996 566.9369506835938 174.83042907714844 613.0204467773438 251.25332641601562 0.8405181 1.6145272 0.55797595 -0.28496116 1.474856 15.656344 2.447653293609619 0.6486257910728455
Pedestrian 0.0 0 0.4529154896736145 459.3022766113281 175.1723175048828 505.16290283203125 254.8618621826172 0.79675573 1.6669196 0.58388954 -2.5905578 1.5357934 15.415883 0.286426305770874 0.5430023670196533
Pedestrian 0.0 0 2.8623931407928467 533.6279907226562 168.95509338378906 569.8034057617188 232.7268829345703 0.8514948 1.6860397 0.5637885 -1.3774533 1.3555366 19.400005 2.7915093898773193 0.48064297437667847
Pedestrian 0.0 0 1.5381009578704834 613.13623046875 165.361328125 632.1788330078125 221.8684844970703 0.6162811 1.8442707 0.60799295 0.67255306 1.3186307 23.751749 1.5664093494415283 0.4427395164966583
Pedestrian 0.0 0 1.5174497365951538 601.4644165039062 165.2770233154297 618.0022583007812 211.0419464111328 0.47425914 1.9279907 0.6772173 0.33459562 1.2455215 30.51076 1.5284157991409302 0.3403501808643341
Pedestrian 0.0 0 0.046091996133327484 553.1370239257812 175.97128295898438 577.112060546875 226.3380584716797 0.75160843 1.6123406 0.58190227 -1.1981487 1.4364543 23.285664 -0.005317016504704952 0.33707836270332336
Pedestrian 0.0 0 2.1296722888946533 773.4671630859375 155.49853515625 805.0916748046875 218.60195922851562 0.6683328 1.6643606 0.55605763 5.036343 0.9797365 19.375175 2.3839821815490723 0.3059396743774414
Pedestrian 0.0 0 0.47226452827453613 5.933979511260986 196.69003295898438 140.78941345214844 374.0 0.8103022 1.6258271 0.6903324 -5.038821 1.7803917 6.835788 -0.16294465959072113 0.29556548595428467
Pedestrian 0.0 0 3.2820849418640137 348.1043395996094 187.69183349609375 394.2305908203125 277.0906677246094 0.7983817 1.7318428 0.6344957 -4.6263275 1.8600478 14.346379 2.970139980316162 0.280631959438324
Pedestrian 0.0 0 -1.6028257608413696 705.8670654296875 161.7155303955078 721.8870849609375 202.44833374023438 0.86214054 1.8365239 0.6949445 5.126143 0.94543916 32.85539 -1.448052167892456 0.20331330597400665
Pedestrian 0.0 0 -1.8377634286880493 685.5128173828125 163.0142364501953 699.965087890625 192.55970764160156 0.7592297 1.7534156 0.6822259 5.472024 0.65711844 43.051586 -1.7113374471664429 0.1705230176448822
Pedestrian 0.0 0 3.237715482711792 485.4407958984375 190.1048126220703 519.4225463867188 257.3526611328125 0.7791776 1.6177697 0.5527139 -2.4594913 1.8338652 17.645638 3.0992252826690674 0.16944845020771027
Cyclist 0.0 0 1.6570144891738892 737.2951049804688 177.3955841064453 768.3568115234375 260.45770263671875 1.6692085 1.5992528 0.48443687 3.0753832 1.5214819 14.696992 1.8632906675338745 0.2582049071788788
Cyclist 0.0 0 2.476773262023926 570.482421875 176.22723388671875 615.705322265625 252.74191284179688 0.81808484 1.618622 0.5556615 -0.2176218 1.5083109 15.666381 2.462883234024048 0.10371173918247223
