Car 0.0 0 -1.569307565689087 545.6112670898438 188.48406982421875 724.4797973632812 340.79302978515625 3.6116507 1.3500643 1.6833597 0.22773911 1.5763223 8.5969305 -1.5428229570388794 0.9701842665672302
Car 0.0 0 -1.4155646562576294 470.328857421875 170.13067626953125 534.0673217773438 224.2008819580078 3.850717 1.723261 1.5985378 -3.6842833 1.6368245 24.925316 -1.5623149871826172 0.9117943048477173
Car 0.0 0 -1.75116765499115 690.885986328125 179.15719604492188 756.2401733398438 222.90603637695312 4.6217885 1.5097418 1.6705264 4.245965 1.774281 27.904108 -1.600163221359253 0.8859192132949829
Car 0.0 0 -1.3740816116333008 414.9743347167969 179.4843292236328 516.064697265625 246.3796844482422 4.475961 1.47798 1.6971339 -3.622018 1.6701142 18.62515 -1.5661535263061523 0.8472900390625
Car 0.0 0 -0.8674289584159851 0.0 199.40499877929688 315.3270263671875 375.0 4.0665255 1.5286146 1.6720873 -3.2157087 1.7404836 3.7021756 -1.5826225280761719 0.8457682132720947
Car 0.0 0 -2.196014404296875 917.6513671875 146.32810974121094 1242.0 375.0 4.20833 1.5577041 1.6510868 3.3751912 1.4817955 4.214615 -1.520767331123352 0.6836268901824951
Car 0.0 0 2.833831310272217 554.0425415039062 170.337890625 608.6224365234375 187.18202209472656 4.6143446 1.4808398 1.7067358 -2.6041343 1.259996 65.01927 2.7938010692596436 0.6126164793968201
Car 0.0 0 1.503544807434082 582.847412109375 173.19769287109375 650.8029174804688 232.78160095214844 3.405029 1.4353136 1.5546064 0.05534054 1.4456267 19.147497 1.5064350366592407 0.6058379411697388
Car 0.0 0 -1.7078123092651367 671.7615966796875 166.9534912109375 716.8843383789062 208.33645629882812 4.1219854 1.9222537 1.6501004 4.057961 1.6485304 35.592743 -1.5942915678024292 0.5686641931533813
Car 0.0 0 -1.6125454902648926 603.3215942382812 177.18316650390625 640.6928100585938 210.81349182128906 3.556875 1.5369074 1.6674712 0.50263613 1.7594975 35.235825 -1.5982815027236938 0.4928928315639496
Car 0.0 0 -1.8883322477340698 779.3433227539062 191.53297424316406 1001.582275390625 337.3552551269531 3.4621415 1.4230118 1.5622677 3.2670896 1.7077583 9.234494 -1.548283338546753 0.4149559438228607
