Pedestrian 0.0 0 -0.09127345681190491 352.2414245605469 154.827880859375 369.1634521484375 192.32009887695312 0.6133477 1.5716432 0.7565665 -10.656768 0.8163612 30.714636 -0.4252379834651947 0.6479865312576294
Pedestrian 0.0 0 -0.14478980004787445 727.3435668945312 165.1866455078125 737.7383422851562 184.67202758789062 0.924447 1.8434489 0.3979612 11.609271 1.1184237 68.469246 0.02316737174987793 0.303835391998291
Pedestrian 0.0 0 1.6548058986663818 800.2682495117188 126.13079833984375 826.2404174804688 191.5396270751953 0.77592754 1.7778739 0.63477224 5.615238 0.5082509 20.08369 1.927436113357544 0.29071033000946045
Cyclist 0.0 0 0.9857708215713501 940.2943725585938 138.46421813964844 976.1611938476562 178.0359649658203 1.6095777 1.7610153 0.7008617 15.846266 0.23096475 32.95206 1.4340126514434814 0.6014635562896729
Car 0.0 0 1.814918875694275 398.6543273925781 172.57276916503906 439.27349853515625 201.74952697753906 4.4495387 1.9606718 1.7366728 -13.395709 1.9421308 50.72121 1.556709885597229 0.9302438497543335
Car 0.0 0 -1.6645548343658447 592.8795776367188 175.90089416503906 625.15283203125 201.02239990234375 4.338017 1.5313168 1.6835793 -0.1415151 1.7386185 46.763275 -1.6675810813903809 0.8404133915901184
Car 0.0 0 3.078425407409668 628.8558959960938 164.08309936523438 671.3880004882812 180.69192504882812 3.9357674 1.5576789 1.6037524 3.767202 0.73544735 68.485565 3.1333773136138916 0.6117563247680664
Car 0.0 0 2.5408825874328613 782.1882934570312 162.81329345703125 846.0680541992188 185.83319091796875 4.0000415 1.5308163 1.6056292 13.93563 0.86347014 49.37975 2.8159427642822266 0.4195946156978607
Car 0.0 0 -0.8948700428009033 334.2981262207031 154.87843322753906 418.18084716796875 191.07611083984375 3.6829433 1.5219473 1.6317742 -10.437099 0.76651454 32.345898 -1.2069944143295288 0.3661665618419647
Car 0.0 0 2.071791887283325 320.0895690917969 164.31031799316406 360.39935302734375 183.64369201660156 3.7299 1.5937662 1.6245035 -22.945108 0.88981676 61.439972 1.7143758535385132 0.3637878894805908
Car 0.0 0 2.0908868312835693 335.49102783203125 165.98440551757812 375.2050476074219 185.12322998046875 4.0333085 1.7139623 1.6839478 -23.527449 1.0991199 66.74935 1.7520092725753784 0.3336378037929535
Car 0.0 0 2.0980417728424072 100.61769104003906 148.81814575195312 209.39254760742188 193.83181762695312 3.9054253 1.5392084 1.65287 -16.70032 0.71767837 26.648283 1.5382252931594849 0.264580637216568
