Pedestrian 0.0 0 1.163361668586731 969.9263305664062 148.18028259277344 1000.4287719726562 201.12014770507812 0.8358819 1.7692361 0.6407964 12.712685 0.9450053 24.550285 1.6411652565002441 0.5163319110870361
Pedestrian 0.0 0 2.686838150024414 188.31655883789062 154.37342834472656 211.51742553710938 196.30133056640625 0.65246195 1.7758231 0.63868433 -17.663643 0.99345154 31.006845 2.1690194606781006 0.46682441234588623
Pedestrian 0.0 0 -2.2387259006500244 1034.7027587890625 136.54173278808594 1065.0535888671875 193.6933135986328 0.54598325 1.8831683 0.67083967 14.634251 0.687022 24.083982 -1.6927119493484497 0.4402589499950409
Pedestrian 0.0 0 -1.9983463287353516 847.6150512695312 150.90170288085938 869.18701171875 193.25559997558594 0.56342196 1.7784708 0.6936083 10.493821 0.85703564 30.609211 -1.6680713891983032 0.4315067529678345
Pedestrian 0.0 0 -3.7969789505004883 1174.40673828125 125.5819320678711 1225.4737548828125 207.7044219970703 0.6733945 1.7508311 0.5312393 12.7421055 0.7433603 15.655132 -3.113804578781128 0.38463911414146423
Pedestrian 0.0 0 3.412950038909912 349.7234802246094 122.85643768310547 435.2630920410156 277.0362854003906 0.901676 1.8526161 0.55944014 -2.7384062 1.2522061 8.958248 3.1162853240966797 0.34104734659194946
Pedestrian 0.0 0 -0.3683919310569763 965.33447265625 155.95762634277344 982.7177734375 190.99246215820312 0.59805626 1.787654 0.66929144 18.715733 0.92587435 37.176052 0.09800004959106445 0.3334607481956482
Pedestrian 0.0 0 0.31974267959594727 591.6760864257812 161.95306396484375 602.14697265625 183.64646911621094 0.7429863 1.7891401 0.52040833 -1.1082437 0.8904548 59.863976 0.30123209953308105 0.2983042895793915
Pedestrian 0.0 0 0.6082350611686707 81.03135681152344 159.39013671875 100.72399139404297 189.4742431640625 0.80003923 1.816391 0.55145246 -31.575228 1.00384 43.84363 -0.015905335545539856 0.2885850965976715
Cyclist 0.0 0 0.30355551838874817 304.7365417480469 165.3191375732422 331.3199768066406 185.44064331054688 2.038202 1.7389061 0.666516 -25.414005 1.088099 62.767555 -0.08115994185209274 0.27082303166389465
Car 0.0 0 0.7285526394844055 55.87434387207031 186.44927978515625 296.3075866699219 263.49896240234375 4.468656 1.4950997 1.7382189 -9.431875 1.8156388 15.718546 0.18809819221496582 0.8945742845535278
Car 0.0 0 -1.0886130332946777 215.08514404296875 166.16355895996094 263.6065368652344 189.94483947753906 3.6386778 1.6253785 1.549122 -26.238533 1.1684647 51.137726 -1.562682032585144 0.42998838424682617
Car 0.0 0 -2.514998435974121 241.61985778808594 169.0552215576172 292.6284484863281 184.25469970703125 4.317289 1.4346731 1.5800822 -32.923637 1.0764654 69.272446 -2.9586732387542725 0.3205592930316925
Car 0.0 0 1.5527716875076294 605.014404296875 159.58975219726562 644.8482055664062 196.8164825439453 4.1695957 1.5434828 1.6515751 0.5775464 0.99388283 31.998243 1.5708190202713013 0.27057886123657227
Car 0.0 0 3.178302526473999 109.23556518554688 161.82907104492188 203.2801055908203 194.68324279785156 3.947834 1.5826786 1.6690266 -22.869392 1.0519347 36.46525 2.618154525756836 0.266693115234375
Car 0.0 0 -0.9175585508346558 939.919921875 145.6871337890625 1031.55322265625 182.08290100097656 3.7172165 1.505595 1.6061646 16.295893 0.38213283 31.361343 -0.4383406341075897 0.2662575840950012
Car 0.0 0 2.2350897789001465 374.2763366699219 169.63626098632812 420.8326721191406 190.48899841308594 3.9956167 1.6799872 1.6117939 -17.722555 1.4211103 60.281708 1.949150800704956 0.2639475464820862
