Pedestrian 0.0 0 -3.0537586212158203 1000.957763671875 188.77706909179688 1027.1328125 235.94728088378906 0.8162001 1.7537837 0.74549794 15.485281 2.3779047 27.724709 -2.544384717941284 0.22927898168563843
Pedestrian 0.0 0 -2.7823283672332764 956.4290771484375 159.10435485839844 985.4050903320312 206.915771484375 0.8226144 1.8991264 0.79731375 14.57992 1.3533324 29.230274 -2.3196451663970947 0.12630121409893036
Car 0.0 0 1.7719380855560303 382.8690185546875 185.07113647460938 429.2660217285156 217.82302856445312 3.502467 1.5449368 1.6350683 -10.490347 2.205595 37.187504 1.4969892501831055 0.8964122533798218
Car 0.0 0 1.9157683849334717 270.30780029296875 188.07958984375 365.69403076171875 238.9123077392578 4.1948695 1.5019516 1.7023442 -9.9082155 2.068828 24.71754 1.5345228910446167 0.8492315411567688
Car 0.0 0 1.3842275142669678 713.8248901367188 179.53628540039062 760.8490600585938 212.53915405273438 3.9072566 1.4958696 1.5664309 6.157326 1.8428689 35.461864 1.5561459064483643 0.3878476619720459
Car 0.0 0 1.4232712984085083 483.5098876953125 177.49290466308594 514.8159790039062 199.9497833251953 4.043767 1.5462421 1.6800148 -8.168908 1.8998297 52.758656 1.269655704498291 0.2096039056777954
Car 0.0 0 2.0352840423583984 44.743228912353516 162.9872589111328 106.75857543945312 193.87387084960938 3.8562207 1.9761736 1.7932625 -35.64449 1.3452413 48.215534 1.398682951927185 0.1449708342552185
Car 0.0 0 2.1291866302490234 212.93621826171875 167.84408569335938 269.6080322265625 195.24403381347656 3.836875 1.8096081 1.6970247 -25.323915 1.4790902 49.635292 1.6574125289916992 0.14113593101501465
Car 0.0 0 -0.8245251774787903 269.65863037109375 164.5953826904297 341.5087890625 194.56094360351562 4.2515635 1.7894839 1.7399447 -19.09481 1.2966532 45.381077 -1.222804069519043 0.13694606721401215
Car 0.0 0 1.0012733936309814 914.7935791015625 197.37954711914062 992.6461181640625 230.5521697998047 4.2779613 1.5081599 1.68177 18.113514 2.8870895 38.325783 1.4427776336669922 0.12435340136289597
