Pedestrian 0.0 0 -2.0021748542785645 118.36544036865234 171.88955688476562 203.6570587158203 313.76220703125 0.8889247 1.8233336 0.6710539 -6.148079 1.8112967 9.79441 -2.562722682952881 0.3252810537815094
Pedestrian 0.0 0 2.4186151027679443 104.08615112304688 199.8769989013672 160.89279174804688 295.3820495605469 0.71417564 1.5570705 0.421001 -8.239738 2.03637 12.386124 1.8316011428833008 0.3029552698135376
Car 0.0 0 -1.8546984195709229 697.8831787109375 175.95591735839844 848.2334594726562 277.498046875 3.9175246 1.605677 1.6642821 2.814262 1.6729697 13.548575 -1.6498943567276 0.9586887359619141
Car 0.0 0 -2.2606186866760254 690.806884765625 175.4409637451172 750.8457641601562 204.4251708984375 3.3574839 1.4757442 1.3658509 5.8855433 1.6218089 38.84554 -2.110250949859619 0.8516820073127747
Car 0.0 0 1.4079455137252808 617.0986938476562 175.3805694580078 647.2053833007812 199.32125854492188 3.4135294 1.6245449 1.5947605 1.5083114 1.8102648 51.135685 1.4374332427978516 0.7695993185043335
Car 0.0 0 0.21642635762691498 301.0165100097656 180.88526916503906 470.63861083984375 242.662109375 4.273729 1.6198516 1.6497765 -6.1985264 1.8558655 20.172318 -0.0816948264837265 0.6808860301971436
Car 0.0 0 0.4694492220878601 169.38433837890625 184.4287567138672 382.20025634765625 259.2932434082031 3.803375 1.4715246 1.5545723 -7.0312676 1.7308773 15.292366 0.03848433494567871 0.6385078430175781
Car 0.0 0 -1.1410331726074219 89.63313293457031 168.34750366210938 378.64471435546875 336.7773742675781 3.2975338 1.4248254 1.4525837 -3.7683523 1.387061 7.76544 -1.5928293466567993 0.4792594313621521
Car 0.0 0 0.24682912230491638 375.7587890625 176.99960327148438 477.6853942871094 213.80224609375 3.8246312 1.4776052 1.6126899 -7.5947347 1.6547514 29.958 -0.001452915370464325 0.4703359007835388
Car 0.0 0 0.35197263956069946 340.0866394042969 183.79974365234375 460.3116455078125 233.0477294921875 3.3297489 1.4686073 1.5004212 -6.612325 1.8274002 22.76148 0.06924939155578613 0.2583177983760834
