Pedestrian 0.0 0 1.6251676082611084 342.640625 142.4171905517578 370.04608154296875 202.66685485839844 0.538246 1.7268336 0.72704685 -7.4370446 0.85483325 21.038052 1.2853741645812988 0.6479970812797546
Pedestrian 0.0 0 1.5361483097076416 438.9561462402344 156.7353973388672 452.73681640625 192.48651123046875 0.67417985 1.8139812 0.6655422 -8.462086 0.99649507 37.018627 1.3114194869995117 0.5702521800994873
Pedestrian 0.0 0 1.6934726238250732 819.4640502929688 130.1532440185547 843.376220703125 187.21795654296875 0.856826 1.8412484 0.6557992 7.264332 0.46382466 23.803114 1.9896786212921143 0.5575835704803467
Car 0.0 0 -1.7525564432144165 650.5784912109375 180.137939453125 736.6673583984375 246.73977661132812 3.547703 1.5736108 1.6441281 2.0842435 1.7870518 19.275167 -1.6448439359664917 0.9616738557815552
Car 0.0 0 -1.831472396850586 686.973876953125 182.81680297851562 808.431396484375 272.1192932128906 3.331907 1.5446231 1.5708109 2.5996325 1.7702906 14.588698 -1.6551283597946167 0.942693293094635
Car 0.0 0 -1.9779119491577148 771.253662109375 184.91738891601562 1046.60107421875 371.83544921875 3.3309233 1.5823286 1.5434145 2.9634025 1.745477 8.029718 -1.6243641376495361 0.9423524141311646
Car 0.0 0 1.7282533645629883 414.04901123046875 185.07095336914062 496.07440185546875 244.59158325195312 3.9036748 1.4274969 1.6348794 -4.2533455 1.802116 20.110317 1.5198242664337158 0.9355477690696716
Car 0.0 0 -1.728894829750061 631.9511108398438 183.28173828125 698.4237060546875 231.43043518066406 4.228353 1.4711924 1.6428223 1.7867723 1.8667486 25.164928 -1.6580113172531128 0.8768983483314514
Car 0.0 0 -2.31479811668396 935.81396484375 208.09141540527344 1242.0 375.0 3.8809953 1.4250705 1.5924642 2.9500372 1.6699448 3.0437138 -1.545027732849121 0.8677840232849121
Car 0.0 0 2.2559564113616943 0.0 197.5997772216797 277.5691833496094 375.0 3.9199846 1.4800813 1.6117871 -3.4470623 1.6800551 3.8206275 1.5219138860702515 0.8199478983879089
Car 0.0 0 1.7238858938217163 452.7021179199219 185.75619506835938 510.7169189453125 230.73886108398438 3.6306107 1.4387105 1.5176793 -4.585992 1.9360113 25.95667 1.5490118265151978 0.6361957788467407
Car 0.0 0 -1.281604528427124 493.5744323730469 159.25103759765625 530.5248413085938 183.53114318847656 3.3739154 1.5602456 1.5469326 -6.5275583 0.686474 48.14932 -1.4163521528244019 0.5427066683769226
