Pedestrian 0.0 0 -1.9199146032333374 918.0512084960938 98.36366271972656 997.7927856445312 240.35357666015625 0.7659318 1.7235965 0.68892384 4.345644 0.81972617 9.169345 -1.477338194847107 0.6130598187446594
Pedestrian 0.0 0 -0.197190523147583 1112.1553955078125 40.545997619628906 1222.7705078125 228.2246551513672 0.7884451 1.7899274 0.56078327 5.556814 0.52843845 7.303397 0.4532206058502197 0.43790480494499207
Pedestrian 0.0 0 2.4254801273345947 1007.7784423828125 48.03043746948242 1134.7730712890625 244.54879760742188 0.82286656 1.8050473 0.637354 4.401092 0.65888417 7.00306 2.986558437347412 0.3470785319805145
Pedestrian 0.0 0 0.4379352927207947 1134.308837890625 66.28617095947266 1242.0 233.63113403320312 0.76355743 1.7322863 0.5850407 6.3012624 0.629498 7.938452 1.1088626384735107 0.29003968834877014
Cyclist 0.0 0 1.2358794212341309 1150.6798095703125 73.71162414550781 1242.0 225.17982482910156 1.6017857 1.7419182 0.6009038 7.4548125 0.60211647 9.150451 1.91951584815979 0.2847650349140167
Cyclist 0.0 0 -1.9064056873321533 918.1695556640625 98.25212097167969 999.6881713867188 241.15916442871094 0.81543535 1.7264948 0.6978364 4.3504124 0.82556915 9.15725 -1.4628933668136597 0.1789868175983429
Cyclist 0.0 0 0.876308023929596 997.2504272460938 46.53886795043945 1147.4710693359375 247.28265380859375 1.1995195 1.7799743 0.59665287 4.393187 0.6603091 7.029708 1.4348684549331665 0.1458834707736969
Car 0.0 0 1.8365883827209473 376.3539733886719 180.9647216796875 444.9129333496094 222.54762268066406 3.918328 1.4655014 1.6024145 -7.72891 1.8043871 28.152136 1.568649172782898 0.9612220525741577
Car 0.0 0 -1.4276518821716309 794.9751586914062 157.72518920898438 823.590576171875 179.5733184814453 3.7456975 1.6339293 1.6245813 15.46925 0.5028665 55.999374 -1.1581335067749023 0.43657559156417847
Car 0.0 0 -2.397627115249634 201.8502197265625 168.11634826660156 256.09820556640625 184.9261016845703 4.358642 1.4753826 1.6125296 -34.159626 1.0599201 64.66174 -2.883643388748169 0.3299330174922943
Car 0.0 0 1.9276708364486694 629.3901977539062 161.20677185058594 668.8540649414062 185.2676544189453 4.106897 1.756363 1.6688635 2.9919481 0.90651184 54.88287 1.982132077217102 0.287922203540802
Car 0.0 0 1.9506915807724 100.29985809326172 196.75997924804688 176.9541778564453 233.45347595214844 3.9048269 1.5077411 1.7377204 -22.433609 2.7185576 34.44683 1.3734358549118042 0.2776346206665039
Car 0.0 0 1.9530922174453735 505.00518798828125 176.87710571289062 537.6370849609375 194.0498504638672 3.8104265 1.4204128 1.5011879 -7.686373 1.7815325 62.665268 1.8310441970825195 0.276803582906723
