Pedestrian 0.0 0 1.832610845565796 189.49435424804688 172.11058044433594 220.4788360595703 228.6503143310547 0.8097248 1.8026917 0.69469416 -13.2170725 1.7793468 23.480906 1.3199281692504883 0.4499327838420868
Pedestrian 0.0 0 -0.5277556777000427 881.618896484375 155.24708557128906 980.44580078125 294.17236328125 1.0023935 1.8078038 0.7139554 4.286767 1.5790467 9.798759 -0.1153615266084671 0.4113619327545166
Pedestrian 0.0 0 -1.2905381917953491 435.06170654296875 162.84344482421875 454.628173828125 195.03091430664062 1.4264559 1.7889754 0.7142729 -9.372287 1.2329478 40.831882 -1.5161634683609009 0.14518854022026062
Cyclist 0.0 0 -1.2905381917953491 435.06170654296875 162.84344482421875 454.628173828125 195.03091430664062 1.4264559 1.7889754 0.7142729 -9.372287 1.2329478 40.831882 -1.5161634683609009 0.21428653597831726
Car 0.0 0 3.0342564582824707 338.03094482421875 183.25283813476562 457.0104064941406 227.34486389160156 3.942096 1.4464406 1.6438707 -7.6720777 1.8419924 25.900738 2.746279716491699 0.9321851134300232
Car 0.0 0 1.5329746007919312 498.1626892089844 182.54287719726562 540.4185180664062 219.91152954101562 4.2667155 1.5637858 1.7787575 -4.3223066 2.045722 33.60987 1.4050743579864502 0.8462908864021301
Car 0.0 0 2.3807623386383057 0.0 214.87423706054688 228.67755126953125 375.0 3.7122743 1.4898378 1.568736 -3.4396436 1.7813892 3.1232638 1.5471941232681274 0.8097293376922607
Car 0.0 0 -3.023102283477783 634.6346435546875 178.67669677734375 724.0902099609375 216.34051513671875 3.6790793 1.5442518 1.5732743 2.972394 1.804943 31.09832 -2.9278111457824707 0.30450713634490967
Car 0.0 0 -2.1246249675750732 569.3720092773438 161.00843811035156 619.6114501953125 190.0073699951172 4.9704785 2.3629801 1.9454945 -1.3962847 1.3981014 61.405556 -2.147359848022461 0.26517751812934875
Car 0.0 0 -1.6536115407943726 494.43017578125 176.19110107421875 517.1295166015625 195.3061065673828 3.8321736 1.6004001 1.6510922 -9.173544 1.9024588 63.17732 -1.7978068590164185 0.25255921483039856
Car 0.0 0 1.745715618133545 463.59674072265625 185.31536865234375 503.2776184082031 212.7974853515625 4.0699234 1.4773296 1.6285342 -7.462517 2.249795 42.667393 1.5725672245025635 0.23889034986495972
Car 0.0 0 2.767972707748413 663.2528686523438 168.57373046875 734.6065673828125 194.60740661621094 3.878851 1.4996872 1.6230602 5.2307105 1.2534773 42.831547 2.889493703842163 0.2217695713043213
Car 0.0 0 3.2389259338378906 301.9834899902344 168.83102416992188 353.5162048339844 187.7095489501953 4.027211 1.6047056 1.6676406 -24.493046 1.2631037 62.678772 2.866400957107544 0.20945827662944794
