Pedestrian 0.0 0 -0.1089978814125061 993.1168212890625 92.28064727783203 1105.5362548828125 274.189453125 0.953434 1.8216927 0.7109701 4.621378 1.0151634 7.7445335 0.4290120601654053 0.30841776728630066
Cyclist 0.0 0 -2.095133066177368 716.880126953125 155.7705078125 738.8768920898438 187.50030517578125 1.6598772 1.7593683 0.4579039 6.630735 0.812473 40.86252 -1.9342658519744873 0.3619406819343567
Car 0.0 0 3.4929511547088623 201.47079467773438 179.5308380126953 445.1674499511719 254.51226806640625 4.325071 1.424055 1.6215676 -5.7519035 1.5684893 14.710193 3.1202144622802734 0.9667206406593323
Car 0.0 0 1.7484312057495117 470.3570861816406 164.5812530517578 566.433837890625 244.37855529785156 4.2125187 1.8406942 1.7508326 -2.2978756 1.6502236 18.792984 1.6267621517181396 0.9625484943389893
Car 0.0 0 -1.756230115890503 700.2521362304688 169.0738983154297 791.9237060546875 245.75439453125 3.6921837 1.7462863 1.5981892 3.2829914 1.660558 18.28145 -1.5785435438156128 0.9480544924736023
Car 0.0 0 1.627689003944397 547.1452026367188 177.6110382080078 593.569580078125 218.29310607910156 3.8462412 1.4082249 1.5407817 -1.4840971 1.6016033 27.348969 1.573477029800415 0.8680861592292786
Car 0.0 0 1.6941754817962646 577.7682495117188 168.2456817626953 615.4861450195312 197.39756774902344 3.809198 1.4791237 1.5609686 -0.7040574 1.2456623 38.583008 1.6759296655654907 0.7319667935371399
Car 0.0 0 1.6321642398834229 560.601318359375 165.6742706298828 601.2030029296875 204.1141815185547 4.0461397 1.6747701 1.6376295 -1.3330207 1.362318 33.47384 1.5923625230789185 0.46792706847190857
Car 0.0 0 1.7500605583190918 357.9740905761719 183.883056640625 448.97576904296875 253.80117797851562 3.6661215 1.4898609 1.5279268 -5.0446024 1.7924021 17.86876 1.4749072790145874 0.4015272557735443
Car 0.0 0 2.9257893562316895 583.2431030273438 170.5153045654297 648.2973022460938 195.56954956054688 4.1625013 1.6654822 1.7406958 0.34512445 1.510375 49.24435 2.93279767036438 0.39174869656562805
