Pedestrian 0.0 0 -2.6305553913116455 644.669921875 144.76710510253906 675.7611694335938 196.9250030517578 0.84959614 1.8027799 0.7247649 1.7301683 0.83234537 25.472145 -2.5627355575561523 0.3899167478084564
Pedestrian 0.0 0 2.5027620792388916 731.1376953125 135.60247802734375 762.3230590820312 190.86976623535156 0.8356601 1.8741102 0.65100205 4.6796646 0.6112717 24.94017 2.6882410049438477 0.35787761211395264
Pedestrian 0.0 0 2.371382474899292 0.0 130.56459045410156 32.857078552246094 192.20126342773438 0.8177144 1.989019 0.70505786 -19.714159 0.624695 23.72557 1.6780674457550049 0.3425823152065277
Pedestrian 0.0 0 1.6809252500534058 855.39990234375 128.87710571289062 892.9737548828125 202.0558319091797 0.7884359 1.7826431 0.80540127 6.586119 0.71171844 18.105837 2.0298025608062744 0.2675796151161194
Cyclist 0.0 0 1.8581229448318481 383.25 136.697509765625 412.8227233886719 181.9272003173828 2.0556593 1.8866692 0.6712432 -9.163473 0.37882873 31.122963 1.571785807609558 0.8140231370925903
Cyclist 0.0 0 1.5015844106674194 250.84478759765625 130.04727172851562 280.7785339355469 188.64451599121094 1.9677721 1.7794844 0.71989334 -11.005134 0.47988522 22.942257 1.0543177127838135 0.36040717363357544
Car 0.0 0 -0.9483116269111633 673.2101440429688 190.1306610107422 785.1380004882812 242.6672821044922 3.547543 1.3874354 1.6136278 3.653181 1.9601252 22.075941 -0.7843153476715088 0.9185977578163147
Car 0.0 0 1.2960326671600342 620.7792358398438 156.82400512695312 667.8243408203125 186.20420837402344 3.584358 1.4795207 1.5692536 1.7312566 0.67264414 38.255974 1.3412563800811768 0.5814478993415833
Car 0.0 0 2.1447277069091797 589.0465698242188 159.9787139892578 642.8899536132812 184.91265869140625 4.039348 1.5888413 1.6653531 0.41342822 0.76875955 48.119774 2.1533191204071045 0.4106745719909668
Car 0.0 0 -1.2513641119003296 907.5392456054688 146.28541564941406 1080.291259765625 247.7123260498047 3.6606708 1.5390099 1.6344241 6.8398523 1.1362271 12.799315 -0.7605829238891602 0.39093583822250366
