Pedestrian 0.0 0 -2.4797651767730713 761.7237548828125 160.24485778808594 778.892578125 186.7644805908203 1.0364863 1.9417442 0.6833248 12.525473 0.38605583 53.211224 -2.248582124710083 0.3524070978164673
Car 0.0 0 -1.366137981414795 536.3714599609375 167.5537567138672 583.419189453125 196.3788604736328 4.2767587 1.4278561 1.6374911 -2.1263885 0.73791164 37.81621 -1.422308325767517 0.8932884931564331
Car 0.0 0 -0.0875435471534729 157.05743408203125 180.2754669189453 298.0290222167969 231.14097595214844 3.6102035 1.4027193 1.5526685 -11.154145 1.370103 21.431759 -0.5674164891242981 0.878873348236084
Car 0.0 0 -1.079616904258728 332.10614013671875 179.78213500976562 393.5824890136719 206.80953979492188 3.785294 1.3715881 1.517265 -12.700068 1.2852801 38.446114 -1.3986659049987793 0.5276448130607605
Car 0.0 0 -1.509959101676941 578.0111694335938 166.3490447998047 606.1893310546875 190.77249145507812 3.6827114 1.5555326 1.6492531 -0.57408553 0.59127754 47.62764 -1.5220121145248413 0.5214138627052307
Car 0.0 0 -0.09956580400466919 620.098388671875 167.92752075195312 670.6149291992188 187.64784240722656 3.7665424 1.5052308 1.6113882 3.4017465 0.4698156 55.704823 -0.038574181497097015 0.3967767357826233
Car 0.0 0 -0.41969430446624756 0.0 0.0 1238.0 374.0 3.8613229 1.5310725 1.6249542 -2.9601276 1.6016722 1.3904223 -1.5513615608215332 0.34046801924705505
Car 0.0 0 -0.014610014855861664 520.1776733398438 178.80868530273438 595.9205322265625 204.60269165039062 4.332221 1.4718636 1.6755841 -2.5395863 1.3190844 41.984966 -0.07502439618110657 0.3201993703842163
Car 0.0 0 0.43608200550079346 395.3813781738281 170.6784210205078 447.831787109375 189.30804443359375 4.0046325 1.5557803 1.6706101 -15.27299 0.65252805 61.1874 0.19147038459777832 0.2808956801891327
Car 0.0 0 -0.9856906533241272 437.3122863769531 173.2126007080078 475.379638671875 191.63136291503906 3.5372655 1.6105936 1.6945114 -13.012946 0.8863399 64.768364 -1.183966040611267 0.22760072350502014
