Pedestrian 0.0 0 -0.22894644737243652 532.790283203125 165.402099609375 552.6843872070312 193.9217071533203 1.0598583 1.6790612 0.6455833 -4.0397387 1.2406965 42.95118 -0.32272475957870483 0.5858584046363831
Pedestrian 0.0 0 -2.25482439994812 906.5218505859375 96.04306030273438 969.7369384765625 217.57542419433594 0.63186544 1.7884476 0.6161146 4.940733 0.65847003 11.000185 -1.8326776027679443 0.5757005214691162
Pedestrian 0.0 0 -3.1543352603912354 647.3062133789062 158.804443359375 703.5972290039062 294.5337219238281 0.6876288 1.6599883 0.6952639 0.7719742 1.4885179 9.19292 -3.070556879043579 0.49542421102523804
Pedestrian 0.0 0 -0.03841248154640198 699.2381591796875 156.13037109375 709.791748046875 180.17364501953125 0.71233773 1.6849564 0.67842925 6.640677 0.5133209 50.932995 0.09123682975769043 0.38021764159202576
Pedestrian 0.0 0 -1.648654818534851 777.09716796875 173.36985778808594 809.2811279296875 249.74258422851562 0.78391165 1.7862048 0.68729365 4.3394556 1.7992663 17.322355 -1.4031944274902344 0.3623495399951935
Cyclist 0.0 0 0.12127706408500671 806.1461791992188 113.0821304321289 871.8792724609375 182.09841918945312 1.6351346 1.807808 0.59170526 6.1404734 0.2425058 19.504587 0.42627596855163574 0.5836772918701172
Cyclist 0.0 0 -2.0155704021453857 909.4335327148438 68.5533676147461 1043.4608154296875 247.19815063476562 1.6854577 1.686361 0.58111006 3.7550623 0.7021477 7.6543455 -1.5594878196716309 0.5062538385391235
Cyclist 0.0 0 2.5901196002960205 794.489501953125 105.21846771240234 889.8898315429688 196.95541381835938 1.7934335 1.8080564 0.6282974 4.6872573 0.47537583 14.739283 2.898017406463623 0.3906504809856415
Cyclist 0.0 0 1.3768963813781738 729.829833984375 151.14712524414062 744.3338623046875 178.7111358642578 1.4579891 1.7401867 0.64560115 8.113697 0.37013394 46.285213 1.5504310131072998 0.3651656210422516
Cyclist 0.0 0 2.866859197616577 474.8432922363281 144.29769897460938 515.2948608398438 187.0872802734375 1.6871542 1.9101264 0.7262354 -5.2785363 0.6357313 32.890785 2.7077293395996094 0.33573979139328003
Car 0.0 0 -1.706613302230835 678.783447265625 171.85528564453125 843.7396850585938 312.3348388671875 3.3697445 1.4435471 1.516895 1.6637406 1.4336424 9.128585 -1.5263358354568481 0.7096722722053528
Car 0.0 0 -1.6276516914367676 658.5617065429688 175.6431427001953 706.5789794921875 215.56069946289062 3.7317297 1.3663131 1.5522313 2.5946972 1.4778135 26.854181 -1.5313290357589722 0.6947306394577026
Car 0.0 0 1.537233591079712 693.2093505859375 158.6028289794922 717.8031616210938 181.14840698242188 3.9128382 1.581745 1.6417294 6.906522 0.58227295 52.645313 1.6676783561706543 0.6081706285476685
Car 0.0 0 -1.093797206878662 689.88623046875 162.5213165283203 728.6962890625 182.30838012695312 3.7678163 1.584616 1.6405659 8.233904 0.7574964 59.792904 -0.9569509029388428 0.5086650848388672
Car 0.0 0 -0.10724703222513199 568.3375244140625 168.8292694091797 613.8947143554688 188.81629943847656 3.586412 1.6121337 1.5990409 -1.5912812 1.2878606 59.227825 -0.13410769402980804 0.4535355865955353
Car 0.0 0 -3.188936233520508 647.6273803710938 167.6751251220703 712.0377807617188 195.31430053710938 3.6956677 1.5918798 1.681496 4.036468 1.2939602 42.48159 -3.0942037105560303 0.4153091311454773
Car 0.0 0 0.44662317633628845 218.03857421875 192.86224365234375 391.8739013671875 256.8595275878906 3.5701616 1.435298 1.6008366 -7.413176 1.948875 17.619175 0.04836225509643555 0.4123823046684265
Car 0.0 0 2.7458717823028564 483.243408203125 157.13668823242188 542.0928344726562 181.381591796875 4.0097857 1.7493865 1.6843264 -7.273 0.6156639 53.799965 2.6115005016326904 0.40258800983428955
Car 0.0 0 -2.059415340423584 901.1614379882812 99.59516143798828 1237.9892578125 280.9953308105469 3.2967572 1.5045152 1.5594826 4.432602 0.89727145 7.6570873 -1.534663438796997 0.35416093468666077
