Pedestrian 0.0 0 0.1820252239704132 362.0589294433594 175.33627319335938 381.35662841796875 221.72911071777344 0.59683794 1.7587034 0.65474725 -9.101569 1.3853161 27.61221 -0.13638067245483398 0.27518752217292786
Car 0.0 0 -1.2194676399230957 237.24160766601562 188.71165466308594 416.0708312988281 293.8226623535156 3.5532115 1.4285386 1.5428805 -4.393063 1.4951046 11.667943 -1.5795589685440063 0.9659997820854187
Car 0.0 0 -1.307129144668579 365.5632629394531 180.93533325195312 460.8630676269531 239.05601501464844 3.7906537 1.437203 1.5746511 -5.243294 1.3324901 19.66983 -1.5676368474960327 0.9485298991203308
Car 0.0 0 -1.6067439317703247 573.2618408203125 173.51390075683594 613.7323608398438 208.9558563232422 3.9327614 1.5597596 1.7408068 -0.7548666 1.0459087 33.646072 -1.6291756629943848 0.8806695938110352
Car 0.0 0 -0.9037606716156006 0.0 198.05938720703125 153.102294921875 331.950927734375 4.0735497 1.4203647 1.577311 -8.454734 1.6384283 10.077594 -1.601812481880188 0.8028385639190674
Car 0.0 0 -1.1090329885482788 217.9712371826172 181.79051208496094 333.6517333984375 240.7659149169922 3.313561 1.4627283 1.5283369 -8.9226265 1.3789067 19.506453 -1.5380395650863647 0.6611726880073547
Car 0.0 0 -1.2391998767852783 364.0267333984375 170.07424926757812 431.4027099609375 208.12400817871094 3.5425217 1.4603003 1.5759825 -8.545037 0.8803226 29.392483 -1.522123098373413 0.3700121343135834
Car 0.0 0 2.3607699871063232 0.0 220.08229064941406 72.5975112915039 376.0 4.018597 1.5111024 1.6115999 -4.253248 1.7572166 2.92684 1.3926970958709717 0.3058103322982788
Car 0.0 0 2.050262928009033 516.2041015625 170.87451171875 566.3187866210938 196.40847778320312 4.001388 1.5952138 1.6026186 -4.3226123 0.7003916 47.061275 1.9586691856384277 0.237014502286911
Car 0.0 0 -1.6433831453323364 534.2369384765625 162.0681610107422 554.98828125 182.8946533203125 3.8974566 1.9572182 1.7326597 -6.1863737 -0.23179778 70.07431 -1.7314379215240479 0.2158120572566986
