Car 0.0 0 -1.9988559484481812 773.75439453125 167.555908203125 1131.74951171875 375.0 3.999102 1.6104906 1.6257652 2.9740288 1.5714457 7.3981423 -1.6166294813156128 0.9594748616218567
Car 0.0 0 -1.7823446989059448 624.6376342773438 177.91580200195312 660.068115234375 203.0903778076172 3.3796604 1.479194 1.5208035 1.9435214 1.8071907 44.907444 -1.73909330368042 0.9339487552642822
Car 0.0 0 -2.816821575164795 329.54437255859375 177.8295440673828 456.83502197265625 224.87681579589844 3.7019901 1.4816676 1.5871006 -7.1202483 1.6517637 23.756903 -3.1080148220062256 0.9243230819702148
Car 0.0 0 0.5357131361961365 48.49551773071289 177.89401245117188 338.6279602050781 291.4365539550781 3.7237563 1.6789308 1.6554807 -6.593657 1.7664068 11.606201 0.019068479537963867 0.8691127896308899
Car 0.0 0 0.40967196226119995 183.17413330078125 190.8895721435547 435.6142883300781 272.8634338378906 4.290707 1.4687961 1.5764049 -5.805023 1.8429471 14.121174 0.019644975662231445 0.868419885635376
Car 0.0 0 -2.2961230278015137 712.8876953125 179.37136840820312 789.7745361328125 212.76864624023438 3.3993633 1.3861237 1.523385 6.2725554 1.6969346 32.516872 -2.105562210083008 0.8314208984375
Car 0.0 0 0.6318843960762024 0.0 176.48550415039062 252.6796417236328 311.1104736328125 3.6525826 1.5519482 1.6376184 -6.8400564 1.602781 9.193056 -0.0077952370047569275 0.7929270267486572
Car 0.0 0 3.355665683746338 359.3567199707031 180.4732208251953 478.5379638671875 223.8867950439453 3.8556592 1.4777559 1.6467488 -6.796836 1.7599765 25.782755 3.0979104042053223 0.695866584777832
Car 0.0 0 -2.72404408454895 221.7020263671875 187.3119659423828 418.8783874511719 254.2893524169922 3.9245896 1.4291444 1.5403961 -6.6218114 1.779139 16.60195 -3.103565216064453 0.6403442025184631
Car 0.0 0 3.2816505432128906 443.23486328125 177.556640625 521.183349609375 205.3128662109375 4.10156 1.5049397 1.624465 -7.1258 1.7737402 40.301697 3.1066477298736572 0.5665916800498962
