Pedestrian 0.0 0 -0.06855396926403046 725.3223876953125 151.92135620117188 739.706787109375 189.53468322753906 0.620923 1.7482604 0.66585016 5.71314 0.7756727 33.896015 0.09842562675476074 0.8268476128578186
Pedestrian 0.0 0 0.18962819874286652 759.3268432617188 144.7896270751953 781.7625732421875 195.36866760253906 0.6701237 1.7849733 0.686466 5.7242093 0.7949179 25.908728 0.4070725440979004 0.7097984552383423
Pedestrian 0.0 0 -0.28481677174568176 704.030517578125 157.5278778076172 718.6229858398438 188.46519470214844 0.6719081 1.7708882 0.6735169 5.816455 0.8939612 41.681023 -0.14616531133651733 0.65657639503479
Pedestrian 0.0 0 3.6794686317443848 0.33341675996780396 122.4946060180664 103.35272979736328 248.9425048828125 1.0512546 1.8214417 0.610414 -8.351062 1.0963883 10.757793 3.0193593502044678 0.5688543915748596
Pedestrian 0.0 0 -1.2335454225540161 715.742919921875 177.36048889160156 734.7125244140625 214.7322998046875 0.73301804 1.8120985 0.72302395 5.6490355 2.0378857 35.59681 -1.0761628150939941 0.5491268634796143
Pedestrian 0.0 0 -0.019914977252483368 665.87646484375 161.38363647460938 676.6292114257812 181.5600128173828 0.96969 1.8359745 0.438245 5.573535 0.79257214 65.90436 0.06445431709289551 0.34408554434776306
Pedestrian 0.0 0 2.8650963306427 675.4569091796875 164.31637573242188 686.8577270507812 186.96759033203125 0.81027573 1.810178 0.48265004 5.6913314 1.128249 57.96863 2.9629621505737305 0.32640549540519714
Pedestrian 0.0 0 0.05401909351348877 1036.539794921875 35.72378158569336 1173.4537353515625 331.3063659667969 0.7015352 1.7488197 0.5212381 3.1534142 0.93784416 4.6855593 0.6463983058929443 0.31265994906425476
Pedestrian 0.0 0 -2.8681533336639404 684.7196655273438 159.0981903076172 698.7486572265625 185.3772430419922 0.8331289 1.8123349 0.62266755 5.659324 0.86402285 50.203278 -2.755898952484131 0.2784256935119629
Cyclist 0.0 0 -1.3750905990600586 440.1310729980469 144.159423828125 460.75799560546875 183.86215209960938 1.6623635 1.8090459 0.6320808 -7.4827285 0.50194174 33.712105 -1.593509316444397 0.5850113034248352
Cyclist 0.0 0 -2.085569381713867 833.4981079101562 129.28965759277344 871.078125 177.4196014404297 1.8801241 1.8283046 0.54222697 9.465834 0.17379066 28.380781 -1.7636421918869019 0.369745671749115
Cyclist 0.0 0 -1.2621488571166992 402.9533996582031 136.77694702148438 433.75811767578125 186.38877868652344 1.9097239 1.8144469 0.57845545 -7.289082 0.49536353 27.353647 -1.5225728750228882 0.2981688678264618
Cyclist 0.0 0 -1.2749106884002686 380.73687744140625 134.392822265625 415.6556091308594 191.397216796875 1.8601451 1.8407388 0.6119468 -7.1358614 0.59914017 24.229477 -1.5613245964050293 0.2860225439071655
Car 0.0 0 -1.4836273193359375 584.4508666992188 181.69586181640625 612.7388305664062 205.04296875 4.2041817 1.5860124 1.7121178 -0.8224143 2.2599313 52.80505 -1.4992005825042725 0.6348713636398315
Car 0.0 0 -1.4957400560379028 662.7203979492188 165.5853729248047 683.9134521484375 183.9597625732422 4.2435074 1.6683096 1.6703379 5.9547763 1.0087091 67.73857 -1.4080572128295898 0.3729460537433624
Car 0.0 0 -1.2997876405715942 492.8022766113281 164.89126586914062 521.8679809570312 182.99571228027344 3.9450045 1.621126 1.6650273 -9.468466 0.9084762 66.66961 -1.44086492061615 0.3630851209163666
Car 0.0 0 1.3504550457000732 726.9544677734375 161.44154357910156 755.9085083007812 179.96556091308594 3.90007 1.4984924 1.5621575 10.931414 0.5756445 60.346233 1.5296567678451538 0.2849201560020447
Car 0.0 0 -1.53839910030365 701.2733764648438 159.37303161621094 728.0025024414062 183.56785583496094 3.8849905 1.5340079 1.6294562 6.934479 0.67964107 47.799805 -1.3943308591842651 0.284370094537735
Car 0.0 0 1.716140627861023 445.83135986328125 159.74891662597656 492.01959228515625 193.48635864257812 4.0834713 1.552777 1.6423908 -6.871086 0.9499689 35.284317 1.5238127708435059 0.2549704909324646
