Pedestrian 0.0 0 1.6600818634033203 471.5357360839844 167.3465576171875 490.8708801269531 213.73060607910156 1.0582423 1.8426598 0.6810329 -5.250586 1.6242281 29.218313 1.482277750968933 0.5282706618309021
Pedestrian 0.0 0 -0.316964328289032 982.7452392578125 156.3468475341797 1107.523681640625 323.648681640625 1.033031 1.7506348 0.62806904 4.714205 1.578263 7.9654384 0.21742796897888184 0.4703008830547333
Pedestrian 0.0 0 -1.5400500297546387 487.0391845703125 169.37808227539062 501.9727478027344 209.29293823242188 0.8410387 1.7858827 0.64500684 -5.2759714 1.6307194 32.73904 -1.6998286247253418 0.45589399337768555
Cyclist 0.0 0 1.4874142408370972 592.96728515625 167.9749298095703 607.6565551757812 205.58592224121094 1.6774331 1.7693219 0.5676129 -0.5141398 1.5401548 34.80281 1.472642421722412 0.889456570148468
Cyclist 0.0 0 1.6600818634033203 471.5357360839844 167.3465576171875 490.8708801269531 213.73060607910156 1.0582423 1.8426598 0.6810329 -5.250586 1.6242281 29.218313 1.482277750968933 0.16795913875102997
Car 0.0 0 -1.1384320259094238 10.302999496459961 183.54605102539062 429.1944274902344 375.0 3.834567 1.505149 1.5894191 -2.909727 1.6273547 6.3025894 -1.570949673652649 0.9702337384223938
Car 0.0 0 0.32615941762924194 262.6019592285156 172.7467041015625 432.4150085449219 228.17588806152344 4.0466413 1.4419614 1.5625086 -7.0789566 1.439528 19.590425 -0.020588770508766174 0.9632390141487122
Car 0.0 0 -1.7402631044387817 693.3997192382812 180.8157958984375 792.9741821289062 273.429931640625 2.6451974 1.5657653 1.4150447 2.3954155 1.7324765 13.748319 -1.5677614212036133 0.9533008337020874
Car 0.0 0 -1.6032238006591797 676.253662109375 181.12855529785156 744.5914916992188 246.08908081054688 3.6281407 1.4696391 1.5847825 2.4762905 1.705905 18.684614 -1.4714607000350952 0.8985722661018372
Car 0.0 0 1.7193747758865356 491.78839111328125 169.1609649658203 555.0192260742188 218.9473114013672 4.044922 1.645183 1.6685559 -3.0638394 1.5235049 25.887543 1.6015708446502686 0.8941397666931152
Car 0.0 0 -1.6414799690246582 634.11767578125 175.0426483154297 660.26220703125 196.87486267089844 3.844583 1.4673777 1.5645095 2.5561686 1.6277742 50.81942 -1.5912232398986816 0.8434802293777466
Car 0.0 0 -1.4865641593933105 529.2052612304688 176.1996307373047 571.3968505859375 209.51821899414062 4.125708 1.4552858 1.6398381 -2.7914975 1.6228446 33.9919 -1.56850266456604 0.8373229503631592
