Pedestrian 0.0 0 -1.3911024332046509 451.7655944824219 178.242431640625 467.2594299316406 209.71543884277344 0.9915104 1.8090719 0.7216554 -8.820162 2.1279953 42.149494 -1.5973848104476929 0.539707601070404
Pedestrian 0.0 0 2.024210214614868 400.7659606933594 191.0302276611328 424.1446228027344 239.7467803955078 0.5844543 1.5512245 0.53518254 -6.492594 2.1536162 23.559692 1.7553043365478516 0.3052234649658203
Cyclist 0.0 0 -2.076465606689453 904.9588012695312 163.4004364013672 929.5928955078125 198.76458740234375 1.5680184 1.6837509 0.3913927 14.919351 1.2340074 35.151073 -1.6750736236572266 0.1533139944076538
Cyclist 0.0 0 -1.3605470657348633 446.12933349609375 173.41360473632812 456.2835388183594 193.51402282714844 1.573743 1.7715919 0.5708853 -14.193797 1.8225293 64.42412 -1.5774006843566895 0.15061883628368378
Car 0.0 0 -3.185739517211914 686.2159423828125 173.323974609375 746.2515258789062 193.68783569335938 4.1160398 1.405443 1.5607632 7.413629 1.439548 50.823982 -3.0408923625946045 0.5426228046417236
Car 0.0 0 0.3344758450984955 815.2623291015625 177.00857543945312 900.3886108398438 206.82208251953125 3.9846869 1.4867615 1.5648028 13.095972 1.7184914 38.336853 0.6636502742767334 0.2984597682952881
Car 0.0 0 1.474284052848816 376.5701904296875 174.68402099609375 413.6094970703125 204.33987426757812 3.6573257 1.5103732 1.5650862 -11.68275 1.6146449 38.979435 1.1830880641937256 0.2328270524740219
Car 0.0 0 0.21011826395988464 434.5526123046875 191.91436767578125 491.48980712890625 215.33767700195312 3.6371012 1.5634829 1.6002795 -10.2460785 2.914372 50.305332 0.00918889045715332 0.21898414194583893
Car 0.0 0 1.0996592044830322 627.3533935546875 179.05552673339844 667.6448364257812 199.6472930908203 3.802458 1.4474719 1.4349151 2.7377033 1.929129 53.967106 1.1503448486328125 0.18909892439842224
Car 0.0 0 1.505912184715271 430.2255554199219 181.16168212890625 452.47503662109375 199.5059814453125 4.146974 1.5648029 1.705738 -15.426749 2.3484938 65.79925 1.2756198644638062 0.17835040390491486
Car 0.0 0 -0.4250486493110657 673.22412109375 173.9765625 790.0393676757812 221.9861297607422 3.4239767 1.4917015 1.607281 3.9217024 1.5308174 23.691263 -0.2610025107860565 0.165166974067688
