Pedestrian 0.0 0 0.32569533586502075 692.8489379882812 144.5245361328125 784.9917602539062 294.0119934082031 0.9849988 1.7882739 0.6902674 1.6598117 1.3595912 8.994404 0.5081806182861328 0.731965184211731
Pedestrian 0.0 0 1.113254189491272 847.343994140625 88.72669219970703 907.888916015625 198.95945739746094 0.77728194 1.8137921 0.68789804 4.587299 0.305387 12.048082 1.4770557880401611 0.5084485411643982
Pedestrian 0.0 0 1.611374020576477 520.09619140625 105.28772735595703 550.5470581054688 191.63943481445312 0.7885294 1.7737958 0.611378 -1.5040748 0.23044574 14.930724 1.5109758377075195 0.4513251781463623
Pedestrian 0.0 0 0.39912810921669006 561.5598754882812 126.51490020751953 607.4374389648438 217.1785125732422 0.7677335 1.8307015 0.6381182 -0.46276668 0.7422478 14.707644 0.3676741123199463 0.42887553572654724
Pedestrian 0.0 0 -3.4165778160095215 914.010498046875 92.75137329101562 972.5043334960938 206.3405303955078 0.7549177 1.8356166 0.54871595 5.566806 0.4192399 11.754421 -2.974278450012207 0.39321911334991455
Pedestrian 0.0 0 2.9303245544433594 706.8689575195312 107.53955078125 741.484130859375 177.7692413330078 0.7700845 1.7714725 0.5841963 3.0188167 -0.06977913 18.163475 3.0950217247009277 0.35432010889053345
Pedestrian 0.0 0 1.6153837442398071 623.7217407226562 125.07390594482422 647.9039916992188 195.4061737060547 0.7423269 1.7561446 0.5863554 0.75547 0.37379107 18.044605 1.6572260856628418 0.33067846298217773
Pedestrian 0.0 0 0.11521579325199127 589.8153076171875 153.405517578125 603.1400756835938 179.03463745117188 0.9057684 1.8309964 0.5126399 -0.6053414 -0.10472816 50.844364 0.10331058502197266 0.29038727283477783
Pedestrian 0.0 0 -3.252565383911133 770.1325073242188 99.78436279296875 834.40185546875 207.88217163085938 1.0060095 1.8238001 0.7060182 3.3835747 0.46363398 12.351241 -2.9851791858673096 0.28959017992019653
Pedestrian 0.0 0 -3.758634567260742 1097.055419921875 98.19233703613281 1191.481689453125 210.62745666503906 1.0909307 1.7858858 0.579429 8.733442 0.48019066 11.532127 -3.110468864440918 0.27865782380104065
Pedestrian 0.0 0 -2.5680062770843506 181.173583984375 109.68362426757812 262.9721374511719 197.8658905029297 1.3510916 1.707774 0.5351954 -7.617781 0.33794695 14.005775 -3.0661563873291016 0.2026580423116684
Cyclist 0.0 0 -1.2846816778182983 77.94086456298828 123.22759246826172 136.24607849121094 216.97640991210938 1.7573087 1.6629024 0.43052676 -9.472238 0.6486561 13.437721 -1.8986880779266357 0.45643356442451477
Cyclist 0.0 0 0.5672645568847656 175.91204833984375 108.88212585449219 269.7100830078125 198.8485107421875 1.5931665 1.7405127 0.5406405 -7.5978866 0.35660723 13.999161 0.07001328468322754 0.43438753485679626
Cyclist 0.0 0 -3.758634567260742 1097.055419921875 98.19233703613281 1191.481689453125 210.62745666503906 1.0909307 1.7858858 0.579429 8.733442 0.48019066 11.532127 -3.110468864440918 0.2472134530544281
Cyclist 0.0 0 -0.5231025218963623 800.6533813476562 95.5308609008789 869.2981567382812 203.09275817871094 0.93779224 1.827487 0.67078733 3.990705 0.3855011 12.434616 -0.2125515639781952 0.16587328910827637
Cyclist 0.0 0 -0.32845038175582886 853.7772216796875 103.1301040649414 929.6947021484375 212.07894897460938 1.0354484 1.7718123 0.6042503 4.7337303 0.5152146 11.822444 0.052402496337890625 0.11572374403476715
Car 0.0 0 -2.949284791946411 528.181396484375 153.6621551513672 616.0966796875 188.87222290039062 3.7686794 1.5545458 1.6442391 -1.4864075 0.37110707 32.299732 -2.9952714443206787 0.38861435651779175
Car 0.0 0 1.6145249605178833 734.7718505859375 155.2007598876953 756.07470703125 174.64971923828125 3.8845074 1.5869232 1.636783 12.164339 -0.52099323 61.02097 1.8112924098968506 0.3812505900859833
Car 0.0 0 -1.7360039949417114 655.760498046875 131.14894104003906 736.9150390625 192.86578369140625 3.7089384 1.5338415 1.5984963 2.3743594 0.30892086 19.4549 -1.6145602464675903 0.3462640941143036
Car 0.0 0 -0.3145855665206909 656.3057250976562 146.8368682861328 728.73876953125 175.1600341796875 3.8243022 1.5639986 1.5898504 4.999316 -0.31406802 40.615932 -0.19211401045322418 0.33406955003738403
Car 0.0 0 2.086873769760132 578.3087158203125 155.0340118408203 622.0667724609375 177.12539672851562 3.6961598 1.5587437 1.6410532 -0.3121679 -0.25901872 52.513454 2.0809292793273926 0.312347948551178
