Pedestrian 0.0 0 0.428378164768219 501.2071533203125 166.3998565673828 564.2096557617188 275.5462951660156 0.87576026 1.717919 0.5435768 -1.2185987 1.4976449 11.520397 0.32299256324768066 0.7118093371391296
Pedestrian 0.0 0 2.4139957427978516 1130.704833984375 125.26174926757812 1224.0 302.1251525878906 1.032562 1.7685747 0.5932039 6.1724153 1.2179049 7.3776927 3.110677719116211 0.6737748980522156
Pedestrian 0.0 0 2.4128153324127197 1100.0162353515625 133.80413818359375 1196.4713134765625 288.37353515625 0.7729363 1.7384852 0.46937153 6.249304 1.2149696 8.211578 3.0633418560028076 0.488953173160553
Pedestrian 0.0 0 0.4087315499782562 481.2530517578125 170.64212036132812 544.7088012695312 287.440673828125 0.85130227 1.7500031 0.48687664 -1.4652195 1.6039627 10.938875 0.27557802200317383 0.4228247404098511
Pedestrian 0.0 0 -0.428629994392395 992.62548828125 119.04135131835938 1064.4718017578125 249.38377380371094 0.74209845 1.7601134 0.42939344 5.8104773 0.93186116 9.795853 0.10674262046813965 0.31501898169517517
Pedestrian 0.0 0 2.566938638687134 129.43841552734375 134.1143798828125 202.76583862304688 267.7115783691406 0.6113046 1.7954688 0.6633011 -6.198113 1.1737443 9.914717 2.0082366466522217 0.2799643874168396
Pedestrian 0.0 0 -0.3945631980895996 788.3697509765625 162.56588745117188 805.4487915039062 197.7871856689453 0.70617384 1.8661482 0.5947421 10.246115 0.91734606 37.79756 -0.1298462152481079 0.26352259516716003
Pedestrian 0.0 0 -0.2725200951099396 771.9700317382812 157.7837371826172 799.2993774414062 190.8325653076172 1.423403 1.8851831 0.556806 10.366307 0.59077764 40.62122 -0.022658593952655792 0.21856559813022614
Pedestrian 0.0 0 -1.133430004119873 116.28400421142578 156.0917205810547 139.55819702148438 197.33836364746094 0.7775173 2.0091896 0.6882349 -23.54251 0.821662 34.87415 -1.7272281646728516 0.21477338671684265
Pedestrian 0.0 0 -1.8825182914733887 493.00299072265625 164.4375457763672 510.0433349609375 197.75595092773438 0.5440295 1.7882589 0.7856463 -5.626361 0.92756397 38.36116 -2.0281481742858887 0.19831715524196625
Pedestrian 0.0 0 -2.103303909301758 964.5552978515625 136.07666015625 1023.8697509765625 205.66165161132812 1.8870646 1.7592152 0.48668516 10.288097 0.6377182 18.821196 -1.6030572652816772 0.15979769825935364
Cyclist 0.0 0 -2.068298578262329 970.4859619140625 141.28285217285156 1025.919189453125 209.248779296875 1.8080324 1.7109427 0.4698112 10.330301 0.725302 18.699635 -1.563589096069336 0.33118918538093567
Cyclist 0.0 0 -3.3616058826446533 770.7224731445312 157.53549194335938 799.426025390625 190.25381469726562 1.5125152 1.8662965 0.5570992 10.334415 0.5577537 40.626472 -3.1125125885009766 0.2492169886827469
Car 0.0 0 -0.8396801948547363 0.0 203.69139099121094 298.14532470703125 370.0 3.6733654 1.4601681 1.5618857 -3.1786325 1.638918 3.5546832 -1.5692870616912842 0.8691614866256714
Car 0.0 0 -1.6123969554901123 644.2203979492188 168.66543579101562 666.4761962890625 188.02496337890625 3.7399342 1.460818 1.574253 3.9154153 0.56907535 55.239185 -1.541634202003479 0.5736671686172485
Car 0.0 0 1.7729382514953613 447.45526123046875 171.84422302246094 487.19561767578125 201.12472534179688 3.9994085 1.7430484 1.6648937 -8.534033 1.2291429 44.093887 1.5817596912384033 0.4153894782066345
Car 0.0 0 1.1583356857299805 471.5218811035156 161.5285186767578 528.9342041015625 192.27145385742188 4.2932673 1.6569356 1.6509278 -6.0452175 0.63584423 40.3592 1.0096557140350342 0.2381632775068283
