Car 0.0 0 -1.8962554931640625 793.0518188476562 185.8426513671875 1006.9072265625 315.75091552734375 3.9564033 1.4585005 1.6127919 3.8702726 1.6838816 10.497788 -1.543041467666626 0.9715718626976013
Car 0.0 0 -1.818915605545044 733.6307983398438 180.64834594726562 852.8479614257812 261.62652587890625 3.7800164 1.5487733 1.6538744 3.8744202 1.7431891 16.062218 -1.5822237730026245 0.9675966501235962
Car 0.0 0 1.8813016414642334 320.8325500488281 187.45802307128906 458.07757568359375 272.736572265625 3.9270341 1.5024258 1.6518468 -4.563946 1.8540038 15.368819 1.592634916305542 0.9578083157539368
Car 0.0 0 1.7871431112289429 412.619384765625 183.93161010742188 498.0989074707031 243.71841430664062 3.9535751 1.5262026 1.6291952 -4.4604764 1.8815329 21.134796 1.5791465044021606 0.9363549947738647
Car 0.0 0 -1.782905101776123 703.219482421875 180.79212951660156 790.2943115234375 237.6921844482422 4.171966 1.4574637 1.6385472 3.8437338 1.7140954 21.179771 -1.6033776998519897 0.930779755115509
Car 0.0 0 -2.24267840385437 924.799072265625 196.25888061523438 1242.0 375.0 3.8091831 1.480447 1.5798199 3.861567 1.7106951 5.1575823 -1.5999993085861206 0.8482045531272888
Car 0.0 0 0.5264617800712585 337.6733703613281 160.06529235839844 406.8833923339844 182.8574676513672 4.67988 1.6541909 1.6790751 -17.693829 0.72638077 53.669014 0.20799899101257324 0.8303686380386353
Car 0.0 0 1.671529769897461 531.8177490234375 177.56346130371094 565.8113403320312 206.36175537109375 3.8299754 1.5963012 1.6221253 -3.5975647 1.8869895 42.55095 1.5871831178665161 0.7833169102668762
Car 0.0 0 1.7463202476501465 458.12420654296875 181.51675415039062 524.1397094726562 227.08258056640625 4.4472837 1.4803833 1.6373996 -4.3125997 1.8260587 26.52425 1.5851398706436157 0.7643579244613647
Car 0.0 0 -1.7207037210464478 691.777587890625 178.62103271484375 752.0574340820312 224.5000762939453 3.657634 1.5228517 1.6208731 3.9497082 1.7475494 26.23615 -1.5712813138961792 0.7500596046447754
