Car 0.0 0 -1.7017019987106323 653.8965454101562 175.29852294921875 705.1403198242188 215.56504821777344 3.8350503 1.566374 1.6370195 2.8064015 1.6758214 30.249168 -1.6091907024383545 0.9508638381958008
Car 0.0 0 1.8283419609069824 406.5245666503906 189.8632049560547 474.4272766113281 233.47047424316406 3.625488 1.4181372 1.5750626 -6.2394757 2.0918553 26.727259 1.5989995002746582 0.9319674372673035
Car 0.0 0 -1.0020747184753418 68.60406494140625 202.419921875 154.38784790039062 239.23834228515625 3.61215 1.4989581 1.654843 -23.526476 2.973939 34.15094 -1.6053099632263184 0.9098501205444336
Car 0.0 0 -0.9912140369415283 112.34683227539062 202.11041259765625 205.71095275878906 240.69387817382812 4.0119433 1.5200624 1.767441 -20.863758 2.961853 33.52103 -1.5479472875595093 0.9001908898353577
Car 0.0 0 -0.908856987953186 16.720985412597656 203.60641479492188 107.08686828613281 239.76239013671875 3.4327726 1.4748181 1.635614 -25.833416 3.00205 34.09469 -1.5572655200958252 0.8895163536071777
Car 0.0 0 1.6703534126281738 479.00531005859375 180.75404357910156 515.14453125 211.06231689453125 3.9315624 1.5667591 1.6151612 -6.300457 2.0309198 40.350464 1.515460729598999 0.6900860071182251
Car 0.0 0 1.7752249240875244 444.0015563964844 186.6214141845703 497.6015625 225.21241760253906 3.960687 1.5408552 1.5780524 -6.183381 2.1940436 32.21969 1.585617184638977 0.6712086200714111
Car 0.0 0 -1.8296091556549072 832.2369995117188 163.35791015625 866.9747924804688 184.51686096191406 3.7346787 1.5674777 1.6219584 18.313463 0.8643547 55.362602 -1.5101481676101685 0.5363093614578247
Car 0.0 0 1.5704522132873535 511.5240783691406 183.4189910888672 532.5741577148438 205.43385314941406 3.666699 1.4679861 1.4490391 -6.350199 2.2555246 51.84986 1.4485862255096436 0.4726293683052063
Car 0.0 0 1.883042335510254 528.9200439453125 182.4758758544922 564.574951171875 202.68719482421875 4.1083617 1.4691086 1.6081619 -4.9512105 2.2547462 56.70312 1.795945167541504 0.42920467257499695
