Pedestrian 0.0 0 3.4006800651550293 124.78286743164062 186.81788635253906 154.0745849609375 236.157958984375 0.72377574 1.7428644 0.753968 -17.138182 2.2598968 26.223091 2.8218111991882324 0.812820553779602
Car 0.0 0 1.8882391452789307 314.6817321777344 191.45433044433594 429.7076721191406 261.5711364746094 4.1247687 1.5083166 1.604969 -6.042103 2.0435746 18.680834 1.5754201412200928 0.9629461169242859
Car 0.0 0 2.008592128753662 165.1200714111328 198.0767364501953 352.91827392578125 307.4825439453125 3.6501868 1.5279201 1.5535563 -6.014776 2.0377564 12.74418 1.5676249265670776 0.9573832154273987
Car 0.0 0 2.5615549087524414 946.6198120117188 141.04420471191406 1193.0556640625 215.86155700683594 4.035154 1.4312377 1.5341008 9.13783 0.82308173 14.609544 3.1204919815063477 0.9500168561935425
Car 0.0 0 1.8101365566253662 408.5627136230469 189.63523864746094 482.111572265625 235.28395080566406 4.225205 1.4264148 1.646724 -5.924307 2.0864234 26.23356 1.588032841682434 0.9482086896896362
Car 0.0 0 2.2089755535125732 0.0 208.8761444091797 235.86302185058594 375.0 3.90471 1.4216913 1.5979856 -5.9850554 1.9173963 7.961809 1.5643742084503174 0.9434858560562134
Car 0.0 0 -1.7697261571884155 682.4447631835938 173.90745544433594 769.5878295898438 232.22970581054688 4.1635275 1.4911106 1.6383533 3.1486142 1.5246994 20.639505 -1.6183404922485352 0.9419846534729004
Car 0.0 0 -1.668121099472046 671.3826293945312 173.62644958496094 727.9871215820312 222.99261474609375 3.9363844 1.6427507 1.6342217 3.117131 1.6731315 26.055395 -1.5490522384643555 0.9351927638053894
Car 0.0 0 1.7531001567840576 452.3062438964844 192.3514404296875 503.871337890625 228.0685272216797 3.9321663 1.396876 1.5857782 -5.8814697 2.324183 32.332718 1.5731630325317383 0.8256027102470398
Car 0.0 0 1.7025541067123413 486.24493408203125 182.47645568847656 524.6428833007812 211.9722442626953 4.1773033 1.5473273 1.6421331 -5.9661202 2.1266887 41.3156 1.5591418743133545 0.8155245780944824
Car 0.0 0 2.565535068511963 918.8024291992188 142.74652099609375 1114.109130859375 213.41993713378906 3.7743287 1.5904233 1.6356646 9.537904 0.91324735 17.181124 3.072314739227295 0.8090013861656189
Car 0.0 0 2.78225040435791 804.7024536132812 160.49046325683594 957.50927734375 210.9440155029297 4.1374564 1.5060942 1.5755837 8.264104 1.1373868 22.333954 3.1366515159606934 0.7845821976661682
Car 0.0 0 -0.5661491751670837 860.370849609375 153.8180389404297 1021.4026489257812 217.1461639404297 3.7183526 1.6410904 1.6287816 8.955283 1.148149 19.762272 -0.14067842066287994 0.7546353936195374
