Pedestrian 0.0 0 1.7882909774780273 266.9609375 125.35060119628906 308.28631591796875 199.12863159179688 1.0591162 1.8014075 0.7432607 -8.168404 0.6418949 18.208654 1.366601824760437 0.5502069592475891
Pedestrian 0.0 0 1.8795709609985352 185.3271026611328 126.96800994873047 234.59207153320312 218.07518005371094 0.8707768 1.785129 0.6408849 -8.144255 0.8864092 14.625088 1.371469497680664 0.4337489604949951
Pedestrian 0.0 0 -1.3101577758789062 386.1568298339844 143.94651794433594 410.2638244628906 190.49156188964844 1.0074761 1.7590191 0.65460414 -8.188544 0.6669126 27.777527 -1.5968281030654907 0.3958926796913147
Car 0.0 0 1.7179102897644043 466.72235107421875 183.18002319335938 541.0674438476562 237.1398162841797 3.9053442 1.4112985 1.6382468 -3.118996 1.7484128 21.572802 1.5743252038955688 0.9537577033042908
Car 0.0 0 -1.3328492641448975 207.90533447265625 186.9132080078125 464.7483825683594 375.0 4.0579047 1.4848583 1.6504 -2.7365468 1.6829458 8.050277 -1.6605268716812134 0.9457398056983948
Car 0.0 0 -1.791465163230896 658.3080444335938 180.2094268798828 754.0011596679688 243.23728942871094 3.8725507 1.3872418 1.5693747 2.2742784 1.5951046 18.349257 -1.6681501865386963 0.9362730979919434
Car 0.0 0 -1.9026036262512207 726.8784790039062 146.3819580078125 990.4774169921875 343.77886962890625 3.6455789 1.7008722 1.5601629 2.4003544 1.4731334 8.068789 -1.6134545803070068 0.935075044631958
Car 0.0 0 -1.7776892185211182 701.6914672851562 177.0093994140625 846.2815551757812 275.7363586425781 4.142066 1.4693239 1.6492054 2.6921442 1.5564078 12.983229 -1.5732311010360718 0.9046353101730347
Car 0.0 0 -1.5404167175292969 628.105712890625 174.3815155029297 654.0767211914062 197.30538940429688 4.197588 1.4675509 1.6239862 2.101987 1.5754192 48.62865 -1.497218370437622 0.7029199600219727
Car 0.0 0 1.6568717956542969 535.5150146484375 176.7337188720703 568.3355712890625 204.17742919921875 3.915151 1.5355335 1.6154501 -3.4412532 1.7770574 42.886066 1.5768015384674072 0.6384643316268921
Car 0.0 0 0.11584435403347015 521.4244384765625 167.29212951660156 576.153076171875 185.97850036621094 4.397342 1.5398768 1.6965185 -5.115399 1.0819008 60.3733 0.03131675720214844 0.40901467204093933
