Pedestrian 0.0 0 -0.5251096487045288 865.3643188476562 105.42233276367188 933.0415649414062 223.35536193847656 0.7835168 1.8616596 0.69273794 4.6598434 0.79755914 11.787828 -0.14865310490131378 0.5362820029258728
Pedestrian 0.0 0 -2.1963891983032227 14.163393020629883 152.50555419921875 47.044498443603516 198.82174682617188 0.8050973 1.7418491 0.6256757 -22.156149 0.97694695 27.540867 -2.8738574981689453 0.4878905117511749
Pedestrian 0.0 0 1.7017271518707275 860.9814453125 119.97491455078125 897.6891479492188 199.0610809326172 0.8114486 1.6797426 0.6564958 5.8667054 0.55698067 15.834322 2.056551694869995 0.41298502683639526
Pedestrian 0.0 0 0.1333923637866974 258.48486328125 158.51048278808594 272.0018005371094 186.92984008789062 0.6892616 1.7374891 0.5196478 -21.27576 0.8609201 44.46358 -0.3129066228866577 0.3549431264400482
Pedestrian 0.0 0 -3.0882458686828613 685.6485595703125 156.8715057373047 701.0054321289062 190.51779174804688 0.77991885 1.7749277 0.65674925 4.407 0.93216854 38.448994 -2.9741244316101074 0.32321107387542725
Cyclist 0.0 0 1.540364384651184 1030.0028076171875 85.30443572998047 1065.072265625 174.36434936523438 1.6186237 1.9679952 0.64385974 10.121387 0.03373283 16.80467 2.082470417022705 0.605720579624176
Cyclist 0.0 0 -1.6679989099502563 873.6972045898438 104.95170593261719 925.4735717773438 223.1848602294922 0.7515556 1.8562945 0.711529 4.6617966 0.79056686 11.784942 -1.2913153171539307 0.11804480850696564
Car 0.0 0 1.6921762228012085 186.69967651367188 163.5933380126953 222.25921630859375 189.65628051757812 4.3801117 1.8029027 1.7286624 -29.34489 1.1626552 52.263783 1.180564522743225 0.546676516532898
Car 0.0 0 2.2940421104431152 0.0 163.7576141357422 52.58019256591797 198.86854553222656 3.70247 1.4443678 1.5449189 -26.642698 1.0705248 31.547083 1.5927278995513916 0.48971155285835266
Car 0.0 0 1.7347326278686523 356.7062072753906 172.27224731445312 391.3202209472656 199.2288818359375 3.907819 1.758177 1.624606 -16.044086 1.7205913 49.111988 1.4189786911010742 0.4603828489780426
Car 0.0 0 -1.7806779146194458 676.8224487304688 160.62843322753906 717.7429809570312 189.43096923828125 3.3928142 1.5223731 1.5659055 4.74502 0.8765421 39.89534 -1.6622973680496216 0.3868369460105896
Car 0.0 0 1.678901195526123 391.9254150390625 159.21669006347656 425.23779296875 185.71510314941406 4.01185 1.624826 1.6393185 -12.923086 0.7889734 46.353138 1.4070090055465698 0.3772299885749817
Car 0.0 0 2.1007869243621826 257.6892395019531 160.10617065429688 318.5598449707031 187.80935668945312 4.153362 1.6979553 1.7078949 -20.639503 0.91698635 46.379677 1.682088851928711 0.28850412368774414
Car 0.0 0 -1.6694620847702026 645.8640747070312 159.53515625 677.9893188476562 186.59600830078125 3.8133452 1.6652344 1.682022 3.260823 0.84599555 46.328037 -1.599192500114441 0.28703317046165466
