Pedestrian 0.0 0 1.0953657627105713 635.7709350585938 160.22325134277344 645.6365966796875 180.38160705566406 0.87926066 1.8100466 0.55011165 2.7569234 0.6762723 65.29959 1.1375603675842285 0.5808166861534119
Pedestrian 0.0 0 -2.786024808883667 659.851806640625 171.35040283203125 677.322509765625 206.116943359375 0.63690317 1.7747524 0.87771016 3.0001204 1.6983548 37.362366 -2.7058987617492676 0.4459746181964874
Pedestrian 0.0 0 0.051077812910079956 844.7257080078125 139.73866271972656 869.8074951171875 188.21331787109375 0.8550113 1.7779509 0.62923443 9.182599 0.5637064 26.912485 0.37989354133605957 0.3330641984939575
Pedestrian 0.0 0 1.2908865213394165 858.85693359375 120.26776885986328 885.5921020507812 175.94544982910156 0.8849581 1.8433516 0.6260639 8.796108 0.10270789 24.34798 1.6375627517700195 0.3154410421848297
Pedestrian 0.0 0 -3.207933187484741 652.1873168945312 156.7572784423828 670.5006713867188 187.9459686279297 1.0427368 1.8361064 0.636353 3.007679 0.88883626 42.79501 -3.1377675533294678 0.276578426361084
Cyclist 0.0 0 2.057551622390747 196.97705078125 172.61170959472656 232.6811981201172 213.92201232910156 1.9732437 1.7545348 0.5110552 -17.342113 1.7446021 31.632746 1.5560660362243652 0.7942914962768555
Cyclist 0.0 0 0.9766379594802856 716.3336791992188 165.11056518554688 738.8270874023438 190.6157684326172 1.8423479 1.7638619 0.64215714 8.250008 1.2287076 50.86748 1.1374242305755615 0.28496691584587097
Cyclist 0.0 0 1.0754797458648682 843.6723022460938 139.51690673828125 871.365966796875 187.655517578125 0.8633739 1.7617571 0.6416291 9.172304 0.5420576 26.882687 1.4042912721633911 0.11507945507764816
Car 0.0 0 -1.594333291053772 556.30322265625 170.81423950195312 725.5130615234375 335.7564392089844 4.383892 1.7036853 1.7484198 0.27437449 1.6829746 9.646209 -1.5658972263336182 0.7488937973976135
Car 0.0 0 2.3845555782318115 202.39697265625 167.30628967285156 274.849609375 192.87185668945312 4.1082973 1.5693095 1.6989216 -23.88737 1.2291281 46.50766 1.9100697040557861 0.5072780251502991
Car 0.0 0 1.4903773069381714 585.5983276367188 169.6726531982422 644.5748291015625 220.15621948242188 3.826804 1.4165043 1.4903717 0.034743994 1.3275977 22.208832 1.4919416904449463 0.43733909726142883
Car 0.0 0 1.731510877609253 296.0884704589844 173.0921173095703 325.81024169921875 191.23565673828125 4.3775287 1.4646044 1.6286417 -25.101099 1.4857337 60.62029 1.3389335870742798 0.41370055079460144
Car 0.0 0 -1.2316749095916748 319.294677734375 166.98239135742188 356.46417236328125 185.9557647705078 4.012082 1.5641128 1.7294235 -23.16631 1.0804313 61.502705 -1.5919101238250732 0.3868597149848938
Car 0.0 0 1.4104276895523071 625.17822265625 163.92588806152344 648.8776245117188 181.43026733398438 3.8516996 1.5773798 1.6008214 2.4621925 0.7731957 67.02741 1.4471453428268433 0.3141528069972992
Car 0.0 0 2.2274527549743652 0.0 179.53684997558594 44.313720703125 316.49560546875 4.2506304 1.5742676 1.6278623 -10.726143 1.694423 10.719245 1.4417328834533691 0.3019748628139496
Car 0.0 0 1.9522204399108887 300.9080505371094 167.53079223632812 334.765625 184.90170288085938 3.99053 1.6017995 1.6123236 -27.72085 1.1112946 68.529076 1.5678303241729736 0.30016955733299255
Car 0.0 0 -2.3862462043762207 177.43824768066406 169.3779296875 238.43545532226562 191.52536010742188 3.6767879 1.5244211 1.5757641 -28.36564 1.2855182 50.87415 -2.89487886428833 0.2970789968967438
Car 0.0 0 -1.687551736831665 677.0698852539062 165.1925811767578 704.5188598632812 186.97027587890625 4.091176 1.6456525 1.6668406 6.2708483 1.0670676 56.571808 -1.5771548748016357 0.2812827527523041
Car 0.0 0 -2.2094783782958984 125.54755401611328 163.55210876464844 177.88291931152344 184.84292602539062 3.2755845 1.526795 1.6155035 -33.73689 0.8601011 53.08008 -2.7756528854370117 0.2762332558631897
