Pedestrian 0.0 0 -2.4184818267822266 1051.2586669921875 136.83680725097656 1106.972412109375 209.42654418945312 1.1586068 1.9127625 0.608062 12.711165 0.9640563 19.649893 -1.844301462173462 0.34245026111602783
Pedestrian 0.0 0 -0.5178221464157104 1065.1083984375 124.447265625 1146.7843017578125 265.9057922363281 0.6709147 1.8064104 0.6191427 6.490573 1.1886194 9.546385 0.0792851448059082 0.27839115262031555
Cyclist 0.0 0 -2.0472428798675537 757.944091796875 154.9795684814453 784.9285888671875 194.6331787109375 1.7440534 1.8100752 0.48648375 7.517859 0.9945158 33.838634 -1.8286256790161133 0.4029068350791931
Cyclist 0.0 0 -2.31683087348938 1050.38232421875 138.45147705078125 1106.8701171875 211.08572387695312 1.247562 1.9101132 0.6004399 12.686481 1.0057645 19.638079 -1.7432626485824585 0.17177805304527283
Car 0.0 0 2.0549254417419434 81.00542449951172 193.73426818847656 274.97113037109375 278.2445373535156 4.382298 1.4241213 1.6922251 -9.022523 1.9370009 15.482029 1.527268409729004 0.9603200554847717
Car 0.0 0 1.7840772867202759 398.41375732421875 180.1573944091797 450.12725830078125 211.54994201660156 4.3292465 1.4492265 1.6548401 -9.360662 1.8414972 36.521984 1.533176064491272 0.8308033347129822
Car 0.0 0 1.695780873298645 379.06561279296875 182.00868225097656 405.4515686035156 201.0372314453125 4.261481 1.455244 1.5677582 -17.956366 2.239601 59.557365 1.4029512405395508 0.44788092374801636
Car 0.0 0 1.7653470039367676 465.5036315917969 176.1677703857422 493.4091796875 195.6283721923828 3.9476683 1.5251244 1.5203692 -10.698015 1.8065253 59.20583 1.5865839719772339 0.44678351283073425
Car 0.0 0 -1.4835848808288574 588.3062133789062 168.46466064453125 617.553466796875 191.96495056152344 3.9863596 1.4835327 1.5897963 -0.4581552 1.206799 47.59549 -1.4932105541229248 0.38176557421684265
Car 0.0 0 1.8033971786499023 297.12957763671875 162.97906494140625 399.5806884765625 228.4083709716797 4.32967 1.618449 1.714325 -7.1746006 1.374542 20.091183 1.4604095220565796 0.36819419264793396
Car 0.0 0 1.5234007835388184 603.7632446289062 182.02980041503906 645.8472290039062 220.6859588623047 3.7521794 1.4276155 1.5268596 0.5083348 1.8265862 29.443874 1.5406635999679565 0.29990965127944946
Car 0.0 0 1.9389894008636475 413.76422119140625 179.8540496826172 450.51446533203125 197.65289306640625 4.4421864 1.3903269 1.4921956 -14.874401 1.9995995 60.46399 1.697774887084961 0.2949894666671753
