Pedestrian 0.0 0 -2.816927194595337 772.7880249023438 174.99514770507812 841.5217895507812 306.9299011230469 0.7214708 1.6491244 0.5927071 2.5384884 1.6789384 9.477099 -2.55521559715271 0.3965277373790741
Pedestrian 0.0 0 2.2464170455932617 895.2195434570312 121.12925720214844 939.052001953125 196.94435119628906 0.7295351 1.7654014 0.6521698 7.295012 0.56131667 17.25897 2.6463205814361572 0.31427639722824097
Pedestrian 0.0 0 -1.9572044610977173 935.9794311523438 112.890625 980.3880615234375 198.57980346679688 0.76438683 1.744315 0.589642 7.217428 0.5240402 15.084245 -1.5109249353408813 0.30569201707839966
Pedestrian 0.0 0 0.789907693862915 1168.439453125 96.89421844482422 1242.0 241.5714111328125 0.5994739 1.7684886 0.6481107 7.583527 0.840338 9.144319 1.4822702407836914 0.27807560563087463
Pedestrian 0.0 0 1.0504916906356812 808.5453491210938 127.36738586425781 854.9450073242188 186.83383178710938 1.8666993 1.8804336 0.61083317 7.240141 0.44242448 23.791502 1.3459036350250244 0.13574929535388947
Pedestrian 0.0 0 1.330146074295044 808.351806640625 123.90766906738281 837.8245849609375 178.0980224609375 1.7142706 1.8672048 0.6127728 7.5372477 0.18104833 25.728716 1.6151231527328491 0.12713566422462463
Cyclist 0.0 0 1.4156737327575684 810.7071533203125 126.54822540283203 837.0906372070312 178.84329223632812 1.8446562 1.8020148 0.62275225 7.5922475 0.2067406 25.815514 1.7017055749893188 0.4474911391735077
Cyclist 0.0 0 1.0504916906356812 808.5453491210938 127.36738586425781 854.9450073242188 186.83383178710938 1.8666993 1.8804336 0.61083317 7.240141 0.44242448 23.791502 1.3459036350250244 0.39915531873703003
Cyclist 0.0 0 2.150951862335205 85.52635955810547 153.38223266601562 121.35403442382812 189.74220275878906 1.462932 1.7452517 0.7614354 -24.856186 0.8109789 35.373924 1.5384362936019897 0.3169189989566803
Cyclist 0.0 0 -1.7850297689437866 933.116455078125 112.09851837158203 972.7747802734375 198.67430114746094 0.8284988 1.7789465 0.5939943 7.206896 0.5309094 15.293601 -1.3446569442749023 0.10455577820539474
Car 0.0 0 2.0056674480438232 238.37921142578125 186.1050262451172 307.97357177734375 217.6540985107422 4.0839734 1.3930392 1.533156 -16.566229 2.0850158 35.614532 1.5702834129333496 0.8400957584381104
Car 0.0 0 1.7812784910202026 382.7966613769531 179.2489013671875 418.8276062011719 204.311279296875 3.6874301 1.572779 1.5745012 -13.940465 2.0166116 48.13936 1.4994033575057983 0.7894243597984314
Car 0.0 0 1.3200348615646362 707.0150146484375 161.04635620117188 740.4598388671875 181.91355895996094 4.2883983 1.6231709 1.6517128 9.124173 0.70506227 58.335842 1.475185513496399 0.39170387387275696
Car 0.0 0 -0.04832959175109863 760.5745239257812 150.61065673828125 843.1428833007812 181.20030212402344 4.136671 1.565741 1.6741089 10.046542 0.42756587 38.177376 0.20899081230163574 0.32442352175712585
Car 0.0 0 -1.9540972709655762 739.3060913085938 153.36866760253906 784.1382446289062 180.19960021972656 3.6447923 1.7238435 1.6900721 10.075042 0.4723008 48.297913 -1.7484444379806519 0.29442811012268066
Car 0.0 0 -1.8355152606964111 693.0875854492188 160.97714233398438 722.6668701171875 181.0812530517578 4.041547 1.7500021 1.6311436 8.747033 0.71651536 64.91477 -1.7015756368637085 0.28076860308647156
Car 0.0 0 1.1457725763320923 714.5634155273438 161.9184112548828 747.88916015625 179.42088317871094 3.9824455 1.6093491 1.6162357 11.447232 0.6041823 68.47439 1.3114161491394043 0.2734890878200531
