Pedestrian 0.0 0 1.5169881582260132 676.1751708984375 144.97592163085938 698.927978515625 199.56321716308594 0.9957075 1.772907 0.6956234 2.5207567 0.86783 23.94659 1.6218676567077637 0.7328384518623352
Pedestrian 0.0 0 0.20099036395549774 633.05908203125 158.9269256591797 645.1497192382812 183.000244140625 0.81582975 1.7718225 0.47882506 2.1293406 0.7471322 53.43303 0.24081993103027344 0.6217507123947144
Pedestrian 0.0 0 -2.2175848484039307 911.3154907226562 149.87380981445312 954.9772338867188 200.2803955078125 1.7351125 1.7295102 0.4609712 11.42118 0.9413903 25.651274 -1.7986897230148315 0.10156100988388062
Cyclist 0.0 0 -2.2175848484039307 911.3154907226562 149.87380981445312 954.9772338867188 200.2803955078125 1.7351125 1.7295102 0.4609712 11.42118 0.9413903 25.651274 -1.7986897230148315 0.6035431027412415
Car 0.0 0 1.6772887706756592 485.8848571777344 181.32261657714844 539.5430908203125 220.914794921875 4.3042717 1.4701592 1.7532343 -3.9918165 1.8469374 29.894396 1.5445433855056763 0.92659592628479
Car 0.0 0 2.2154479026794434 0.0 194.296630859375 218.71200561523438 375.0 4.1625204 1.5786399 1.6739854 -6.3186035 1.8791958 7.9981008 1.5468264818191528 0.89918053150177
Car 0.0 0 1.9621593952178955 177.4953155517578 188.4522705078125 354.9560546875 284.7030944824219 4.103643 1.5300503 1.6875117 -6.5749683 1.8831269 14.228058 1.5292781591415405 0.897873044013977
Car 0.0 0 -3.2864110469818115 697.6428833007812 160.30685424804688 774.9312133789062 188.20848083496094 4.3346877 1.6263247 1.6531807 7.4347496 0.8953365 42.93811 -3.1149606704711914 0.8462504148483276
Car 0.0 0 1.8911235332489014 369.8145751953125 188.2571563720703 450.66436767578125 236.15660095214844 3.9368322 1.4496461 1.548056 -6.8949833 2.029379 25.130861 1.6233494281768799 0.8338283896446228
Car 0.0 0 -1.6507471799850464 628.19482421875 174.63348388671875 656.8972778320312 198.08460998535156 3.8919816 1.4461149 1.5446388 2.0400345 1.5666738 46.76308 -1.6071499586105347 0.7608053088188171
Car 0.0 0 -2.1828739643096924 1107.71923828125 151.97494506835938 1242.0 200.8583984375 3.9948556 1.4129744 1.599869 17.848173 0.80982417 22.888334 -1.5205761194229126 0.7465342283248901
Car 0.0 0 2.9173972606658936 706.7876586914062 167.44032287597656 792.3140869140625 197.39028930664062 4.368037 1.6172886 1.7193083 7.6348367 1.3253093 39.895844 3.106480360031128 0.6442439556121826
Car 0.0 0 1.7517410516738892 464.9755554199219 183.00762939453125 505.7139587402344 211.47561645507812 3.7546628 1.446635 1.5704734 -6.875275 2.0349474 39.893227 1.581075668334961 0.6227427124977112
