Pedestrian 0.0 0 0.8246115446090698 894.3778686523438 157.11094665527344 915.5205078125 195.20750427246094 0.60252845 1.7429341 0.6769251 13.616151 1.0230408 33.40894 1.211618185043335 0.6215699315071106
Pedestrian 0.0 0 1.4461947679519653 1069.7548828125 125.26271057128906 1104.6544189453125 190.0901641845703 1.1072683 1.8430771 0.71930826 13.937976 0.4903908 21.166512 2.0285165309906006 0.5823950171470642
Pedestrian 0.0 0 -2.0027289390563965 1019.7549438476562 133.272705078125 1059.433349609375 193.8639678955078 1.1185534 1.8856143 0.6812006 13.65913 0.6541934 23.043049 -1.4676456451416016 0.50962233543396
Pedestrian 0.0 0 -0.2600855529308319 781.1485595703125 159.3988037109375 795.9804077148438 185.63858032226562 0.917006 1.8288295 0.47357756 12.474687 0.89140195 50.531166 -0.018053865060210228 0.4199990928173065
Pedestrian 0.0 0 2.7742910385131836 812.7572021484375 153.64114379882812 831.0184936523438 184.5247802734375 0.94521314 1.9205133 0.5991304 13.239911 0.7261104 45.203842 3.0592153072357178 0.4199652373790741
Pedestrian 0.0 0 -3.2240254878997803 762.03564453125 159.8778839111328 774.4859008789062 182.7842559814453 0.9403205 1.8282133 0.45991364 12.667849 0.79291564 57.875237 -3.0085418224334717 0.3648788630962372
Pedestrian 0.0 0 -2.455932855606079 244.48226928710938 168.4459686279297 260.8160400390625 193.3818359375 0.8434188 1.6913528 0.54876417 -24.445341 1.3927221 49.299484 -2.9162580966949463 0.3576511740684509
Cyclist 0.0 0 1.4144279956817627 1048.102294921875 140.18028259277344 1078.1978759765625 195.02975463867188 1.6975322 1.7772169 0.59659344 15.182932 0.71889067 24.274096 1.9733715057373047 0.3599631190299988
Car 0.0 0 1.9632351398468018 243.78480529785156 186.21926879882812 318.6322021484375 223.0524139404297 4.006196 1.4307988 1.559617 -14.302267 2.0527313 31.525545 1.537331461906433 0.8327939510345459
Car 0.0 0 1.940663456916809 395.6159973144531 183.9998779296875 435.7425842285156 204.89834594726562 4.02734 1.4803219 1.6317662 -14.900203 2.3691661 55.424786 1.6780364513397217 0.6505747437477112
Car 0.0 0 1.391784429550171 587.184814453125 176.05482482910156 615.8792114257812 195.04373168945312 3.952499 1.4317911 1.590309 -0.73179233 1.6951802 57.19893 1.3789913654327393 0.5889530777931213
Car 0.0 0 0.9474986791610718 821.5543212890625 161.73809814453125 872.7801513671875 183.08860778808594 3.6679733 1.4545138 1.6058005 16.729488 0.6975951 51.143253 1.2636381387710571 0.5167790651321411
Car 0.0 0 1.8304780721664429 318.7835388183594 167.6441650390625 350.0717468261719 186.04241943359375 3.8623056 1.5428513 1.5953611 -23.852703 1.1063198 62.508385 1.4659405946731567 0.4110797643661499
Car 0.0 0 -1.0312014818191528 1011.4973754882812 157.17160034179688 1098.6453857421875 191.53799438476562 4.0428667 1.5512707 1.6844752 21.098131 0.8437377 34.24604 -0.47904589772224426 0.40621867775917053
Car 0.0 0 -1.8426154851913452 766.1754760742188 161.8442840576172 805.421875 186.9210968017578 4.235866 1.7480857 1.6882399 12.69298 0.98096544 52.440773 -1.6051386594772339 0.37211713194847107
Car 0.0 0 -2.1248779296875 896.7982177734375 161.56483459472656 941.7763671875 182.2490997314453 3.7061987 1.6046883 1.6045464 24.753586 0.72923064 57.92657 -1.7210379838943481 0.34752798080444336
Car 0.0 0 -1.8940882682800293 737.2548828125 162.7517547607422 774.317138671875 184.83056640625 4.2716727 1.755645 1.7265961 11.967329 0.952701 59.598766 -1.695925235748291 0.34523993730545044
Car 0.0 0 1.646730899810791 733.5036010742188 162.6942596435547 753.9857788085938 181.00936889648438 3.8407362 1.7137036 1.6571664 12.903612 0.76343703 69.578545 1.830101490020752 0.3387916684150696
