Pedestrian 0.0 0 -0.34205693006515503 1025.5648193359375 104.68193817138672 1143.09228515625 291.41162109375 0.8250017 1.6546615 0.38975722 4.311112 1.0509287 6.6752744 0.2313833236694336 0.2798718810081482
Pedestrian 0.0 0 3.0384538173675537 588.8313598632812 153.4136505126953 616.8453979492188 221.64865112304688 0.6623739 1.7225832 0.5743956 -0.23732644 1.2321725 18.535954 3.025650978088379 0.21500901877880096
Pedestrian 0.0 0 -1.7676903009414673 1138.463134765625 169.7476806640625 1169.5887451171875 231.3229522705078 0.64865595 1.7905619 0.62127393 16.085691 1.7005905 21.405836 -1.123253583908081 0.2035723626613617
Car 0.0 0 -1.0804662704467773 961.3038330078125 155.95095825195312 1164.0980224609375 249.6256103515625 3.7569811 1.527475 1.6138318 8.38898 1.2522088 13.397694 -0.5210397243499756 0.9565340876579285
Car 0.0 0 2.8871562480926514 167.61856079101562 163.96981811523438 389.2631530761719 237.45819091796875 4.4927955 1.5276766 1.6473011 -7.767078 1.34335 17.051826 2.4597394466400146 0.9516889452934265
Car 0.0 0 -0.49351322650909424 777.2410888671875 184.30445861816406 888.2357788085938 228.4629364013672 3.8584259 1.6292224 1.6455475 8.697181 2.0993507 28.415716 -0.19649751484394073 0.7535272836685181
Car 0.0 0 2.514087677001953 848.0833129882812 149.70982360839844 1006.4133911132812 206.9087677001953 4.3773 1.691124 1.7167673 9.868475 1.0072093 22.63833 2.9251701831817627 0.5249199271202087
Car 0.0 0 2.2666120529174805 1180.869140625 153.0834197998047 1242.0 199.029541015625 3.8992953 1.4983892 1.681583 21.940718 0.85399127 24.646305 2.993999481201172 0.38313552737236023
Car 0.0 0 3.109531879425049 381.1419372558594 179.9346160888672 509.29071044921875 225.2398681640625 4.355574 1.5175917 1.5932664 -5.939037 1.7851949 25.905565 2.884169101715088 0.29930707812309265
Car 0.0 0 3.299171209335327 366.2369384765625 185.1326904296875 450.99041748046875 216.53817749023438 3.8229098 1.468951 1.5382 -9.888367 2.090106 35.49566 3.027480125427246 0.19858527183532715
Car 0.0 0 -0.21103066205978394 1116.872802734375 174.7461700439453 1242.0 215.99281311035156 3.9598246 1.5096036 1.6290318 22.285427 1.5880268 28.159164 0.4584500789642334 0.18014150857925415
