Pedestrian 0.0 0 1.2133020162582397 970.5547485351562 149.889892578125 999.4205322265625 202.23521423339844 0.79385656 1.750797 0.63290846 12.713256 0.9830736 24.56256 1.6909198760986328 0.5830090641975403
Pedestrian 0.0 0 2.148709297180176 1036.6265869140625 143.35678100585938 1066.4459228515625 197.39321899414062 0.61452985 1.7714077 0.61198604 14.676156 0.8047961 24.05898 2.6964547634124756 0.4034389555454254
Pedestrian 0.0 0 1.3118263483047485 852.3060302734375 137.82510375976562 874.2830810546875 181.95953369140625 0.7729239 1.8395627 0.7003378 10.65479 0.3798843 30.483942 1.648074746131897 0.3963383138179779
Pedestrian 0.0 0 3.5523018836975098 80.48270416259766 158.34716796875 100.4131088256836 189.3234405517578 0.86356413 1.8678175 0.478793 -31.59113 0.99343705 43.830334 2.927778720855713 0.3837622404098511
Pedestrian 0.0 0 2.3823299407958984 1173.7265625 125.1654052734375 1224.2236328125 207.18008422851562 0.6667286 1.7496215 0.53260106 12.743578 0.7326372 15.6809435 3.0647544860839844 0.3241350054740906
Pedestrian 0.0 0 -2.9059951305389404 591.3472290039062 162.57313537597656 602.2305297851562 184.0918731689453 0.8169641 1.7762582 0.46630928 -1.11851 0.92798454 59.871944 -2.9246747493743896 0.2761785387992859
Car 0.0 0 0.1345096081495285 563.6436767578125 175.42990112304688 763.6853637695312 265.5116882324219 3.5880668 1.5507628 1.6391357 1.0231559 1.60409 13.660121 0.20927095413208008 0.8508012890815735
Car 0.0 0 1.337855339050293 573.6046142578125 155.45297241210938 631.7052001953125 191.422119140625 4.042897 1.4668317 1.6395285 -0.43295127 0.75757074 31.582172 1.3241474628448486 0.5240547060966492
Car 0.0 0 2.0931944847106934 216.39541625976562 164.03611755371094 266.0449523925781 187.6120147705078 3.552121 1.6086982 1.5649394 -26.059381 1.0073686 51.044502 1.6211642026901245 0.431731253862381
Car 0.0 0 2.228248119354248 371.0774230957031 169.50738525390625 416.6073303222656 188.86843872070312 3.8626375 1.558116 1.613279 -17.997774 1.2891486 60.156395 1.9375410079956055 0.3818762004375458
Car 0.0 0 -1.423213243484497 116.6147232055664 153.87814331054688 164.24765014648438 187.05113220214844 4.2329206 1.8515744 1.7513373 -27.657248 0.7927815 42.559353 -1.9994839429855347 0.33409103751182556
Car 0.0 0 1.8099968433380127 172.7958526611328 167.81573486328125 218.93800354003906 194.7965545654297 4.008137 1.6613898 1.6824893 -26.70239 1.3515075 46.585987 1.2895276546478271 0.30453094840049744
Car 0.0 0 1.1035488843917847 575.255615234375 166.60508728027344 612.9954223632812 187.52342224121094 3.8939312 1.7247713 1.6384982 -1.4122304 1.2098892 61.59332 1.0806245803833008 0.2946472465991974
