Pedestrian 0.0 0 -1.3491449356079102 790.8622436523438 169.83738708496094 804.9300537109375 201.32203674316406 0.4845581 1.7806054 0.6875705 10.689364 1.6103595 41.176426 -1.0951523780822754 0.1594424545764923
Pedestrian 0.0 0 -1.0691778659820557 1035.155029296875 140.80531311035156 1064.1600341796875 185.5875244140625 0.9565374 1.8387086 0.65632343 18.328295 0.5231825 30.145971 -0.5229077339172363 0.13375702500343323
Pedestrian 0.0 0 -1.4869797229766846 739.3526611328125 169.41148376464844 758.4933471679688 216.78228759765625 0.76105726 1.7894565 0.6617624 5.296358 1.6597712 27.70929 -1.2981175184249878 0.12794619798660278
Pedestrian 0.0 0 -1.2383300065994263 627.2650756835938 174.021240234375 654.043212890625 228.06082153320312 0.7840161 1.8738708 0.73228323 1.0450996 1.9163522 25.537315 -1.1974284648895264 0.11741515249013901
Car 0.0 0 1.7213497161865234 765.6447143554688 176.81687927246094 842.7461547851562 235.4937744140625 3.702591 1.4743766 1.565936 5.519844 1.5978781 20.408682 1.9854953289031982 0.9538288712501526
Car 0.0 0 -1.6654269695281982 951.6650390625 163.7136688232422 999.0963745117188 200.31785583496094 3.6525428 1.6215924 1.643484 17.094584 1.2170268 33.961914 -1.1991063356399536 0.9254612922668457
Car 0.0 0 -1.5286521911621094 840.761962890625 170.39393615722656 878.0482788085938 202.18954467773438 3.692185 1.489207 1.5962551 12.375029 1.3743436 35.80196 -1.1958558559417725 0.8222705721855164
Car 0.0 0 -1.752537727355957 1011.249267578125 157.46360778808594 1173.763916015625 262.1677551269531 4.294114 1.6499436 1.7516817 8.841414 1.4077773 13.686155 -1.1789714097976685 0.7849324941635132
Car 0.0 0 -1.9661238193511963 858.593994140625 165.4781951904297 893.7410888671875 185.83885192871094 4.0639215 1.8732497 1.6885203 25.183924 1.1950078 68.4474 -1.6135649681091309 0.1180853322148323
Car 0.0 0 2.5163607597351074 814.812744140625 172.2508544921875 883.26416015625 196.38575744628906 3.9970188 1.5153519 1.64779 15.428195 1.4778407 46.688095 2.8355162143707275 0.10029248893260956
