Pedestrian 0.0 0 -1.7685810327529907 715.8615112304688 147.26824951171875 739.6253662109375 197.41357421875 0.7928456 1.800948 0.71210253 4.2454753 0.88240504 26.320593 -1.6086598634719849 0.59239262342453
Pedestrian 0.0 0 0.3589043617248535 332.9267272949219 133.672119140625 382.4458312988281 213.40771484375 0.94137114 1.8698415 0.6786321 -6.0768847 0.9513639 17.266584 0.020498037338256836 0.43354251980781555
Pedestrian 0.0 0 -1.9214509725570679 818.8328857421875 126.43001556396484 870.11767578125 214.1395263671875 0.7304545 1.8279246 0.8406864 4.947884 0.86077553 15.416362 -1.6108863353729248 0.36832284927368164
Car 0.0 0 1.74515700340271 349.9110107421875 192.7913360595703 487.5951232910156 308.8155822753906 3.6319048 1.5074805 1.5556784 -3.0247571 1.88792 11.883458 1.4959145784378052 0.9652070999145508
Car 0.0 0 -1.6969496011734009 620.3511352539062 175.2452392578125 672.8303833007812 217.58096313476562 3.8667417 1.5856661 1.6347574 1.3731934 1.6895361 29.239153 -1.650019884109497 0.9518347382545471
Car 0.0 0 -2.0430634021759033 761.3189697265625 175.74627685546875 1179.5576171875 375.0 4.476362 1.5932374 1.6998402 2.9700665 1.6321198 7.305042 -1.6568995714187622 0.9395933747291565
Car 0.0 0 -1.5436302423477173 493.7748718261719 182.13621520996094 539.1219482421875 224.2298126220703 4.080942 1.5029364 1.6697823 -3.719119 1.9011103 28.8064 -1.672027349472046 0.9009613394737244
Car 0.0 0 1.600408911705017 493.9140930175781 168.49525451660156 514.0407104492188 187.98663330078125 4.2979836 1.7079672 1.6819855 -9.60712 1.3263823 65.45522 1.454675555229187 0.5353645086288452
Car 0.0 0 -1.5112099647521973 592.41064453125 179.08262634277344 611.3766479492188 195.38002014160156 3.7858975 1.4934732 1.6066908 -0.7741537 2.1106634 69.52275 -1.522344708442688 0.4562550187110901
Car 0.0 0 -0.26782774925231934 626.2592163085938 164.5204315185547 672.7594604492188 185.0416717529297 3.779543 1.7712809 1.663023 3.442328 1.0523304 63.489754 -0.21366214752197266 0.3855799436569214
Car 0.0 0 1.772631049156189 344.03118896484375 161.4132537841797 400.8446044921875 198.66372680664062 3.620223 1.4258707 1.5105909 -9.681616 0.9883004 29.501183 1.4555281400680542 0.3741912841796875
