Pedestrian 0.0 0 0.18009965121746063 295.6439208984375 185.2474365234375 335.81658935546875 266.8475646972656 0.74861854 1.797737 0.6129598 -6.7231536 2.0860753 16.385723 -0.20925916731357574 0.5576258301734924
Pedestrian 0.0 0 1.8437964916229248 134.2079315185547 136.13427734375 178.91539001464844 222.1231231689453 0.7469103 1.7935627 0.6367259 -9.776415 1.0280173 15.496016 1.2809667587280273 0.42059147357940674
Pedestrian 0.0 0 0.9427062273025513 422.85614013671875 180.687744140625 442.791015625 218.83279418945312 0.6023211 1.7564104 0.68561304 -8.354456 2.129418 33.864468 0.7008333206176758 0.3958004117012024
Pedestrian 0.0 0 -1.4509613513946533 358.0108947753906 182.3516082763672 384.6062316894531 238.69876098632812 0.7708643 1.7754327 0.7312867 -7.757539 2.0889146 23.334711 -1.7719134092330933 0.35319218039512634
Pedestrian 0.0 0 2.151665449142456 633.1074829101562 170.63632202148438 652.0849609375 208.5606231689453 0.687838 1.8386008 0.66317594 1.5645773 1.7314439 35.4509 2.195770502090454 0.34067773818969727
Pedestrian 0.0 0 3.1470348834991455 241.98782348632812 180.90367126464844 287.8996276855469 278.1795959472656 0.7771095 1.7932565 0.5169411 -6.6295786 1.9516755 13.765013 2.698194742202759 0.2851393222808838
Pedestrian 0.0 0 -1.4901716709136963 810.7658081054688 152.0811767578125 841.0138549804688 214.3680419921875 0.91156894 1.7785507 0.7811277 6.2929726 1.1857579 21.166277 -1.2011834383010864 0.2780420184135437
Pedestrian 0.0 0 -0.2609657645225525 916.7188110351562 150.5517578125 1040.965087890625 329.25018310546875 1.0190945 1.7714931 0.6759623 3.7854402 1.550762 7.58343 0.20201969146728516 0.2486598640680313
Pedestrian 0.0 0 0.7426725029945374 101.7348403930664 137.08935546875 150.97303771972656 219.1595458984375 0.70619535 1.7815063 0.5718833 -10.76573 1.0055174 15.995328 0.15026044845581055 0.2447700947523117
Pedestrian 0.0 0 3.4624946117401123 163.5048828125 188.418701171875 223.0947723388672 306.3818359375 0.67386097 1.7616532 0.5106652 -6.4954867 2.010019 11.175503 2.9359943866729736 0.21831829845905304
Car 0.0 0 -1.5286405086517334 465.0942077636719 187.27020263671875 505.700439453125 226.28619384765625 3.2028983 1.455093 1.5227537 -5.1475043 2.0853603 29.838625 -1.6994705200195312 0.9349604249000549
Car 0.0 0 3.3470139503479004 229.78549194335938 180.4393310546875 384.70428466796875 238.08950805664062 4.3861094 1.7508341 1.7981064 -9.787103 2.0123472 23.544996 2.953066825866699 0.8933802247047424
Car 0.0 0 1.6591707468032837 481.6762390136719 184.35667419433594 521.9783325195312 217.8737335205078 4.1327653 1.5306185 1.6589278 -5.4525 2.1467288 36.509754 1.5109227895736694 0.8207997679710388
Car 0.0 0 -1.5496280193328857 562.3287353515625 188.43057250976562 593.0134887695312 218.61549377441406 3.6595142 1.4881785 1.5935158 -1.7598168 2.377459 39.325874 -1.5943477153778076 0.25975483655929565
Car 0.0 0 -1.3732901811599731 404.2665710449219 182.55442810058594 450.87396240234375 213.9154052734375 3.8092847 1.4759692 1.607387 -9.355107 2.0012383 37.099144 -1.6203055381774902 0.21136094629764557
