Pedestrian 0.0 0 1.4351201057434082 740.1762084960938 136.1796875 767.1065673828125 201.79345703125 0.55380857 1.7801583 0.6570056 3.9027288 0.78551066 19.868767 1.6290761232376099 0.540461003780365
Pedestrian 0.0 0 -1.8747427463531494 750.5808715820312 120.26305389404297 790.4794921875 206.17843627929688 0.7306509 1.8064449 0.64893 3.4030244 0.70103276 15.560821 -1.659440517425537 0.45742517709732056
Pedestrian 0.0 0 -2.2357606887817383 473.4511413574219 154.69476318359375 488.9853210449219 184.4751434326172 0.87362415 1.9334519 0.5900388 -8.483866 0.7548451 47.35307 -2.413041591644287 0.35507094860076904
Pedestrian 0.0 0 0.15097853541374207 456.8991394042969 154.28012084960938 474.6224060058594 182.62603759765625 1.0626404 1.8244458 0.49991617 -9.366601 0.6293215 46.712643 -0.046912483870983124 0.35016754269599915
Pedestrian 0.0 0 1.9336856603622437 458.7523498535156 151.37278747558594 481.3990783691406 197.886962890625 1.0095366 1.8244724 0.5689784 -5.629388 0.982251 28.844511 1.7409451007843018 0.32916969060897827
Pedestrian 0.0 0 0.19371947646141052 227.9115447998047 121.71540832519531 262.318115234375 193.4038848876953 0.6884752 1.8096646 0.6085635 -9.445752 0.519108 18.597986 -0.2762210965156555 0.30075302720069885
Pedestrian 0.0 0 2.806067943572998 757.2892456054688 111.142333984375 813.939697265625 217.1802215576172 0.80313504 1.8632287 0.7197087 3.1184876 0.7792295 13.074292 3.0402135848999023 0.2999916672706604
Pedestrian 0.0 0 -1.6611945629119873 693.7507934570312 149.1951446533203 709.2662963867188 187.50135803222656 1.7119915 1.8036209 0.58778137 4.370517 0.69001836 34.835957 -1.5363867282867432 0.10849117487668991
Cyclist 0.0 0 1.7723878622055054 402.7909240722656 127.91654205322266 434.24017333984375 192.6405487060547 1.8655806 1.8959733 0.57142884 -5.8864784 0.57996917 22.081404 1.5118656158447266 0.5678356885910034
Cyclist 0.0 0 -1.6611945629119873 693.7507934570312 149.1951446533203 709.2662963867188 187.50135803222656 1.7119915 1.8036209 0.58778137 4.370517 0.69001836 34.835957 -1.5363867282867432 0.49794846773147583
Cyclist 0.0 0 1.0697780847549438 836.1510620117188 96.2275619506836 896.88134765625 179.15542602539062 1.2978022 1.731247 0.7098576 5.528601 0.13190977 15.758512 1.4071944952011108 0.4666560888290405
Cyclist 0.0 0 1.9336856603622437 458.7523498535156 151.37278747558594 481.3990783691406 197.886962890625 1.0095366 1.8244724 0.5689784 -5.629388 0.982251 28.844511 1.7409451007843018 0.23770226538181305
Car 0.0 0 1.7610158920288086 516.0554809570312 177.69357299804688 572.4100952148438 217.17108154296875 4.0301523 1.5492136 1.6712157 -2.7839007 1.770944 30.913313 1.6712031364440918 0.914697527885437
Car 0.0 0 -1.5437370538711548 561.7740478515625 174.0436553955078 581.6561889648438 192.12799072265625 3.6928303 1.4936283 1.6006731 -3.2705512 1.5988019 61.702835 -1.5966923236846924 0.8026357889175415
Car 0.0 0 -1.632938265800476 650.5986328125 149.5383758544922 693.3355102539062 187.12367248535156 3.7194433 1.6166104 1.7018875 2.7311726 0.6141221 32.90877 -1.5501357316970825 0.39741164445877075
Car 0.0 0 -0.3627531826496124 696.5961303710938 146.30056762695312 810.1358642578125 190.45616149902344 3.7658594 1.5561706 1.620985 5.193001 0.6207092 26.542921 -0.16954821348190308 0.3619906008243561
Car 0.0 0 0.008573010563850403 693.6593017578125 158.40386962890625 772.6893920898438 192.28370666503906 3.6854985 1.5877687 1.6018906 5.911435 0.91092587 34.923573 0.17625141143798828 0.3543453812599182
Car 0.0 0 -0.9892390370368958 518.3148193359375 161.7125701904297 560.0928344726562 181.57652282714844 4.078941 1.7054507 1.7442061 -6.275404 0.7492444 64.156975 -1.0867421627044678 0.29937294125556946
Car 0.0 0 -2.628967761993408 388.5472717285156 156.65438842773438 460.8641357421875 183.81063842773438 3.926624 1.5879713 1.6304537 -11.18663 0.6410507 43.483368 -2.880769729614258 0.2911675274372101
