Pedestrian 0.0 0 2.702329158782959 0.0 177.9849853515625 79.73040008544922 369.40203857421875 0.7181586 1.6865143 0.5253397 -5.6128874 1.7384611 6.814892 2.013350248336792 0.568371593952179
Pedestrian 0.0 0 1.4509419202804565 802.5574340820312 109.77627563476562 853.4600219726562 239.710693359375 0.72776395 1.7223034 0.5860922 2.9447646 0.88655496 9.968978 1.7381665706634521 0.38014745712280273
Pedestrian 0.0 0 -0.013593263924121857 567.145263671875 174.148193359375 580.3317260742188 202.32614135742188 0.84730875 1.8171204 0.5322854 -2.387891 1.9020362 46.84708 -0.06452122330665588 0.20755812525749207
Cyclist 0.0 0 -1.9948254823684692 721.0067138671875 166.68934631347656 746.4411010742188 204.9795684814453 1.6719111 1.6165259 0.4359353 5.3174787 1.3566263 31.322842 -1.8266650438308716 0.26876598596572876
Car 0.0 0 -1.9260927438735962 776.4163818359375 183.66110229492188 1082.933837890625 375.0 3.1782079 1.4554126 1.5236946 2.6315448 1.5820369 6.828935 -1.5582772493362427 0.9621749520301819
Car 0.0 0 -1.71530282497406 663.2733764648438 175.5142822265625 731.4192504882812 228.3397979736328 3.5698168 1.5109308 1.6035877 2.6100457 1.6013813 22.624874 -1.600448727607727 0.9576235413551331
Car 0.0 0 1.7665420770645142 437.4757995605469 179.90225219726562 504.37860107421875 227.98341369628906 3.8915505 1.5653276 1.6393303 -4.968085 1.8388629 26.011225 1.5778173208236694 0.9496765732765198
Car 0.0 0 -1.1839936971664429 228.5625 176.70811462402344 426.0823974609375 299.1666259765625 3.9692996 1.6924535 1.6670233 -4.5271463 1.7682031 12.103639 -1.5419152975082397 0.9285781383514404
Car 0.0 0 1.6571478843688965 501.7132568359375 179.7792205810547 537.4827880859375 208.6954803466797 4.3791733 1.5524707 1.6963347 -5.244094 1.9774565 42.01904 1.5329869985580444 0.6119701862335205
Car 0.0 0 -1.3866093158721924 632.2258911132812 174.08462524414062 659.2894287109375 194.10118103027344 3.9386072 1.6831263 1.6700096 3.1350758 1.7946007 63.037575 -1.3369168043136597 0.2838646173477173
Car 0.0 0 -0.14084786176681519 0.0 205.6881561279297 110.13309478759766 375.0 3.950488 1.459243 1.5849645 -5.0603857 1.7158862 3.5083609 -1.1054296493530273 0.25430813431739807
