Pedestrian 0.0 0 -0.29372382164001465 592.4525146484375 177.4270782470703 613.0545043945312 216.07315063476562 0.8421065 1.7927418 0.56309366 -0.3821995 2.010839 33.95694 -0.30497875809669495 0.46083399653434753
Pedestrian 0.0 0 0.8933156728744507 718.6769409179688 186.21688842773438 753.6475830078125 255.88319396972656 0.57320064 1.6549476 0.62284386 3.0427854 1.9904822 17.69355 1.0636212825775146 0.2909974455833435
Pedestrian 0.0 0 -1.7340688705444336 717.6998291015625 114.67596435546875 774.952392578125 250.85992431640625 0.71211934 1.845401 0.6795939 1.8476725 1.0574001 10.136457 -1.5537683963775635 0.2808881103992462
Cyclist 0.0 0 -0.29393187165260315 592.9447021484375 177.0796356201172 614.0639038085938 216.01502990722656 0.8612221 1.8057709 0.5836938 -0.34701937 2.007398 33.957047 -0.30415087938308716 0.10279145836830139
Car 0.0 0 1.8616894483566284 286.25616455078125 202.05799865722656 443.1448059082031 313.80157470703125 3.4883773 1.4125155 1.4625959 -3.874294 1.962024 11.802211 1.544504165649414 0.9551498293876648
Car 0.0 0 1.8133790493011475 398.48883056640625 185.50669860839844 498.3578796386719 261.0235595703125 3.785714 1.6255381 1.5675925 -3.969233 1.9765831 18.082705 1.5973014831542969 0.8943540453910828
Car 0.0 0 2.272662878036499 0.0 213.67173767089844 229.23211669921875 375.0 3.9784632 1.4339695 1.6378174 -3.9099786 1.7756383 3.9863985 1.496942162513733 0.8492563962936401
Car 0.0 0 -1.4070172309875488 608.9920654296875 180.45480346679688 656.3853759765625 216.162841796875 4.1188316 1.5443422 1.6020453 1.1011453 1.92903 34.30542 -1.3749299049377441 0.6854167580604553
Car 0.0 0 0.554593563079834 1043.281005859375 0.0 1242.0 375.0 3.9745414 1.6703707 1.6054173 3.6988955 1.3443424 2.7339523 1.4888840913772583 0.5310167670249939
Car 0.0 0 2.940234661102295 631.2689208984375 171.67323303222656 682.763916015625 189.07798767089844 4.403879 1.5455174 1.6297369 4.209039 1.4410249 65.1764 3.0047242641448975 0.22521428763866425
