Pedestrian 0.0 0 1.5581226348876953 729.76220703125 149.3872528076172 759.3074340820312 213.40052795410156 1.1475312 1.8999635 0.86501104 4.0550714 1.2038102 22.051453 1.7399822473526 0.4091793894767761
Pedestrian 0.0 0 2.459972858428955 898.08544921875 114.60704040527344 995.7362060546875 271.4237365722656 0.9241709 1.8380238 0.58539176 4.0689487 1.1556782 8.852495 2.8908133506774902 0.2142692357301712
Pedestrian 0.0 0 0.537377119064331 158.5871124267578 106.77349090576172 278.2097473144531 275.1751708984375 0.97503567 1.7933252 0.6494168 -4.3856864 1.0899856 8.023566 0.03714752197265625 0.13728095591068268
Pedestrian 0.0 0 1.8098961114883423 527.1480102539062 182.58984375 547.9661254882812 222.0408935546875 1.7671353 1.7422397 0.5534998 -3.3636591 2.2032812 33.225876 1.7090036869049072 0.10795337706804276
Cyclist 0.0 0 1.757686972618103 529.2103881835938 179.7568359375 548.030517578125 218.84068298339844 1.7709754 1.7384663 0.5478017 -3.324591 2.0662627 33.31763 1.658231496810913 0.1378374993801117
Car 0.0 0 -1.8284754753112793 712.7298583984375 186.79066467285156 879.7982177734375 299.511962890625 4.0602 1.4525727 1.5948766 2.7757864 1.7215672 11.853916 -1.5984538793563843 0.9419917464256287
Car 0.0 0 -1.240869164466858 583.5828857421875 166.44955444335938 621.0931396484375 190.59934997558594 3.6386077 1.7181879 1.6854382 -0.5555438 1.2628878 53.3245 -1.2512869834899902 0.33424657583236694
Car 0.0 0 -1.7728193998336792 673.5738525390625 181.49855041503906 708.8088989257812 206.8861541748047 3.5249472 1.5286762 1.5752558 5.1618795 2.108239 46.51486 -1.6622989177703857 0.31413713097572327
Car 0.0 0 -1.7079613208770752 602.2882080078125 186.9110107421875 634.2150268554688 212.56971740722656 3.5889137 1.5157815 1.5773884 0.4639446 2.4599397 46.56187 -1.6979975700378418 0.20872953534126282
Car 0.0 0 -2.2187905311584473 592.7620239257812 173.9805450439453 633.1207275390625 192.4005126953125 3.7873588 1.591864 1.6623646 0.2146585 1.6962492 64.612305 -2.215468406677246 0.14394769072532654
Car 0.0 0 1.8169575929641724 499.1480407714844 184.46163940429688 554.9462280273438 218.73309326171875 4.0829782 1.4926054 1.7464265 -3.9899988 2.0906389 35.010056 1.7034800052642822 0.13268552720546722
