Pedestrian 0.0 0 0.819471538066864 510.8141784667969 178.1971893310547 528.7008056640625 215.3474884033203 0.66610587 1.8951495 0.6365685 -4.713872 2.1758337 37.394444 0.6940748691558838 0.2156258225440979
Pedestrian 0.0 0 1.0620757341384888 980.0536499023438 189.41470336914062 1097.2950439453125 375.0 0.745942 1.6781732 0.58646536 3.6539676 1.831718 6.2935076 1.5881032943725586 0.2142951786518097
Pedestrian 0.0 0 1.3051742315292358 733.518310546875 159.4025115966797 779.19189453125 239.91842651367188 1.0419582 1.8491446 0.8135632 3.4073873 1.5405731 17.116066 1.501680612564087 0.1732945293188095
Pedestrian 0.0 0 0.6523985266685486 759.7113037109375 172.08534240722656 805.5303344726562 259.4765930175781 0.6593036 1.8107638 0.7074471 3.6399786 1.7951946 15.426848 0.8841114044189453 0.1730688065290451
Pedestrian 0.0 0 -1.7456814050674438 691.2569580078125 168.1217498779297 712.2077026367188 214.47621154785156 1.4464866 1.7244136 0.5476618 3.4527898 1.5487297 27.574991 -1.6211152076721191 0.16145923733711243
Pedestrian 0.0 0 -0.41724228858947754 993.0182495117188 150.20111083984375 1046.5101318359375 250.87391662597656 0.6437284 1.7357697 0.5739154 7.180903 1.3455534 12.754143 0.09554600715637207 0.1379636526107788
Cyclist 0.0 0 -1.7452664375305176 989.5157470703125 177.1446533203125 1012.3170166015625 232.6077117919922 1.570527 1.6371545 0.3462413 11.980522 1.7744123 22.21916 -1.250754475593567 0.29721421003341675
Cyclist 0.0 0 -3.151190757751465 1185.6038818359375 168.05801391601562 1242.0 221.77102661132812 1.5633388 1.7143668 0.4368902 19.861004 1.5616508 23.69183 -2.4535250663757324 0.24444915354251862
Cyclist 0.0 0 -1.7626521587371826 690.06884765625 165.96856689453125 712.018310546875 213.5869598388672 1.5605568 1.7688032 0.5416465 3.4278517 1.5133988 27.59597 -1.6390695571899414 0.17179960012435913
Car 0.0 0 1.7347526550292969 436.8951721191406 185.58395385742188 516.175537109375 247.32965087890625 3.6537957 1.5563074 1.6656488 -3.790822 1.9558519 20.782902 1.5543349981307983 0.9583081603050232
Car 0.0 0 -1.5082036256790161 642.7763061523438 180.67294311523438 675.3314819335938 214.69354248046875 3.5597227 1.7535609 1.5791296 2.7157805 2.2067153 39.91415 -1.44026780128479 0.26511049270629883
Car 0.0 0 1.3955116271972656 967.1474609375 175.0032501220703 1004.5730590820312 198.87664794921875 4.0259366 1.5819676 1.6327771 26.151903 1.738803 50.3646 1.8744416236877441 0.21264781057834625
Car 0.0 0 1.418790340423584 1149.8609619140625 188.72898864746094 1200.2156982421875 215.80421447753906 3.4412482 1.4481302 1.8473564 33.441628 2.4338646 42.83127 2.0816988945007324 0.1918349415063858
Car 0.0 0 1.1510326862335205 1142.1593017578125 1.4493460655212402 1242.0 375.0 3.8509474 1.5936658 1.6306206 3.6515467 1.3581481 3.078546 2.0213661193847656 0.1471588909626007
