Pedestrian 0.0 0 1.433243989944458 893.2400512695312 131.8139190673828 924.8198852539062 198.42909240722656 0.8121132 1.7944725 0.6982707 8.196171 0.6892973 19.914452 1.8236836194992065 0.6422745585441589
Pedestrian 0.0 0 -0.749579906463623 842.2408447265625 161.08445739746094 859.7418823242188 196.38079833984375 0.5671081 1.8716719 0.696856 12.885694 1.247922 38.693195 -0.428109347820282 0.25644451379776
Pedestrian 0.0 0 2.094963550567627 1011.5735473632812 136.61001586914062 1098.4625244140625 291.8044738769531 0.67917866 1.7753348 0.63839674 5.302212 1.3610824 8.694013 2.642608404159546 0.24140256643295288
Pedestrian 0.0 0 -0.37887686491012573 986.7833862304688 142.64292907714844 1028.8818359375 225.3949737548828 0.5972042 1.7443897 0.6462443 8.522323 1.1079067 15.564147 0.12209200859069824 0.22515398263931274
Pedestrian 0.0 0 -3.444507598876953 884.506591796875 153.7766876220703 929.6722412109375 251.57601928710938 0.61597484 1.8087677 0.6819561 5.5821767 1.4562968 13.707433 -3.0577778816223145 0.1818089783191681
Pedestrian 0.0 0 -2.5244719982147217 632.8309326171875 171.0142059326172 643.0834350585938 192.01332092285156 0.63439095 1.7888324 0.62506557 2.3770063 1.632466 61.903366 -2.4860920906066895 0.15227003395557404
Pedestrian 0.0 0 2.396256923675537 430.1897888183594 137.50282287597656 473.1690368652344 191.77430725097656 1.4418492 1.7670602 0.5184885 -5.349025 0.6163965 24.230043 2.1789817810058594 0.144705668091774
Cyclist 0.0 0 2.4082727432250977 424.4852294921875 140.5145721435547 470.04791259765625 194.99281311035156 1.5181564 1.7717694 0.54802233 -5.498462 0.72036743 24.241686 2.185228109359741 0.3289929926395416
Car 0.0 0 2.1162054538726807 0.0 197.4755401611328 448.79852294921875 375.0 3.8464346 1.4506775 1.633469 -2.7345655 1.7130723 5.6830473 1.6677273511886597 0.9458054900169373
Car 0.0 0 -1.9077060222625732 793.9967041015625 189.8151397705078 1134.2686767578125 375.0 3.1967363 1.4462787 1.5617193 2.655612 1.6336939 6.3115535 -1.5094372034072876 0.917698323726654
Car 0.0 0 1.7560068368911743 639.2393798828125 177.89788818359375 672.8687133789062 202.35716247558594 3.8893237 1.5883057 1.6293429 3.1884172 1.9513667 49.79719 1.819947600364685 0.7235587239265442
Car 0.0 0 -0.244889497756958 897.9500732421875 175.81153869628906 1176.8707275390625 267.009033203125 4.2696366 1.5465364 1.6693878 7.79977 1.6087174 13.701287 0.272629976272583 0.1990681141614914
