Pedestrian 0.0 0 -0.246780663728714 724.3894653320312 159.70953369140625 738.8267211914062 190.06349182128906 0.6827002 1.7329729 0.6422279 6.9640427 0.98288494 41.53897 -0.08067458122968674 0.5700899362564087
Pedestrian 0.0 0 0.355227530002594 241.1202850341797 142.2364501953125 301.8946838378906 225.21450805664062 1.10927 1.8331757 0.58031696 -7.671608 1.1571218 16.274023 -0.08528110384941101 0.5606808662414551
Pedestrian 0.0 0 1.477674126625061 751.4442138671875 151.11859130859375 767.2782592773438 188.25314331054688 0.7716498 1.636942 0.62197614 6.625732 0.67917335 32.22117 1.6804800033569336 0.5374996066093445
Pedestrian 0.0 0 0.3845869302749634 369.2740173339844 149.1732940673828 389.1802062988281 192.67208862304688 0.62785554 1.8476119 0.6204667 -9.945433 0.8421315 30.97716 0.07392549514770508 0.5100978016853333
Pedestrian 0.0 0 -1.685086965560913 404.047119140625 150.784423828125 420.2783203125 188.5028076171875 1.03466 1.8214124 0.6537355 -9.760806 0.7560357 35.442158 -1.9538259506225586 0.47233760356903076
Pedestrian 0.0 0 -1.7912424802780151 792.502197265625 123.29145050048828 829.2586059570312 206.22805786132812 0.4874198 1.8031567 0.6914043 4.383061 0.7259561 15.944439 -1.5229730606079102 0.467330664396286
Cyclist 0.0 0 -1.3484253883361816 447.6717529296875 149.46365356445312 470.23980712890625 190.8184051513672 1.7009279 1.8277057 0.64541805 -6.8811865 0.79430944 32.74145 -1.5555778741836548 0.5683115720748901
Cyclist 0.0 0 1.3546574115753174 334.78912353515625 129.79135131835938 370.9459228515625 195.12432861328125 1.8614492 1.7430308 0.56121397 -7.257621 0.59451216 20.184576 1.0094890594482422 0.462009459733963
Cyclist 0.0 0 1.6291224956512451 978.6456909179688 111.72811126708984 1004.2428588867188 174.92649841308594 1.6032687 1.7553256 0.5648336 10.996984 0.057921708 20.870054 2.1140785217285156 0.4483173191547394
Cyclist 0.0 0 0.355227530002594 241.1202850341797 142.2364501953125 301.8946838378906 225.21450805664062 1.10927 1.8331757 0.58031696 -7.671608 1.1571218 16.274023 -0.08528110384941101 0.22980964183807373
Car 0.0 0 -1.8446242809295654 716.3995971679688 188.92587280273438 874.3414916992188 292.7242431640625 3.763462 1.4238323 1.608776 2.9322608 1.7431004 12.4009695 -1.6124347448349 0.9732018709182739
Car 0.0 0 1.720616102218628 429.8626403808594 182.31455993652344 515.331298828125 241.96922302246094 3.7806602 1.3407894 1.6255617 -3.5040781 1.6120433 18.740292 1.5357695817947388 0.9506288766860962
Car 0.0 0 1.746606707572937 487.5024108886719 175.76698303222656 546.3693237304688 222.50624084472656 3.6744373 1.6063484 1.5568489 -3.4402342 1.7228855 26.901602 1.6194149255752563 0.9368951916694641
Car 0.0 0 1.9794247150421143 0.0 189.39645385742188 386.9950256347656 375.0 3.6343975 1.4480675 1.5920879 -3.2266452 1.6341302 6.2292466 1.501494288444519 0.9243535399436951
Car 0.0 0 1.4076199531555176 651.6089477539062 180.59823608398438 712.5927734375 225.51617431640625 4.0674233 1.5341808 1.6501455 2.6163733 1.8515211 27.44567 1.502661943435669 0.8737138509750366
Car 0.0 0 1.5993304252624512 524.1520385742188 174.2146453857422 559.778076171875 209.489013671875 4.155283 1.6640525 1.6689501 -3.4107368 1.736932 36.32712 1.5057153701782227 0.8032453060150146
Car 0.0 0 1.50465726852417 635.18115234375 180.1053924560547 663.6663208007812 203.3900146484375 4.081393 1.4114239 1.5805491 2.5003843 1.905392 47.062294 1.5577366352081299 0.5258505940437317
Car 0.0 0 1.7657337188720703 541.2910766601562 174.67593383789062 576.4649658203125 200.7887420654297 3.8797393 1.6482254 1.6069357 -3.3763952 1.7745209 47.84747 1.6952847242355347 0.4612416923046112
