Pedestrian 0.0 0 -1.5183848142623901 740.2130737304688 136.91127014160156 761.177490234375 194.6233673095703 0.6780593 1.849966 0.63746834 4.6248918 0.30269468 23.445919 -1.3236273527145386 0.5947825312614441
Pedestrian 0.0 0 0.8727976083755493 397.9501953125 136.86257934570312 461.8489990234375 241.82891845703125 0.84764653 1.7122008 0.6669481 -3.078871 0.9246006 12.240746 0.6263828277587891 0.44070911407470703
Pedestrian 0.0 0 -1.4376046657562256 321.1929626464844 129.1603240966797 368.1140441894531 234.69186401367188 0.74766934 1.7483015 0.6657829 -4.554851 0.8207841 12.34279 -1.791130542755127 0.34580254554748535
Pedestrian 0.0 0 -1.9282630681991577 1007.9971313476562 64.71320343017578 1120.42431640625 237.93072509765625 1.7250029 1.7309809 0.47608063 5.0046787 0.5279181 8.072268 -1.3732787370681763 0.12221544235944748
Cyclist 0.0 0 -1.9420716762542725 993.4871826171875 75.85830688476562 1106.4891357421875 241.41348266601562 1.6744671 1.7170334 0.5276733 4.999847 0.58397925 8.321511 -1.4010392427444458 0.5399320125579834
Car 0.0 0 -1.583286166191101 577.0374145507812 176.61062622070312 619.234375 216.2185516357422 3.514189 1.5858271 1.6909354 -0.47119683 1.2424278 30.557873 -1.5987048149108887 0.9434858560562134
Car 0.0 0 -1.1162872314453125 175.9160614013672 184.22308349609375 319.77386474609375 258.80712890625 3.3068175 1.48533 1.5530529 -7.878557 1.466693 15.968494 -1.574625849723816 0.9407410025596619
Car 0.0 0 2.2219934463500977 0.0 189.303955078125 137.26205444335938 337.1528625488281 3.7771075 1.4226983 1.5682951 -7.839408 1.4858136 8.957936 1.503086805343628 0.7468454837799072
Car 0.0 0 1.7706302404403687 430.8099670410156 189.60574340820312 514.0340576171875 246.19276428222656 3.8163345 1.4242209 1.5771326 -3.7583342 1.5611292 20.30814 1.5876352787017822 0.5747501850128174
Car 0.0 0 1.5482211112976074 553.57080078125 159.5948486328125 584.27099609375 188.3115997314453 4.051858 1.5755178 1.6700271 -2.312431 0.17098512 41.52057 1.4925849437713623 0.5021446943283081
Car 0.0 0 2.731846570968628 671.3728637695312 178.3357391357422 747.628173828125 206.20603942871094 3.846057 1.4902313 1.6189432 5.5803995 1.1234899 39.727 2.8714022636413574 0.44913551211357117
Car 0.0 0 -0.304733544588089 692.79052734375 156.98013305664062 776.1039428710938 187.81582641601562 3.8529084 1.5180385 1.6073576 6.359202 0.12913576 36.435566 -0.13194121420383453 0.4404732286930084
Car 0.0 0 -3.2405052185058594 691.5517578125 153.8269805908203 758.4788818359375 179.79510498046875 3.8558347 1.525391 1.6330925 7.0344014 -0.33428878 43.545048 -3.080345869064331 0.4370425045490265
