Car 0.0 0 -1.7553858757019043 689.144287109375 177.25808715820312 812.4069213867188 262.577880859375 4.3307834 1.4829638 1.6757792 2.6790392 1.5877442 14.933905 -1.577880859375 0.9690260887145996
Car 0.0 0 -0.2341649830341339 779.3387451171875 172.61831665039062 927.0236206054688 229.08839416503906 3.55376 1.476129 1.6563386 6.537798 1.470326 19.833036 0.0842595100402832 0.918221116065979
Car 0.0 0 3.736618995666504 0.0 173.74986267089844 230.4858856201172 299.6832580566406 3.7514772 1.4512308 1.5589136 -7.20419 1.4641746 9.229618 3.073850154876709 0.8815414309501648
Car 0.0 0 0.7253479957580566 0.0 175.4420166015625 254.7168426513672 351.7801818847656 4.3093762 1.4996474 1.6510655 -6.0661964 1.5282114 7.0097756 0.011986255645751953 0.8690924644470215
Car 0.0 0 0.6642979383468628 29.599645614624023 177.80165100097656 342.6493835449219 282.3516540527344 4.311914 1.5243964 1.6106762 -6.8255906 1.6125717 11.712509 0.13665080070495605 0.8513906598091125
Car 0.0 0 3.5148332118988037 77.1301040649414 166.577392578125 332.3998718261719 254.4547882080078 3.941522 1.5537018 1.6295967 -7.625937 1.4430869 13.819534 3.010591506958008 0.8262709379196167
Car 0.0 0 3.390320062637329 315.1483154296875 168.64979553222656 479.9812927246094 235.44810485839844 3.8066857 1.646152 1.6189326 -5.441434 1.5429033 18.654306 3.106496572494507 0.7093109488487244
Car 0.0 0 -0.16905410587787628 670.5593872070312 170.2266845703125 743.6339111328125 196.3500213623047 4.162933 1.5511031 1.7080473 5.817964 1.3954614 43.76963 -0.03690636530518532 0.6574209332466125
Car 0.0 0 0.2723844051361084 240.96095275878906 178.67718505859375 452.05023193359375 248.34988403320312 4.1838837 1.4608116 1.6103672 -5.8420367 1.5999739 16.240738 -0.0729188323020935 0.6500598788261414
Car 0.0 0 0.20406940579414368 396.9496154785156 167.9641571044922 513.4796752929688 209.1724090576172 4.2997007 1.5986553 1.7149382 -6.1635747 1.4093142 28.860064 -0.006337247788906097 0.527747392654419
Car 0.0 0 3.2958266735076904 365.6876220703125 174.13426208496094 490.8541564941406 216.739013671875 4.2150187 1.4871361 1.6284506 -6.5678334 1.5358462 26.245398 3.0506155490875244 0.5229193568229675
