Pedestrian 0.0 0 1.7266156673431396 140.77540588378906 199.4757080078125 182.4343719482422 279.8974609375 1.4600855 1.6105571 0.5549764 -9.813517 2.220704 15.744157 1.1692312955856323 0.1525098979473114
Cyclist 0.0 0 1.7266156673431396 140.77540588378906 199.4757080078125 182.4343719482422 279.8974609375 1.4600855 1.6105571 0.5549764 -9.813517 2.220704 15.744157 1.1692312955856323 0.32511505484580994
Car 0.0 0 1.700026035308838 478.26568603515625 184.7344207763672 536.2973022460938 228.26693725585938 4.4110174 1.5013672 1.695733 -3.9834096 2.0042834 28.304937 1.560212254524231 0.8832627534866333
Car 0.0 0 1.9710251092910767 142.3175506591797 182.40670776367188 333.1557922363281 302.25823974609375 3.9936993 1.7895603 1.6241254 -6.562614 1.9909899 13.140683 1.5078480243682861 0.8302305340766907
Car 0.0 0 2.287611484527588 0.0 199.72691345214844 170.29490661621094 375.0 3.8432868 1.4914377 1.565463 -6.119286 1.8166258 6.784205 1.5536980628967285 0.8272300362586975
Car 0.0 0 -2.1810302734375 1126.1795654296875 147.5765838623047 1242.0 205.5098876953125 3.974516 1.5971767 1.672123 17.798914 0.90065587 21.931416 -1.4992730617523193 0.6532418727874756
Car 0.0 0 -3.3152902126312256 702.1858520507812 162.1792449951172 777.42529296875 191.8499298095703 4.0710735 1.6890607 1.6745943 7.462808 1.081738 41.914555 -3.1390886306762695 0.5758118033409119
Car 0.0 0 -3.3111894130706787 712.0281982421875 172.73448181152344 785.828125 202.3238525390625 3.667878 1.553291 1.5987046 7.3746643 1.5473748 38.70775 -3.1229240894317627 0.5327306389808655
Car 0.0 0 1.3141484260559082 509.60546875 182.9464874267578 557.0313110351562 213.56930541992188 3.9145656 1.5364459 1.6475325 -4.307619 2.1221173 39.720436 1.2061221599578857 0.32999387383461
Car 0.0 0 -1.6462173461914062 627.2333374023438 174.5481414794922 658.7348022460938 202.47137451171875 4.1593056 1.68093 1.6794623 2.0168078 1.7937564 45.792988 -1.6022039651870728 0.2929878234863281
