Pedestrian 0.0 0 0.05033832788467407 807.7195434570312 115.61871337890625 878.4287109375 281.0274658203125 0.7606742 1.8388258 0.47682783 2.655873 1.2029071 8.374901 0.35742926597595215 0.46295568346977234
Pedestrian 0.0 0 -0.6425213813781738 700.7194213867188 161.8754425048828 724.4481811523438 206.11131286621094 0.702037 1.7588416 0.644952 4.09909 1.3226858 29.137674 -0.5027585029602051 0.39647039771080017
Pedestrian 0.0 0 1.4646950960159302 514.7865600585938 174.44093322753906 531.954833984375 218.96629333496094 1.8904235 1.8041254 0.51401293 -3.6876516 1.8732429 30.28185 1.3435142040252686 0.17989307641983032
Cyclist 0.0 0 1.689784288406372 429.53961181640625 176.4002227783203 466.0453796386719 258.7750549316406 1.809896 1.7134234 0.5838957 -3.627652 1.7970825 16.015896 1.4670394659042358 0.7558873295783997
Cyclist 0.0 0 1.550631046295166 467.0429382324219 174.21258544921875 497.3177490234375 251.24449157714844 1.7830474 1.6497777 0.6346905 -2.9761162 1.6828221 16.420063 1.3713288307189941 0.6773275136947632
Cyclist 0.0 0 1.470849871635437 515.4374389648438 175.4127960205078 531.999267578125 218.51380920410156 1.9162335 1.7451754 0.49817023 -3.6773689 1.856574 30.319452 1.3501520156860352 0.4983496367931366
Car 0.0 0 2.1423349380493164 0.0 181.63523864746094 276.8529052734375 375.0 3.934979 1.7447819 1.5821737 -4.9798784 1.8561413 7.1214237 1.5320916175842285 0.9532537460327148
Car 0.0 0 1.7547732591629028 399.0813903808594 182.43612670898438 479.1595458984375 238.06387329101562 4.4571533 1.5267705 1.6695406 -5.3311744 1.8606151 22.844812 1.5255115032196045 0.8588358759880066
Car 0.0 0 -2.198777437210083 860.3075561523438 192.15113830566406 1242.0 375.0 3.7157025 1.448314 1.4682853 2.472618 1.5881866 3.3503075 -1.5629830360412598 0.704792320728302
Car 0.0 0 -1.6355332136154175 636.0225219726562 178.45620727539062 667.2327270507812 205.05979919433594 3.9874759 1.5121057 1.6301444 2.4540734 1.8684974 43.851833 -1.5796287059783936 0.6579740047454834
Car 0.0 0 1.7791533470153809 498.2409973144531 181.02944946289062 539.9734497070312 210.4615478515625 3.9861138 1.559648 1.5876979 -5.197722 2.0526607 41.425037 1.6543327569961548 0.3813854455947876
