Pedestrian 0.0 0 3.0623927116394043 600.848876953125 181.36228942871094 616.5214233398438 218.163818359375 0.7238894 1.8012633 0.715168 -0.10686675 2.2292726 35.877773 3.0594141483306885 0.2845393419265747
Pedestrian 0.0 0 0.1682034581899643 530.6126098632812 178.28570556640625 545.31591796875 204.11973571777344 0.9744012 1.8398398 0.54058397 -5.1989603 2.2325494 51.813698 0.06819868087768555 0.2520444095134735
Pedestrian 0.0 0 0.9864891767501831 976.1531982421875 162.8234100341797 1069.3001708984375 298.62469482421875 0.95002544 1.7515752 0.68525857 5.525433 1.6225576 9.801822 1.4998010396957397 0.1814921796321869
Pedestrian 0.0 0 1.5131102800369263 630.53515625 161.51904296875 650.38525390625 211.61862182617188 0.8677779 1.8614602 0.69809663 1.1012317 1.4406654 27.245998 1.5535063743591309 0.1390683501958847
Car 0.0 0 1.7272855043411255 377.8046875 192.6173095703125 455.83135986328125 251.73590087890625 3.829296 1.4528922 1.614631 -5.5749288 2.0842025 21.045492 1.4683341979980469 0.959324061870575
Car 0.0 0 1.6749944686889648 427.4546203613281 188.2341766357422 477.1543273925781 229.33790588378906 3.7850332 1.4766468 1.5902116 -6.391486 2.1448545 29.35998 1.4606449604034424 0.7241909503936768
Car 0.0 0 1.280696153640747 642.71240234375 167.87867736816406 742.517333984375 235.60684204101562 4.088229 1.7328213 1.7054852 2.186277 1.605886 20.62361 1.3863102197647095 0.6459159255027771
Car 0.0 0 -1.4493218660354614 544.7704467773438 180.57615661621094 572.7766723632812 203.8330841064453 3.5586355 1.5752167 1.5914947 -3.678775 2.15042 51.89195 -1.5200964212417603 0.4274236559867859
Car 0.0 0 -1.468258023262024 445.4162902832031 188.34396362304688 485.806396484375 222.22579956054688 3.705274 1.5033045 1.5888546 -7.125998 2.3110228 35.68553 -1.6653542518615723 0.21921047568321228
Car 0.0 0 -0.34632110595703125 593.5751953125 182.56507873535156 674.8854370117188 213.11874389648438 3.8286831 1.4659216 1.6122999 1.1898996 1.9803774 36.83694 -0.3140305280685425 0.1621333807706833
