Pedestrian 0.0 0 -1.7400028705596924 671.5070190429688 157.8286590576172 727.4020385742188 291.3098449707031 0.9527879 1.7009897 0.5844846 1.2518485 1.4006727 9.639053 -1.6108531951904297 0.7553090453147888
Pedestrian 0.0 0 -1.3278188705444336 252.02418518066406 156.8916473388672 316.7313232421875 296.15216064453125 0.7761335 1.6602993 0.57429487 -3.9980052 1.3682562 8.993761 -1.7461154460906982 0.7546495795249939
Pedestrian 0.0 0 -1.8111695051193237 612.6893310546875 162.901123046875 672.3538818359375 297.9593811035156 0.9616267 1.682589 0.5665321 0.47857136 1.452217 9.4722185 -1.7606887817382812 0.7006463408470154
Pedestrian 0.0 0 0.37146586179733276 436.29791259765625 171.13279724121094 466.9164733886719 225.50148010253906 0.78003407 1.7847764 0.76225466 -5.02837 1.4455379 24.018421 0.16509175300598145 0.6126341819763184
Pedestrian 0.0 0 -0.0988711416721344 702.4319458007812 159.5835723876953 733.9284057617188 217.53834533691406 0.85179627 1.692799 0.76792705 3.4388938 1.0537757 21.388239 0.06054878234863281 0.6068395972251892
Pedestrian 0.0 0 2.613598108291626 721.3921508789062 163.7179718017578 750.4730224609375 225.4285125732422 0.56861234 1.6123416 0.53337497 3.5439951 1.1489127 19.112736 2.7969415187835693 0.5898652076721191
Pedestrian 0.0 0 1.2004456520080566 757.8178100585938 144.18844604492188 792.5277709960938 221.96995544433594 0.61202663 1.6986378 0.56816244 3.8339777 0.885029 16.026394 1.4352614879608154 0.5248019099235535
Pedestrian 0.0 0 3.633368730545044 49.543922424316406 172.39373779296875 108.7597885131836 281.899658203125 0.59690917 1.725283 0.5287487 -8.479386 1.5831096 11.617969 3.0028882026672363 0.32198765873908997
Pedestrian 0.0 0 1.3220784664154053 651.806884765625 163.78463745117188 680.2117919921875 219.64706420898438 0.7740621 1.610922 0.66082615 1.8657666 1.101196 21.147156 1.4100784063339233 0.3162085711956024
Pedestrian 0.0 0 2.734558582305908 772.216796875 142.80323791503906 806.8873901367188 216.88856506347656 0.66380566 1.8179628 0.5756634 4.66464 0.86958194 17.95947 2.988675117492676 0.2801215350627899
Pedestrian 0.0 0 1.8432140350341797 459.10845947265625 154.86959838867188 494.7761535644531 224.2099151611328 1.4740149 1.7044932 0.5269835 -3.2072716 1.0510662 18.414806 1.6707756519317627 0.20023778080940247
Cyclist 0.0 0 1.9358645677566528 333.43133544921875 160.08023071289062 428.8070068359375 317.3692321777344 1.6990058 1.7413182 0.55039895 -2.696679 1.5055382 8.816231 1.639025092124939 0.919878363609314
Cyclist 0.0 0 1.7924493551254272 466.6773986816406 167.5357666015625 515.7640991210938 262.1231689453125 1.7956762 1.7630885 0.5894688 -2.2039337 1.5040601 14.302962 1.6395624876022339 0.834840714931488
Cyclist 0.0 0 1.8432140350341797 459.10845947265625 154.86959838867188 494.7761535644531 224.2099151611328 1.4740149 1.7044932 0.5269835 -3.2072716 1.0510662 18.414806 1.6707756519317627 0.40496230125427246
Cyclist 0.0 0 -0.10947884619235992 700.576416015625 157.626953125 731.5648193359375 214.9359130859375 0.8369317 1.6778758 0.71319985 3.379554 0.98005944 21.404516 0.047118186950683594 0.19606928527355194
Cyclist 0.0 0 0.24535441398620605 437.7248840332031 170.8622589111328 468.6777648925781 226.00225830078125 0.8615978 1.8156663 0.74166906 -4.9783597 1.466471 24.039175 0.041147470474243164 0.18539409339427948
Car 0.0 0 1.6469472646713257 494.296142578125 169.82717895507812 527.2193603515625 198.83743286132812 4.0551233 1.6731616 1.6756579 -5.4396496 1.0007194 43.492886 1.5225235223770142 0.3538875877857208
Car 0.0 0 1.71169114112854 339.8476867675781 182.3451385498047 407.9012145996094 233.30874633789062 3.962297 1.5323824 1.6000684 -7.4507785 1.5638304 23.749317 1.4076896905899048 0.3117830455303192
Car 0.0 0 2.2322723865509033 251.9114990234375 165.39939880371094 387.55401611328125 224.8348388671875 3.6256027 1.4415891 1.4865633 -7.48532 1.0522676 19.370562 1.863520860671997 0.23593291640281677
