Pedestrian 0.0 0 3.1361472606658936 517.8713989257812 126.30558776855469 634.9058837890625 346.3621826171875 0.8771135 1.6426163 0.54328126 -0.28128773 1.239792 5.5685263 3.0856761932373047 0.4360484778881073
Pedestrian 0.0 0 -0.5961126089096069 845.90087890625 150.93038940429688 907.0852661132812 256.6800842285156 0.8281606 1.7579861 0.5203446 4.5956793 1.2680705 12.097805 -0.23307302594184875 0.15213151276111603
Pedestrian 0.0 0 -3.012159585952759 820.4722900390625 185.56735229492188 864.358154296875 276.669677734375 0.75841475 1.7490406 0.5908238 4.6798263 1.8544755 14.048464 -2.690600872039795 0.11182191222906113
Pedestrian 0.0 0 -0.8084664344787598 834.0907592773438 173.39923095703125 873.7865600585938 242.5691680908203 0.75295985 1.7087787 0.5918505 6.263048 1.5349578 17.89672 -0.47183164954185486 0.10988780111074448
Pedestrian 0.0 0 1.3483182191848755 769.3594360351562 143.6805419921875 818.9830322265625 247.580322265625 0.7707488 1.7704246 0.6870791 3.2714314 1.1446784 12.440006 1.605472445487976 0.10202343016862869
Cyclist 0.0 0 1.707978367805481 111.02698516845703 157.73974609375 160.04379272460938 257.339599609375 1.6706976 1.7484821 0.54707706 -8.832938 1.3505687 13.278506 1.120987892150879 0.3762688934803009
Cyclist 0.0 0 -1.7469335794448853 859.4627685546875 154.66757202148438 901.9024047851562 262.53125 1.7503021 1.7043085 0.36316267 4.632796 1.2977971 12.060512 -1.380183219909668 0.322977751493454
Cyclist 0.0 0 1.455206274986267 510.5986328125 124.05875396728516 541.92578125 196.72950744628906 1.3365154 1.7897714 0.6439134 -2.069507 0.4013055 18.132517 1.3415656089782715 0.10344655811786652
Car 0.0 0 -1.5617055892944336 1197.4268798828125 191.51800537109375 1224.0 370.0 4.0532584 1.4933028 1.556199 6.832755 1.6294968 6.663422 -0.7637612819671631 0.14121578633785248
Car 0.0 0 1.6091697216033936 0.0 10.68221378326416 155.42926025390625 370.0 3.6918025 1.5671766 1.5581765 -4.0214386 0.9959407 4.285065 0.8554983139038086 0.10490275919437408
