Pedestrian 0.0 0 1.6265844106674194 1002.0152587890625 149.34207153320312 1029.080078125 212.86984252929688 0.5933854 1.804344 0.65293115 11.712052 1.1369054 20.916212 2.137035369873047 0.28360143303871155
Pedestrian 0.0 0 2.236299991607666 1023.5131225585938 150.45712280273438 1078.9490966796875 239.51336669921875 0.75564665 1.6858857 0.57937557 8.543256 1.2622578 14.060412 2.782296657562256 0.17769469320774078
Pedestrian 0.0 0 1.115964412689209 797.8483276367188 171.58692932128906 831.4326171875 223.3430633544922 1.1380433 1.7855753 0.7131709 7.181165 1.7422193 25.513931 1.390326976776123 0.15247498452663422
Pedestrian 0.0 0 3.0206282138824463 235.11294555664062 184.49325561523438 332.2245788574219 367.2283020019531 0.8290445 1.724137 0.6215281 -3.3833127 1.8508565 7.3485613 2.589155435562134 0.1493069976568222
Pedestrian 0.0 0 1.3670014142990112 822.8333129882812 140.34222412109375 856.89453125 200.27511596679688 1.1070656 1.8295887 0.8071274 7.1456604 0.83745 22.615673 1.6730358600616455 0.14201083779335022
Pedestrian 0.0 0 -2.2546231746673584 1062.285400390625 136.3853759765625 1131.81103515625 242.22283935546875 0.7655045 1.7344738 0.6353439 8.189811 1.1371807 12.23272 -1.6646612882614136 0.11826998740434647
Cyclist 0.0 0 1.222715139389038 1020.7939453125 150.8514862060547 1077.54443359375 239.395751953125 1.3553358 1.6483974 0.51385623 8.531472 1.2391421 14.144433 1.7654609680175781 0.21898294985294342
Car 0.0 0 -1.8073230981826782 820.1776123046875 150.57640075683594 981.5944213867188 263.3736267089844 3.8537755 1.6060157 1.6241957 4.676069 1.2891834 12.284892 -1.4436206817626953 0.9560955166816711
Car 0.0 0 -2.4493722915649414 1114.9210205078125 186.345703125 1242.0 375.0 3.89078 1.5183768 1.6157172 3.4340847 1.5973235 2.166856 -1.4414676427841187 0.48984721302986145
Car 0.0 0 2.5682761669158936 745.064453125 175.0673828125 817.83056640625 202.80462646484375 3.7434504 1.5015419 1.5533866 9.61498 1.6307151 40.63189 2.800638198852539 0.12175407260656357
