Pedestrian 0.0 0 1.359933853149414 890.8758544921875 152.65243530273438 908.4746704101562 190.18991088867188 0.60239625 1.8270658 0.69134414 14.199528 0.8441506 35.47205 1.7407004833221436 0.5963906049728394
Pedestrian 0.0 0 0.9525922536849976 1204.273193359375 127.43134307861328 1242.0 217.74412536621094 0.7195802 1.8863796 0.61834395 13.274235 0.93798596 15.454663 1.6622389554977417 0.5592950582504272
Car 0.0 0 -1.9197990894317627 824.2001953125 192.96421813964844 1094.872314453125 372.46392822265625 3.5158906 1.536584 1.620983 3.6695547 1.8210344 8.38439 -1.5072500705718994 0.9428839087486267
Car 0.0 0 -1.7115010023117065 711.3334350585938 192.30125427246094 790.3919067382812 254.48397827148438 4.241847 1.5264987 1.6711617 3.977176 2.1568317 21.214684 -1.526179313659668 0.9354032278060913
Car 0.0 0 2.0316312313079834 10.136988639831543 204.40631103515625 410.2726745605469 375.0 3.3476403 1.4651402 1.5021669 -2.963832 1.8049169 6.079851 1.5780463218688965 0.9148095846176147
Car 0.0 0 1.3373275995254517 747.885986328125 197.69346618652344 880.8433227539062 292.4919738769531 4.225094 1.5402939 1.6636763 3.9945254 2.1297092 14.973802 1.5980242490768433 0.9143236875534058
Car 0.0 0 -1.7176145315170288 701.450927734375 191.29046630859375 759.9618530273438 238.09149169921875 3.599438 1.508042 1.5926512 4.3140583 2.2314866 26.48511 -1.5561463832855225 0.8600971102714539
Car 0.0 0 1.578074336051941 557.4024047851562 186.56192016601562 590.7241821289062 218.2731170654297 4.111924 1.541022 1.7024298 -1.9631987 2.3213017 38.95896 1.5277254581451416 0.78049635887146
Car 0.0 0 -1.7084498405456543 675.250732421875 189.2747344970703 716.8778076171875 222.5421142578125 3.7843747 1.561051 1.6425432 4.400148 2.4617383 37.649044 -1.5921049118041992 0.7640958428382874
Car 0.0 0 -1.6660120487213135 688.1943359375 192.52943420410156 732.8028564453125 231.5332794189453 3.7563252 1.5796845 1.6620169 4.5060205 2.5336318 33.057228 -1.5305372476577759 0.7378224730491638
Car 0.0 0 -2.308025360107422 1043.8477783203125 227.3717498779297 1242.0 375.0 3.7673008 1.4839352 1.572287 3.7398634 1.8867141 3.3704944 -1.4707257747650146 0.6590448617935181
Car 0.0 0 -2.7041513919830322 715.37255859375 160.92050170898438 790.2612915039062 190.74183654785156 3.8997247 1.6453646 1.6657183 8.181423 0.98730266 41.630775 -2.510100841522217 0.6364622712135315
