Pedestrian 0.0 0 1.0892577171325684 660.4555053710938 137.2188262939453 726.6865234375 280.56024169921875 0.7253782 1.7571505 0.5727296 1.0812235 1.2282677 9.103164 1.2074782848358154 0.671389102935791
Pedestrian 0.0 0 1.8099733591079712 648.3654174804688 144.00628662109375 692.122802734375 234.1224822998047 0.67927444 1.8075218 0.76383847 1.3143585 1.0771701 14.621564 1.899624228477478 0.573607861995697
Pedestrian 0.0 0 1.274051308631897 610.9486694335938 143.41615295410156 674.3577270507812 294.97222900390625 0.88521415 1.7850897 0.54953206 0.4047966 1.3499832 8.8199 1.3199149370193481 0.5641074180603027
Pedestrian 0.0 0 -0.016859598457813263 640.3570556640625 150.1964111328125 669.8233032226562 211.6171417236328 0.86659306 1.8087403 0.57339245 1.4577289 0.9179145 21.12531 0.05203509330749512 0.4700857996940613
Pedestrian 0.0 0 -2.686400890350342 583.9859008789062 153.54078674316406 610.9203491210938 205.9571533203125 0.7835979 1.8336167 0.58041096 -0.2945754 0.8920652 25.159101 -2.6981089115142822 0.46488597989082336
Pedestrian 0.0 0 1.365723967552185 523.75830078125 153.53269958496094 564.4981079101562 237.9723663330078 0.9125126 1.7505379 0.6977909 -1.358635 1.193096 15.190859 1.2765235900878906 0.3705882728099823
Pedestrian 0.0 0 -2.4954779148101807 432.0760803222656 151.99256896972656 472.7725524902344 212.7408447265625 1.0473113 1.7927575 0.60715145 -4.640602 0.9530327 21.355911 -2.7094497680664062 0.36673134565353394
Pedestrian 0.0 0 1.4046368598937988 544.7512817382812 157.79193115234375 585.6578369140625 242.21185302734375 0.5957842 1.6555405 0.7318707 -0.8493645 1.211848 14.233057 1.3450320959091187 0.3203045725822449
Pedestrian 0.0 0 -2.3610520362854004 255.5540008544922 152.05491638183594 347.4285583496094 258.9215087890625 1.460894 1.6923739 0.5064456 -5.068735 1.2435639 11.693199 -2.770081043243408 0.14329780638217926
Cyclist 0.0 0 -2.3610520362854004 255.5540008544922 152.05491638183594 347.4285583496094 258.9215087890625 1.460894 1.6923739 0.5064456 -5.068735 1.2435639 11.693199 -2.770081043243408 0.25687140226364136
Cyclist 0.0 0 0.5603819489479065 435.0460510253906 147.72157287597656 477.26312255859375 212.0565643310547 1.0692257 1.9036508 0.65019053 -4.536324 0.93531257 21.405678 0.3515501022338867 0.1702389121055603
Cyclist 0.0 0 -2.8349502086639404 582.8479614257812 152.01560974121094 614.585205078125 205.88912963867188 1.0109277 1.8902096 0.5595341 -0.24915895 0.892333 25.217941 -2.84483003616333 0.14184339344501495
Car 0.0 0 0.3150044083595276 425.70928955078125 150.03765869140625 518.7750854492188 179.977783203125 4.7712164 1.6027763 1.6544377 -7.302581 -0.028269272 39.01464 0.12997007369995117 0.2830062210559845
