Pedestrian 0.0 0 1.342460036277771 722.943115234375 139.0916748046875 770.4461669921875 244.70338439941406 0.92068547 1.7887411 0.62311876 2.4348826 1.0890584 12.441268 1.5357273817062378 0.8693565130233765
Pedestrian 0.0 0 -2.738420009613037 556.5496826171875 142.1481475830078 585.9920654296875 194.60787963867188 0.83596087 1.8305963 0.70843893 -1.2236485 0.49382764 25.144987 -2.787045478820801 0.8139324188232422
Pedestrian 0.0 0 -1.1051265001296997 423.0324401855469 145.6916046142578 450.40155029296875 199.4693145751953 0.7012219 1.6605909 0.5862121 -5.319833 0.5873054 22.236227 -1.3399543762207031 0.8051590323448181
Pedestrian 0.0 0 1.8998405933380127 524.5369262695312 139.75221252441406 562.2975463867188 221.0001983642578 0.75449955 1.7937216 0.6467365 -1.4300611 0.895742 16.04797 1.810963749885559 0.7934656739234924
Pedestrian 0.0 0 1.9524673223495483 649.0178833007812 137.60140991210938 674.2779541015625 194.51417541503906 0.57195497 1.646547 0.5709556 1.6384939 0.4070138 20.833723 2.030951976776123 0.7678846120834351
Pedestrian 0.0 0 1.1198718547821045 464.88336181640625 132.29110717773438 506.4955749511719 212.8470916748047 0.7971434 1.7623494 0.64264274 -2.7401843 0.7092832 15.974478 0.9499900341033936 0.766987681388855
Pedestrian 0.0 0 1.1071126461029053 433.2845458984375 132.2055206298828 475.9842224121094 213.97976684570312 0.83036727 1.7356702 0.6080176 -3.3451943 0.712233 15.516334 0.8947708606719971 0.7294278144836426
Pedestrian 0.0 0 -2.2910704612731934 237.17381286621094 140.13427734375 294.0916442871094 238.5 0.616239 1.6262268 0.6277411 -5.84489 0.96053326 12.093411 -2.741278648376465 0.6682162880897522
Pedestrian 0.0 0 0.6069867610931396 501.58465576171875 134.79945373535156 543.6399536132812 209.62579345703125 0.8026795 1.750853 0.6054605 -2.01692 0.6831164 16.994934 0.4888615608215332 0.623903214931488
Pedestrian 0.0 0 1.224230408668518 585.351806640625 134.59970092773438 638.9683227539062 243.20640563964844 0.58521265 1.736643 0.73040015 0.06743484 1.0043424 11.698723 1.2299946546554565 0.6181382536888123
Pedestrian 0.0 0 -1.2325199842453003 358.3802185058594 137.91090393066406 384.1075439453125 191.38436889648438 0.7688059 1.6334181 0.53639436 -7.294036 0.33403552 21.981918 -1.5529077053070068 0.5791390538215637
Pedestrian 0.0 0 3.188053846359253 547.6884155273438 145.41940307617188 569.528076171875 189.62510681152344 0.8728017 1.8015659 0.5685763 -1.9279948 0.3733765 29.10305 3.121903419494629 0.5761992931365967
Pedestrian 0.0 0 2.0550920963287354 500.7344665527344 148.85968017578125 520.6109619140625 188.68478393554688 0.8065462 1.7129247 0.5492069 -4.1365905 0.35351336 30.879156 1.921924352645874 0.5741129517555237
Pedestrian 0.0 0 -1.330396056175232 620.5545654296875 139.92221069335938 644.4755249023438 193.18038940429688 0.911671 1.8316569 0.64285606 0.94452536 0.4376371 24.8385 -1.2923877239227295 0.5625318884849548
Pedestrian 0.0 0 2.0989723205566406 308.6438293457031 147.27601623535156 330.93115234375 186.71066284179688 0.82872784 1.8660429 0.6654834 -13.691642 0.29533535 33.910454 1.7152297496795654 0.5518584847450256
Pedestrian 0.0 0 -1.0659514665603638 231.51861572265625 137.9737091064453 267.2983093261719 196.92987060546875 0.8741719 1.736947 0.6176741 -10.723939 0.4856167 21.274364 -1.5328561067581177 0.5252029299736023
Pedestrian 0.0 0 0.8137905597686768 262.54327392578125 131.90902709960938 329.0744323730469 242.6239013671875 0.78743047 1.7435178 0.6290584 -5.1016397 0.9799719 11.572181 0.39856863021850586 0.5183939337730408
Pedestrian 0.0 0 -1.539783000946045 490.6409912109375 146.52476501464844 503.4837951660156 183.8068389892578 0.7273679 1.9291236 0.64306605 -5.654932 0.17252687 36.980347 -1.6915247440338135 0.5026559233665466
Pedestrian 0.0 0 1.9590425491333008 266.8770751953125 123.39740753173828 307.0061950683594 194.97731018066406 0.7271304 1.7172902 0.67379713 -7.826773 0.34892997 17.333424 1.5349068641662598 0.4746542274951935
Pedestrian 0.0 0 1.566375970840454 421.6836242675781 144.66183471679688 433.7706604003906 178.7772674560547 0.9349686 1.8695496 0.6449201 -9.873349 -0.09574695 39.32864 1.3204118013381958 0.4531727433204651
Pedestrian 0.0 0 1.9831631183624268 108.33744812011719 129.74212646484375 173.5208740234375 237.1847381591797 0.75702184 1.7311156 0.6651084 -7.7842293 0.9149583 11.816354 1.4006491899490356 0.412015438079834
Pedestrian 0.0 0 -2.817979574203491 466.752685546875 148.2900390625 483.72625732421875 180.8726806640625 0.764091 1.8053508 0.661554 -7.265618 0.022043705 39.55296 -2.999647617340088 0.38478583097457886
Pedestrian 0.0 0 2.2973384857177734 449.2718811035156 132.89892578125 477.8476867675781 188.4219207763672 0.7498302 1.7767333 0.5587542 -4.6457844 0.25504994 23.085165 2.098745584487915 0.3801581561565399
Pedestrian 0.0 0 -0.03414979577064514 391.6805725097656 140.8622283935547 415.58978271484375 196.97930908203125 0.68609315 1.6950706 0.5895539 -6.227555 0.4993336 21.738253 -0.313156396150589 0.36309754848480225
Pedestrian 0.0 0 0.6114617586135864 315.66131591796875 150.08775329589844 340.31585693359375 192.4442901611328 0.7192128 1.7040803 0.60533863 -11.312419 0.48203498 28.819641 0.23741626739501953 0.3573586344718933
Pedestrian 0.0 0 0.42064929008483887 456.63037109375 129.67979431152344 487.5375061035156 183.58184814453125 0.9147051 1.8934683 0.6123679 -4.768462 0.109786734 25.236052 0.23389673233032227 0.3550410270690918
Pedestrian 0.0 0 -0.002262711524963379 391.6461486816406 143.66075134277344 436.4534912109375 197.58407592773438 1.38362 1.7102603 0.5967056 -6.2096686 0.54339755 22.890572 -0.2671636939048767 0.1624201238155365
Cyclist 0.0 0 -0.002262711524963379 391.6461486816406 143.66075134277344 436.4534912109375 197.58407592773438 1.38362 1.7102603 0.5967056 -6.2096686 0.54339755 22.890572 -0.2671636939048767 0.35724911093711853
Car 0.0 0 1.9130854606628418 102.16926574707031 158.7465362548828 205.3372039794922 207.55699157714844 4.326191 1.5084103 1.6005061 -15.266432 0.8377093 24.131414 1.3490129709243774 0.3783561885356903
Car 0.0 0 1.5890052318572998 253.29954528808594 151.1958465576172 292.1563720703125 184.1280517578125 4.2300916 1.5397913 1.6622533 -16.566006 0.17108579 35.324207 1.150488018989563 0.3667503893375397
