Pedestrian 0.0 0 -3.4132633209228516 889.9484252929688 151.69064331054688 979.1370849609375 309.2441101074219 0.78352314 1.7622169 0.7171479 3.8036923 1.441674 8.318763 -2.984402894973755 0.7957049608230591
Pedestrian 0.0 0 2.5965476036071777 815.7450561523438 102.4699478149414 881.5211791992188 208.9821319580078 0.8344824 1.8108411 0.73641396 4.2401385 0.48588017 12.465205 2.9244277477264404 0.6029845476150513
Pedestrian 0.0 0 0.033452942967414856 751.6238403320312 99.93390655517578 805.3104858398438 210.4701690673828 0.8885709 1.8648921 0.7008086 3.000366 0.5072849 12.380493 0.27121520042419434 0.47950980067253113
Pedestrian 0.0 0 -0.4003801643848419 946.5031127929688 94.20462036132812 1020.017822265625 207.01705932617188 0.9331364 1.8244133 0.55615467 6.225441 0.43048948 11.747028 0.08694624900817871 0.43392956256866455
Pedestrian 0.0 0 -0.19380128383636475 871.5187377929688 100.03694915771484 933.2994995117188 211.2015380859375 0.85660946 1.8019793 0.5674415 4.912812 0.4993252 11.8195 0.20012593269348145 0.4215030074119568
Pedestrian 0.0 0 2.9639008045196533 707.8743286132812 120.7593765258789 742.3607177734375 189.75289916992188 0.7758335 1.7408177 0.60652816 3.0388777 0.23505896 18.142807 3.1298580169677734 0.3826757073402405
Pedestrian 0.0 0 -3.7514991760253906 1093.3770751953125 94.3220443725586 1192.202880859375 207.87925720214844 1.1600696 1.8047183 0.5830621 8.717413 0.43678263 11.544571 -3.104736089706421 0.3117453455924988
Pedestrian 0.0 0 0.3700220286846161 195.10760498046875 118.47294616699219 264.1764831542969 207.84597778320312 1.0815513 1.7272402 0.5558168 -7.4606123 0.5301263 14.000032 -0.11959759145975113 0.29814448952674866
Cyclist 0.0 0 -2.635923147201538 177.8996124267578 111.95201110839844 272.295166015625 202.14788818359375 1.5798098 1.751696 0.5498836 -7.5550227 0.42205572 14.010347 -3.130472421646118 0.4062489867210388
Cyclist 0.0 0 1.5386602878570557 519.71875 117.09103393554688 550.3594970703125 190.22450256347656 1.5387996 1.7550985 0.7112648 -1.8119643 0.23497535 17.77314 1.4370617866516113 0.2914831042289734
Cyclist 0.0 0 -3.7514991760253906 1093.3770751953125 94.3220443725586 1192.202880859375 207.87925720214844 1.1600696 1.8047183 0.5830621 8.717413 0.43678263 11.544571 -3.104736089706421 0.24741770327091217
Cyclist 0.0 0 -0.4243774712085724 943.4209594726562 91.88228607177734 1023.7754516601562 207.43353271484375 1.046987 1.8714806 0.54063404 6.2315955 0.4378717 11.749344 0.06327629089355469 0.1456957906484604
Car 0.0 0 -1.337447166442871 502.0057067871094 142.30067443847656 579.9561767578125 193.69528198242188 3.668376 1.4388609 1.575158 -1.9054891 0.37099424 21.718987 -1.4249569177627563 0.5365126729011536
Car 0.0 0 -1.8656073808670044 648.6516723632812 134.65631103515625 745.02685546875 196.3426055908203 3.6875527 1.5251162 1.5970753 2.3747768 0.39328498 19.429726 -1.74398672580719 0.36847585439682007
Car 0.0 0 -1.7300682067871094 722.864990234375 133.82606506347656 805.8206176757812 195.57586669921875 3.850092 1.5483631 1.6339102 4.2885385 0.3796183 19.691296 -1.5156282186508179 0.31759947538375854
Car 0.0 0 1.636207938194275 737.856201171875 154.16671752929688 760.6859741210938 174.50523376464844 3.9258964 1.6565411 1.6767228 12.482521 -0.53353363 60.94579 1.8382275104522705 0.3040279150009155
Car 0.0 0 1.9536137580871582 581.7333374023438 156.73458862304688 620.749267578125 179.0966339111328 3.6813192 1.5886577 1.6417919 -0.23251277 -0.10694496 52.49327 1.9491844177246094 0.3038106858730316
