Pedestrian 0.0 0 0.9390126466751099 858.2969360351562 177.48904418945312 879.1889038085938 208.65240478515625 0.99667704 1.6905247 0.61630386 14.257992 1.9506645 39.872208 1.2824350595474243 0.20678268373012543
Cyclist 0.0 0 0.9143497943878174 858.5105590820312 177.9927978515625 879.591796875 208.71058654785156 1.0303727 1.6646829 0.58934116 14.275683 1.9531844 39.874565 1.2581467628479004 0.13944211602210999
Car 0.0 0 2.0669565200805664 135.32167053222656 193.41845703125 249.4867401123047 248.18739318847656 3.5194669 1.434321 1.5158252 -12.644115 2.1126647 22.00714 1.5454635620117188 0.9410250782966614
Car 0.0 0 -1.7058788537979126 593.7369384765625 177.69248962402344 627.4058837890625 203.2701416015625 4.001461 1.5145508 1.59525 -0.0396054 1.8347541 45.603554 -1.70674729347229 0.705019474029541
Car 0.0 0 1.6584526300430298 455.6302185058594 178.6435089111328 478.44378662109375 196.38861083984375 4.4017625 1.5936111 1.749754 -13.568024 2.1624715 68.566795 1.463096022605896 0.6117935180664062
Car 0.0 0 1.7090767621994019 636.8285522460938 184.13821411132812 663.7952270507812 205.27182006835938 3.793077 1.4940203 1.5522555 3.0879316 2.3885775 55.163586 1.7649961709976196 0.44382214546203613
Car 0.0 0 1.7722238302230835 482.26092529296875 183.57113647460938 508.73272705078125 201.07537841796875 4.009308 1.4715313 1.593798 -10.329333 2.470455 65.18837 1.6150766611099243 0.17988504469394684
Car 0.0 0 1.9549081325531006 87.98216247558594 179.9467010498047 148.1007080078125 208.16334533691406 3.7441835 1.5085115 1.5734161 -28.297642 1.9371699 41.57181 1.3572577238082886 0.16618570685386658
Car 0.0 0 2.269353151321411 228.9092254638672 199.2584686279297 311.1377868652344 233.14186096191406 3.7257376 1.4012831 1.5775572 -16.422075 2.7544491 34.96167 1.8302243947982788 0.16522648930549622
Car 0.0 0 1.7789857387542725 730.3109741210938 178.4959259033203 756.2880859375 195.5417938232422 3.8357968 1.5601796 1.7068911 12.853659 2.1206117 69.525894 1.9617974758148193 0.16428424417972565
