Pedestrian 0.0 0 0.2650516629219055 396.5520324707031 177.9899139404297 407.88629150390625 202.51490783691406 0.6439112 1.8206009 0.74784654 -15.603181 2.2087457 54.09795 -0.01575198769569397 0.2119176983833313
Cyclist 0.0 0 1.5481321811676025 991.8300170898438 174.84921264648438 1004.0821533203125 207.8309326171875 1.8211298 1.6242621 0.5031356 19.618448 1.7283089 36.56889 2.0405354499816895 0.2670862376689911
Car 0.0 0 -3.3932037353515625 919.8569946289062 177.16647338867188 994.19140625 203.4419403076172 3.7386842 1.5228634 1.6124047 20.756536 1.7892077 43.347427 -2.9466259479522705 0.9371137022972107
Car 0.0 0 2.1023499965667725 12.978195190429688 200.11184692382812 98.79469299316406 236.77159118652344 3.6633418 1.519122 1.6382481 -26.549084 2.9016323 34.666225 1.4487825632095337 0.9156160950660706
Car 0.0 0 2.1993966102600098 0.0 204.5727081298828 62.579227447509766 239.9235382080078 4.0506043 1.441826 1.801248 -29.117655 3.082371 35.23099 1.50871741771698 0.5041345953941345
Car 0.0 0 -1.4899723529815674 737.15966796875 182.97265625 786.5466918945312 225.60462951660156 3.6943781 1.4672185 1.5676029 5.8550735 1.8850167 27.770025 -1.2821743488311768 0.3799179494380951
Car 0.0 0 -2.571629524230957 14.91109561920166 199.7147216796875 279.9759826660156 292.13116455078125 3.521278 1.4078884 1.5003511 -7.7316074 1.8903255 12.188555 -3.1369123458862305 0.2481309026479721
Car 0.0 0 -0.7264000177383423 1159.13525390625 183.6493682861328 1242.0 212.57252502441406 3.780021 1.5171777 1.6169707 32.418118 2.1199358 39.381207 -0.03767939656972885 0.23013591766357422
Car 0.0 0 0.8660748600959778 234.17413330078125 198.68238830566406 294.67510986328125 222.3865509033203 4.218519 1.5665876 1.6540676 -25.327452 3.5152988 52.81266 0.418903112411499 0.20232093334197998
Car 0.0 0 -1.1435213088989258 96.99242401123047 174.97152709960938 142.66864013671875 197.45237731933594 3.5587249 1.711746 1.671183 -38.8172 1.8855063 57.18842 -1.739849328994751 0.19516029953956604
Car 0.0 0 1.919137954711914 318.484619140625 183.35411071777344 351.6341247558594 201.46910095214844 3.677087 1.5069494 1.5901146 -24.37266 2.465872 64.01651 1.5553579330444336 0.18952573835849762
Car 0.0 0 1.579607367515564 563.9562377929688 184.52090454101562 588.1840209960938 207.9154815673828 4.0127044 1.4966588 1.6174986 -2.3745694 2.3420773 50.223938 1.532362937927246 0.16978903114795685
