Pedestrian 0.0 0 1.4314656257629395 895.2872314453125 128.4824981689453 922.8355102539062 189.0964813232422 1.1153468 1.8241812 0.6360832 9.19891 0.48917627 22.331234 1.822214126586914 0.5531652569770813
Pedestrian 0.0 0 1.6647886037826538 1007.9376220703125 144.7255859375 1026.8187255859375 186.69444274902344 0.5972437 1.7855775 0.6567778 17.536188 0.5892041 31.127884 2.177830696105957 0.5099007487297058
Pedestrian 0.0 0 -0.24968653917312622 1160.513427734375 145.98609924316406 1187.0357666015625 190.9642791748047 0.75221056 1.8631649 0.60048896 23.637247 0.7505537 30.31191 0.4126157760620117 0.4398415982723236
Pedestrian 0.0 0 0.41028645634651184 312.7980651855469 168.24635314941406 325.3343505859375 188.25291442871094 0.95518 1.8211226 0.46799314 -26.599764 1.4020634 65.92287 0.026767969131469727 0.3880634009838104
Pedestrian 0.0 0 1.0295231342315674 1122.539794921875 103.27161407470703 1183.36376953125 200.3812255859375 0.75806195 1.701419 0.56787527 9.749088 0.48265147 13.044646 1.6713345050811768 0.3697076141834259
Pedestrian 0.0 0 -3.1118083000183105 1003.2376098632812 122.5250473022461 1092.9373779296875 197.3206024169922 1.7758783 1.6823695 0.69005513 10.253338 0.55068314 16.99781 -2.569027900695801 0.13341782987117767
Cyclist 0.0 0 -2.2495274543762207 962.520751953125 113.05457305908203 1026.8056640625 182.35232543945312 1.7737997 1.74399 0.4902709 10.084864 0.23939876 19.073322 -1.7631515264511108 0.788030743598938
Cyclist 0.0 0 -2.998772382736206 999.3324584960938 123.7977294921875 1094.5164794921875 197.94729614257812 1.8437271 1.6615313 0.67039025 10.229929 0.56264436 17.007837 -2.4572629928588867 0.5522746443748474
Cyclist 0.0 0 -2.4176430702209473 817.032470703125 136.12188720703125 854.8646850585938 177.789794921875 1.5562445 1.811371 0.67061645 10.032088 0.21492437 32.202908 -2.1156444549560547 0.4501926004886627
Cyclist 0.0 0 -2.3269848823547363 1141.5477294921875 94.1002197265625 1242.0 203.29324340820312 1.581945 1.652821 0.46485075 9.4488 0.4611073 11.725609 -1.6487016677856445 0.31535604596138
Cyclist 0.0 0 1.4314656257629395 895.2872314453125 128.4824981689453 922.8355102539062 189.0964813232422 1.1153468 1.8241812 0.6360832 9.19891 0.48917627 22.331234 1.822214126586914 0.16747154295444489
Cyclist 0.0 0 2.174579620361328 313.36456298828125 167.97213745117188 324.3858642578125 188.24598693847656 0.9303757 1.8377658 0.49321225 -26.611048 1.3955972 65.91037 1.7908481359481812 0.11493583768606186
Car 0.0 0 -1.5837496519088745 594.8938598632812 172.5994873046875 624.8058471679688 201.77523803710938 4.4239917 1.6046618 1.6458496 -0.07629256 1.5910213 41.905632 -1.585570216178894 0.8242003321647644
Car 0.0 0 -2.511314868927002 252.63449096679688 157.78604125976562 340.2488708496094 190.35362243652344 3.9987526 1.6272209 1.5567601 -16.20388 0.8747164 37.24427 -2.9216842651367188 0.7450287938117981
Car 0.0 0 -3.3067009449005127 1095.1239013671875 162.8865966796875 1169.6302490234375 185.65826416015625 3.774735 1.4559046 1.5937971 34.410908 0.81899667 47.68073 -2.681562900543213 0.4820908308029175
Car 0.0 0 -1.2056512832641602 366.1378479003906 169.35487365722656 411.1534423828125 195.40621948242188 3.9777963 1.7142661 1.6419681 -15.161174 1.4843694 49.516964 -1.5027693510055542 0.46333491802215576
Car 0.0 0 -0.73298180103302 968.064697265625 130.6514434814453 1128.0948486328125 190.12548828125 3.5984054 1.515546 1.5280313 11.7326355 0.44047818 19.475132 -0.19076868891716003 0.4383971393108368
Car 0.0 0 1.8850877285003662 324.5803527832031 171.45968627929688 430.3291931152344 231.40476989746094 4.1839848 1.5705812 1.7066897 -6.6630764 1.5344075 20.999727 1.577841877937317 0.3754492998123169
Car 0.0 0 -0.6412917375564575 769.2103271484375 153.86416625976562 834.4130249023438 178.3327178955078 3.9411304 1.5540543 1.6295832 12.546793 0.34832367 47.314537 -0.3820793628692627 0.34033602476119995
Car 0.0 0 0.03133326768875122 1101.603759765625 154.66433715820312 1170.519287109375 176.61245727539062 3.9799402 1.5312377 1.6309172 38.00533 0.26257217 52.20121 0.6606407165527344 0.302763432264328
Car 0.0 0 1.7815614938735962 406.696533203125 166.86752319335938 471.2860107421875 210.09274291992188 4.1488776 1.5898576 1.658742 -6.7341537 1.3700278 28.6268 1.5505225658416748 0.3024323880672455
