Cyclist 0.0 0 -0.0004418417811393738 528.8614501953125 164.84521484375 547.7009887695312 184.43829345703125 1.7557205 1.831182 0.58708686 -6.5387497 -0.07237352 67.58791 -0.0968860611319542 0.6594405174255371
Cyclist 0.0 0 0.2905352711677551 471.15972900390625 148.181640625 516.7042236328125 187.9822235107422 1.8678194 1.7583823 0.8071821 -5.1375203 0.123356014 32.278744 0.13269805908203125 0.4756360352039337
Car 0.0 0 -1.3091365098953247 276.7421569824219 182.4959259033203 464.2281188964844 306.9457702636719 3.8331254 1.5049744 1.6470566 -3.3098567 1.4732152 10.637323 -1.6107956171035767 0.9580101370811462
Car 0.0 0 -1.1343121528625488 175.20127868652344 185.05374145507812 277.02508544921875 227.46612548828125 4.112066 1.3654848 1.5576121 -13.289455 1.3614024 25.23133 -1.6190944910049438 0.9442344307899475
Car 0.0 0 -1.038745403289795 0.0 187.00543212890625 243.61090087890625 292.6529846191406 4.164924 1.4429909 1.5883552 -7.895842 1.479299 12.005886 -1.6204895973205566 0.9144309163093567
Car 0.0 0 -1.5954185724258423 558.111572265625 176.5512237548828 602.6199340820312 216.40249633789062 3.9897387 1.4975336 1.6754712 -1.199745 1.1730703 29.055134 -1.636687159538269 0.9106481075286865
Car 0.0 0 -1.4048478603363037 397.59881591796875 185.5485382080078 481.74163818359375 245.22767639160156 3.4866383 1.3969604 1.5626792 -4.2978854 1.4075476 18.630598 -1.6315710544586182 0.9052845239639282
Car 0.0 0 2.3083958625793457 0.0 164.82119750976562 90.16827392578125 252.03369140625 3.9043474 1.4575994 1.6147307 -12.343674 1.1178733 13.973941 1.584864616394043 0.7943092584609985
Car 0.0 0 -1.3000668287277222 276.5867614746094 182.17027282714844 370.1508483886719 236.71115112304688 3.9615128 1.4995395 1.6316332 -8.540598 1.4169405 21.814156 -1.6732383966445923 0.6847066283226013
Car 0.0 0 3.390277624130249 370.4984130859375 159.3465576171875 449.996337890625 192.63014221191406 3.4006498 1.566347 1.6387287 -9.514561 0.35005987 34.677734 3.1224963665008545 0.6428811550140381
Car 0.0 0 1.640324592590332 525.7609252929688 159.87939453125 553.7850952148438 185.74636840820312 4.0185 1.69536 1.633858 -4.6294465 0.035912946 49.139698 1.5463919639587402 0.529488742351532
