Car 0.0 0 -1.9052512645721436 753.408935546875 181.306640625 1016.8741455078125 353.8208312988281 3.8208942 1.5689236 1.6711935 2.9043624 1.693333 8.666973 -1.5819053649902344 0.9514698386192322
Car 0.0 0 -1.7126284837722778 674.9185180664062 180.3538360595703 751.9490966796875 242.04327392578125 3.8193092 1.5756779 1.6487887 2.834382 1.8122455 20.807388 -1.5772417783737183 0.9128015637397766
Car 0.0 0 0.3938409686088562 287.9541320800781 175.99810791015625 457.8240966796875 242.52552795410156 3.9664865 1.674573 1.6727993 -6.2918034 1.7630891 19.240587 0.07779502868652344 0.8751094341278076
Car 0.0 0 0.7638047933578491 0.0 128.44508361816406 179.51629638671875 326.51556396484375 3.6185648 1.6439061 1.6163298 -6.408621 1.2756877 6.8096733 0.008738040924072266 0.842234194278717
Car 0.0 0 -2.617455005645752 74.23991394042969 165.50750732421875 359.43353271484375 277.05615234375 3.6698225 1.6446754 1.6480607 -6.1788664 1.5367162 11.517457 -3.1098575592041016 0.7993686199188232
Car 0.0 0 -1.6505951881408691 653.18310546875 174.25299072265625 695.0379638671875 211.2006378173828 3.653137 1.5130199 1.5221107 2.7066529 1.5780357 31.514149 -1.5649185180664062 0.7596648931503296
Car 0.0 0 3.36295747756958 352.07574462890625 167.69776916503906 486.3395690917969 214.50489807128906 4.0645614 1.5041753 1.6878165 -6.3333006 1.3388348 24.100052 3.105975866317749 0.739109218120575
Car 0.0 0 0.7127059698104858 0.0 185.0003204345703 302.1118469238281 327.5708312988281 3.9335601 1.555085 1.5690407 -6.1923876 1.7244415 9.037057 0.11196732521057129 0.7237725853919983
Car 0.0 0 -2.4038572311401367 919.790771484375 203.8617706298828 1242.0 375.0 3.729397 1.521015 1.5958872 2.9069357 1.7313298 2.9742787 -1.6299090385437012 0.7144745588302612
Car 0.0 0 3.979210615158081 0.0 205.4148712158203 91.12142944335938 375.0 3.7568302 1.5097858 1.5607994 -5.7323675 1.7523373 4.4484406 3.068362236022949 0.5496861338615417
