Pedestrian 0.0 0 0.5366033315658569 361.0381774902344 160.90313720703125 375.10833740234375 183.2427520751953 1.1161712 1.9231657 0.3809776 -20.949924 0.89470184 62.416832 0.21277332305908203 0.6649723052978516
Cyclist 0.0 0 2.668210983276367 79.79108428955078 131.32833862304688 141.90426635742188 184.10400390625 1.6294905 1.7813363 0.7406743 -17.48674 0.38007915 25.244383 2.0624024868011475 0.5250259637832642
Car 0.0 0 -1.440991759300232 505.7578125 178.5189666748047 551.9404296875 214.72348022460938 3.5660343 1.5344945 1.6480511 -3.68814 1.8076043 32.939373 -1.5524948835372925 0.952574610710144
Car 0.0 0 -1.5427106618881226 570.436279296875 183.35031127929688 619.7058715820312 228.42730712890625 3.5377386 1.400961 1.5884012 -0.51368284 1.7911981 25.023506 -1.5632357597351074 0.9470471143722534
Car 0.0 0 2.1720333099365234 0.0 191.23269653320312 128.7677001953125 282.62213134765625 4.1275973 1.435841 1.5950562 -11.636975 1.8547864 14.308856 1.4892525672912598 0.8956959247589111
Car 0.0 0 1.828784704208374 354.83087158203125 180.84739685058594 402.50634765625 208.611328125 3.9824078 1.4493184 1.6083287 -13.06927 1.9248714 40.861515 1.5192241668701172 0.8577148914337158
Car 0.0 0 2.266772985458374 731.0404663085938 181.20623779296875 768.3472290039062 198.28138732910156 3.5228522 1.5477844 1.6112896 13.322761 2.3651228 68.83791 2.4579474925994873 0.6234992742538452
Car 0.0 0 -1.5483040809631348 597.029052734375 163.7652587890625 620.748779296875 186.57456970214844 3.980917 1.5706441 1.6122864 -0.07544696 0.9451533 51.68914 -1.5497636795043945 0.5853889584541321
Car 0.0 0 0.994947612285614 749.6231689453125 164.35501098632812 792.4688110351562 183.54580688476562 4.2165604 1.6505251 1.701856 14.287836 0.9199172 64.32661 1.2135133743286133 0.5016645789146423
Car 0.0 0 -0.9050674438476562 247.43231201171875 171.80902099609375 294.8771667480469 192.5796661376953 3.3614807 1.5292324 1.5186832 -25.77475 1.4526535 54.928734 -1.3438055515289307 0.46727049350738525
Car 0.0 0 -1.1619821786880493 356.9272766113281 167.65255737304688 393.1109924316406 186.7218017578125 4.0455003 1.6445011 1.5906227 -20.91654 1.1962943 64.31018 -1.4764353036880493 0.42691925168037415
Car 0.0 0 1.6689081192016602 512.6476440429688 166.25047302246094 540.5711669921875 186.74072265625 4.358018 1.4959418 1.6921742 -6.325478 1.014193 54.86773 1.554128885269165 0.4003028869628906
Car 0.0 0 -2.4071178436279297 135.94610595703125 145.72763061523438 258.33721923828125 187.54957580566406 4.0881186 1.5424623 1.5837722 -15.932509 0.54235494 27.817278 -2.9272639751434326 0.3753476142883301
