Pedestrian 0.0 0 2.2367095947265625 271.01837158203125 173.69216918945312 326.4825134277344 259.5262451171875 0.8079584 1.6958785 0.6891879 -6.2875414 1.5630018 14.442552 1.8261065483093262 0.6845851540565491
Pedestrian 0.0 0 -2.749013662338257 612.019287109375 162.66403198242188 665.5078735351562 277.713134765625 0.6326756 1.7465914 0.6846578 0.4945085 1.4774789 11.17294 -2.7047829627990723 0.5771974325180054
Pedestrian 0.0 0 -0.7681966423988342 993.8968505859375 121.52947998046875 1061.139404296875 256.2323303222656 0.58067733 1.8076775 0.55267715 5.813617 1.0179797 9.819491 -0.23364418745040894 0.5623390078544617
Pedestrian 0.0 0 -1.81144380569458 5.339312553405762 173.16110229492188 40.73674774169922 238.52427673339844 0.6546833 1.8442342 0.65113395 -16.828342 1.6387393 20.401201 -2.501166582107544 0.43427780270576477
Pedestrian 0.0 0 -0.8045486807823181 114.72579956054688 155.7227325439453 140.49908447265625 195.87051391601562 0.79611534 1.9511554 0.6945414 -23.514843 0.7484361 34.80881 -1.3986711502075195 0.3653409481048584
Pedestrian 0.0 0 -1.07199227809906 0.0 173.39303588867188 26.808025360107422 230.60958862304688 0.6525533 1.8333197 0.67821324 -19.45714 1.6071483 23.037949 -1.773324966430664 0.18019209802150726
Pedestrian 0.0 0 0.005549073219299316 771.6563720703125 157.88970947265625 802.3932495117188 191.18360900878906 1.6978798 1.8895067 0.5890778 10.448149 0.6077053 40.622562 0.2572932243347168 0.1078137457370758
Cyclist 0.0 0 -2.027479648590088 972.0055541992188 146.1140899658203 1025.5074462890625 213.73524475097656 1.8503267 1.695173 0.45839232 10.320173 0.8347578 18.655025 -1.5221742391586304 0.5785955786705017
Cyclist 0.0 0 -0.012861669063568115 771.4752807617188 158.18988037109375 802.9627685546875 191.55860900878906 1.7395402 1.8943895 0.60212135 10.456536 0.6291983 40.6336 0.23901057243347168 0.5100846886634827
Car 0.0 0 -0.839587926864624 0.0 199.272216796875 287.85089111328125 370.0 3.5210989 1.4498755 1.4897208 -3.18068 1.5925938 3.545477 -1.5708036422729492 0.8264396786689758
Car 0.0 0 1.4391989707946777 440.97802734375 170.59371948242188 477.119140625 198.10281372070312 4.041723 1.6295464 1.6823348 -9.141631 1.0441 44.063496 1.2346359491348267 0.3026038706302643
Car 0.0 0 -1.6694245338439941 637.3282470703125 166.34056091308594 658.1636352539062 183.7695770263672 4.004058 1.6626617 1.6524748 4.2014527 0.31303495 69.47696 -1.609025478363037 0.16643939912319183
