Pedestrian 0.0 0 1.3393867015838623 694.4539794921875 151.73997497558594 717.0187377929688 196.37452697753906 0.91818047 1.8347125 0.7423674 3.9528434 0.9671743 30.150398 1.4697474241256714 0.7558244466781616
Pedestrian 0.0 0 1.1243568658828735 746.5790405273438 161.5362548828125 764.8565063476562 194.05177307128906 0.9739289 1.8068446 0.65159976 8.168847 1.1782904 40.644215 1.3226985931396484 0.6049789190292358
Pedestrian 0.0 0 -1.5732544660568237 878.5658569335938 94.54878997802734 942.3029174804688 230.98390197753906 0.5777053 1.8092991 0.7923361 4.094808 0.7712326 9.982699 -1.183994174003601 0.4943252205848694
Pedestrian 0.0 0 3.0092902183532715 606.9848022460938 155.0648651123047 621.8516235351562 187.3809051513672 0.780506 1.8205285 0.52755886 0.21378717 0.8187324 40.9563 3.014510154724121 0.4490784704685211
Pedestrian 0.0 0 -2.1804404258728027 1028.06884765625 121.88572692871094 1070.665283203125 194.48153686523438 0.7685522 1.6969315 0.52372116 10.453993 0.50590307 17.263748 -1.6359529495239258 0.34431272745132446
Pedestrian 0.0 0 -2.1543502807617188 1176.6890869140625 87.15936279296875 1240.4119873046875 190.9276580810547 0.692417 1.7707198 0.57481813 10.455899 0.30876985 12.684328 -1.4649572372436523 0.33135929703712463
Cyclist 0.0 0 1.167502760887146 746.5812377929688 161.58668518066406 765.2342529296875 193.8068389892578 1.0790048 1.7876334 0.65748703 8.174567 1.16286 40.624573 1.3660732507705688 0.17008726298809052
Car 0.0 0 1.7361215353012085 515.24169921875 178.72000122070312 566.907958984375 213.74119567871094 3.8821583 1.4333235 1.678229 -3.0484138 1.7116454 32.192055 1.641708493232727 0.966080904006958
Car 0.0 0 -2.076016902923584 343.51043701171875 166.13345336914062 380.2017822265625 183.01043701171875 3.9003108 1.5466256 1.5778737 -23.42746 0.9311048 68.01171 -2.407749652862549 0.608914315700531
Car 0.0 0 1.0707733631134033 771.8046875 149.75946044921875 839.382568359375 180.89100646972656 3.849435 1.4681249 1.6029209 9.6657095 0.37937278 36.08359 1.3324987888336182 0.46792125701904297
Car 0.0 0 1.9214309453964233 379.1005859375 159.85000610351562 421.7652893066406 186.14048767089844 3.5125308 1.6519623 1.5667752 -13.673423 0.8352143 47.14073 1.639122486114502 0.4380151331424713
Car 0.0 0 1.6521720886230469 557.0231323242188 176.63685607910156 584.2030029296875 200.6181640625 3.9623053 1.4975364 1.4784498 -2.596996 1.7584014 47.685814 1.597765326499939 0.3988717496395111
Car 0.0 0 -1.4025170803070068 310.4976501464844 157.78492736816406 359.7275695800781 196.06869506835938 3.9217806 1.7471642 1.5973084 -13.30449 1.0598116 35.004665 -1.765731930732727 0.3958427608013153
Car 0.0 0 1.0473432540893555 1081.06591796875 142.36471557617188 1194.341552734375 188.58665466308594 3.7643006 1.5106581 1.5466516 18.47672 0.514544 25.530752 1.6738017797470093 0.3645976781845093
Car 0.0 0 1.8020678758621216 520.7114868164062 164.50961303710938 549.0060424804688 182.2626495361328 4.0840745 1.5708175 1.6833117 -6.852654 0.83285075 65.9727 1.6985679864883423 0.3488898277282715
