Pedestrian 0.0 0 1.3059666156768799 1092.7393798828125 122.0193099975586 1119.337646484375 174.16436767578125 0.5754394 1.8728338 0.6707285 18.027586 0.047421575 26.294125 1.9069712162017822 0.5095845460891724
Pedestrian 0.0 0 1.44844651222229 881.0231323242188 139.6239013671875 901.0511474609375 181.67848205566406 0.95458025 1.8290391 0.7129971 12.389176 0.38415268 31.928545 1.8185899257659912 0.4267991781234741
Pedestrian 0.0 0 -2.8931894302368164 925.48388671875 109.19083404541016 966.832275390625 206.66317749023438 0.5835843 1.7694485 0.55607754 6.237944 0.6141073 13.495315 -2.4602112770080566 0.3664132356643677
Pedestrian 0.0 0 -1.7570234537124634 778.3607177734375 131.87908935546875 808.6165771484375 190.0382080078125 1.639357 1.8239676 0.65677375 5.9045258 0.5392833 23.463863 -1.5104986429214478 0.23132900893688202
Pedestrian 0.0 0 1.4068427085876465 766.4879760742188 128.95663452148438 789.9888305664062 183.2876739501953 1.4136493 1.8581685 0.57918817 5.8665123 0.35719883 25.39813 1.6338436603546143 0.18893322348594666
Pedestrian 0.0 0 1.3445900678634644 807.4376220703125 119.4889907836914 843.77978515625 188.85812377929688 1.7921368 1.8491739 0.57883286 5.9495044 0.42697993 20.143337 1.631783127784729 0.12578916549682617
Pedestrian 0.0 0 -1.355989933013916 286.60455322265625 118.03286743164062 330.1952819824219 206.8653106689453 1.5415993 1.7409015 0.5194976 -6.2735887 0.66689724 14.942815 -1.7534817457199097 0.11727628856897354
Cyclist 0.0 0 1.7714403867721558 384.6744384765625 125.64237976074219 420.7153015136719 190.81117248535156 2.0304437 1.8744996 0.6576374 -6.2817864 0.5168738 21.789654 1.490759015083313 0.7312788367271423
Cyclist 0.0 0 1.331939935684204 806.1853637695312 113.98164367675781 842.9150390625 181.4980926513672 1.727351 1.8216699 0.595088 5.979761 0.23358552 20.34187 1.6178492307662964 0.554507851600647
Cyclist 0.0 0 -1.7570234537124634 778.3607177734375 131.87908935546875 808.6165771484375 190.0382080078125 1.639357 1.8239676 0.65677375 5.9045258 0.5392833 23.463863 -1.5104986429214478 0.499245822429657
Cyclist 0.0 0 2.1676828861236572 44.94516372680664 94.65760040283203 157.2186737060547 215.1612091064453 1.6610491 1.6536185 0.5219753 -7.5608044 0.5809212 10.733394 1.55399751663208 0.4294501543045044
Cyclist 0.0 0 0.9610127210617065 955.3034057617188 102.04271697998047 1018.5278930664062 176.09295654296875 1.5822408 1.8415188 0.6684313 9.725121 0.08090632 18.768978 1.4390735626220703 0.42240777611732483
Cyclist 0.0 0 1.4068427085876465 766.4879760742188 128.95663452148438 789.9888305664062 183.2876739501953 1.4136493 1.8581685 0.57918817 5.8665123 0.35719883 25.39813 1.6338436603546143 0.3979016840457916
Cyclist 0.0 0 -1.355989933013916 286.60455322265625 118.03286743164062 330.1952819824219 206.8653106689453 1.5415993 1.7409015 0.5194976 -6.2735887 0.66689724 14.942815 -1.7534817457199097 0.38477224111557007
Cyclist 0.0 0 1.9764699935913086 454.1240539550781 144.04092407226562 479.21044921875 183.80050659179688 1.5444825 1.8626559 0.6234975 -6.9044533 0.5131791 34.619926 1.7796169519424438 0.37836629152297974
Car 0.0 0 -1.836843490600586 741.6326293945312 184.25112915039062 929.46533203125 311.3200988769531 3.7599115 1.4802866 1.6268963 3.0246923 1.6784401 10.630543 -1.5596404075622559 0.9676764607429504
Car 0.0 0 -1.7688324451446533 698.4373168945312 184.55653381347656 808.7037963867188 262.66607666015625 3.907821 1.4419955 1.597107 2.9599333 1.7316725 15.871027 -1.5844515562057495 0.9474546313285828
Car 0.0 0 1.6196036338806152 498.65728759765625 177.94044494628906 546.1354370117188 221.88250732421875 4.1303315 1.5580046 1.6407384 -3.3957195 1.7720286 28.1886 1.4997169971466064 0.9082092046737671
Car 0.0 0 -1.6708569526672363 650.0186767578125 177.81008911132812 691.353515625 213.69857788085938 3.6746845 1.5789759 1.5764345 2.777546 1.8263383 34.10585 -1.5895973443984985 0.6771031618118286
Car 0.0 0 1.6137834787368774 637.5494384765625 178.66403198242188 664.1144409179688 202.27389526367188 3.9861271 1.5151957 1.6475075 2.800145 1.929862 49.384434 1.6704237461090088 0.5129711627960205
Car 0.0 0 -1.5390276908874512 528.430419921875 179.98458862304688 559.5812377929688 208.69970703125 3.9671855 1.4965024 1.6236622 -3.708197 1.918515 40.63597 -1.6300296783447266 0.41820913553237915
Car 0.0 0 -1.5157959461212158 543.5032348632812 178.30557250976562 570.2796020507812 203.51727294921875 3.803299 1.6138781 1.6062765 -3.5960748 1.9984208 48.92978 -1.5891586542129517 0.3786325752735138
