Pedestrian 0.0 0 -0.41128936409950256 329.0442199707031 164.11598205566406 375.6066589355469 273.0980529785156 0.5470635 1.8331705 0.65145737 -4.5396748 1.6865476 12.558722 -0.7581508755683899 0.5193421244621277
Car 0.0 0 -1.9314838647842407 750.4551391601562 184.72239685058594 1072.49560546875 375.0 3.6016016 1.4720109 1.5835292 2.4959285 1.6183717 7.056671 -1.5915186405181885 0.9753386974334717
Car 0.0 0 -1.7061880826950073 662.1781005859375 179.26303100585938 728.480712890625 230.259033203125 3.9430578 1.4418746 1.5468564 2.5714035 1.6632217 22.887356 -1.5943068265914917 0.9328494668006897
Car 0.0 0 -1.2821552753448486 270.25238037109375 184.89649963378906 494.8227233886719 333.693115234375 4.059801 1.4507977 1.6183668 -2.7031355 1.6420625 9.398859 -1.5621998310089111 0.9243689179420471
Car 0.0 0 -1.0837873220443726 0.0 191.5818634033203 398.7479248046875 375.0 4.1601167 1.445342 1.6121657 -2.661065 1.61548 4.417086 -1.626004934310913 0.8932173848152161
Car 0.0 0 -1.7658804655075073 640.2470092773438 177.70205688476562 689.034423828125 212.57228088378906 3.9602826 1.5897566 1.6471208 2.5898561 1.8427612 35.53292 -1.6931229829788208 0.8598068952560425
Car 0.0 0 -1.6382761001586914 535.7922973632812 181.04783630371094 574.1918334960938 214.97320556640625 4.3961287 1.5713718 1.6482285 -2.8993564 2.0159593 36.820827 -1.7168562412261963 0.7487199306488037
Car 0.0 0 2.209947109222412 0.0 148.60049438476562 85.70919799804688 221.5464324951172 3.9647076 1.9494909 1.807337 -17.797915 1.3016703 21.310804 1.5141322612762451 0.5188549757003784
Car 0.0 0 -2.5524399280548096 0.0 0.0 1233.173583984375 375.0 3.7223034 1.5058559 1.5880644 2.4004319 1.4681566 1.7679073 -1.6164456605911255 0.49529093503952026
Car 0.0 0 -1.3947030305862427 381.7757568359375 187.02598571777344 497.00823974609375 278.23272705078125 3.71272 1.4968536 1.5801585 -3.2866447 1.8157225 14.320409 -1.6203038692474365 0.48955675959587097
