Pedestrian 0.0 0 2.357079029083252 682.3153076171875 183.25588989257812 712.7406616210938 236.10694885253906 0.76475227 1.642892 0.60224515 2.7550364 1.9829172 23.085655 2.4758570194244385 0.5944663286209106
Pedestrian 0.0 0 0.665831983089447 0.0 155.93585205078125 152.61093139648438 297.49163818359375 1.9669554 1.6960802 0.63050324 -6.920278 1.4937297 8.966117 0.00850820541381836 0.12792932987213135
Cyclist 0.0 0 0.665831983089447 0.0 155.93585205078125 152.61093139648438 297.49163818359375 1.9669554 1.6960802 0.63050324 -6.920278 1.4937297 8.966117 0.00850820541381836 0.46622374653816223
Car 0.0 0 1.9833428859710693 115.02230834960938 198.00796508789062 400.56396484375 370.5334777832031 4.15056 1.5240399 1.5949444 -4.0665474 1.9129777 9.061002 1.5614900588989258 0.9725949168205261
Car 0.0 0 1.8147437572479248 388.73468017578125 194.67689514160156 486.2561340332031 266.9234619140625 3.2150707 1.4451888 1.4990968 -4.0122156 2.0094223 17.024086 1.5832886695861816 0.9346563220024109
Car 0.0 0 1.0736409425735474 807.7032470703125 138.71435546875 1198.907470703125 351.8540344238281 4.2212825 1.647084 1.6963581 3.603671 1.3836201 7.731513 1.5098040103912354 0.9023959040641785
Car 0.0 0 1.7792922258377075 443.99151611328125 185.24835205078125 516.4105834960938 234.4517059326172 3.9826887 1.3949904 1.5233159 -4.172019 1.8334188 23.484364 1.603475570678711 0.7870760560035706
Car 0.0 0 -1.5221284627914429 602.0535888671875 179.20272827148438 636.1903686523438 209.95578002929688 4.0859036 1.5669663 1.6834897 0.51356095 1.9352033 39.71609 -1.5091984272003174 0.7004917860031128
Car 0.0 0 1.7118234634399414 538.6454467773438 174.51539611816406 569.6500244140625 197.3668975830078 4.33466 1.594698 1.6745526 -4.076416 1.7219464 52.88877 1.6349003314971924 0.5073602199554443
Car 0.0 0 -0.8108569979667664 0.0 179.42437744140625 83.99577331542969 313.7464599609375 3.6783607 1.5547978 1.6258122 -9.7745 1.6664073 10.371988 -1.5666066408157349 0.4615628123283386
