Car 0.0 0 -1.8403865098953247 562.2929077148438 197.29144287109375 700.4441528320312 301.9035949707031 3.7919414 1.5353332 1.5949066 0.19417165 2.064466 13.573925 -1.826082706451416 0.973336935043335
Car 0.0 0 -1.9934240579605103 620.7127685546875 196.77706909179688 887.3451538085938 375.0 4.037655 1.5909003 1.6525631 1.4341267 1.9633958 9.056286 -1.8363711833953857 0.9730867147445679
Car 0.0 0 -2.365006685256958 771.0534057617188 202.61386108398438 1242.0 375.0 3.6406558 1.4569017 1.5308241 2.508087 1.7202446 4.413061 -1.8481974601745605 0.9524882435798645
Car 0.0 0 -1.7002086639404297 510.561279296875 194.6106719970703 591.57470703125 267.3172912597656 3.4277008 1.5638697 1.6138767 -1.6415365 2.1769812 18.470755 -1.7888479232788086 0.950414776802063
Car 0.0 0 1.8823962211608887 0.0 216.18209838867188 240.94215393066406 375.0 4.27719 1.5024128 1.6840222 -5.403512 2.109026 7.802296 1.2766849994659424 0.9496470093727112
Car 0.0 0 1.7459559440612793 175.5150146484375 211.50448608398438 297.5732727050781 313.2702331542969 3.3974192 1.5449417 1.5509311 -7.2501154 2.4057162 14.20854 1.2741303443908691 0.9460234045982361
Car 0.0 0 -1.468140721321106 281.1120300292969 197.5213165283203 347.389404296875 256.07275390625 4.079513 1.7077779 1.7192324 -10.230506 2.641312 25.09434 -1.8552517890930176 0.8868751525878906
Car 0.0 0 -1.5639559030532837 469.94073486328125 199.21092224121094 512.451904296875 241.52024841308594 4.0691504 1.5254772 1.6752456 -5.1011066 2.7299535 30.820173 -1.7279808521270752 0.6919424533843994
Car 0.0 0 1.3308271169662476 332.1777648925781 200.76171875 371.9588317871094 229.74903869628906 3.373152 1.6141776 1.6068048 -16.356287 3.4494693 45.58848 0.9863510131835938 0.6831356287002563
Car 0.0 0 2.2324917316436768 0.0 215.08740234375 82.59746551513672 375.0 3.955439 1.530579 1.6354243 -3.692454 1.8064098 2.572421 1.270182728767395 0.5011112689971924
