Pedestrian 0.0 0 1.7487232685089111 510.95745849609375 173.72035217285156 536.6312255859375 230.7148895263672 0.9256863 1.8490238 0.6943195 -2.5886474 1.5977292 23.787539 1.6403261423110962 0.8883557319641113
Pedestrian 0.0 0 -1.4606648683547974 777.3290405273438 165.34359741210938 855.6083984375 313.3832702636719 0.51476806 1.5835447 0.7934702 2.3736565 1.4120827 8.071776 -1.1746585369110107 0.7282209992408752
Pedestrian 0.0 0 -1.7705841064453125 588.2435913085938 177.56654357910156 603.9539184570312 205.4727020263672 1.0979726 1.586357 0.7009549 -0.3123802 1.363551 41.44131 -1.778121829032898 0.6832446455955505
Pedestrian 0.0 0 0.564232349395752 904.6480712890625 148.816650390625 991.8016357421875 296.85333251953125 0.7957713 1.7948046 0.62492 4.390729 1.3998915 9.209692 1.009108304977417 0.5335699915885925
Pedestrian 0.0 0 1.5682944059371948 662.4957275390625 170.84759521484375 682.1248168945312 223.75439453125 0.8396741 1.8016165 0.66596365 2.4318147 1.4399482 24.90807 1.66561758518219 0.49221572279930115
Pedestrian 0.0 0 1.1544914245605469 809.5049438476562 194.28668212890625 965.0173950195312 374.0 0.874396 1.6895736 0.6967442 1.8815156 1.7876227 4.971587 1.5162866115570068 0.37181514501571655
Pedestrian 0.0 0 -1.7008088827133179 638.6289672851562 173.5188446044922 660.4990844726562 223.81936645507812 0.9070658 1.7099153 0.64175105 1.6377038 1.4396789 24.889671 -1.635105013847351 0.3631845712661743
Pedestrian 0.0 0 -3.066385507583618 869.5070190429688 168.7401123046875 915.6588745117188 262.4267883300781 0.79542154 1.7713721 0.5641817 5.641794 1.5313745 14.008124 -2.683509349822998 0.298829585313797
Pedestrian 0.0 0 -1.987122654914856 29.46396255493164 168.18759155273438 131.3699493408203 354.3559265136719 0.68273103 1.7090207 0.5773072 -5.1318464 1.5881907 7.012208 -2.6189026832580566 0.29290157556533813
Pedestrian 0.0 0 0.009495347738265991 696.4113159179688 168.26406860351562 740.7843627929688 257.6790466308594 0.8911875 1.8106209 0.6469048 2.3982217 1.5438404 14.93708 0.16869163513183594 0.2596588134765625
Pedestrian 0.0 0 -3.0956809520721436 669.8287963867188 178.6197052001953 687.4822998046875 198.8004913330078 1.5727377 1.8308752 0.7270707 7.0960484 1.5699471 65.64701 -2.9880049228668213 0.1119711622595787
Cyclist 0.0 0 -1.938996434211731 827.9053344726562 156.88319396972656 868.9974975585938 221.05577087402344 1.685253 1.6579899 0.4690626 6.6194158 1.0231539 19.40783 -1.6102997064590454 0.3282017111778259
Cyclist 0.0 0 -3.0956809520721436 669.8287963867188 178.6197052001953 687.4822998046875 198.8004913330078 1.5727377 1.8308752 0.7270707 7.0960484 1.5699471 65.64701 -2.9880049228668213 0.2839156985282898
Cyclist 0.0 0 1.626288652420044 414.0984802246094 170.9599151611328 443.0586242675781 246.22178649902344 1.9557401 1.8653567 0.6343843 -4.541261 1.6053089 18.820267 1.3895182609558105 0.23363786935806274
Cyclist 0.0 0 -1.8903615474700928 587.2572021484375 176.10189819335938 604.3734130859375 204.87225341796875 1.0867974 1.6321082 0.6774161 -0.32803443 1.3266777 41.371162 -1.8982903957366943 0.12935666739940643
Car 0.0 0 2.2033655643463135 0.0 198.14979553222656 423.9178466796875 374.0 3.9746945 1.503777 1.6246685 -2.9141073 1.678146 5.382219 1.7071239948272705 0.9473693370819092
Car 0.0 0 -2.199643611907959 539.3214111328125 172.95098876953125 579.158447265625 192.53855895996094 3.6924908 1.6501954 1.5861788 -3.66264 0.9304268 62.445145 -2.258230209350586 0.38479289412498474
Car 0.0 0 1.6484369039535522 609.8534545898438 179.6475067138672 629.4013671875 196.50270080566406 3.6363835 1.580621 1.6085612 1.8184696 1.4072459 69.252144 1.674689531326294 0.3598790764808655
Car 0.0 0 -2.9046061038970947 483.4162902832031 184.767822265625 565.3908081054688 215.574462890625 3.8334155 1.4982123 1.6393851 -3.859231 1.6686832 36.21938 -3.0107572078704834 0.2979521155357361
