Pedestrian 0.0 0 -0.688878059387207 1201.1070556640625 152.604248046875 1242.0 265.2343444824219 0.6435759 1.846792 0.5397924 10.409399 1.5151153 12.104988 0.021350622177124023 0.12268666177988052
Pedestrian 0.0 0 3.5015852451324463 249.8593292236328 176.85971069335938 260.42803955078125 196.2102813720703 0.7770414 1.8271933 0.49366865 -33.720608 2.2095923 68.52979 3.044311761856079 0.11208683252334595
Car 0.0 0 1.944610357284546 288.9165954589844 186.59703063964844 387.4800109863281 239.25624084472656 3.896184 1.4747844 1.6483687 -8.650375 1.9542611 23.190336 1.5875798463821411 0.9144679307937622
Car 0.0 0 -1.6325855255126953 596.8065795898438 174.97463989257812 627.30322265625 202.6374053955078 3.9699152 1.6298201 1.6451205 0.054467585 1.7679756 44.850952 -1.6313711404800415 0.807959258556366
Car 0.0 0 1.8861355781555176 326.03680419921875 182.052001953125 425.458251953125 242.73756408691406 3.877616 1.5172474 1.5606571 -6.5926695 1.8046122 20.568731 1.5759618282318115 0.348395437002182
Car 0.0 0 1.7141326665878296 399.3701171875 175.1263885498047 426.327392578125 196.3175506591797 4.3245435 1.7580929 1.6564744 -17.081827 1.9626504 62.58817 1.4476972818374634 0.16882041096687317
Car 0.0 0 -1.1228821277618408 712.7767944335938 170.77171325683594 747.6743774414062 188.6493377685547 3.7721608 1.5704572 1.6502842 10.903254 1.3878973 65.397964 -0.9576799869537354 0.15042638778686523
Car 0.0 0 1.784390926361084 430.2097473144531 179.42788696289062 484.0259704589844 214.88099670410156 3.6372707 1.4016132 1.5269644 -6.546801 1.7012403 31.021627 1.5764029026031494 0.14494743943214417
Car 0.0 0 -2.511781692504883 1117.2010498046875 152.01052856445312 1212.6846923828125 185.61849975585938 3.8526154 1.7479758 1.7652539 30.334936 0.6642492 39.622517 -1.8583720922470093 0.14458180963993073
Car 0.0 0 2.280743360519409 0.0 189.75515747070312 110.31522369384766 254.93215942382812 3.6247096 1.5129983 1.5407349 -15.647888 2.0141268 19.537977 1.6054562330245972 0.12195172160863876
Car 0.0 0 1.2597951889038086 1122.63623046875 141.6725311279297 1228.0302734375 199.4713134765625 3.477601 1.6421875 1.5708715 17.367847 0.7566131 22.400187 1.9193201065063477 0.10841819643974304
