Cyclist 0.0 0 1.833650827407837 260.8101806640625 124.46659088134766 301.9387512207031 191.67430114746094 1.9518797 1.8253632 0.5844055 -9.40427 0.51151764 20.60496 1.4054807424545288 0.7355380654335022
Cyclist 0.0 0 -1.2459558248519897 147.5545196533203 139.630859375 189.76458740234375 203.3227081298828 1.8416141 1.7825989 0.49562636 -12.954083 0.85311204 21.144434 -1.7956230640411377 0.6572695970535278
Car 0.0 0 -1.8076508045196533 751.0116577148438 182.5026397705078 882.1080322265625 271.7783203125 3.917459 1.5201097 1.6415331 3.975858 1.7434492 14.691584 -1.5433597564697266 0.9728325009346008
Car 0.0 0 -2.0079119205474854 806.5236206054688 184.24050903320312 1059.392333984375 332.4103698730469 3.5703804 1.535158 1.6239828 3.9273202 1.7154142 9.575002 -1.6186742782592773 0.9700807332992554
Car 0.0 0 1.811872959136963 397.4462890625 185.6037139892578 492.5256042480469 248.37942504882812 3.9596493 1.4652708 1.614047 -4.4119606 1.8480777 19.645273 1.5909570455551147 0.9523787498474121
Car 0.0 0 -1.7704633474349976 717.7232055664062 179.6819305419922 801.9146728515625 239.780029296875 3.5955036 1.4999757 1.6032473 4.045553 1.7086766 20.214312 -1.5729397535324097 0.9388762712478638
Car 0.0 0 1.7985585927963257 457.5464782714844 182.62957763671875 528.6286010742188 232.39979553222656 3.9101696 1.5691265 1.6393551 -4.089838 1.9427456 25.540792 1.6397769451141357 0.8817747235298157
Car 0.0 0 0.512424886226654 364.623046875 160.59703063964844 430.9764099121094 182.8628387451172 4.903009 1.7496724 1.7386907 -17.096504 0.7868639 58.093575 0.2262125015258789 0.8483092784881592
Car 0.0 0 1.7276641130447388 488.2047424316406 182.4615936279297 541.295654296875 219.77708435058594 4.174275 1.4174988 1.598049 -4.004947 1.8534021 30.599316 1.597520351409912 0.827021062374115
Car 0.0 0 -1.4406213760375977 544.9253540039062 178.04800415039062 577.6183471679688 203.42161560058594 3.563149 1.5552131 1.6690801 -3.1530745 1.9056741 46.80208 -1.5078901052474976 0.8150001168251038
Car 0.0 0 -2.2856953144073486 1001.0895385742188 230.52149963378906 1242.0 375.0 3.5407162 1.418549 1.5182785 3.7560887 1.8803935 3.970174 -1.527998924255371 0.7299402952194214
