Pedestrian 0.0 0 0.1519085019826889 511.3896789550781 164.76678466796875 523.7760009765625 185.56678771972656 1.0829295 1.9129347 0.41996554 -8.545486 1.1695281 66.578705 0.024254798889160156 0.6811283230781555
Pedestrian 0.0 0 -1.3155107498168945 402.4481201171875 176.11415100097656 437.78680419921875 244.77081298828125 0.6456826 1.6120869 0.6796589 -4.593315 1.6920648 17.294365 -1.5751134157180786 0.6535816192626953
Pedestrian 0.0 0 -0.1866188496351242 424.8324890136719 156.95726013183594 440.6977844238281 190.83114624023438 0.7218419 1.8265034 0.7049534 -9.7098875 0.969698 39.37362 -0.42840340733528137 0.5337055325508118
Pedestrian 0.0 0 -2.3271989822387695 148.309814453125 96.17737579345703 222.69821166992188 212.21145629882812 0.86846393 1.8832878 0.6646059 -7.190396 0.63914794 12.147495 -2.861659049987793 0.35258299112319946
Pedestrian 0.0 0 1.9319489002227783 478.049560546875 161.50430297851562 489.4648132324219 185.1190643310547 0.82422876 1.8005153 0.6135202 -9.72949 0.9355127 55.473217 1.758324146270752 0.31239375472068787
Pedestrian 0.0 0 -0.5187404155731201 816.8408203125 137.69329833984375 863.9185791015625 187.07723999023438 1.5483361 1.8267285 0.6970673 8.6334095 0.5264806 27.190315 -0.21129068732261658 0.17877312004566193
Cyclist 0.0 0 -1.6916913986206055 713.0856323242188 153.51947021484375 725.2401733398438 185.51002502441406 1.6723666 1.7053227 0.45356703 5.9036407 0.67501354 39.30255 -1.5425959825515747 0.6987929344177246
Cyclist 0.0 0 -1.7382546663284302 715.4148559570312 152.6284942626953 730.4581298828125 186.971923828125 1.7690322 1.6921391 0.458995 5.656642 0.6959636 36.435757 -1.5842344760894775 0.5863240361213684
Cyclist 0.0 0 0.16405761241912842 733.8698120117188 142.70065307617188 778.3885498046875 185.40304565429688 1.8198963 1.8223869 0.6408519 6.3209424 0.5359068 31.412302 0.36263084411621094 0.423618882894516
Cyclist 0.0 0 2.6586623191833496 815.9188232421875 139.27853393554688 874.1514892578125 187.38499450683594 1.9806812 1.7761205 0.7108089 8.79558 0.53685117 27.154417 2.9719078540802 0.40164175629615784
Car 0.0 0 1.9353218078613281 173.08958435058594 190.861572265625 439.0758056640625 339.8525085449219 4.6980753 1.4964283 1.7798436 -3.902369 1.8091749 10.163357 1.5687150955200195 0.9682192206382751
Car 0.0 0 -1.8486971855163574 737.2261962890625 180.3360595703125 941.365234375 319.95947265625 3.340749 1.3946295 1.5000192 2.5874994 1.5062281 9.054119 -1.5703353881835938 0.967836320400238
Car 0.0 0 -1.643180251121521 662.1427001953125 175.4557647705078 737.3164672851562 237.94557189941406 4.2013335 1.5116962 1.7097658 2.2993448 1.5910382 19.76569 -1.5273706912994385 0.9051180481910706
Car 0.0 0 3.3528380393981934 371.69403076171875 171.6343994140625 488.2519836425781 217.03164672851562 3.9378555 1.6290026 1.6596466 -6.654121 1.5855972 26.781342 3.1093082427978516 0.8989875316619873
Car 0.0 0 1.5595003366470337 540.50927734375 174.49249267578125 559.5575561523438 194.4542999267578 3.7962837 1.7062174 1.6332861 -5.359629 1.8562908 63.959938 1.4758989810943604 0.3779851496219635
Car 0.0 0 2.072784185409546 473.02386474609375 163.4987030029297 513.2415161132812 183.98538208007812 3.8640025 1.6397032 1.6364567 -9.673222 0.8912858 59.841827 1.9125239849090576 0.36455032229423523
