Pedestrian 0.0 0 -1.3770140409469604 1133.275146484375 167.7340087890625 1180.0380859375 256.2860107421875 0.7103291 1.6574357 0.5970781 10.529009 1.561962 13.961707 -0.7308719158172607 0.29999762773513794
Pedestrian 0.0 0 1.151173710823059 782.7587280273438 132.23141479492188 832.9219970703125 219.29039001464844 1.1296096 1.8722183 0.6762428 4.3544006 0.99898046 16.12449 1.414931058883667 0.17000551521778107
Pedestrian 0.0 0 -1.3886090517044067 645.4630126953125 152.02603149414062 660.8260498046875 190.94357299804688 0.47003657 1.9175392 0.68897027 2.1079826 0.8916644 35.85918 -1.329891562461853 0.12429723888635635
Pedestrian 0.0 0 -2.9176905155181885 709.3965454101562 179.79635620117188 736.4080200195312 223.25534057617188 0.95704037 1.7273178 0.6868044 4.5504894 2.0146692 29.329527 -2.7637672424316406 0.10815472900867462
Cyclist 0.0 0 2.7159535884857178 779.669677734375 133.6166534423828 840.0682373046875 219.68338012695312 1.1452249 1.8851495 0.63943386 4.4309545 1.026078 16.207579 2.9828202724456787 0.17536114156246185
Car 0.0 0 -0.9140638113021851 650.0471801757812 195.576416015625 739.5038452148438 243.25946044921875 3.4075303 1.505567 1.4389737 3.0722768 2.3834674 26.14163 -0.7970761656761169 0.6543065905570984
Car 0.0 0 -1.689294457435608 531.6594848632812 170.18338012695312 589.9637451171875 222.0445098876953 4.92267 2.086183 1.9596472 -2.2867513 1.9791108 31.624495 -1.761478304862976 0.6028980612754822
Car 0.0 0 -3.581759452819824 1121.7576904296875 185.361083984375 1242.0 314.5168151855469 4.2883477 1.5669756 1.6655922 10.222805 1.7755054 10.522724 -2.810817241668701 0.4550636112689972
Car 0.0 0 -1.560630440711975 446.68597412109375 170.97230529785156 469.85040283203125 192.21409606933594 4.3636813 1.5704972 1.6814464 -11.704706 1.431733 55.647915 -1.7679435014724731 0.11150563508272171
Car 0.0 0 1.8046389818191528 379.0296630859375 178.58006286621094 430.10052490234375 210.33750915527344 4.011581 1.5373427 1.6823786 -10.699729 1.8531069 37.701553 1.5281093120574951 0.1055694967508316
