Pedestrian 0.0 0 1.597257137298584 991.0247802734375 133.5160369873047 1014.4992065429688 184.8785858154297 0.81722873 1.8814472 0.7504296 14.641246 0.44082707 26.969208 2.094623327255249 0.6217880845069885
Car 0.0 0 -1.9033231735229492 611.4212036132812 193.3233642578125 780.0882568359375 298.7065734863281 3.829371 1.3779249 1.6271594 1.2118002 1.7849151 12.279678 -1.8049582242965698 0.9669756889343262
Car 0.0 0 -1.7105680704116821 507.2254943847656 185.4931640625 567.1707763671875 231.78155517578125 3.9931364 1.5283023 1.6852187 -2.8529913 2.0414636 27.130722 -1.815340280532837 0.9588383436203003
Car 0.0 0 1.8412244319915771 19.48849868774414 207.6005096435547 233.52413940429688 346.4398193359375 3.9900029 1.5294805 1.698905 -7.228759 2.1724303 11.1834955 1.2674000263214111 0.9052149653434753
Car 0.0 0 -1.6903260946273804 493.9469299316406 180.77056884765625 543.061767578125 221.6381072998047 4.2801204 1.6780558 1.7015618 -4.2619457 2.0632932 32.7926 -1.819568395614624 0.8689932227134705
Car 0.0 0 2.0010616779327393 0.0 220.48976135253906 146.8419189453125 375.0 3.9153564 1.3874964 1.588359 -5.864534 1.9653873 6.641495 1.2777107954025269 0.8653843998908997
Car 0.0 0 -2.905071496963501 698.9113159179688 169.34735107421875 802.71630859375 212.1526336669922 3.6777253 1.5731959 1.6338547 5.4250426 1.4446763 28.02163 -2.7138354778289795 0.7610992789268494
Car 0.0 0 1.6685115098953247 328.2583312988281 189.9928436279297 368.76409912109375 223.2200469970703 4.259621 1.6485661 1.7264036 -14.621457 2.6632328 40.42223 1.3214356899261475 0.6883673071861267
Car 0.0 0 -0.14057022333145142 546.4391479492188 161.900634765625 610.5303344726562 189.64381408691406 3.6484015 1.6201396 1.603928 -1.9430355 0.9808454 43.25802 -0.18545740842819214 0.628135621547699
Car 0.0 0 -2.398956060409546 812.490234375 83.70528411865234 1242.0 375.0 4.0401163 1.8342159 1.6472319 3.179776 1.4762568 5.0632296 -1.8381928205490112 0.5732578635215759
Car 0.0 0 -2.840217351913452 637.048828125 176.62728881835938 726.9654541015625 211.96401977539062 3.9423594 1.588598 1.6416565 3.3820374 1.7762198 34.283207 -2.7418854236602783 0.5411960482597351
Car 0.0 0 1.092684268951416 914.7022705078125 153.1569061279297 990.7637329101562 186.6267547607422 3.9679117 1.4995091 1.6136379 16.169554 0.6174023 34.336594 1.5327928066253662 0.4993525743484497
