Pedestrian 0.0 0 -0.3474636971950531 674.0647583007812 151.29531860351562 691.8558959960938 188.76950073242188 0.6768614 1.816711 0.6775812 3.6534133 0.17341633 35.256207 -0.24420756101608276 0.5159048438072205
Pedestrian 0.0 0 -0.12562736868858337 784.75830078125 126.2437973022461 826.961181640625 209.07293701171875 0.83684075 1.8120344 0.62589407 4.3772197 0.52305067 16.090734 0.13997888565063477 0.3958176374435425
Car 0.0 0 -1.611232042312622 527.0122680664062 177.8328399658203 583.8812255859375 225.3631591796875 3.365674 1.4953315 1.7735882 -1.8776764 1.2641937 24.386892 -1.6880757808685303 0.9557094573974609
Car 0.0 0 -1.2738583087921143 246.95367431640625 184.82394409179688 349.58905029296875 238.7060089111328 4.280362 1.443269 1.6209593 -9.127802 1.433907 21.464708 -1.6759381294250488 0.9477415084838867
Car 0.0 0 -1.427260160446167 384.7536315917969 179.5793914794922 480.1617736816406 250.61093139648438 3.8973162 1.4804586 1.6367943 -4.057869 1.3641163 16.993689 -1.661657691001892 0.9360679984092712
Car 0.0 0 -1.3945866823196411 339.5635986328125 183.51727294921875 394.1218566894531 218.42547607421875 3.874369 1.3865612 1.5443624 -10.208065 1.3202304 30.578234 -1.7167880535125732 0.904094934463501
Car 0.0 0 -1.0024387836456299 0.0 188.75550842285156 183.74595642089844 324.6390075683594 4.3795714 1.4989444 1.6656252 -8.080393 1.5619607 10.303698 -1.667484998703003 0.8958187699317932
Car 0.0 0 1.739408254623413 319.6187744140625 176.5671844482422 357.4683837890625 203.4307098388672 3.623778 1.5630093 1.5728163 -16.36042 1.0609416 43.7491 1.381549596786499 0.578126072883606
Car 0.0 0 -1.047614574432373 23.018007278442383 161.5662078857422 127.4248275756836 205.01107788085938 3.4190114 1.4801562 1.5654246 -19.376339 0.67555535 26.27389 -1.6830514669418335 0.4985697269439697
Car 0.0 0 3.2492544651031494 383.394775390625 166.44679260253906 445.6831359863281 190.91046142578125 3.5480554 1.4670757 1.570307 -11.848949 0.34264418 44.154514 2.987079381942749 0.47135692834854126
Car 0.0 0 -1.251906394958496 591.2705078125 166.32049560546875 625.7066040039062 186.55514526367188 3.6066432 1.5002956 1.5984782 0.07464293 0.10044594 55.258892 -1.2505556344985962 0.4280110001564026
Car 0.0 0 1.9028854370117188 567.1234741210938 165.03451538085938 597.6056518554688 183.87344360351562 3.9743588 1.682701 1.6184391 -2.3266804 -0.12730986 66.6463 1.8679887056350708 0.40217506885528564
