Pedestrian 0.0 0 -1.7941701412200928 286.25128173828125 138.3736114501953 352.3927917480469 292.76556396484375 0.7030935 1.7378954 0.58510923 -3.4549906 1.2653904 8.409699 -2.18398118019104 0.5770853161811829
Pedestrian 0.0 0 -0.0459231436252594 755.0260009765625 99.57621765136719 809.1827392578125 207.015625 0.8864681 1.8184197 0.6567124 3.0396976 0.45042732 12.36991 0.19503569602966309 0.525212287902832
Pedestrian 0.0 0 -2.7259950637817383 817.1664428710938 101.33125305175781 881.085205078125 208.32513427734375 0.85049814 1.8067226 0.7190133 4.267834 0.4715098 12.486984 -2.3966596126556396 0.5187423229217529
Pedestrian 0.0 0 -0.36120739579200745 947.9279174804688 93.6072006225586 1015.0415649414062 205.76528930664062 0.8362756 1.8134768 0.57136995 6.2048 0.41016614 11.762537 0.12420153617858887 0.4241211712360382
Pedestrian 0.0 0 0.6019995808601379 562.0609741210938 126.61380004882812 608.5938720703125 217.35269165039062 0.7717635 1.8282465 0.58494467 -0.44915956 0.74415106 14.695664 0.5714449882507324 0.397485613822937
Pedestrian 0.0 0 -0.38982629776000977 866.856689453125 94.35345458984375 944.0244140625 206.42176818847656 1.0595088 1.8286369 0.54038084 4.958816 0.42462194 11.806379 0.007811546325683594 0.3322773575782776
Pedestrian 0.0 0 -3.7699098587036133 1099.1458740234375 98.9339370727539 1192.408203125 210.5558319091797 1.0663522 1.7730706 0.5885068 8.758072 0.47908044 11.531726 -3.1203713417053223 0.3268745541572571
Pedestrian 0.0 0 0.4300689101219177 206.64422607421875 127.16813659667969 258.70648193359375 215.3576202392578 0.7500451 1.7095546 0.5558434 -7.4060626 0.6773478 13.999843 -0.05651678144931793 0.30296704173088074
Pedestrian 0.0 0 1.4553018808364868 624.4608764648438 121.02721405029297 650.9314575195312 190.5113067626953 0.70516914 1.7389381 0.5960615 0.79234415 0.25214177 18.062954 1.499139428138733 0.2734052836894989
Pedestrian 0.0 0 2.68786883354187 705.1361083984375 122.779541015625 743.9259643554688 192.27371215820312 0.8066735 1.7462534 0.58544725 3.029002 0.2974443 18.157152 2.85316801071167 0.26716068387031555
Pedestrian 0.0 0 1.508598804473877 521.9409790039062 107.6917724609375 554.464111328125 196.03546142578125 0.83517456 1.8073113 0.62931216 -1.4596008 0.3194451 14.921955 1.4110933542251587 0.2634749412536621
Cyclist 0.0 0 -3.7699098587036133 1099.1458740234375 98.9339370727539 1192.408203125 210.5558319091797 1.0663522 1.7730706 0.5885068 8.758072 0.47908044 11.531726 -3.1203713417053223 0.2397724837064743
Cyclist 0.0 0 -0.38982629776000977 866.856689453125 94.35345458984375 944.0244140625 206.42176818847656 1.0595088 1.8286369 0.54038084 4.958816 0.42462194 11.806379 0.007811546325683594 0.2148081511259079
Cyclist 0.0 0 -0.3732655644416809 941.5353393554688 90.68714904785156 1020.356201171875 206.4297637939453 1.0297118 1.8730307 0.5440601 6.1945715 0.4212676 11.764578 0.11139130592346191 0.14243744313716888
Car 0.0 0 2.0490529537200928 580.0700073242188 155.3021697998047 622.0886840820312 177.48129272460938 3.664215 1.5686016 1.6193752 -0.24611115 -0.23164923 52.545856 2.0443692207336426 0.3098539412021637
Car 0.0 0 1.5105990171432495 735.6779174804688 155.38015747070312 758.0478515625 174.71463012695312 3.966722 1.5750301 1.648007 12.208902 -0.5143026 60.915253 1.7084026336669922 0.30807799100875854
Car 0.0 0 1.6912171840667725 779.86474609375 149.93711853027344 812.243408203125 175.35926818847656 3.9041986 1.599369 1.6419954 12.859127 -0.3591457 47.45224 1.9558523893356323 0.28513625264167786
Car 0.0 0 -1.71012282371521 657.8633422851562 135.0589141845703 734.3012084960938 195.09170532226562 3.588394 1.4993105 1.5775828 2.3762896 0.3660205 19.461447 -1.5886218547821045 0.27767035365104675
