Pedestrian 0.0 0 1.1526696681976318 694.966796875 162.98826599121094 717.1736450195312 204.6913604736328 0.867675 1.874221 0.7131385 4.3418555 1.4311935 32.941658 1.2837187051773071 0.4806625247001648
Pedestrian 0.0 0 -3.1625359058380127 732.0703125 138.74708557128906 785.6221923828125 241.62808227539062 0.9379692 1.8276806 0.6438173 2.6632998 1.222129 13.215202 -2.9636666774749756 0.40549609065055847
Pedestrian 0.0 0 -3.6781764030456543 1162.28515625 148.85292053222656 1242.0 355.7312316894531 0.61106706 1.7216866 0.5744331 5.30496 1.5223023 6.3344274 -2.9809956550598145 0.3254898488521576
Pedestrian 0.0 0 1.437137246131897 518.2713012695312 172.6054229736328 539.99658203125 225.9679718017578 1.0732843 1.7362514 0.5796516 -2.7493103 1.728521 24.065117 1.3233858346939087 0.32286331057548523
Pedestrian 0.0 0 1.6373564004898071 492.1401062011719 173.7117919921875 512.5357055664062 226.6869659423828 1.608106 1.6684822 0.5566272 -3.551661 1.6978484 23.573526 1.4878180027008057 0.13251827657222748
Cyclist 0.0 0 0.8574010133743286 908.4014282226562 158.078125 1014.6705322265625 266.43682861328125 1.8139862 1.6371748 0.4918765 5.656907 1.4142864 11.838598 1.3031606674194336 0.35093429684638977
Cyclist 0.0 0 1.706312894821167 495.2585144042969 173.96969604492188 519.5852661132812 227.55487060546875 1.5691308 1.6973138 0.58655345 -3.397784 1.7354946 23.671373 1.5637469291687012 0.33863720297813416
Cyclist 0.0 0 0.7073091268539429 807.0514526367188 124.68870544433594 878.8727416992188 205.0853271484375 1.6226685 1.7413166 0.49408978 5.23275 0.6984583 16.444736 1.0153803825378418 0.2988487780094147
Cyclist 0.0 0 1.437137246131897 518.2713012695312 172.6054229736328 539.99658203125 225.9679718017578 1.0732843 1.7362514 0.5796516 -2.7493103 1.728521 24.065117 1.3233858346939087 0.19729040563106537
Car 0.0 0 -1.8613243103027344 740.28759765625 174.66595458984375 985.0377807617188 345.93524169921875 3.458497 1.5245165 1.5896974 2.5204158 1.5498117 8.192096 -1.5628509521484375 0.9457604885101318
Car 0.0 0 1.9860495328903198 188.44015502929688 185.51058959960938 396.2132568359375 306.1932373046875 3.9122126 1.5816624 1.636515 -4.9853473 1.8242352 11.836218 1.5874067544937134 0.9444783329963684
Car 0.0 0 1.8002384901046753 437.52789306640625 181.19766235351562 503.4689025878906 224.26589965820312 4.2019353 1.4717139 1.558606 -5.287033 1.8160099 27.609547 1.6110360622406006 0.7686339616775513
Car 0.0 0 -1.4613834619522095 639.2842407226562 176.25283813476562 670.4678344726562 199.57855224609375 4.316209 1.4842364 1.6465744 3.0504827 1.7253354 48.837116 -1.3990020751953125 0.6497536301612854
