Car 0.0 0 -1.8739429712295532 724.5753173828125 168.5547332763672 958.4102172851562 329.81243896484375 4.322107 1.7105478 1.6877708 2.7569096 1.6653011 9.836295 -1.600675344467163 0.9572776556015015
Car 0.0 0 -1.7314940690994263 670.0374755859375 176.83290100097656 751.232421875 238.21044921875 4.0055323 1.5877156 1.6866175 2.7642715 1.7148023 20.951567 -1.6003154516220093 0.9552424550056458
Car 0.0 0 3.619168996810913 74.91928100585938 184.24526977539062 344.07135009765625 280.4073181152344 3.6228688 1.4654256 1.5059721 -6.55326 1.6674403 11.975795 3.118471384048462 0.9389204382896423
Car 0.0 0 3.511259078979492 169.15626525878906 171.95266723632812 392.6593017578125 255.9088592529297 3.6824622 1.5512524 1.5932899 -6.4009085 1.5349566 14.222537 3.08836030960083 0.9194579124450684
Car 0.0 0 -1.814867615699768 694.1041259765625 181.6661376953125 810.823486328125 260.99212646484375 3.6077337 1.4318762 1.5600938 2.8252661 1.641458 15.280252 -1.6320358514785767 0.894176721572876
Car 0.0 0 3.853337526321411 0.0 183.52532958984375 247.59400939941406 364.50006103515625 4.2474403 1.5407711 1.6933912 -6.1704326 1.6587684 7.096233 3.13761043548584 0.884099006652832
Car 0.0 0 -1.7108330726623535 646.3185424804688 175.8251190185547 693.4725341796875 211.66639709472656 3.8566556 1.5205632 1.60768 2.630958 1.6645688 32.908825 -1.6310558319091797 0.8786510229110718
Car 0.0 0 -2.4878578186035156 0.0 190.96408081054688 307.52996826171875 315.73443603515625 4.062061 1.428531 1.5709416 -6.3591065 1.6883469 9.428009 -3.0812575817108154 0.866571307182312
Car 0.0 0 -1.5703853368759155 639.4179077148438 175.18215942382812 666.2918090820312 200.6896514892578 3.6418364 1.462653 1.5525899 2.552331 1.6096358 43.57538 -1.5118794441223145 0.7008557915687561
Car 0.0 0 0.3702065348625183 401.4927673339844 176.91506958007812 508.1309814453125 212.0899200439453 4.231396 1.4603112 1.6178246 -6.748742 1.6434814 31.34585 0.15814423561096191 0.6693274974822998
Car 0.0 0 -2.599567413330078 317.28057861328125 183.86532592773438 466.61419677734375 238.2106475830078 3.9449868 1.4581971 1.5499113 -6.3944674 1.7993386 21.092873 -2.893918752670288 0.5789204835891724
