Pedestrian 0.0 0 -0.17879778146743774 1013.9588623046875 144.7147674560547 1073.061767578125 270.40093994140625 0.6525821 1.7637928 0.514697 6.229036 1.3692641 10.4780855 0.35755467414855957 0.2898154854774475
Pedestrian 0.0 0 2.42350172996521 77.8725814819336 210.371826171875 136.3275909423828 322.858642578125 0.4851071 1.3860686 0.39082068 -6.571038 1.8878475 9.358397 1.8113315105438232 0.2579164505004883
Pedestrian 0.0 0 -0.2935711741447449 818.6986694335938 146.2319793701172 877.8881225585938 220.22030639648438 1.2453877 1.8346055 0.80187064 5.979964 1.1748474 18.303083 0.022214651107788086 0.19141454994678497
Pedestrian 0.0 0 0.30471548438072205 752.808349609375 163.21080017089844 782.7045288085938 212.10740661621094 1.0045913 1.8528169 0.56223375 6.0426574 1.4877696 27.831255 0.51851487159729 0.176992729306221
Pedestrian 0.0 0 0.09708961844444275 764.5174560546875 184.12692260742188 832.3736572265625 316.2490539550781 0.8050672 1.6186409 0.41537362 2.3587942 1.7683744 9.225915 0.347398042678833 0.16969124972820282
Pedestrian 0.0 0 2.386061668395996 53.03004455566406 147.22552490234375 102.72579193115234 238.17491149902344 0.537662 1.7474918 0.5756331 -10.500629 1.2554268 14.176285 1.7485276460647583 0.1350688636302948
Pedestrian 0.0 0 0.7585073709487915 381.8533935546875 165.10415649414062 412.34844970703125 217.15545654296875 0.82088584 1.7675052 0.60434335 -7.406591 1.5047017 24.953787 0.46997761726379395 0.12022750824689865
Pedestrian 0.0 0 1.3498423099517822 789.3486328125 154.14967346191406 821.5873413085938 213.17613220214844 1.1441718 1.8571608 0.76943684 6.2504473 1.269021 23.286608 1.6120752096176147 0.11351623386144638
Pedestrian 0.0 0 -1.8508837223052979 950.0453491210938 151.26956176757812 985.6939697265625 244.72796630859375 0.57950133 1.7058895 0.45291927 6.6337614 1.3122683 13.492504 -1.3939281702041626 0.10253049433231354
Cyclist 0.0 0 -0.2935711741447449 818.6986694335938 146.2319793701172 877.8881225585938 220.22030639648438 1.2453877 1.8346055 0.80187064 5.979964 1.1748474 18.303083 0.022214651107788086 0.10405100882053375
Car 0.0 0 1.7319635152816772 507.9714050292969 178.5985107421875 561.2445678710938 215.09266662597656 3.7931235 1.4343089 1.6823117 -3.2027643 1.6962308 30.908895 1.62871253490448 0.9576697945594788
Car 0.0 0 1.8656412363052368 492.3919982910156 173.19190979003906 526.2968139648438 195.09710693359375 4.0242596 1.713249 1.6298589 -8.156902 1.7420454 58.609966 1.7273569107055664 0.11703058332204819
