Pedestrian 0.0 0 0.7235480546951294 375.36651611328125 139.54148864746094 409.5219421386719 198.00767517089844 0.7816509 1.781397 0.6516991 -6.810005 0.76676106 22.440544 0.4289119243621826 0.6571348309516907
Pedestrian 0.0 0 2.2339775562286377 1073.796630859375 102.18190002441406 1140.3143310546875 232.24229431152344 0.5492694 1.7762092 0.55390835 6.9654603 0.81141216 10.1984 2.8331997394561768 0.6065734028816223
Pedestrian 0.0 0 -0.9091988205909729 1122.4647216796875 105.00409698486328 1197.685302734375 219.78424072265625 0.5651617 1.7653508 0.7723758 8.73197 0.72215825 11.540817 -0.2614767551422119 0.5395224690437317
Pedestrian 0.0 0 1.6610240936279297 501.04205322265625 147.8349151611328 517.978515625 193.57359313964844 0.7320152 1.7925754 0.6041112 -4.0292325 0.81239337 28.65602 1.5213329792022705 0.5032345652580261
Pedestrian 0.0 0 -1.5915945768356323 861.9990234375 134.1518096923828 884.9776611328125 192.9320526123047 1.1250904 1.8210628 0.6614891 8.340463 0.6223935 22.990116 -1.243575930595398 0.48153913021087646
Pedestrian 0.0 0 1.9103095531463623 170.11325073242188 108.591064453125 252.71092224121094 222.82867431640625 1.893492 1.8227155 0.66048914 -6.9011765 0.79772747 12.497867 1.405787706375122 0.2156062126159668
Cyclist 0.0 0 2.9637181758880615 502.53314208984375 152.8623809814453 532.3121337890625 180.8032989501953 1.8568723 1.821074 0.69039 -6.143716 0.5184609 47.633064 2.835446357727051 0.7054779529571533
Cyclist 0.0 0 1.9802513122558594 158.72779846191406 103.28242492675781 249.64927673339844 220.21908569335938 1.9766092 1.8326502 0.6176809 -6.919012 0.7426712 12.319978 1.4685388803482056 0.6421359181404114
Car 0.0 0 1.3925999402999878 687.2708129882812 190.6038055419922 803.0597534179688 271.4307556152344 4.0967665 1.4088794 1.6987566 2.6954534 1.8418638 15.5299835 1.5644524097442627 0.9655559062957764
Car 0.0 0 -2.0326247215270996 813.8282470703125 197.42062377929688 1242.0 375.0 3.63445 1.4078941 1.4935122 2.6399624 1.64578 5.1475034 -1.5587400197982788 0.9649524092674255
Car 0.0 0 1.7421270608901978 407.25518798828125 187.79359436035156 508.9013671875 265.078369140625 3.655381 1.4715211 1.6352795 -3.3528838 1.8478757 16.304241 1.5393096208572388 0.9575450420379639
Car 0.0 0 2.104241371154785 0.0 187.4469757080078 372.2039489746094 375.0 4.3381076 1.4706843 1.6800364 -3.3388019 1.624011 5.3732324 1.5482518672943115 0.9467997550964355
Car 0.0 0 -1.7067101001739502 667.2600708007812 186.03590393066406 736.0460205078125 239.1013641357422 3.4914248 1.3880583 1.5537103 2.6022294 1.8133903 21.501541 -1.5862705707550049 0.8481408953666687
Car 0.0 0 1.4456143379211426 654.6483154296875 184.46319580078125 713.219970703125 229.68118286132812 4.119485 1.4497594 1.5997244 2.5667403 1.9064918 26.280739 1.5429717302322388 0.5793543457984924
Car 0.0 0 -2.9713034629821777 593.6690673828125 173.07858276367188 651.9635009765625 194.42770385742188 4.587927 1.7241831 1.7183436 1.0514603 1.7434801 59.56902 -2.9536540508270264 0.5379130244255066
