Pedestrian 0.0 0 -0.7686476111412048 1180.9490966796875 187.2700958251953 1242.0 283.7686767578125 0.6846231 1.6254599 0.545499 10.427806 1.8823161 12.537624 -0.07486158609390259 0.20333172380924225
Pedestrian 0.0 0 -2.6570847034454346 288.469482421875 179.71522521972656 306.099365234375 217.00479125976562 0.45638418 1.804522 0.84431 -15.425896 2.1467726 35.513214 -3.0668654441833496 0.19731669127941132
Cyclist 0.0 0 -3.3761510848999023 918.6220092773438 182.22525024414062 995.87744140625 240.4306182861328 1.9024305 1.6391096 0.7870771 10.072187 1.9209833 21.08845 -2.930570363998413 0.282577782869339
Cyclist 0.0 0 1.8147329092025757 768.23095703125 174.905029296875 782.38232421875 200.40013122558594 1.7429765 1.7236705 0.54932624 11.392814 1.8682314 49.825527 2.039522647857666 0.19166527688503265
Car 0.0 0 2.1338584423065186 135.50343322753906 193.88731384277344 225.3423309326172 227.38600158691406 4.294023 1.4082354 1.742965 -20.880104 2.4988065 35.22593 1.5987882614135742 0.9264176487922668
Car 0.0 0 0.26602649688720703 843.2239990234375 183.18453979492188 954.524169921875 223.63656616210938 3.8782222 1.4745564 1.5718312 11.531103 1.9159429 29.00776 0.6443912982940674 0.5975883603096008
Car 0.0 0 1.05138099193573 780.092041015625 168.61508178710938 821.615234375 191.06346130371094 3.3785577 1.6612723 1.6034199 14.54337 1.3479328 55.233265 1.3088452816009521 0.4385814070701599
Car 0.0 0 -3.3136982917785645 1102.7913818359375 194.15188598632812 1242.0 239.8375701904297 4.2689495 1.5903271 1.6529238 22.076414 2.4818337 28.457647 -2.6539111137390137 0.2636234164237976
Car 0.0 0 0.005875527858734131 118.48662567138672 176.39865112304688 189.5363006591797 200.04202270507812 4.0413704 1.5382116 1.6080322 -31.076218 1.7889656 49.215893 -0.5573317408561707 0.23854218423366547
Car 0.0 0 1.7444863319396973 77.1572494506836 209.35968017578125 132.56466674804688 245.19485473632812 3.4146612 1.4486641 1.6308279 -24.409708 3.3112655 34.912678 1.1343212127685547 0.1805378794670105
