Pedestrian 0.0 0 1.671587347984314 903.9368896484375 154.0587158203125 922.5374755859375 195.22633361816406 0.68252105 1.8387264 0.71273834 13.703213 0.9996047 32.694275 2.068477153778076 0.4542026221752167
Pedestrian 0.0 0 -0.002257406711578369 416.26318359375 154.66587829589844 434.8910217285156 183.3328857421875 1.1841632 1.8747547 0.6119008 -12.204351 0.6856526 47.628574 -0.2531004548072815 0.2806592583656311
Pedestrian 0.0 0 -2.9650776386260986 567.1378173828125 150.04275512695312 585.7931518554688 189.25613403320312 0.8555798 1.9464288 0.5204831 -1.7142597 0.81450826 36.125256 -3.012495279312134 0.24653343856334686
Pedestrian 0.0 0 0.3565249443054199 564.97119140625 148.01608276367188 589.127685546875 187.2977752685547 1.0285802 1.8762245 0.5832719 -1.6301838 0.69024074 34.894855 0.3098418712615967 0.24005302786827087
Pedestrian 0.0 0 -2.4359664916992188 29.0252628326416 106.35639190673828 94.70004272460938 207.70005798339844 0.7630438 1.8063062 0.5763404 -10.043643 0.621439 13.165961 -3.0876405239105225 0.23862874507904053
Pedestrian 0.0 0 0.6986284852027893 0.3434409499168396 107.0453872680664 59.89289855957031 202.63760375976562 0.6484503 1.7763622 0.6003037 -11.061467 0.5538179 13.711893 0.01981186866760254 0.22540655732154846
Pedestrian 0.0 0 1.9128361940383911 219.53741455078125 162.88999938964844 258.573974609375 234.1468505859375 0.7029404 1.7653203 0.68407583 -9.430459 1.5188295 18.266825 1.436264157295227 0.2243947684764862
Cyclist 0.0 0 2.0176522731781006 270.6180419921875 122.109130859375 323.5135803222656 190.4303436279297 1.9270759 1.8119504 0.578472 -8.734262 0.4665009 20.106787 1.6078521013259888 0.4642711877822876
Cyclist 0.0 0 1.4925026893615723 554.6712646484375 161.33523559570312 567.4069213867188 190.9518585205078 1.7222915 1.7294227 0.62242264 -2.9605875 1.0571575 43.02791 1.423804759979248 0.3707593083381653
Cyclist 0.0 0 -1.525374412536621 575.9443969726562 147.14610290527344 589.4562377929688 184.33016967773438 1.4356822 1.8026277 0.60558325 -1.3820281 0.55670536 35.696186 -1.564071536064148 0.22356800734996796
Cyclist 0.0 0 -0.002257406711578369 416.26318359375 154.66587829589844 434.8910217285156 183.3328857421875 1.1841632 1.8747547 0.6119008 -12.204351 0.6856526 47.628574 -0.2531004548072815 0.12107044458389282
Car 0.0 0 -1.3289194107055664 404.4525146484375 165.70144653320312 571.40673828125 286.73834228515625 4.4284277 1.6605533 1.7108103 -1.8669417 1.5627824 12.178296 -1.4810359477996826 0.963176429271698
Car 0.0 0 -1.664240837097168 881.650146484375 184.15870666503906 1073.3740234375 343.19647216796875 3.631522 1.3756562 1.5747994 4.011026 1.5400975 8.494692 -1.2230956554412842 0.9354825615882874
Car 0.0 0 1.9545466899871826 211.13345336914062 181.35452270507812 410.41204833984375 286.1874694824219 4.3393073 1.4638454 1.657287 -4.980282 1.6383222 12.601055 1.5781614780426025 0.9228680729866028
Car 0.0 0 -1.2895139455795288 895.9794921875 173.8145751953125 1062.279296875 269.0155334472656 4.2218614 1.4655672 1.5927554 6.8302083 1.4863079 13.227445 -0.812859058380127 0.7505815029144287
Car 0.0 0 1.5979676246643066 514.99462890625 188.66273498535156 560.4312133789062 231.56494140625 3.8261976 1.4248266 1.5965424 -2.732341 2.068089 27.374739 1.4984846115112305 0.2803162932395935
Car 0.0 0 3.013279914855957 526.1812744140625 165.29762268066406 587.3689575195312 188.55726623535156 4.091805 1.58858 1.6507546 -3.7709887 1.0728554 50.49726 2.9387412071228027 0.26557043194770813
Car 0.0 0 1.4598113298416138 597.2770385742188 156.83767700195312 628.9988403320312 184.39407348632812 3.7221255 1.7499641 1.6907269 0.13837108 0.7332081 47.759808 1.462708592414856 0.22577978670597076
