Car 0.0 0 -1.2841031551361084 291.03253173828125 181.9883575439453 460.6659240722656 288.564208984375 4.07328 1.5106273 1.6164347 -3.7560117 1.4660136 12.231035 -1.5820505619049072 0.9696667194366455
Car 0.0 0 -1.7647303342819214 687.4677734375 185.08978271484375 777.6848754882812 248.09298706054688 3.37457 1.373639 1.4992216 2.867497 1.3720249 17.378506 -1.6012012958526611 0.9678635597229004
Car 0.0 0 -1.3816099166870117 443.1829833984375 179.518798828125 511.068359375 228.06898498535156 3.640177 1.5223875 1.6054639 -4.383863 1.3448812 24.36633 -1.5596203804016113 0.9351085424423218
Car 0.0 0 -1.0989375114440918 151.10617065429688 183.68983459472656 316.20501708984375 255.430908203125 3.9654691 1.3812672 1.5708226 -8.054891 1.35302 15.8201685 -1.5698809623718262 0.9330313801765442
Car 0.0 0 -1.4697916507720947 501.05517578125 179.09759521484375 538.3922119140625 208.47805786132812 3.5630004 1.4383222 1.5570134 -4.513989 1.1399413 36.984917 -1.591240406036377 0.8783969879150391
Car 0.0 0 -1.6165145635604858 584.659423828125 178.0929718017578 614.7440185546875 204.1221160888672 4.036623 1.5033026 1.6317837 -0.55524164 1.093064 43.57599 -1.629255771636963 0.8646132946014404
Car 0.0 0 -1.6489057540893555 633.3033447265625 177.96470642089844 666.682861328125 204.1724090576172 3.974595 1.5173314 1.7079228 2.4916995 1.0986564 43.620235 -1.591845154762268 0.8633072376251221
Car 0.0 0 -1.3534772396087646 397.77734375 170.5195770263672 448.6166687011719 202.26339721679688 3.6823995 1.428523 1.5871855 -8.751777 0.7683047 34.212357 -1.6039142608642578 0.7022623419761658
Car 0.0 0 -1.7205419540405273 700.3057250976562 148.5384063720703 738.3400268554688 180.29042053222656 2.3446388 1.4577061 1.4669448 5.2967486 -0.24356806 34.536594 -1.5683614015579224 0.6427699327468872
Car 0.0 0 -0.8623717427253723 0.0 180.46194458007812 296.2142333984375 376.0 4.089293 1.5482208 1.6468796 -3.5887966 1.5350802 4.2001247 -1.5694435834884644 0.6264276504516602
Car 0.0 0 -1.4255247116088867 440.5594482421875 170.32635498046875 476.82891845703125 196.70831298828125 3.7091622 1.5430267 1.6527627 -9.08986 0.6733118 43.94051 -1.6295148134231567 0.5404148697853088
