Pedestrian 0.0 0 -0.3434503674507141 398.1932067871094 151.97352600097656 424.1565856933594 199.371826171875 0.76039356 1.7580911 0.6801216 -7.556 0.9839533 27.25741 -0.6138691306114197 0.7333665490150452
Pedestrian 0.0 0 -2.199913263320923 453.2763366699219 157.041259765625 477.9835510253906 192.16351318359375 1.0331 1.6981393 0.721747 -7.1429014 0.9339611 35.498375 -2.398479461669922 0.5928594470024109
Pedestrian 0.0 0 0.6865403652191162 292.5629577636719 139.47364807128906 331.3106689453125 207.98617553710938 0.7326075 1.7580925 0.58641106 -7.851812 0.90188086 18.899002 0.29277634620666504 0.49985983967781067
Pedestrian 0.0 0 -0.31140053272247314 698.0906982421875 146.1696319580078 721.6431274414062 183.1219482421875 0.9180102 1.685617 0.66172814 4.568181 0.4687407 33.3167 -0.17513635754585266 0.4652599096298218
Pedestrian 0.0 0 3.4067959785461426 58.412105560302734 86.07665252685547 132.2891387939453 214.6028594970703 0.7466649 1.8067116 0.6143631 -7.5647526 0.5872275 10.558174 2.785093069076538 0.41960906982421875
Pedestrian 0.0 0 1.9038476943969727 498.31109619140625 155.45530700683594 512.8859252929688 185.48367309570312 0.74863905 1.7695127 0.6502843 -6.2447205 0.7445997 42.944717 1.7594468593597412 0.41326355934143066
Pedestrian 0.0 0 -2.23549222946167 872.4185180664062 111.84972381591797 927.6535034179688 202.81883239746094 0.9182423 1.8345387 0.63938165 5.998317 0.6046468 15.078906 -1.8568880558013916 0.3817901015281677
Pedestrian 0.0 0 2.8525309562683105 97.98104858398438 135.89500427246094 144.1348876953125 239.51426696777344 0.5408882 1.747465 0.5072202 -8.546887 1.1245357 12.535321 2.254107713699341 0.31639957427978516
Pedestrian 0.0 0 2.5884995460510254 360.94158935546875 144.2017364501953 384.5234375 183.01463317871094 0.8253646 1.7273451 0.5909752 -10.763725 0.4525507 32.614902 2.2697296142578125 0.30186861753463745
Pedestrian 0.0 0 -2.5758121013641357 729.8603515625 151.99354553222656 762.2771606445312 181.66664123535156 1.7524533 1.6883583 0.6900841 7.86044 0.50178456 41.901997 -2.390376091003418 0.14996446669101715
Cyclist 0.0 0 -0.08547648787498474 791.1888427734375 122.55815124511719 846.3204956054688 179.13192749023438 1.7222189 1.8521572 0.57821953 6.9021144 0.20588964 24.069065 0.19379234313964844 0.7266165018081665
Cyclist 0.0 0 -2.5665993690490723 729.3098754882812 151.43605041503906 763.510009765625 179.90719604492188 1.8482064 1.6182426 0.7360627 7.8810883 0.4012472 41.911743 -2.3807296752929688 0.31409159302711487
Cyclist 0.0 0 -2.2457051277160645 871.3397216796875 112.85469818115234 927.8821411132812 203.25308227539062 0.9626802 1.8242846 0.635222 6.00152 0.6138264 15.111439 -1.8676574230194092 0.2363891303539276
Cyclist 0.0 0 -2.2561869621276855 453.2121887207031 156.22323608398438 478.0936279296875 192.10128784179688 1.0436641 1.7357306 0.6969498 -7.142638 0.93151504 35.5046 -2.454712152481079 0.14078186452388763
Car 0.0 0 -1.5816625356674194 683.7971801757812 160.47874450683594 719.7517700195312 193.9756317138672 3.6645787 1.5320235 1.6359007 4.375375 0.9663832 34.91103 -1.4569833278656006 0.7175440788269043
Car 0.0 0 1.8033828735351562 516.5527954101562 169.54751586914062 543.9132080078125 187.9409942626953 4.13172 1.6467062 1.6080239 -7.3608985 1.3510466 66.742905 1.6935393810272217 0.5165195465087891
Car 0.0 0 -1.888338327407837 252.3651580810547 161.34130859375 302.0868225097656 187.20339965820312 3.710604 1.5095285 1.6770359 -20.372894 0.8379091 44.040768 -2.3216140270233154 0.48643654584884644
Car 0.0 0 2.2233004570007324 229.78419494628906 131.2893524169922 362.47601318359375 187.3421630859375 4.193268 1.5966712 1.6206601 -9.788304 0.41305524 22.78138 1.8174872398376465 0.4088817536830902
Car 0.0 0 2.7731072902679443 482.2847900390625 161.6389923095703 544.9667358398438 185.4198455810547 3.9383063 1.5743045 1.6154374 -6.620392 0.8322233 49.41856 2.639934539794922 0.3290324807167053
