Pedestrian 0.0 0 1.276252269744873 992.8355102539062 160.4925994873047 1032.94091796875 235.1376953125 0.8853844 1.8122137 0.6428168 9.9978895 1.5124646 18.014988 1.7829079627990723 0.6494879722595215
Pedestrian 0.0 0 2.3749849796295166 184.16024780273438 181.4525604248047 223.81619262695312 247.0021514892578 0.58709615 1.7333283 0.7415235 -11.054355 1.9714996 19.565775 1.8607103824615479 0.2582454979419708
Pedestrian 0.0 0 2.3603246212005615 333.29925537109375 187.43490600585938 349.43072509765625 216.5975341796875 0.66089034 1.7124708 0.6201768 -16.126335 2.5951064 43.226902 2.003253698348999 0.18965454399585724
Pedestrian 0.0 0 1.5285766124725342 656.0808715820312 170.64410400390625 673.632080078125 215.9841766357422 0.9536063 1.7830921 0.6582804 2.1462312 1.6965413 28.860313 1.6028062105178833 0.16734179854393005
Cyclist 0.0 0 1.5285766124725342 656.0808715820312 170.64410400390625 673.632080078125 215.9841766357422 0.9536063 1.7830921 0.6582804 2.1462312 1.6965413 28.860313 1.6028062105178833 0.10867581516504288
Car 0.0 0 2.067044734954834 0.0 208.1916046142578 460.2550048828125 375.0 3.7947223 1.4023795 1.5967175 -2.3581939 1.7393062 4.934264 1.6212148666381836 0.866318941116333
Car 0.0 0 1.4041346311569214 241.86428833007812 179.77378845214844 279.4527587890625 204.0095672607422 4.246794 1.5714529 1.670062 -24.397139 2.0750856 50.26042 0.9522233009338379 0.25348055362701416
Car 0.0 0 -1.1477220058441162 651.9535522460938 172.33413696289062 725.20703125 211.56690979003906 3.7938468 1.5282453 1.6289545 3.3045452 1.5083532 30.151375 -1.0385591983795166 0.22397612035274506
Car 0.0 0 2.4132039546966553 768.9012451171875 175.40939331054688 832.62451171875 201.64004516601562 3.7572265 1.5829748 1.615179 11.982327 1.7497618 45.418415 2.671147584915161 0.14029186964035034
Car 0.0 0 1.8179229497909546 212.85581970214844 189.86912536621094 338.8688049316406 268.76373291015625 4.0811715 1.4704943 1.6500435 -7.5179996 1.9115607 16.5306 1.3910903930664062 0.1317460834980011
