Pedestrian 0.0 0 -1.5931637287139893 824.0860595703125 157.52359008789062 845.6366577148438 211.96218872070312 0.69971174 1.73433 0.6502692 7.244467 1.2462848 23.409939 -1.293049693107605 0.2363491952419281
Pedestrian 0.0 0 -1.1070365905761719 246.40110778808594 180.1444091796875 266.6292724609375 211.51126098632812 0.95027465 1.7358261 0.6693527 -19.932898 2.151529 40.62655 -1.5631660223007202 0.1677771955728531
Car 0.0 0 2.098804235458374 93.73665618896484 197.43812561035156 227.72206115722656 259.5881652832031 3.7332442 1.4839563 1.5725888 -12.702059 2.2506006 20.602236 1.5463131666183472 0.9535118341445923
Car 0.0 0 2.0328361988067627 221.8404998779297 193.62730407714844 295.0271301269531 232.1708221435547 3.587527 1.5830152 1.6122855 -16.212074 2.5961988 33.375023 1.5806496143341064 0.8966403007507324
Car 0.0 0 -1.5439033508300781 599.8511962890625 173.94017028808594 631.1375732421875 201.50213623046875 4.4973345 1.561075 1.759427 0.3445756 1.6300808 43.321747 -1.5359495878219604 0.8598028421401978
Car 0.0 0 2.3782687187194824 0.0 213.12733459472656 51.28810501098633 277.4288635253906 3.686823 1.3762627 1.7107197 -17.691315 2.584155 19.728096 1.6472480297088623 0.31054094433784485
Car 0.0 0 -0.25198957324028015 664.1466674804688 165.1074676513672 710.44482421875 181.85299682617188 4.0628448 1.5547702 1.6419384 7.260447 0.8358872 68.09712 -0.1457718461751938 0.30128487944602966
Car 0.0 0 1.560421109199524 628.5983276367188 180.7293701171875 653.3557739257812 205.4921875 3.869156 1.6057006 1.6475645 2.0932093 2.1731007 49.98996 1.6022692918777466 0.22445343434810638
Car 0.0 0 1.6461106538772583 639.4537353515625 180.175537109375 672.6949462890625 209.0260467529297 3.8509932 1.4631407 1.5381866 2.536297 1.8860412 39.625298 1.710030436515808 0.21868586540222168
Car 0.0 0 1.9096674919128418 268.7479248046875 190.7147216796875 313.9273376464844 216.066650390625 3.9361324 1.5725524 1.6275158 -21.88634 2.8516293 49.630478 1.4943349361419678 0.20009920001029968
