Pedestrian 0.0 0 1.2725154161453247 703.8448486328125 166.8818359375 734.057861328125 222.98582458496094 1.0204573 1.7737926 0.69610345 3.4736407 1.5853336 23.366201 1.420095443725586 0.7832170128822327
Cyclist 0.0 0 1.2629668712615967 703.6453857421875 166.73443603515625 734.0021362304688 224.34982299804688 1.0126662 1.8203571 0.6950849 3.4671097 1.6273677 23.349573 1.410376787185669 0.10289737582206726
Car 0.0 0 1.6574286222457886 415.597900390625 182.02455139160156 478.16046142578125 234.54220581054688 3.5151448 1.3655983 1.4956951 -4.770413 1.6594095 21.244255 1.4365417957305908 0.9408181309700012
Car 0.0 0 2.6965999603271484 623.7208862304688 173.41531372070312 699.5751953125 197.56329345703125 4.608323 1.5067809 1.7245206 3.3167024 1.5447818 46.740807 2.7674405574798584 0.8506697416305542
Car 0.0 0 2.0006721019744873 0.0 183.78231811523438 83.30438232421875 250.48312377929688 4.0775466 1.4398164 1.5696554 -15.335382 1.7526765 18.45729 1.307396650314331 0.8314585089683533
Car 0.0 0 2.583871841430664 503.3872375488281 176.62046813964844 582.58203125 203.9907989501953 4.501536 1.5405579 1.7089657 -4.0099483 1.7771753 43.21441 2.491344928741455 0.7903547286987305
Car 0.0 0 1.0903089046478271 346.2848815917969 180.16522216796875 425.0697021484375 216.45518493652344 3.879187 1.3994205 1.5578167 -9.575231 1.7285374 30.519173 0.7862904071807861 0.7849283814430237
Car 0.0 0 2.283146381378174 0.0 197.48158264160156 79.2302474975586 282.4590148925781 3.534155 1.3697805 1.5055507 -12.708126 1.9233401 14.430653 1.5611342191696167 0.3589211106300354
Car 0.0 0 2.256707191467285 258.4355773925781 185.5343780517578 320.896484375 210.5955810546875 4.027951 1.4834964 1.5111737 -20.83152 2.3478677 47.018913 1.8396515846252441 0.3104950189590454
Car 0.0 0 -3.025792121887207 626.7174072265625 162.9437255859375 675.4707641601562 180.02955627441406 4.285998 1.5326508 1.6328458 3.7481713 0.64402753 65.893776 -2.9689712524414062 0.2683256268501282
