Cyclist 0.0 0 0.8345575332641602 945.9494018554688 165.99156188964844 1012.920654296875 234.2672576904297 1.758704 1.683991 0.4863654 9.494275 1.5150896 18.70603 1.3042281866073608 0.4797830879688263
Car 0.0 0 -1.8572571277618408 776.3794555664062 193.82847595214844 953.7494506835938 306.27386474609375 4.1483903 1.4609938 1.6547772 4.0223513 1.8786403 12.253676 -1.5400824546813965 0.9749519228935242
Car 0.0 0 -1.6622101068496704 717.474853515625 184.79832458496094 781.1057739257812 238.9070281982422 3.9338613 1.5059832 1.6166689 4.3073115 1.9209852 23.011332 -1.477169156074524 0.9668521285057068
Car 0.0 0 -1.816628336906433 736.4390869140625 184.83706665039062 835.6226806640625 259.77606201171875 3.5423877 1.609985 1.5391362 4.186069 1.9364756 17.851828 -1.586300015449524 0.964504063129425
Car 0.0 0 1.7995814085006714 476.06048583984375 188.72732543945312 542.06298828125 232.76881408691406 4.049571 1.4983097 1.6718218 -3.8916495 2.1639411 28.145315 1.6621826887130737 0.9419039487838745
Car 0.0 0 1.7478747367858887 568.61962890625 182.11019897460938 598.1568603515625 204.07952880859375 3.67206 1.5719472 1.6380156 -2.026734 2.3050776 55.185658 1.7111655473709106 0.832493245601654
Car 0.0 0 -1.6892569065093994 702.6766967773438 183.69236755371094 755.1338500976562 224.4960479736328 3.694106 1.4438314 1.5969962 4.5706344 1.8991203 28.404865 -1.5297142267227173 0.7732300162315369
Car 0.0 0 1.6927461624145508 529.1211547851562 187.0929718017578 568.6820678710938 217.84515380859375 4.275265 1.4933821 1.6347586 -3.2986887 2.3103485 39.210464 1.6088160276412964 0.6485229730606079
Car 0.0 0 1.7128643989562988 510.27801513671875 188.37330627441406 556.8615112304688 224.43182373046875 4.010281 1.5056727 1.6256422 -3.5677958 2.2792156 33.910896 1.608039140701294 0.6092097759246826
Car 0.0 0 -2.1489696502685547 879.1039428710938 158.21401977539062 1242.0 375.0 4.005876 1.5536424 1.6161298 3.8461864 1.4693844 6.1878476 -1.5928399562835693 0.562763512134552
Car 0.0 0 -3.309499740600586 933.2921142578125 178.62380981445312 1018.57666015625 206.17459106445312 4.1965623 1.5240586 1.6619021 21.141558 1.8709143 41.91563 -2.8423514366149902 0.5076032280921936
