Pedestrian 0.0 0 0.11218194663524628 743.608642578125 149.57754516601562 793.3555908203125 266.4143371582031 0.6739239 1.7240418 0.71516657 2.3915071 1.3809326 11.090625 0.32456326484680176 0.5921401381492615
Pedestrian 0.0 0 3.532705307006836 154.48782348632812 187.3557586669922 187.40322875976562 239.53041076660156 0.7491986 1.7563684 0.73547333 -15.214203 2.2665625 24.94261 2.9849884510040283 0.5537570714950562
Pedestrian 0.0 0 1.9779599905014038 711.1517944335938 165.3042755126953 758.3692016601562 265.5511779785156 0.6836413 1.7374241 0.6169175 2.1928482 1.6069341 12.957135 2.1456100940704346 0.46455639600753784
Pedestrian 0.0 0 -2.084918975830078 760.1298828125 156.88380432128906 833.9180908203125 269.5223083496094 1.6793619 1.7598053 0.42048374 3.0552726 1.510653 12.135573 -1.838282823562622 0.17879022657871246
Cyclist 0.0 0 -2.6059587001800537 758.5432739257812 148.75827026367188 904.6609497070312 290.4462890625 1.7414229 1.697923 0.66741216 2.8256674 1.4095289 9.509656 -2.3171308040618896 0.43824338912963867
Cyclist 0.0 0 -1.2674660682678223 277.4627685546875 192.0138702392578 308.8160705566406 255.52854919433594 1.4153457 1.7070276 0.41658342 -9.059007 2.2725496 20.55418 -1.6825910806655884 0.42337653040885925
Cyclist 0.0 0 -2.084918975830078 760.1298828125 156.88380432128906 833.9180908203125 269.5223083496094 1.6793619 1.7598053 0.42048374 3.0552726 1.510653 12.135573 -1.838282823562622 0.34114184975624084
Cyclist 0.0 0 -1.9663958549499512 927.7318115234375 161.59103393554688 985.9422607421875 240.50149536132812 1.6190534 1.6478429 0.56915295 7.554771 1.4130027 15.887042 -1.522514820098877 0.32274916768074036
Car 0.0 0 1.7977840900421143 417.6495361328125 184.67919921875 463.1272888183594 213.57566833496094 4.030258 1.5069193 1.6697625 -9.678636 2.2171538 41.29395 1.5675561428070068 0.9055977463722229
Car 0.0 0 -1.530950903892517 598.7526245117188 177.46356201171875 627.0348510742188 203.054443359375 4.0489206 1.5563072 1.6715807 0.19479308 1.8680453 46.678616 -1.5267778635025024 0.8477633595466614
Car 0.0 0 2.0859272480010986 160.84457397460938 200.78738403320312 300.70965576171875 268.0530700683594 3.818021 1.4389852 1.5673438 -9.841767 2.249112 18.977615 1.6075115203857422 0.815325915813446
Car 0.0 0 -0.9080170392990112 0.0 183.13247680664062 384.09222412109375 375.0 4.2100353 1.464777 1.6032292 -2.6383414 1.5450264 3.4885347 -1.5555311441421509 0.7950739860534668
Car 0.0 0 1.740786075592041 435.54193115234375 176.80677795410156 485.0303039550781 210.61692810058594 3.93963 1.5046366 1.6791041 -7.144153 1.7053424 34.571503 1.53700590133667 0.27597030997276306
Car 0.0 0 2.3515806198120117 0.0 207.742431640625 229.1739501953125 375.0 4.1662526 1.4564364 1.6146549 -5.8733172 1.9058678 7.136096 1.6629459857940674 0.2587190568447113
