Pedestrian 0.0 0 3.215625047683716 0.0 195.4897918701172 71.24088287353516 376.0 0.8781684 1.81141 0.62659764 -6.1153307 1.9252458 7.3720813 2.5231380462646484 0.2723436951637268
Pedestrian 0.0 0 -2.7081215381622314 419.3277893066406 180.8883819580078 442.94390869140625 230.4373779296875 0.5386988 1.6540408 0.6908405 -6.0279136 1.5107179 24.383307 -2.950477123260498 0.21212641894817352
Cyclist 0.0 0 -1.8304088115692139 597.8062133789062 157.82354736328125 613.0035400390625 189.58177185058594 1.6855916 1.8025016 0.46131825 -0.17155501 0.24893664 41.670094 -1.8345258235931396 0.14090514183044434
Car 0.0 0 -1.7675102949142456 471.7054748535156 166.62538146972656 519.9505615234375 200.3701629638672 3.9179606 1.5942881 1.6486311 -5.7024465 0.7171115 36.08212 -1.9242546558380127 0.8583906292915344
Car 0.0 0 -1.939143180847168 395.18609619140625 169.62481689453125 442.1617431640625 192.88648986816406 3.7343962 1.3674936 1.5488806 -11.692748 0.45207733 44.22238 -2.1976356506347656 0.7830424308776855
Car 0.0 0 1.5063979625701904 380.5457763671875 172.73829650878906 432.7651062011719 213.6680145263672 4.550108 1.5583549 1.7791685 -8.443387 1.0844226 29.807405 1.230364441871643 0.19387421011924744
Car 0.0 0 -0.819706380367279 123.2115249633789 182.67263793945312 290.2593078613281 236.50814819335938 4.541764 1.4533843 1.8058007 -11.991018 1.3858609 21.82626 -1.3220772743225098 0.19198600947856903
Car 0.0 0 -2.5896120071411133 432.61285400390625 173.37277221679688 492.7384033203125 194.8890838623047 3.9677281 1.4988278 1.6117195 -10.413776 0.6749807 51.513027 -2.7890818119049072 0.17317992448806763
Car 0.0 0 0.4247460961341858 122.86500549316406 178.2226104736328 192.1859130859375 199.3365936279297 4.149647 1.5653439 1.611617 -34.01876 1.0480231 54.367115 -0.13437305390834808 0.14594212174415588
Car 0.0 0 0.618931770324707 428.62799072265625 180.8651885986328 494.6676025390625 203.1036834716797 4.0048194 1.3820232 1.5439957 -9.41719 1.1127902 46.188026 0.4178004264831543 0.14503002166748047
Car 0.0 0 -1.696327567100525 251.23724365234375 171.1909637451172 275.8520202636719 188.04354858398438 3.7761567 1.5137242 1.5933105 -31.911722 0.25513184 66.58357 -2.143256664276123 0.13478423655033112
Car 0.0 0 1.3580408096313477 323.45892333984375 168.28697204589844 366.4352111816406 193.74575805664062 4.2570243 1.5135682 1.6570389 -16.509119 0.5082577 44.97494 1.006237268447876 0.12201426923274994
