Pedestrian 0.0 0 3.2302918434143066 33.22557067871094 182.15899658203125 81.63247680664062 263.41119384765625 0.8172188 1.7840226 0.74740857 -12.667572 2.004053 16.496777 2.575444221496582 0.37537893652915955
Pedestrian 0.0 0 3.4321177005767822 172.67037963867188 187.15130615234375 216.5708770751953 280.93475341796875 0.6055771 1.7697308 0.5683531 -8.139499 2.055717 14.065311 2.9075124263763428 0.19066618382930756
Pedestrian 0.0 0 1.756872296333313 467.19989013671875 176.24057006835938 488.8235778808594 225.79547119140625 0.9013767 1.8016106 0.6342244 -4.9292865 1.9296219 26.743032 1.574597716331482 0.17094486951828003
Pedestrian 0.0 0 -0.4693184792995453 267.0535888671875 151.6588592529297 308.7176818847656 246.21148681640625 0.5399995 1.8350499 0.612665 -6.4817104 1.4240584 14.403118 -0.892190158367157 0.17032384872436523
Pedestrian 0.0 0 -2.887845277786255 1133.1392822265625 47.76978302001953 1242.0 302.3885192871094 0.997563 1.7899567 0.63418245 4.7583227 0.91097903 5.6598787 -2.1887686252593994 0.12987075746059418
Cyclist 0.0 0 -0.893738865852356 1124.2581787109375 54.35243225097656 1242.0 297.9833068847656 1.3898827 1.795818 0.58022404 4.877594 0.9226937 5.731019 -0.18861427903175354 0.13993072509765625
Car 0.0 0 1.77125883102417 564.7468872070312 175.6878662109375 612.7339477539062 207.3140411376953 4.2235355 1.5334274 1.692624 -1.08061 1.6902345 37.605885 1.742531657218933 0.8834338188171387
Car 0.0 0 -1.605309009552002 658.6765747070312 174.08363342285156 697.4598999023438 209.42630004882812 3.5565894 1.4504931 1.5549951 2.8876965 1.5077337 31.555908 -1.5140526294708252 0.8813479542732239
Car 0.0 0 1.6871161460876465 590.7189331054688 173.87960815429688 623.0975952148438 200.56661987304688 3.700165 1.5611894 1.570022 -0.1832796 1.6272323 44.281593 1.6829771995544434 0.3975507915019989
Car 0.0 0 -0.6576221585273743 710.6871948242188 159.06407165527344 781.4100952148438 185.1768341064453 4.0030656 1.5140487 1.6712064 8.174945 0.71485007 43.48685 -0.4718041718006134 0.158206507563591
