Pedestrian 0.0 0 -0.11194466054439545 753.1776733398438 161.05177307128906 763.598388671875 181.6887969970703 0.89332277 1.8888866 0.44594502 13.614542 0.8089974 66.301384 0.09058332443237305 0.629372239112854
Pedestrian 0.0 0 -1.212644338607788 861.5235595703125 152.59527587890625 884.162353515625 191.49761962890625 0.7724685 1.6744709 0.7055689 11.464437 0.8028337 31.57716 -0.8643814921379089 0.6034275889396667
Pedestrian 0.0 0 -2.2220518589019775 1215.4105224609375 122.33155822753906 1242.0 184.6934051513672 0.65434563 1.8048382 0.6170811 18.342403 0.34300667 21.225052 -1.509379267692566 0.5883867740631104
Pedestrian 0.0 0 3.4560208320617676 300.07794189453125 164.5261993408203 313.2855529785156 185.84005737304688 0.96426076 1.8269881 0.4243651 -26.125414 1.1135006 62.09809 3.0577876567840576 0.546258270740509
Pedestrian 0.0 0 -1.721553087234497 792.71728515625 150.89059448242188 804.4853515625 182.65011596679688 0.84371454 1.8001721 0.5305379 10.768815 0.5556143 41.34212 -1.4667350053787231 0.42686110734939575
Cyclist 0.0 0 -2.1748714447021484 900.0287475585938 181.39358520507812 925.9645385742188 214.02503967285156 1.6416644 1.6613162 0.39547953 15.915587 2.1216424 38.01751 -1.778401494026184 0.34531792998313904
Car 0.0 0 1.9897233247756958 294.36260986328125 189.91917419433594 351.0090637207031 217.44598388671875 4.2269454 1.5372941 1.7184414 -17.911266 2.6551993 45.101757 1.6116933822631836 0.8326485753059387
Car 0.0 0 -1.5454435348510742 594.1048583984375 175.70289611816406 618.316162109375 198.15782165527344 4.11861 1.5393928 1.6452286 -0.26723894 1.753525 52.06429 -1.5505763292312622 0.699897050857544
Car 0.0 0 0.6671742796897888 947.8834838867188 147.81346130371094 1069.893310546875 195.4359893798828 3.3069592 1.4823304 1.6041508 13.283849 0.7032598 24.291912 1.1675900220870972 0.5223950743675232
Car 0.0 0 -1.3028626441955566 744.6358642578125 163.27752685546875 772.55859375 181.13595581054688 3.8324587 1.6324123 1.6231257 14.018178 0.7573983 68.027794 -1.0996417999267578 0.4294523596763611
Car 0.0 0 1.441327691078186 889.238037109375 182.4078369140625 921.8359375 205.2121124267578 3.6275728 1.4589478 1.6192818 20.30954 2.1441927 49.76192 1.8288265466690063 0.40720275044441223
Car 0.0 0 1.0606176853179932 783.2897338867188 168.80931091308594 827.7732543945312 188.9513397216797 4.2993693 1.6051545 1.6641859 16.120914 1.2831836 59.785698 1.3239985704421997 0.3900803029537201
Car 0.0 0 -1.2580363750457764 766.0983276367188 165.41844177246094 796.0995483398438 182.3223876953125 3.543815 1.4639438 1.5942591 15.277441 0.8203549 64.413376 -1.0251612663269043 0.3649917542934418
