Pedestrian 0.0 0 2.4741129875183105 963.421630859375 121.82548522949219 1045.57861328125 264.6333923339844 0.83131075 1.7870871 0.45097128 5.0343995 1.148878 9.319899 2.969383716583252 0.13605041801929474
Pedestrian 0.0 0 1.257812738418579 908.244140625 145.13917541503906 947.9859008789062 213.5404815673828 1.0675969 1.7935416 0.68370205 8.526899 1.0671928 19.481735 1.6703799962997437 0.1290697455406189
Car 0.0 0 1.9954960346221924 176.7588653564453 188.68801879882812 329.60986328125 267.04388427734375 4.093107 1.553082 1.7112445 -8.339059 1.9764228 17.203453 1.5441374778747559 0.9400082230567932
Car 0.0 0 -1.563815712928772 565.7884521484375 180.34405517578125 608.0867309570312 223.91488647460938 4.652117 1.6584593 1.6577902 -1.0064487 2.0010123 30.615097 -1.5966781377792358 0.9186769127845764
Car 0.0 0 1.8557480573654175 330.7716369628906 185.9278564453125 409.45703125 235.4513702392578 4.077869 1.5842178 1.6287783 -8.654095 2.0973961 26.234274 1.5371110439300537 0.9122921228408813
Car 0.0 0 1.7485179901123047 406.5096435546875 181.6292724609375 454.9960632324219 217.8317108154297 4.0959964 1.6921743 1.704873 -9.119425 2.1661375 36.83995 1.5058543682098389 0.904300332069397
Car 0.0 0 1.745431900024414 406.55560302734375 182.3280792236328 440.6289978027344 201.8474884033203 4.713808 1.3612231 1.726265 -14.199104 2.1165445 55.077873 1.493125081062317 0.15356826782226562
Car 0.0 0 -0.7657489776611328 819.7767333984375 184.45912170410156 881.5460815429688 207.95130920410156 3.90431 1.5096081 1.7528858 16.518505 2.334069 49.60459 -0.4442952871322632 0.13655996322631836
Car 0.0 0 -1.5416508913040161 504.2760009765625 161.5963592529297 525.306884765625 182.14279174804688 4.397713 1.8370761 1.804583 -8.799268 0.8308775 66.789795 -1.6726422309875488 0.13548797369003296
Car 0.0 0 -0.5618727207183838 500.1362609863281 186.37759399414062 550.46630859375 206.1073455810547 3.9480557 1.5421851 1.6433476 -7.145192 2.7183287 60.851223 -0.6787582039833069 0.10357164591550827
Car 0.0 0 1.5300605297088623 464.3345031738281 178.86776733398438 495.2179260253906 210.699951171875 3.7327173 1.759926 1.6380255 -7.7661533 2.1324165 42.64564 1.3499256372451782 0.1026519313454628
