Pedestrian 0.0 0 -3.7523787021636963 1117.2987060546875 147.5674285888672 1160.14794921875 222.45895385742188 0.5992891 1.7563082 0.58104885 12.558273 1.1636617 17.2146 -3.1221187114715576 0.2830298840999603
Pedestrian 0.0 0 -1.4029784202575684 1151.1817626953125 150.22247314453125 1204.7747802734375 254.72384643554688 0.69659144 1.8419259 0.66459787 10.33689 1.4433837 13.195166 -0.7384512424468994 0.20988008379936218
Pedestrian 0.0 0 0.5343542695045471 624.2487182617188 172.82904052734375 641.3426513671875 197.97909545898438 1.0700314 1.7530098 0.5541932 1.5759122 1.7516285 50.81048 0.5653598308563232 0.13938677310943604
Cyclist 0.0 0 1.012548804283142 623.6008911132812 175.05030822753906 640.6231689453125 199.52462768554688 1.3638877 1.6968787 0.56166756 1.5254524 1.8543596 50.8853 1.042518138885498 0.11631608009338379
Car 0.0 0 1.4549071788787842 570.999755859375 180.47039794921875 604.4150390625 207.60968017578125 3.9332132 1.6194298 1.6909866 -1.5037962 2.13023 46.283978 1.422428011894226 0.6869317293167114
Car 0.0 0 1.8193633556365967 424.407958984375 185.1658935546875 478.5224609375 218.30230712890625 3.9242942 1.4315461 1.6207701 -7.5764947 2.0568478 34.63407 1.6039975881576538 0.4152319133281708
Car 0.0 0 -3.0095815658569336 944.2612915039062 168.9159698486328 992.9436645507812 185.7687530517578 3.6310394 1.432708 1.5767298 31.281473 1.0982821 63.00561 -2.548748254776001 0.16526035964488983
Car 0.0 0 2.808623790740967 223.86766052246094 170.62315368652344 289.8585510253906 194.0517120361328 4.136488 1.6911339 1.647008 -26.47849 1.5304632 54.12672 2.3536579608917236 0.14869967103004456
Car 0.0 0 2.2445411682128906 166.81166076660156 168.47592163085938 230.2946014404297 195.697509765625 3.811308 1.7785501 1.7659324 -27.987127 1.4928613 49.159473 1.7269912958145142 0.1365303248167038
Car 0.0 0 1.8407080173492432 377.8132019042969 185.9581756591797 451.4148254394531 231.15419006347656 4.096448 1.4846853 1.6145691 -7.2364955 2.0117645 26.945173 1.5783354043960571 0.13283464312553406
