Cyclist 0.0 0 -2.0084569454193115 875.71435546875 134.66026306152344 978.7393188476562 280.88153076171875 1.8341703 1.8723509 0.5926137 4.350981 1.3836412 10.162885 -1.603942632675171 0.9093621969223022
Car 0.0 0 2.0949573516845703 151.35488891601562 191.5052947998047 250.690185546875 234.08584594726562 4.2195272 1.5255798 1.6812174 -16.80315 2.3517082 29.823801 1.5818736553192139 0.9028944373130798
Car 0.0 0 2.016366958618164 324.1207275390625 188.77667236328125 366.99517822265625 211.5892791748047 3.863239 1.5971334 1.5750767 -20.238976 2.8619432 55.298584 1.6655147075653076 0.5394525527954102
Car 0.0 0 1.5941917896270752 638.3675537109375 179.18455505371094 662.8369140625 202.58673095703125 4.2106853 1.4865348 1.5686302 2.7712104 1.9371972 49.160538 1.6505028009414673 0.3430107533931732
Car 0.0 0 -1.4520924091339111 852.32177734375 166.03099060058594 886.9342041015625 192.6185302734375 3.6611378 1.6157291 1.6492436 16.498035 1.2014521 45.851273 -1.1066994667053223 0.29350337386131287
Car 0.0 0 2.01231050491333 266.6971740722656 191.78900146484375 319.8208312988281 217.509521484375 3.8935492 1.4791825 1.6171916 -20.313513 2.747915 46.36097 1.5993462800979614 0.2856576442718506
Car 0.0 0 1.715996503829956 479.42474365234375 183.03094482421875 516.2821655273438 212.30575561523438 3.386426 1.4198691 1.4385462 -5.880374 1.9784298 37.873936 1.5619646310806274 0.19275952875614166
Car 0.0 0 1.6265206336975098 646.3331298828125 182.41671752929688 680.1795043945312 211.3854217529297 3.931999 1.3628854 1.5321126 2.762926 1.8853614 37.344254 1.7003713846206665 0.17289063334465027
Car 0.0 0 1.3637993335723877 648.7767944335938 185.4633026123047 700.7139892578125 221.10101318359375 3.8367808 1.4024035 1.510094 2.7479012 1.9933759 31.798374 1.45000159740448 0.1726551353931427
Car 0.0 0 1.9931472539901733 218.44639587402344 194.0579071044922 278.4355773925781 223.19544982910156 3.9206772 1.4461291 1.5541271 -20.346205 2.7010078 40.696053 1.5295354127883911 0.16502735018730164
