Pedestrian 0.0 0 3.399294137954712 0.0 166.05462646484375 47.324703216552734 247.87962341308594 0.752329 1.7861339 0.6770491 -13.257759 1.6380701 16.211567 2.7137956619262695 0.5293373465538025
Pedestrian 0.0 0 -1.1956888437271118 376.439453125 164.13314819335938 398.1570739746094 200.96417236328125 0.9739893 1.7419462 0.6882845 -10.7224245 1.3298453 34.634197 -1.495921015739441 0.2840723693370819
Pedestrian 0.0 0 -0.35177555680274963 734.1834716796875 168.9971160888672 763.1823120117188 222.82281494140625 0.7872024 1.7590845 0.59482795 4.5512176 1.6333951 23.935555 -0.16387400031089783 0.1901535540819168
Pedestrian 0.0 0 0.2833898067474365 712.2478637695312 167.56484985351562 745.2207641601562 225.00357055664062 0.8871261 1.8120775 0.71053666 3.7873428 1.6455734 23.271868 0.4447188377380371 0.184000164270401
Car 0.0 0 3.129547595977783 209.7631378173828 190.52862548828125 394.0163879394531 257.66961669921875 4.1974444 1.5037771 1.7448714 -7.921865 2.001627 18.664427 2.728154182434082 0.9426908493041992
Car 0.0 0 1.6071950197219849 462.7114562988281 185.5579833984375 512.8404541015625 230.99142456054688 4.4863625 1.4465507 1.6573534 -4.469941 1.9564565 26.605902 1.4407438039779663 0.918804407119751
Car 0.0 0 1.4584054946899414 470.4398498535156 173.71034240722656 498.5099792480469 197.38792419433594 4.117999 1.761932 1.6915627 -9.813164 1.8314576 56.06342 1.2851240634918213 0.5604755878448486
Car 0.0 0 1.4202518463134766 457.18585205078125 174.8885040283203 481.2431335449219 193.03314208984375 3.9167697 1.5586278 1.5380305 -12.642703 1.7469403 64.55215 1.2268474102020264 0.28987422585487366
Car 0.0 0 1.0909569263458252 559.832275390625 167.51666259765625 607.5480346679688 191.82107543945312 4.3232737 1.7464726 1.7789534 -2.049449 1.3632994 54.164307 1.0531373023986816 0.24216686189174652
Car 0.0 0 -1.4514858722686768 641.0729370117188 170.55233764648438 674.2380981445312 197.0657196044922 3.8087008 1.5712469 1.6134897 2.9647205 1.4352024 44.777737 -1.3853726387023926 0.18188904225826263
