Pedestrian 0.0 0 -2.552371025085449 1022.253173828125 81.70533752441406 1103.1593017578125 209.1144256591797 0.81747 1.7809571 0.58498263 6.569902 0.50721544 10.576138 -1.9965085983276367 0.3884052038192749
Pedestrian 0.0 0 2.5345520973205566 731.5673828125 152.5695037841797 753.5179443359375 194.2230987548828 0.7398249 1.8332539 0.6229165 5.8714833 0.9408531 32.1901 2.7149689197540283 0.31964218616485596
Pedestrian 0.0 0 2.126272678375244 1156.975830078125 64.75120544433594 1242.0 258.2322998046875 0.578276 1.797679 0.59923726 5.8269014 0.793628 7.0777674 2.8150415420532227 0.2196258306503296
Cyclist 0.0 0 -2.2939302921295166 1035.639892578125 53.58669662475586 1169.226806640625 205.64683532714844 1.5616405 1.7910492 0.50902766 6.2287145 0.38661015 9.30363 -1.703973650932312 0.29428744316101074
Cyclist 0.0 0 -2.004828691482544 1130.602783203125 43.51984405517578 1242.0 243.68365478515625 1.574065 1.8046817 0.51126474 5.888833 0.63895977 7.3280687 -1.3278967142105103 0.22947393357753754
Cyclist 0.0 0 -2.601215362548828 1012.8370971679688 85.92269134521484 1100.888671875 216.4424591064453 0.96590203 1.8334333 0.54488933 6.5486197 0.6126523 10.687014 -2.0514633655548096 0.14134809374809265
Car 0.0 0 -1.7617485523223877 727.5455932617188 181.5913848876953 883.063720703125 293.5270690917969 3.931666 1.4521756 1.6352297 2.8925095 1.6182504 11.676667 -1.5189197063446045 0.954836905002594
Car 0.0 0 -1.5288885831832886 639.666259765625 164.8771514892578 677.9304809570312 201.98065185546875 4.5223517 1.7924156 1.7806977 2.535864 1.4074236 37.198914 -1.4608235359191895 0.4669725000858307
Car 0.0 0 -1.4803999662399292 551.882080078125 182.05274963378906 575.8446655273438 201.9458770751953 3.7677937 1.5869933 1.6979105 -3.9067144 2.392255 61.22702 -1.5441206693649292 0.4526994228363037
Car 0.0 0 -1.5029206275939941 678.9561157226562 158.11524963378906 702.0960083007812 179.1640625 3.5765367 1.5654514 1.5336914 6.200663 0.4696517 55.556034 -1.3917696475982666 0.43410417437553406
Car 0.0 0 -1.6034258604049683 623.7537841796875 177.32749938964844 647.0610961914062 201.159912109375 3.9894905 1.6954801 1.6097044 1.8451442 2.0434852 54.073933 -1.5693165063858032 0.26101967692375183
Car 0.0 0 1.4690922498703003 661.088623046875 163.74441528320312 686.1868896484375 182.47447204589844 4.283251 1.5226507 1.6742986 5.3036118 0.78244984 60.807953 1.5560911893844604 0.23469096422195435
