Pedestrian 0.0 0 2.967294454574585 449.302001953125 161.75881958007812 462.1155090332031 183.4617919921875 1.0664529 1.9404663 0.44404307 -13.902305 0.9488016 64.91621 2.7563235759735107 0.30642369389533997
Cyclist 0.0 0 3.279970169067383 395.9772644042969 161.41134643554688 419.8517150878906 182.47415161132812 1.9153222 1.7925093 0.5248707 -17.322672 0.81906205 61.79115 3.0066440105438232 0.30232685804367065
Cyclist 0.0 0 0.1191486120223999 826.1848754882812 151.18495178222656 853.8914184570312 178.43017578125 1.6816626 1.7687894 0.5562869 15.093392 0.3623691 47.441757 0.427168607711792 0.29218900203704834
Car 0.0 0 2.0473694801330566 121.34004974365234 184.35452270507812 313.9916076660156 270.5174560546875 4.1765575 1.4291087 1.6667655 -7.722337 1.6959498 14.620289 1.5614224672317505 0.9473313689231873
Car 0.0 0 1.5554420948028564 484.04693603515625 175.40943908691406 509.5857238769531 199.30711364746094 3.9775343 1.5565045 1.6644032 -7.833747 1.739784 49.543938 1.3986232280731201 0.5759574174880981
Car 0.0 0 -1.1191118955612183 437.4431457519531 166.49234008789062 473.4974670410156 186.17477416992188 4.0104933 1.759716 1.6755193 -14.251148 1.1913075 66.653885 -1.3297486305236816 0.5642914772033691
Car 0.0 0 0.05765354633331299 821.4968872070312 155.66229248046875 881.4718627929688 180.76002502441406 3.6733954 1.6093392 1.6250161 15.9376 0.5073146 47.70034 0.3801112174987793 0.5622146129608154
Car 0.0 0 0.18163925409317017 149.86080932617188 165.42742919921875 225.2220916748047 189.39410400390625 4.095214 1.544642 1.6442822 -28.041775 1.0663611 47.970123 -0.34735554456710815 0.4515998363494873
Car 0.0 0 -1.4274115562438965 629.8635864257812 158.76300048828125 661.614990234375 183.87353515625 3.7266712 1.5979049 1.5904868 2.3786836 0.70158476 47.893448 -1.3777861595153809 0.3842833340167999
Car 0.0 0 -1.194190502166748 113.8667984008789 162.9930419921875 164.08705139160156 187.36676025390625 4.1279707 1.7254968 1.7065862 -34.727787 1.0277649 53.27015 -1.7719131708145142 0.3493705093860626
Car 0.0 0 -1.3619016408920288 639.9619750976562 163.03582763671875 665.2726440429688 182.8124542236328 3.8028147 1.7837771 1.5981764 3.974316 0.8985729 67.12239 -1.3027607202529907 0.3130576014518738
Car 0.0 0 1.9757964611053467 476.7054138183594 168.2651824951172 512.7022094726562 186.3090057373047 4.025035 1.5193154 1.6474926 -10.029874 1.1332881 62.904564 1.8176815509796143 0.29159247875213623
