Pedestrian 0.0 0 0.5775960683822632 229.93783569335938 156.37332153320312 261.9087219238281 204.45974731445312 0.8879356 1.845014 0.6717563 -14.198422 1.2130293 28.063992 0.10921549797058105 0.53768390417099
Pedestrian 0.0 0 -2.807417631149292 369.76812744140625 134.92623901367188 412.8527526855469 196.194580078125 1.1164621 1.869285 0.6856895 -6.8190928 0.71247447 22.375229 -3.103236436843872 0.4660312831401825
Pedestrian 0.0 0 -1.9303088188171387 829.7195434570312 143.23484802246094 852.461181640625 188.98130798339844 0.8109444 1.7967864 0.6161079 9.162862 0.63379115 28.757801 -1.6218565702438354 0.4042174816131592
Pedestrian 0.0 0 -2.018670082092285 1005.7282104492188 94.82328796386719 1102.491455078125 224.77325439453125 1.6327596 1.6972102 0.5040082 6.205658 0.67844874 10.2577 -1.474600076675415 0.10896680504083633
Cyclist 0.0 0 1.565936803817749 405.7292785644531 130.88157653808594 424.7205810546875 182.6393280029297 1.6723423 1.9044185 0.677051 -7.456673 0.36040786 27.442308 1.3006209135055542 0.5143854022026062
Cyclist 0.0 0 -2.018670082092285 1005.7282104492188 94.82328796386719 1102.491455078125 224.77325439453125 1.6327596 1.6972102 0.5040082 6.205658 0.67844874 10.2577 -1.474600076675415 0.42359742522239685
Cyclist 0.0 0 0.34919607639312744 369.0103454589844 134.8875274658203 414.7076110839844 196.2661895751953 1.1953292 1.8718978 0.68460363 -6.802248 0.714372 22.376484 0.05408191680908203 0.15328441560268402
Car 0.0 0 -1.3606650829315186 390.3789367675781 181.1610107421875 509.9249267578125 263.93548583984375 4.1382084 1.4732536 1.6266375 -3.2745705 1.6738955 15.324262 -1.5711843967437744 0.9699885845184326
Car 0.0 0 -1.8880455493927002 738.9508056640625 175.93495178222656 1042.305419921875 357.5556945800781 4.303943 1.4429516 1.6601326 2.5889187 1.486496 7.9570537 -1.5734866857528687 0.968163251876831
Car 0.0 0 1.6987285614013672 463.117919921875 183.2284393310547 527.218505859375 231.7128448486328 4.293536 1.4840484 1.6698354 -3.9559438 1.877682 25.180185 1.5428968667984009 0.9415358304977417
Car 0.0 0 -1.7549413442611694 690.3814086914062 177.68699645996094 799.2684936523438 253.31085205078125 4.126599 1.4376122 1.6042792 2.7947989 1.5593852 16.051208 -1.5825519561767578 0.9307965040206909
Car 0.0 0 -1.6912896633148193 659.9946899414062 177.41041564941406 719.2785034179688 225.8259735107422 3.530708 1.4875005 1.5518342 2.5627255 1.652404 24.277004 -1.5861172676086426 0.916961133480072
Car 0.0 0 -2.339877128601074 959.4482421875 196.13702392578125 1242.0 375.0 3.8894486 1.4886901 1.5930947 2.6109352 1.6261275 2.2345154 -1.4769495725631714 0.8004273176193237
Car 0.0 0 -1.6569199562072754 637.642578125 177.5748291015625 676.8046264648438 209.69009399414062 3.6456702 1.4368244 1.5585421 2.1809943 1.6760137 34.66013 -1.594077706336975 0.7170392870903015
Car 0.0 0 3.2419981956481934 469.8292541503906 175.21473693847656 533.776611328125 201.9017791748047 3.5343297 1.5130572 1.6155001 -6.2865205 1.6536146 41.955822 3.0932679176330566 0.46875184774398804
Car 0.0 0 -0.7087463736534119 741.4671630859375 161.65171813964844 805.143798828125 187.33067321777344 3.5333996 1.4733669 1.5548799 9.684957 0.83097816 42.910072 -0.4867623746395111 0.4471786320209503
