Pedestrian 0.0 0 -0.3631625771522522 770.8233032226562 128.53109741210938 808.917236328125 195.71200561523438 0.8481973 1.8396602 0.669412 4.966173 0.62629414 20.139208 -0.12139373272657394 0.377065509557724
Pedestrian 0.0 0 1.440287709236145 486.9333190917969 118.6168441772461 519.0694580078125 196.22366333007812 0.8786691 1.8978679 0.6889312 -2.7494256 0.57186097 18.159975 1.2900285720825195 0.3656754195690155
Pedestrian 0.0 0 2.7756097316741943 613.0675048828125 158.57034301757812 626.4865112304688 182.60171508789062 0.87305194 1.7993462 0.54991364 0.7100006 0.73021686 54.43123 2.7886528968811035 0.36412641406059265
Pedestrian 0.0 0 1.345023274421692 440.58367919921875 120.67218017578125 469.00518798828125 185.88316345214844 0.88413924 1.8623434 0.6301367 -4.5995493 0.37245432 21.137632 1.130763292312622 0.35466593503952026
Pedestrian 0.0 0 -1.5048514604568481 334.5200500488281 149.61279296875 354.3986511230469 199.9490203857422 0.7750918 1.8208234 0.6385473 -9.812843 0.9804719 26.559864 -1.858757495880127 0.3175835609436035
Pedestrian 0.0 0 0.38765913248062134 221.23779296875 107.50398254394531 295.8674011230469 236.83847045898438 0.78608483 1.7854759 0.6095397 -5.0494294 0.88367 10.289139 -0.06856383383274078 0.29067549109458923
Pedestrian 0.0 0 0.5949006676673889 346.12225341796875 122.54026794433594 398.07373046875 202.50433349609375 0.9140944 1.8525623 0.7487429 -5.712036 0.6872801 17.197582 0.27422285079956055 0.2834528386592865
Pedestrian 0.0 0 -1.0894920825958252 111.3331298828125 77.39537048339844 246.4254913330078 249.74838256835938 1.7411855 1.7848753 0.6038524 -4.965771 0.7966706 8.355302 -1.6257288455963135 0.1323401927947998
Cyclist 0.0 0 -1.8848180770874023 732.1900634765625 142.39385986328125 767.3449096679688 198.47738647460938 1.8573867 1.8004662 0.6044798 4.606159 0.8229533 24.120186 -1.6961230039596558 0.8342407941818237
Cyclist 0.0 0 -1.0911537408828735 110.50257110595703 75.61077117919922 247.27342224121094 250.8871307373047 1.776757 1.8141074 0.6086903 -4.9712453 0.8079997 8.369266 -1.6271411180496216 0.5762151479721069
Cyclist 0.0 0 -1.8459995985031128 314.7545166015625 112.35804748535156 368.99444580078125 201.94935607910156 1.7279836 1.8253143 0.64671046 -5.861756 0.59314036 15.585104 -2.2057454586029053 0.4485900104045868
Cyclist 0.0 0 1.440287709236145 486.9333190917969 118.6168441772461 519.0694580078125 196.22366333007812 0.8786691 1.8978679 0.6889312 -2.7494256 0.57186097 18.159975 1.2900285720825195 0.13666537404060364
Car 0.0 0 -1.1966525316238403 643.4986572265625 174.0233612060547 693.4895629882812 203.37623596191406 3.1737082 1.4658158 1.5702385 3.076774 1.5305364 37.94071 -1.1157352924346924 0.9521811008453369
Car 0.0 0 1.762467384338379 471.0903015136719 172.13104248046875 555.6036987304688 236.6934814453125 4.284723 1.7150183 1.6831105 -2.785501 1.6961719 21.354334 1.6327577829360962 0.9479855895042419
Car 0.0 0 1.8037292957305908 285.4407043457031 186.59555053710938 491.7918395996094 332.37469482421875 4.448524 1.5287181 1.7309245 -2.875585 1.7672745 10.246905 1.5301368236541748 0.9196176528930664
Car 0.0 0 1.7116141319274902 421.1650390625 171.12286376953125 520.4808349609375 258.6477355957031 3.9658225 1.6893356 1.596624 -2.9865637 1.6562803 15.940187 1.5264008045196533 0.6320584416389465
Car 0.0 0 -2.9729995727539062 587.3468627929688 163.2818145751953 637.8277587890625 182.4737548828125 4.0321927 1.5824255 1.5901994 0.20988671 0.79353154 60.618404 -2.9695372581481934 0.4387516975402832
Car 0.0 0 -1.0713642835617065 574.888427734375 155.72251892089844 622.32080078125 180.04261779785156 3.9970624 1.6771787 1.708201 -0.803122 0.49610403 51.922817 -1.0868306159973145 0.2883554697036743
Car 0.0 0 -1.4949901103973389 599.5142211914062 162.3603973388672 625.4443359375 183.55494689941406 4.1858635 1.5905981 1.7129923 0.20427267 0.8034372 56.301155 -1.4913618564605713 0.28519463539123535
