Pedestrian 0.0 0 1.1786518096923828 730.4053344726562 166.4154052734375 768.5953369140625 235.5467071533203 0.9594 1.8503468 0.7173966 3.7804594 1.6783714 19.85212 1.366829752922058 0.8635655045509338
Pedestrian 0.0 0 1.5852689743041992 992.8424682617188 141.62908935546875 1027.37255859375 221.4073486328125 0.8902909 1.7805523 0.68091506 9.190207 1.0840087 16.656454 2.0894551277160645 0.34969455003738403
Pedestrian 0.0 0 -1.2975932359695435 510.9591979980469 156.9806671142578 544.1654052734375 215.91493225097656 1.8782041 1.8322738 0.58812636 -2.6995327 1.3391278 23.403688 -1.4124321937561035 0.18904346227645874
Pedestrian 0.0 0 -1.8413879871368408 773.4657592773438 163.2648162841797 808.9328002929688 227.5435028076172 1.5488443 1.7463446 0.5737559 5.053045 1.4861803 20.382269 -1.5983737707138062 0.10585218667984009
Cyclist 0.0 0 -1.298612356185913 511.5035095214844 158.79275512695312 544.946044921875 217.65757751464844 1.8932488 1.8292888 0.5935889 -2.6774764 1.3926785 23.401402 -1.4125322103500366 0.5724208354949951
Cyclist 0.0 0 -1.8413879871368408 773.4657592773438 163.2648162841797 808.9328002929688 227.5435028076172 1.5488443 1.7463446 0.5737559 5.053045 1.4861803 20.382269 -1.5983737707138062 0.28237318992614746
Car 0.0 0 1.727320671081543 344.5609130859375 184.6790771484375 450.5045471191406 265.9455871582031 3.7097762 1.4225034 1.5552434 -4.363836 1.7025777 15.127877 1.446481466293335 0.9674293398857117
Car 0.0 0 2.666170597076416 619.1793212890625 173.3898162841797 698.80029296875 199.61880493164062 4.496206 1.5138191 1.7031399 2.918549 1.5476389 43.383656 2.733342409133911 0.8429915308952332
Car 0.0 0 2.4841818809509277 498.1357116699219 177.28428649902344 577.8746337890625 204.85516357421875 4.2993245 1.4188948 1.6035455 -3.9627202 1.676592 39.85029 2.3850674629211426 0.7999514937400818
Car 0.0 0 3.6191158294677734 100.25543975830078 182.4481658935547 222.5197296142578 219.01840209960938 4.30393 1.5391753 1.6727333 -19.785788 1.9769391 31.891731 3.0638275146484375 0.6474912762641907
Car 0.0 0 1.157059669494629 343.636474609375 183.57742309570312 438.23907470703125 230.49319458007812 4.1410413 1.4571629 1.6583967 -7.8482924 1.8675916 25.480497 0.8582689762115479 0.46079540252685547
Car 0.0 0 -3.1868205070495605 734.5164184570312 184.5472412109375 789.9236450195312 205.24501037597656 3.9897168 1.4834543 1.527396 11.32464 2.376395 54.000057 -2.9801008701324463 0.3443549573421478
Car 0.0 0 3.518913984298706 1.6888903379440308 189.59793090820312 189.78858947753906 250.4262237548828 3.8190188 1.4823474 1.5908362 -13.772743 1.9631568 19.477663 2.903435707092285 0.29942038655281067
