Pedestrian 0.0 0 -0.29472485184669495 672.5181274414062 153.6703643798828 690.0296630859375 188.77879333496094 0.6429506 1.6620446 0.75462747 3.374459 0.7542428 34.588135 -0.19747145473957062 0.6208500266075134
Pedestrian 0.0 0 -0.6967595219612122 1124.838623046875 147.10540771484375 1148.279541015625 183.0605926513672 0.6748883 1.7850298 0.6723695 26.359993 0.50707364 36.176735 -0.06706634908914566 0.5169585347175598
Pedestrian 0.0 0 3.5526750087738037 246.8565216064453 161.7634735107422 260.70867919921875 185.04812622070312 0.8266659 1.8383043 0.5717672 -28.295757 0.9630751 57.26741 3.093759536743164 0.5108079314231873
Cyclist 0.0 0 0.9860821962356567 851.6806640625 111.41925811767578 917.2723999023438 189.43341064453125 1.7266767 1.8054677 0.645208 6.6156325 0.38405246 17.609266 1.3454580307006836 0.7110950946807861
Cyclist 0.0 0 -3.235361337661743 1040.4217529296875 157.02146911621094 1078.3564453125 184.72738647460938 1.9531968 1.6996602 0.66575783 27.973694 0.72874796 44.994656 -2.6791303157806396 0.37302491068840027
Car 0.0 0 1.805342674255371 368.40252685546875 179.58181762695312 432.1249694824219 215.94798278808594 4.4926915 1.4757243 1.748159 -9.360005 1.7995824 32.406948 1.5241674184799194 0.8782798647880554
Car 0.0 0 -1.6155076026916504 587.60107421875 172.7430419921875 614.9189453125 197.24154663085938 3.8071723 1.5533767 1.629809 -0.6435631 1.5466987 47.695538 -1.628999948501587 0.7409610748291016
Car 0.0 0 -1.6835463047027588 655.1214599609375 161.25743103027344 689.4837036132812 187.09078979492188 4.000627 1.4974623 1.6314185 3.7059686 0.8256108 43.84476 -1.59922194480896 0.6398146748542786
Car 0.0 0 -2.755119800567627 978.7968139648438 160.13612365722656 1055.7493896484375 186.656982421875 3.5818634 1.4867493 1.6337126 23.828148 0.774148 42.356518 -2.2426836490631104 0.4570373594760895
Car 0.0 0 1.9871042966842651 237.52847290039062 164.32740783691406 280.3841857910156 185.40191650390625 4.078917 1.6646045 1.6462272 -28.696154 0.991476 59.05688 1.5347944498062134 0.4392813444137573
Car 0.0 0 1.5315355062484741 460.1082458496094 174.74632263183594 485.0583190917969 196.966064453125 3.8809218 1.542691 1.6269642 -10.060283 1.686238 52.52039 1.342278003692627 0.4163323938846588
Car 0.0 0 1.4810359477996826 630.0897216796875 167.91885375976562 652.3282470703125 185.99423217773438 4.226881 1.5853758 1.6368588 2.7784772 1.152876 65.432434 1.5234737396240234 0.3794059455394745
Car 0.0 0 1.7254995107650757 189.75428771972656 169.56195068359375 219.8336944580078 189.13690185546875 4.1077476 1.5896293 1.597326 -34.11992 1.3226488 60.79486 1.2140750885009766 0.37369826436042786
Car 0.0 0 -1.671597957611084 685.4085083007812 162.42750549316406 708.4403076171875 180.49697875976562 3.809682 1.4578433 1.5245227 7.19043 0.6169915 60.1293 -1.5525803565979004 0.3659304678440094
