Pedestrian 0.0 0 2.026020050048828 47.1476936340332 146.8179931640625 78.76998138427734 198.76808166503906 0.66980135 1.8631754 0.69445324 -19.954586 0.9297594 26.270664 1.376417875289917 0.6206761002540588
Pedestrian 0.0 0 2.627310037612915 703.9548950195312 168.02926635742188 746.43798828125 248.37782287597656 0.7081875 1.7574557 0.6612846 2.533583 1.6522826 16.213404 2.7823212146759033 0.5647482872009277
Pedestrian 0.0 0 -2.1841461658477783 1064.6151123046875 87.53225708007812 1142.7049560546875 226.3429718017578 0.65395087 1.8171933 0.6062815 6.618753 0.7005906 9.77545 -1.5889695882797241 0.34436145424842834
Pedestrian 0.0 0 -2.047586441040039 1127.4864501953125 78.55113983154297 1196.3236083984375 198.79632568359375 0.7478294 1.8034277 0.5700119 8.523671 0.38943878 11.236038 -1.3986032009124756 0.32758647203445435
Pedestrian 0.0 0 1.2188562154769897 816.8203125 124.13371276855469 842.8857421875 177.52517700195312 0.7698681 1.7444787 0.5984048 7.2538934 0.15298116 23.973982 1.5126724243164062 0.31873559951782227
Pedestrian 0.0 0 2.481908082962036 877.792724609375 122.07379913330078 917.573974609375 187.09141540527344 0.75005835 1.7457079 0.68740857 7.8435616 0.38262925 19.805025 2.858995199203491 0.2995189130306244
Pedestrian 0.0 0 2.681105852127075 746.5894165039062 149.43011474609375 763.4019165039062 180.43711853027344 0.7677588 1.8118591 0.6397052 8.518493 0.4434696 42.568134 2.8786113262176514 0.28187036514282227
Pedestrian 0.0 0 2.2669787406921387 1187.6392822265625 106.68177032470703 1242.0 243.39373779296875 0.72517705 1.7633929 0.54146266 8.226985 0.9102218 9.631536 2.9738898277282715 0.26859936118125916
Pedestrian 0.0 0 -0.3286548852920532 1032.84326171875 108.8222885131836 1096.8609619140625 211.7855987548828 0.8010098 1.7307552 0.55083615 7.804246 0.65477586 12.485368 0.2299957275390625 0.2521919906139374
Pedestrian 0.0 0 1.1376601457595825 829.169189453125 129.144287109375 875.1143188476562 190.97061157226562 1.7145103 1.7964519 0.6554821 7.2615204 0.5267622 21.851143 1.458496332168579 0.18173472583293915
Cyclist 0.0 0 -1.9805755615234375 829.341796875 129.80126953125 875.0777587890625 193.1501922607422 1.7636178 1.8400282 0.6609946 7.2664948 0.58987975 21.86265 -1.6596920490264893 0.49579256772994995
Cyclist 0.0 0 -1.9406447410583496 1109.9154052734375 96.23252868652344 1189.2471923828125 208.26295471191406 1.582192 1.724176 0.5055965 8.826631 0.54531044 11.931665 -1.3037261962890625 0.34569036960601807
Cyclist 0.0 0 1.3360137939453125 793.6162719726562 125.84756469726562 819.871337890625 178.0651397705078 1.6651837 1.8565856 0.55389583 7.1653743 0.18563946 26.491745 1.6001689434051514 0.29681479930877686
Car 0.0 0 1.927400827407837 347.8562316894531 183.70333862304688 391.98907470703125 207.3852996826172 3.9910214 1.4970486 1.5787373 -16.435507 2.2719336 49.484818 1.6067315340042114 0.8700035214424133
Car 0.0 0 1.822199821472168 436.107666015625 179.33090209960938 465.9441833496094 197.5171661376953 4.0152698 1.4770855 1.5586879 -13.660032 2.0530071 62.082417 1.605620265007019 0.46438437700271606
Car 0.0 0 -1.292059302330017 232.9136199951172 168.03097534179688 270.4655456542969 189.9088592529297 3.6068351 1.583969 1.5947425 -26.871128 1.2351379 54.154835 -1.7526549100875854 0.30733925104141235
Car 0.0 0 1.6241976022720337 711.3576049804688 160.35684204101562 732.427490234375 179.06764221191406 4.11174 1.6179398 1.6480414 10.020223 0.537657 64.57071 1.7781517505645752 0.28801530599594116
