Pedestrian 0.0 0 -0.4469110667705536 910.5240478515625 136.97825622558594 1017.5067749023438 294.3064880371094 1.0302908 1.8102777 0.4641302 4.185371 1.3111844 8.371237 0.01671290397644043 0.7067016363143921
Pedestrian 0.0 0 1.2394659519195557 849.3412475585938 89.10443878173828 909.3477172851562 201.3137664794922 0.908662 1.837478 0.69094944 4.608705 0.34248674 12.03917 1.6050653457641602 0.5570937991142273
Pedestrian 0.0 0 -0.30748119950294495 906.5617065429688 98.59221649169922 972.8959350585938 210.11953735351562 0.86868805 1.8052284 0.5580484 5.5150204 0.48108757 11.772834 0.13061189651489258 0.4198227524757385
Pedestrian 0.0 0 -2.4147486686706543 95.51654815673828 115.93018341064453 153.12481689453125 208.21266174316406 0.7222681 1.7771168 0.6042118 -9.523662 0.53530574 13.956669 -3.0135464668273926 0.4161841571331024
Pedestrian 0.0 0 -0.09838171303272247 753.5955200195312 95.44542694091797 810.9730224609375 206.21832275390625 0.9053742 1.8730615 0.69784784 3.0394251 0.4365201 12.360304 0.14273643493652344 0.4116491675376892
Pedestrian 0.0 0 -0.1072288304567337 706.7184448242188 121.06184387207031 740.5330200195312 190.47552490234375 0.7936376 1.7500186 0.6072499 3.0006862 0.2530908 18.146355 0.05664849281311035 0.39210939407348633
Pedestrian 0.0 0 1.6373897790908813 623.9381103515625 127.10342407226562 649.1617431640625 196.99131774902344 0.71671104 1.7485727 0.5999535 0.77551997 0.4142021 18.074152 1.6802711486816406 0.3573102355003357
Pedestrian 0.0 0 -3.7477810382843018 1097.0609130859375 90.38898468017578 1193.4205322265625 203.04539489746094 1.1090078 1.7882676 0.5942143 8.753206 0.3595327 11.539017 -3.0988147258758545 0.3542855679988861
Pedestrian 0.0 0 1.584943175315857 520.0437622070312 111.49443817138672 551.2864379882812 200.12452697753906 0.8473175 1.8124985 0.63718605 -1.4980321 0.40294948 14.903749 1.484765887260437 0.34185636043548584
Pedestrian 0.0 0 0.3375038504600525 561.2662353515625 124.4754409790039 606.3726806640625 215.1969451904297 0.77802646 1.8344051 0.6192747 -0.47628248 0.703205 14.703883 0.30512356758117676 0.2742321193218231
Pedestrian 0.0 0 0.5506495237350464 152.50637817382812 101.75151824951172 235.6204376220703 195.81097412109375 1.3358428 1.8211523 0.5389944 -8.1491375 0.29807898 13.969194 0.022551536560058594 0.1513328105211258
Cyclist 0.0 0 0.5506495237350464 152.50637817382812 101.75151824951172 235.6204376220703 195.81097412109375 1.3358428 1.8211523 0.5389944 -8.1491375 0.29807898 13.969194 0.022551536560058594 0.3431192934513092
Cyclist 0.0 0 -3.7477810382843018 1097.0609130859375 90.38898468017578 1193.4205322265625 203.04539489746094 1.1090078 1.7882676 0.5942143 8.753206 0.3595327 11.539017 -3.0988147258758545 0.21234340965747833
Cyclist 0.0 0 -0.3607114851474762 888.7950439453125 94.72889709472656 963.4121704101562 210.27523803710938 1.0032941 1.8765819 0.54518414 5.291444 0.4852311 11.781044 0.06143450736999512 0.1460181474685669
Car 0.0 0 -1.2453008890151978 491.3103942871094 140.78094482421875 580.6334228515625 196.33033752441406 3.7025115 1.5195652 1.5743823 -2.0121636 0.4346213 21.318953 -1.33940589427948 0.4076779782772064
Car 0.0 0 -1.8247668743133545 652.3798828125 135.35842895507812 744.090576171875 197.60031127929688 3.6573498 1.5380797 1.5982088 2.410613 0.42416814 19.384119 -1.7010419368743896 0.40073615312576294
Car 0.0 0 -3.453542470932007 1175.0802001953125 109.4159164428711 1224.0 174.58624267578125 3.7766278 1.5150838 1.6221602 17.292465 -0.16413067 18.260155 -2.6953561305999756 0.2990918755531311
Car 0.0 0 -1.7202297449111938 722.58447265625 137.0506134033203 804.175537109375 198.9788360595703 3.8549838 1.5528632 1.6326983 4.265099 0.46495485 19.700037 -1.5070183277130127 0.2864122986793518
