Pedestrian 0.0 0 -2.9493825435638428 713.1024169921875 148.1390838623047 732.2210693359375 186.60572814941406 0.75794804 1.7200594 0.58584654 5.062882 0.6152748 32.665325 -2.7956135272979736 0.7243437170982361
Pedestrian 0.0 0 -0.1556537002325058 692.6618041992188 154.9435577392578 708.0448608398438 183.12530517578125 0.9141159 1.8148363 0.5510414 5.820767 0.6618051 46.752445 -0.03178919479250908 0.4811753034591675
Cyclist 0.0 0 -2.1851823329925537 778.5745849609375 134.98828125 813.8010864257812 177.45591735839844 1.8322105 1.8321533 0.5600819 8.220497 0.1988957 32.081898 -1.9343444108963013 0.6024510264396667
Cyclist 0.0 0 1.0032670497894287 763.8458862304688 140.60691833496094 792.1798095703125 179.2289581298828 1.6141758 1.8424357 0.5683152 8.162786 0.30447042 35.27332 1.2306791543960571 0.5161800980567932
Cyclist 0.0 0 1.0853034257888794 802.9971923828125 133.0826873779297 838.1185302734375 181.24766540527344 1.7579627 1.8135306 0.5521928 8.133228 0.3164007 28.081573 1.367218255996704 0.3468865752220154
Car 0.0 0 -1.7528711557388306 721.4902954101562 181.12979125976562 794.639892578125 232.62149047851562 3.9230986 1.4417884 1.5564078 4.5348406 1.7263887 22.807013 -1.5565956830978394 0.9608988165855408
Car 0.0 0 1.9506897926330566 240.48777770996094 188.78855895996094 467.86322021484375 329.2491760253906 3.7728212 1.4834869 1.6261343 -3.3070362 1.7471465 9.988038 1.630950927734375 0.9392032027244568
Car 0.0 0 -1.715303659439087 703.759765625 170.3014373779297 763.5305786132812 216.29696655273438 4.336766 1.6986028 1.7269125 4.807979 1.6046952 28.829277 -1.5500503778457642 0.9256471395492554
Car 0.0 0 1.7883819341659546 389.3324890136719 166.1143035888672 520.2546997070312 273.12042236328125 4.2149835 1.8186814 1.6483132 -2.9548254 1.7044908 14.380105 1.5857226848602295 0.8761477470397949
Car 0.0 0 1.7354923486709595 505.6219787597656 176.6903533935547 573.486328125 232.48443603515625 3.8801718 1.6417303 1.5804433 -2.2509193 1.7775891 23.4921 1.639967918395996 0.8164598345756531
Car 0.0 0 1.667786717414856 534.658447265625 177.64808654785156 583.9545288085938 219.75498962402344 3.6655593 1.5210298 1.5838025 -1.9718138 1.7220048 28.337425 1.5983153581619263 0.4443373680114746
Car 0.0 0 1.0822594165802002 517.2634887695312 162.64276123046875 552.2977905273438 180.8894805908203 3.5806704 1.553786 1.5587246 -6.6520405 0.6846135 63.359478 0.9776537418365479 0.44424667954444885
Car 0.0 0 -1.8495618104934692 563.3287353515625 180.2098846435547 596.871337890625 201.52517700195312 3.77486 1.539027 1.5977318 -2.363648 2.126534 55.547623 -1.8920879364013672 0.397804319858551
