Pedestrian 0.0 0 -0.08069586753845215 0.0 190.90614318847656 14.371296882629395 232.9952850341797 0.7999885 1.6941233 0.59532785 -25.32438 2.4563518 29.955849 -0.782507598400116 0.23447592556476593
Pedestrian 0.0 0 0.6279535293579102 222.66494750976562 182.22544860839844 251.85374450683594 227.42462158203125 0.77811444 1.771735 0.6939188 -14.940528 2.1520228 28.847992 0.1500844955444336 0.20741960406303406
Pedestrian 0.0 0 2.0627973079681396 788.089599609375 165.11135864257812 807.9946899414062 203.73524475097656 0.65499055 1.7707077 0.6652978 8.70313 1.4161047 33.54234 2.3166661262512207 0.18637365102767944
Pedestrian 0.0 0 -0.5779362916946411 1152.953369140625 118.98638153076172 1191.9677734375 197.55934143066406 0.53017914 1.7827435 0.48472038 12.910121 0.56089777 16.631535 0.08215022087097168 0.13709907233715057
Pedestrian 0.0 0 -1.7447818517684937 710.7424926757812 173.37022399902344 719.3906860351562 192.58590698242188 0.62537515 1.7308437 0.67630684 9.491565 1.7781738 65.32938 -1.6005035638809204 0.1219966784119606
Cyclist 0.0 0 0.06715169548988342 257.0265197753906 181.66334533691406 302.946533203125 222.75099182128906 1.8521693 1.8076208 0.6075182 -14.939308 2.2136981 32.615692 -0.36236855387687683 0.9211627244949341
Car 0.0 0 -1.5683887004852295 590.117431640625 173.6564483642578 620.9014282226562 204.34161376953125 4.0506196 1.6440047 1.6539692 -0.28672364 1.691986 40.789993 -1.5754178762435913 0.8462565541267395
Car 0.0 0 1.8306804895401 383.5515441894531 169.91409301757812 460.44873046875 213.7972869873047 4.364364 1.5197816 1.7327044 -7.008459 1.4183238 27.174458 1.5782747268676758 0.5249602794647217
Car 0.0 0 -0.8633939623832703 997.7100830078125 157.17877197265625 1066.29345703125 181.1544952392578 4.7298737 1.7141465 1.6961964 31.065199 0.5938016 53.161274 -0.33455556631088257 0.1446855515241623
Car 0.0 0 1.3835623264312744 746.6500854492188 175.12600708007812 775.7880859375 196.18353271484375 4.0141006 1.7025012 1.6790189 12.677772 1.90066 60.792107 1.5891586542129517 0.1284162402153015
Car 0.0 0 1.851171612739563 260.49365234375 187.7315216064453 376.7856140136719 262.5877380371094 3.905878 1.495082 1.5382042 -6.8450885 1.8923779 17.22945 1.473003625869751 0.1078292652964592
