Pedestrian 0.0 0 -0.27006179094314575 1169.0133056640625 140.06541442871094 1221.73583984375 236.62989807128906 0.5646889 1.6524017 0.66807204 10.289206 1.0916843 12.762834 0.40843915939331055 0.5753329396247864
Pedestrian 0.0 0 2.137801170349121 82.74604797363281 137.83843994140625 133.94583129882812 226.2113494873047 0.75711274 1.8398017 0.5835284 -10.751844 1.111184 15.409204 1.5285836458206177 0.5208626985549927
Pedestrian 0.0 0 -2.3427274227142334 908.3642578125 154.649169921875 922.4449462890625 179.13453674316406 0.7961998 1.7975674 0.5648074 22.59157 0.4614358 53.441723 -1.9427787065505981 0.3707222640514374
Cyclist 0.0 0 -3.3796403408050537 878.4354858398438 96.80626678466797 975.5703735351562 184.0963592529297 1.6421983 1.6562418 0.6126069 6.127915 0.2136704 14.1293955 -2.970424175262451 0.4916210174560547
Cyclist 0.0 0 -2.1962010860443115 1165.8634033203125 91.70075988769531 1242.0 188.7210235595703 1.7375861 1.8352182 0.4780154 12.005825 0.30049545 14.528256 -1.5055819749832153 0.4150029718875885
Cyclist 0.0 0 2.137801170349121 82.74604797363281 137.83843994140625 133.94583129882812 226.2113494873047 0.75711274 1.8398017 0.5835284 -10.751844 1.111184 15.409204 1.5285836458206177 0.11189363896846771
Car 0.0 0 0.32121169567108154 1017.0682983398438 157.65074157714844 1085.44873046875 178.32659912109375 4.21755 1.5465142 1.6952555 34.24889 0.40969744 56.12461 0.8691189289093018 0.4650852084159851
Car 0.0 0 1.4075876474380493 912.3720703125 154.76785278320312 953.0936279296875 180.3969268798828 4.0208874 1.4950107 1.63886 19.695002 0.44035625 44.23878 1.8264408111572266 0.4567330777645111
Car 0.0 0 1.6204843521118164 691.3453979492188 165.2285919189453 720.1239013671875 192.92478942871094 3.8241124 1.6241229 1.5667976 5.884147 1.1773217 44.33079 1.7524456977844238 0.4547700881958008
Car 0.0 0 0.45944756269454956 114.05396270751953 167.64364624023438 190.11607360839844 191.2560577392578 3.6977017 1.4434426 1.5783293 -28.595217 1.1252885 45.085278 -0.10577388107776642 0.4093802869319916
Car 0.0 0 2.124227523803711 234.4359893798828 133.6492462158203 327.7962951660156 182.76991271972656 3.1253242 1.5900456 1.5278372 -11.347345 0.32133806 25.000603 1.69814932346344 0.3546225130558014
