Pedestrian 0.0 0 0.8386504650115967 797.0067749023438 171.75343322753906 836.8965454101562 238.0806121826172 0.97909206 1.7939235 0.5527587 5.701921 1.7645146 20.073593 1.1154115200042725 0.7160652875900269
Pedestrian 0.0 0 -1.8012757301330566 677.6217651367188 171.91024780273438 692.3795776367188 198.9989776611328 1.1056726 1.7972238 0.7520481 5.0025887 1.7349671 48.464447 -1.698418140411377 0.6200883388519287
Pedestrian 0.0 0 -1.9278308153152466 724.6814575195312 174.3605499267578 739.990234375 207.87916564941406 0.6200134 1.7962217 0.6402023 6.5846786 1.8789064 39.06128 -1.760827898979187 0.21322298049926758
Cyclist 0.0 0 -1.8012757301330566 677.6217651367188 171.91024780273438 692.3795776367188 198.9989776611328 1.1056726 1.7972238 0.7520481 5.0025887 1.7349671 48.464447 -1.698418140411377 0.12619437277317047
Car 0.0 0 2.273925542831421 0.0 179.4976043701172 50.69940185546875 265.9117126464844 4.1578174 1.5438277 1.5933442 -14.269278 1.7047942 15.326611 1.524237871170044 0.6476076245307922
Car 0.0 0 1.924710988998413 284.3831787109375 179.038330078125 321.68499755859375 200.13623046875 3.6121116 1.6148919 1.6158055 -24.716282 2.1294632 58.148796 1.5227960348129272 0.3573579788208008
Car 0.0 0 1.9207050800323486 18.051538467407227 183.53981018066406 93.45402526855469 219.2345733642578 3.816715 1.4960696 1.5630314 -25.685474 2.023381 33.523983 1.266927719116211 0.35446834564208984
Car 0.0 0 -0.20395401120185852 722.0301513671875 164.83016967773438 812.560791015625 199.56187438964844 3.7595887 1.5342115 1.5887328 7.0340433 1.1801307 32.67938 0.008055448532104492 0.342791348695755
Car 0.0 0 1.688490629196167 652.3052368164062 182.88247680664062 679.223876953125 204.35279846191406 3.875525 1.5366939 1.6268845 4.305618 2.3387744 55.621635 1.7657456398010254 0.25818943977355957
Car 0.0 0 2.7053446769714355 653.967041015625 182.72335815429688 696.08154296875 199.46405029296875 3.6336808 1.5136701 1.5903782 6.125507 2.4657667 68.212585 2.7949047088623047 0.23107962310314178
Car 0.0 0 -0.631395161151886 1213.4490966796875 195.49356079101562 1242.0 222.52919006347656 3.6535022 1.5396495 1.7298527 39.26428 2.9492946 43.871517 0.09864139556884766 0.2231166511774063
Car 0.0 0 0.8151102066040039 1099.9306640625 187.9833984375 1167.6016845703125 210.97586059570312 4.1039715 1.5166154 1.6063277 38.025112 2.6636138 52.54346 1.4415583610534668 0.20983745157718658
