Pedestrian 0.0 0 -0.9590505361557007 1108.703369140625 155.8004913330078 1170.5211181640625 254.6569061279297 0.6787576 1.7392839 0.6296973 9.557251 1.4396015 13.099578 -0.3287438154220581 0.3586898446083069
Pedestrian 0.0 0 -1.8800265789031982 820.881103515625 157.09490966796875 840.4030151367188 197.08477783203125 0.63550854 1.8884174 0.7303671 10.47485 1.1445932 34.39268 -1.584385871887207 0.16408692300319672
Pedestrian 0.0 0 3.635486602783203 0.0 196.03472900390625 20.325977325439453 237.498291015625 0.72397256 1.7414044 0.6449484 -26.086609 2.7542875 31.12471 2.9379231929779053 0.16219711303710938
Pedestrian 0.0 0 -1.857498049736023 0.0 202.3029327392578 31.78394317626953 252.04861450195312 1.673442 1.8433336 0.72137666 -23.570805 3.0344634 28.406778 -2.550123691558838 0.12143543362617493
Cyclist 0.0 0 -1.9027490615844727 839.575927734375 140.67835998535156 871.3037109375 194.74111938476562 1.7178993 1.6670989 0.42050996 7.7965255 0.675277 23.10716 -1.5773364305496216 0.2665257453918457
Cyclist 0.0 0 -1.9882800579071045 0.0 201.57574462890625 33.94338607788086 250.7698516845703 1.647825 1.8372566 0.7488647 -23.650534 2.9987187 28.464804 -2.6815624237060547 0.1697138398885727
Cyclist 0.0 0 2.3592963218688965 1031.105224609375 147.02479553222656 1083.115234375 226.8495635986328 0.85305744 1.8365864 0.6195247 10.477284 1.2426733 16.997005 2.9117014408111572 0.12226244062185287
Car 0.0 0 -0.9538811445236206 934.628173828125 185.82595825195312 1139.560302734375 269.108154296875 3.827643 1.4345582 1.6122404 8.491559 1.7214755 14.417781 -0.4216156005859375 0.9474484324455261
Car 0.0 0 -0.5852724313735962 654.899658203125 158.8458251953125 717.3485717773438 181.33157348632812 4.1466794 1.5184139 1.595252 5.2980213 0.57282907 50.3868 -0.4805103540420532 0.38824522495269775
Car 0.0 0 -0.5433391332626343 654.3887329101562 157.1785430908203 728.1358642578125 182.31280517578125 4.5899186 1.5799793 1.6480007 5.280401 0.5949538 47.06271 -0.4316071569919586 0.16332998871803284
Car 0.0 0 -1.4907958507537842 592.8968505859375 170.7913360595703 628.0116577148438 199.27920532226562 3.560449 1.4128507 1.5530064 0.028464705 1.3109113 37.618855 -1.4900392293930054 0.13071724772453308
Car 0.0 0 1.632015585899353 625.4332275390625 158.95623779296875 657.3256225585938 187.034423828125 3.8120422 1.5090083 1.5711689 1.7775576 0.7624576 40.75268 1.67560613155365 0.12077335268259048
Car 0.0 0 -1.3533037900924683 0.0 165.2479705810547 12.792959213256836 200.29649353027344 4.0126677 1.8689805 1.7827532 -35.3279 1.4637433 40.66209 -2.0686209201812744 0.11991346627473831
