Pedestrian 0.0 0 -2.146148920059204 138.7740478515625 146.0701141357422 171.32261657714844 198.91885375976562 0.6652359 1.8347735 0.7292483 -16.131258 0.90526354 25.517544 -2.709882974624634 0.38811349868774414
Pedestrian 0.0 0 1.5503711700439453 354.49688720703125 134.0294189453125 383.8191833496094 203.59994506835938 1.0972756 1.7925025 0.71559405 -6.4742327 0.79253536 19.225212 1.2255421876907349 0.33919915556907654
Pedestrian 0.0 0 -0.05132228136062622 1155.1998291015625 144.29400634765625 1174.6287841796875 186.2720184326172 0.63203156 1.7847643 0.62278867 23.881481 0.57084715 31.110332 0.6033720970153809 0.30979421734809875
Pedestrian 0.0 0 1.0759484767913818 746.7610473632812 151.3111114501953 769.0408935546875 181.00201416015625 1.7273785 1.7962003 0.5973018 9.090638 0.49328482 44.561047 1.277191162109375 0.2161455750465393
Pedestrian 0.0 0 0.7870763540267944 949.5331420898438 142.2225799560547 979.6168823242188 176.58982849121094 1.4877025 1.821675 0.5781392 19.137724 0.19837978 39.040493 1.2428548336029053 0.12350933998823166
Cyclist 0.0 0 -2.2599899768829346 1158.7894287109375 114.4021987915039 1242.0 229.17140197753906 1.7959274 1.766771 0.4894568 10.003888 0.86731464 12.004006 -1.5652247667312622 0.5103076100349426
Cyclist 0.0 0 1.0759484767913818 746.7610473632812 151.3111114501953 769.0408935546875 181.00201416015625 1.7273785 1.7962003 0.5973018 9.090638 0.49328482 44.561047 1.277191162109375 0.45869505405426025
Cyclist 0.0 0 0.7870763540267944 949.5331420898438 142.2225799560547 979.6168823242188 176.58982849121094 1.4877025 1.821675 0.5781392 19.137724 0.19837978 39.040493 1.2428548336029053 0.34446582198143005
Cyclist 0.0 0 -0.32561206817626953 1116.857666015625 139.29295349121094 1165.6558837890625 175.87171936035156 1.756737 1.7353914 0.7267594 25.595934 0.14352617 34.841427 0.3079864978790283 0.31872135400772095
Car 0.0 0 -0.9819986820220947 1044.3460693359375 157.8031005859375 1103.512451171875 181.13038635253906 3.560614 1.4842421 1.5488385 30.401297 0.52695835 47.32767 -0.4110146462917328 0.5965850949287415
Car 0.0 0 -0.4042014479637146 761.8170166015625 162.36962890625 833.8153686523438 190.0681915283203 3.5595798 1.5086132 1.5841018 10.442058 0.9379357 40.346775 -0.15095047652721405 0.5829281806945801
Car 0.0 0 1.1229307651519775 703.6494750976562 162.44606018066406 744.702880859375 183.6409149169922 3.8696566 1.5950693 1.650828 8.852053 0.81215245 56.38882 1.2786424160003662 0.44370535016059875
Car 0.0 0 1.3783260583877563 740.6173706054688 159.76251220703125 777.6456909179688 184.63595581054688 3.8192897 1.5275252 1.6144937 9.47394 0.7239099 46.225647 1.5804765224456787 0.4326561689376831
Car 0.0 0 1.4973081350326538 943.2666625976562 160.98883056640625 980.16650390625 187.7005157470703 4.24936 1.5425689 1.7039655 21.33553 0.85772693 43.954334 1.949209451675415 0.4123511016368866
Car 0.0 0 2.348090648651123 0.0 180.31777954101562 191.5948028564453 301.3739318847656 4.3268366 1.4859476 1.6843907 -8.92046 1.6272128 11.374897 1.6830438375473022 0.3992741107940674
Car 0.0 0 -1.3553144931793213 462.3885498046875 169.9253692626953 503.48858642578125 196.8448944091797 3.589595 1.4699492 1.5827976 -7.2443395 1.3103887 41.223175 -1.5292729139328003 0.39888134598731995
Car 0.0 0 1.1642465591430664 842.8232421875 159.24111938476562 897.07763671875 185.0688018798828 3.7884517 1.4181255 1.5605379 14.8682165 0.6710386 41.5544 1.5078542232513428 0.36917731165885925
