Car 0.0 0 -1.6075680255889893 594.0317993164062 181.04574584960938 633.4590454101562 213.17861938476562 3.3957644 1.3898485 1.6653255 0.1933518 1.2106161 32.811806 -1.6016753911972046 0.9672636985778809
Car 0.0 0 -1.40410315990448 435.8074951171875 184.66627502441406 508.63885498046875 235.72312927246094 3.3865745 1.4651586 1.6821787 -4.1672697 1.4505233 22.332928 -1.5885791778564453 0.9643092155456543
Car 0.0 0 -1.2105801105499268 212.9391632080078 187.37857055664062 422.01446533203125 307.46875 3.6690984 1.4761052 1.6643734 -4.1216493 1.5150917 10.738143 -1.5770717859268188 0.949194073677063
Car 0.0 0 -1.4687440395355225 488.4057922363281 183.74159240722656 535.4431762695312 220.3268280029297 3.9133627 1.4250174 1.5534917 -3.9682 1.3687309 29.97488 -1.6003628969192505 0.9374794363975525
Car 0.0 0 -2.355041742324829 938.35498046875 190.2687530517578 1241.0 376.0 3.6564975 1.4929011 1.578474 3.194257 1.5311037 3.4171066 -1.6033378839492798 0.8910545110702515
Car 0.0 0 -0.9109872579574585 0.0 189.1736602783203 181.42442321777344 310.1348876953125 3.861021 1.4348811 1.5809373 -8.259834 1.5049431 10.582824 -1.5737208127975464 0.8145561814308167
Car 0.0 0 -1.3737680912017822 414.4908142089844 180.61532592773438 465.5019836425781 213.83590698242188 3.9512656 1.4605049 1.578564 -7.804609 1.2593861 33.599197 -1.6020060777664185 0.785787045955658
Car 0.0 0 -1.0792748928070068 178.0042724609375 170.34510803222656 332.2707214355469 248.876953125 3.9031126 1.6678164 1.661703 -8.30362 1.3531338 17.248243 -1.527946949005127 0.6457556486129761
Car 0.0 0 -1.6649925708770752 636.5452270507812 178.29074096679688 665.34326171875 201.9351348876953 3.4680057 1.5227636 1.5961306 2.8308127 1.0779094 48.053608 -1.6061511039733887 0.6053649187088013
Car 0.0 0 -1.2730991840362549 582.9130859375 179.34564208984375 627.4666137695312 206.44419860839844 3.5969906 1.4862605 1.5798868 -0.12900245 1.1654402 41.373318 -1.2762172222137451 0.44567036628723145
