Car 0.0 0 -1.8512414693832397 726.2075805664062 170.04141235351562 899.08349609375 290.999755859375 3.2600462 1.5020422 1.5461158 2.734203 1.4674736 10.608368 -1.5989912748336792 0.9727243185043335
Car 0.0 0 0.6498405933380127 0.0 178.29042053222656 327.40802001953125 308.1806335449219 4.1311975 1.498266 1.5845448 -6.0808606 1.5760925 9.338954 0.07267236709594727 0.9522888660430908
Car 0.0 0 -1.6904263496398926 662.3174438476562 178.52679443359375 720.781494140625 224.2008056640625 3.3385124 1.4075615 1.5554705 2.6376975 1.6124064 24.328339 -1.5824273824691772 0.9516540765762329
Car 0.0 0 -0.17550373077392578 712.4454345703125 171.2592010498047 818.39306640625 213.4683380126953 4.0039277 1.6761974 1.7070456 6.2607155 1.6132228 29.57015 0.03313922882080078 0.9025061726570129
Car 0.0 0 3.5320000648498535 142.4058380126953 152.71047973632812 372.83087158203125 239.50631713867188 3.7481976 1.6079892 1.6911453 -6.8926983 1.2351658 14.317795 3.083336591720581 0.8689277172088623
Car 0.0 0 0.335613876581192 297.81719970703125 177.3389129638672 463.6275634765625 238.3622283935547 4.0400968 1.5901055 1.563218 -6.2457027 1.7185501 19.763098 0.029517650604248047 0.8349178433418274
Car 0.0 0 0.5066952705383301 75.91060638427734 183.12306213378906 376.1206970214844 281.9637756347656 4.164626 1.5008978 1.5565523 -6.264131 1.6832101 11.95393 0.024014711380004883 0.8209993243217468
Car 0.0 0 3.522852897644043 204.8852081298828 176.8302764892578 399.1083679199219 245.91836547851562 3.8699586 1.5300046 1.6011333 -7.156355 1.62818 16.909956 3.122504711151123 0.6958458423614502
Car 0.0 0 0.2774617075920105 352.74920654296875 174.47535705566406 492.91082763671875 231.92123413085938 3.8431075 1.6816568 1.633589 -5.6877284 1.7334716 22.032406 0.02482461929321289 0.6880733370780945
Car 0.0 0 -1.8019623756408691 625.5285034179688 174.406982421875 654.8578491210938 194.26380920410156 3.519967 1.5409526 1.5933322 2.3776267 1.6705487 58.163708 -1.7611069679260254 0.5266770124435425
