Pedestrian 0.0 0 0.23167817294597626 511.5794677734375 161.83509826660156 532.0281982421875 195.6742706298828 0.955462 1.7694794 0.6193558 -4.6888056 1.1936494 38.086975 0.10918664932250977 0.2590993046760559
Cyclist 0.0 0 0.23167817294597626 511.5794677734375 161.83509826660156 532.0281982421875 195.6742706298828 0.955462 1.7694794 0.6193558 -4.6888056 1.1936494 38.086975 0.10918664932250977 0.1414041966199875
Car 0.0 0 -1.9615594148635864 463.2827453613281 164.83815002441406 519.2440185546875 193.05364990234375 4.1996207 1.5328903 1.6901191 -6.904041 1.0977637 41.42651 -2.126699209213257 0.7842139601707458
Car 0.0 0 -2.296487808227539 695.6952514648438 161.9370574951172 757.1815185546875 184.9107208251953 4.143771 1.4465162 1.6733468 7.5999193 0.7594987 47.625107 -2.138244152069092 0.5964918732643127
Car 0.0 0 -1.9611759185791016 506.8682861328125 163.51576232910156 557.2001953125 188.9088592529297 4.00734 1.4546126 1.6034049 -4.778939 0.9200406 43.472435 -2.070666551589966 0.5779090523719788
Car 0.0 0 -2.017380714416504 905.8246459960938 176.3140411376953 955.630615234375 200.8128204345703 3.3889277 1.4598975 1.5317644 20.00104 1.6852293 45.195652 -1.6007449626922607 0.4388550817966461
Car 0.0 0 -0.6196637153625488 882.3258056640625 166.27560424804688 939.8189086914062 185.4278106689453 3.8982885 1.4403458 1.558074 23.101593 0.94597423 55.45485 -0.22494320571422577 0.38494303822517395
Car 0.0 0 -2.159545660018921 551.83056640625 159.20909118652344 613.889404296875 183.8358612060547 4.3203483 1.4370735 1.6904707 -1.7547088 0.6411944 44.3464 -2.1990933418273926 0.37060731649398804
Car 0.0 0 -0.38924890756607056 727.6901245117188 168.57760620117188 792.0632934570312 190.48487854003906 3.9439943 1.4529291 1.6707474 10.135847 1.1696697 49.035503 -0.1854153573513031 0.3428488075733185
Car 0.0 0 -2.379175901412964 765.3286743164062 156.58731079101562 820.5957641601562 179.14129638671875 3.775704 1.5546143 1.6060561 13.051895 0.4337328 51.75743 -2.1321518421173096 0.30270814895629883
Car 0.0 0 -0.6568291187286377 307.1353454589844 167.90782165527344 418.162841796875 208.42344665527344 3.9896927 1.4853607 1.6349049 -9.7422905 1.3043846 28.564268 -0.9855225086212158 0.2856593132019043
Car 0.0 0 -0.6947197914123535 926.1613159179688 162.97714233398438 986.6748046875 181.71649169921875 4.354285 1.4769748 1.6491196 27.908056 0.69887054 58.199455 -0.2475864738225937 0.2848721146583557
Car 0.0 0 -1.773055076599121 967.7963256835938 158.49913024902344 1000.7380981445312 178.76739501953125 3.911069 1.6536689 1.7154251 31.562346 0.48282596 60.98193 -1.2954514026641846 0.2631083130836487
