Pedestrian 0.0 0 1.2598381042480469 965.9095458984375 178.4860076904297 993.080322265625 218.9993438720703 1.7581646 1.6494824 0.5066774 15.57998 1.8952956 30.535183 1.7316365242004395 0.12114798277616501
Cyclist 0.0 0 1.1678000688552856 964.0131225585938 179.81362915039062 994.320556640625 219.54627990722656 1.7136701 1.6211742 0.5107596 15.605944 1.9252746 30.61535 1.6392111778259277 0.372359961271286
Cyclist 0.0 0 -1.9800941944122314 1199.20947265625 149.04969787597656 1235.9732666015625 196.05279541015625 1.6560787 1.7184625 0.4358041 22.869545 0.8485203 27.23291 -1.28156578540802 0.12800534069538116
Car 0.0 0 1.8871791362762451 409.3772277832031 182.99484252929688 446.5693359375 203.41082763671875 3.7693129 1.4624687 1.688596 -13.9932 2.270818 55.54838 1.6404035091400146 0.549384355545044
Car 0.0 0 -2.5170907974243164 1208.24609375 182.87109375 1242.0 246.31907653808594 3.9916174 1.433925 1.5617527 18.40385 1.7282743 19.070822 -1.7494887113571167 0.21682259440422058
Car 0.0 0 1.7941724061965942 282.9447326660156 190.71087646484375 325.70684814453125 215.70388793945312 4.4992366 1.5370742 1.7834538 -21.198097 2.8368669 50.1318 1.394126534461975 0.20983462035655975
Car 0.0 0 1.2223975658416748 750.094970703125 181.19305419921875 792.8235473632812 205.76849365234375 3.676583 1.4846295 1.5356321 10.393713 2.048267 46.81293 1.4408800601959229 0.16505548357963562
Car 0.0 0 1.2410160303115845 951.5486450195312 169.30953979492188 1021.8745727539062 206.56048583984375 3.9322271 1.5633488 1.5939131 16.745874 1.4149525 32.340885 1.7187962532043457 0.1534901261329651
Car 0.0 0 0.7317001223564148 231.2296142578125 198.15748596191406 305.7037353515625 225.13900756835938 3.8607948 1.449624 1.6519082 -20.197586 2.991862 42.622383 0.2891719341278076 0.14009037613868713
Car 0.0 0 -0.13600653409957886 1003.3773193359375 185.60548400878906 1099.9808349609375 219.45950317382812 3.757095 1.4981215 1.579677 20.989697 2.134475 34.51104 0.41042232513427734 0.136459618806839
Car 0.0 0 1.2617549896240234 719.3074951171875 179.1954345703125 758.2386474609375 201.80531311035156 3.938995 1.5061479 1.5941714 9.073254 1.9752651 51.27506 1.4368945360183716 0.132907897233963
Car 0.0 0 1.324275255203247 683.1630859375 186.72213745117188 727.0380859375 215.19956970214844 3.7413156 1.422931 1.5292273 5.169338 2.2275558 39.89457 1.4531322717666626 0.1327664703130722
Car 0.0 0 -1.6494710445404053 1202.64453125 166.9914093017578 1242.0 209.23480224609375 3.4162383 1.6378438 1.6879507 25.69217 1.4109001 29.849195 -0.9387791156768799 0.13269980251789093
