Pedestrian 0.0 0 2.338435649871826 935.3862915039062 118.2115249633789 986.8202514648438 195.96554565429688 0.81602603 1.746374 0.6979168 8.057521 0.51944894 16.671648 2.788639783859253 0.49997788667678833
Pedestrian 0.0 0 0.37843844294548035 769.4254150390625 149.48265075683594 793.8325805664062 188.60955810546875 1.0341069 1.861923 0.5020867 8.246624 0.7501145 34.83513 0.6108920574188232 0.4509768486022949
Pedestrian 0.0 0 0.9606643319129944 1036.093505859375 86.09801483154297 1112.916748046875 229.73265075683594 0.66662306 1.7839897 0.5486594 5.920092 0.7068094 9.303903 1.5273497104644775 0.40110868215560913
Pedestrian 0.0 0 -1.3839402198791504 565.6994018554688 151.4940643310547 580.7372436523438 185.48782348632812 0.724375 1.8185233 0.69017583 -2.021102 0.6762146 39.00185 -1.435714602470398 0.31213894486427307
Pedestrian 0.0 0 -1.7810375690460205 957.0502319335938 104.33006286621094 1004.9203491210938 225.66595458984375 0.4810454 1.8177781 0.5659967 5.6516275 0.7915533 11.112128 -1.3105337619781494 0.308685302734375
Car 0.0 0 -1.7318990230560303 700.3020629882812 173.0319366455078 788.46435546875 232.75851440429688 3.565384 1.3491066 1.5936353 3.21319 1.3543712 18.100193 -1.5562069416046143 0.9604803919792175
Car 0.0 0 -1.6630114316940308 698.4314575195312 172.52487182617188 761.3314208984375 221.5541229248047 3.9750776 1.4122326 1.5787269 3.656637 1.4031101 22.816067 -1.5040969848632812 0.5644416809082031
Car 0.0 0 -1.451493740081787 717.8823852539062 161.71568298339844 757.1854248046875 191.30856323242188 3.7684903 1.5187186 1.6604432 6.9129505 0.94745314 39.070927 -1.2763727903366089 0.5634539127349854
Car 0.0 0 -1.2153459787368774 693.78662109375 163.38720703125 766.663818359375 204.56446838378906 3.7017312 1.4896603 1.6126633 4.701811 1.14754 28.106764 -1.0495967864990234 0.551227867603302
Car 0.0 0 -2.5933730602264404 0.0 0.0 1242.0 375.0 3.8587115 1.4485154 1.546059 2.756507 1.6072906 1.5531595 -1.535689115524292 0.4055027663707733
