Pedestrian 0.0 0 -1.4849134683609009 417.0944519042969 171.60943603515625 454.47509765625 259.9345397949219 0.9486107 1.7022208 0.65216935 -3.336833 1.512862 14.3571005 -1.7132761478424072 0.8365232348442078
Pedestrian 0.0 0 -1.7383935451507568 756.7914428710938 171.14910888671875 798.4424438476562 252.21923828125 0.91325915 1.6760743 0.717293 3.7089326 1.463313 15.329042 -1.501001238822937 0.8117562532424927
Pedestrian 0.0 0 -2.144368886947632 777.0684204101562 162.75115966796875 814.3418579101562 234.0627899169922 0.8925926 1.798201 0.53144234 4.9940834 1.3266103 18.617245 -1.8822884559631348 0.7579183578491211
Pedestrian 0.0 0 1.5406951904296875 804.7060546875 164.69918823242188 838.1355590820312 254.39535522460938 0.96231586 1.7582618 0.6176605 4.4280214 1.4301754 14.623552 1.8347194194793701 0.7330760359764099
Pedestrian 0.0 0 1.6296510696411133 703.4638061523438 169.95860290527344 749.5879516601562 279.5701904296875 0.8157506 1.6148739 0.6556054 1.8917327 1.4461477 11.051896 1.7991763353347778 0.653152346611023
Pedestrian 0.0 0 1.0460001230239868 675.6209106445312 175.6990509033203 697.5140380859375 216.20242309570312 0.8623523 1.625968 0.5253431 3.4553165 1.3940945 29.334227 1.1632511615753174 0.6295731663703918
Pedestrian 0.0 0 1.1164348125457764 677.3782958984375 170.79408264160156 723.4295654296875 262.1073303222656 0.967212 1.7771542 0.55070895 1.9507986 1.5700458 14.523509 1.249955654144287 0.5134604573249817
Pedestrian 0.0 0 2.5276098251342773 364.89599609375 172.58670043945312 405.91455078125 252.96969604492188 0.57635 1.597883 0.5756947 -4.452848 1.4219478 14.680972 2.233121395111084 0.46584537625312805
Pedestrian 0.0 0 -0.34067508578300476 634.7862548828125 169.0074920654297 679.367431640625 233.56103515625 1.0984191 1.7645029 0.6170064 1.5198094 1.4241896 20.073938 -0.2651086747646332 0.4643860459327698
Pedestrian 0.0 0 -2.287598133087158 38.40401077270508 178.5529327392578 79.9322509765625 242.1022491455078 0.68672216 1.5940299 0.52468616 -13.876484 1.5212913 18.342762 -2.9352526664733887 0.45716747641563416
Pedestrian 0.0 0 -1.7485932111740112 839.6093139648438 161.70864868164062 881.55078125 258.1860656738281 0.96878713 1.784769 0.59237933 4.9289155 1.4199058 13.812569 -1.4058353900909424 0.4202668070793152
Pedestrian 0.0 0 2.655812978744507 697.8280029296875 173.3433380126953 737.8245849609375 253.8296356201172 0.6808153 1.7121662 0.55115056 2.4947994 1.539881 15.64883 2.813906669616699 0.3569962978363037
Cyclist 0.0 0 0.8721264004707336 100.7622299194336 191.4612274169922 232.2873077392578 301.07147216796875 1.920029 1.6037135 0.6859273 -6.8566008 1.7698473 11.253493 0.324906587600708 0.5334503650665283
Cyclist 0.0 0 1.2294524908065796 0.0 195.2105712890625 67.93119812011719 306.2643737792969 1.8264041 1.5922444 0.46296003 -9.009627 1.8190196 11.137075 0.549262285232544 0.2932872772216797
Cyclist 0.0 0 -0.34796589612960815 632.5411376953125 169.09222412109375 679.7124633789062 234.0146026611328 1.1808162 1.7743995 0.59870124 1.494127 1.4364374 20.078053 -0.27368685603141785 0.23987145721912384
Car 0.0 0 1.6874583959579468 559.3099975585938 177.8466339111328 601.9237670898438 210.47621154785156 4.021712 1.4923536 1.6144177 -0.9639007 1.3261938 34.926018 1.6598670482635498 0.9482828974723816
Car 0.0 0 0.8445591926574707 921.4266967773438 208.33338928222656 1238.0 374.0 3.656382 1.3783505 1.5320076 3.3406975 1.5973556 3.9745646 1.5435233116149902 0.4093684256076813
