Pedestrian 0.0 0 -2.9337408542633057 553.1325073242188 161.3568572998047 622.0509643554688 273.96697998046875 1.005203 1.761893 0.6634902 -0.31665653 1.4640371 11.47396 -2.961331605911255 0.6509260535240173
Pedestrian 0.0 0 2.032695770263672 273.6861572265625 174.7469940185547 321.7487487792969 258.031005859375 0.7178497 1.6558024 0.6493453 -6.302138 1.543053 14.426863 1.6208447217941284 0.5476855635643005
Pedestrian 0.0 0 -1.4586095809936523 788.3770751953125 163.08358764648438 804.8219604492188 194.9308319091797 0.7734564 1.6812936 0.76810056 10.24196 0.76325047 37.822758 -1.194163203239441 0.5175437927246094
Pedestrian 0.0 0 -0.19078409671783447 987.4393310546875 120.7802505493164 1064.8751220703125 256.9139709472656 0.865633 1.8338661 0.39988226 5.806124 1.0310488 9.853142 0.3417055606842041 0.40630123019218445
Pedestrian 0.0 0 -1.4770610332489014 0.0 178.50369262695312 19.935630798339844 245.5992431640625 0.7368772 1.7876374 0.5782304 -16.421984 1.7360332 19.30069 -2.1820480823516846 0.34460216760635376
Pedestrian 0.0 0 -0.23861442506313324 562.70654296875 170.7143096923828 574.2372436523438 198.30563354492188 0.59669274 1.76773 0.6943221 -2.364972 1.142114 45.712524 -0.2903040945529938 0.2971634268760681
Pedestrian 0.0 0 0.44075220823287964 1019.4426879882812 141.47959899902344 1040.3526611328125 184.3473663330078 0.6006114 1.98586 0.69926006 19.932142 0.17968428 33.193226 0.9815306663513184 0.29106056690216064
Pedestrian 0.0 0 -0.9409337639808655 592.0557861328125 169.663330078125 603.716064453125 193.3436737060547 0.46038494 1.7935096 0.765468 -0.53357464 0.97401905 53.955486 -0.9508225917816162 0.2799430191516876
Pedestrian 0.0 0 2.583320379257202 507.2292175292969 164.49923706054688 522.9521484375 185.3387451171875 1.2398498 1.7753979 0.54922235 -7.7160387 0.41342968 60.83597 2.457160472869873 0.27496275305747986
Pedestrian 0.0 0 0.1473684012889862 768.711181640625 157.1782989501953 799.5625610351562 188.82102966308594 1.6553675 1.7921417 0.5478641 10.281408 0.47266197 40.611557 0.3953232765197754 0.12788014113903046
Cyclist 0.0 0 -2.1262521743774414 873.7864379882812 157.3163604736328 904.0711669921875 194.42135620117188 1.7908255 1.720286 0.46152586 13.499189 0.6468851 33.69758 -1.7452300786972046 0.7185923457145691
Cyclist 0.0 0 -1.8278756141662598 983.5382690429688 148.5062713623047 1021.679443359375 214.04367065429688 1.7302986 1.6393262 0.44246295 10.387389 0.84064245 18.573854 -1.3179600238800049 0.6511070728302002
Cyclist 0.0 0 0.1473684012889862 768.711181640625 157.1782989501953 799.5625610351562 188.82102966308594 1.6553675 1.7921417 0.5478641 10.281408 0.47266197 40.611557 0.3953232765197754 0.29358533024787903
Cyclist 0.0 0 2.583320379257202 507.2292175292969 164.49923706054688 522.9521484375 185.3387451171875 1.2398498 1.7753979 0.54922235 -7.7160387 0.41342968 60.83597 2.457160472869873 0.11744221299886703
Car 0.0 0 -0.819036066532135 0.0 211.2434844970703 304.194091796875 370.0 3.764179 1.449575 1.6129872 -3.1618245 1.6848971 3.4749053 -1.5572952032089233 0.8268558979034424
Car 0.0 0 1.720414161682129 447.3300476074219 171.9326934814453 483.357177734375 198.86697387695312 3.8175457 1.5993209 1.6466591 -8.630355 1.0919739 43.92209 1.5263936519622803 0.792497992515564
Car 0.0 0 -1.5851975679397583 640.337158203125 169.82327270507812 658.7474975585938 186.97645568847656 3.8895538 1.4635602 1.5578796 3.919941 0.55378616 62.302765 -1.5223628282546997 0.43944597244262695
Car 0.0 0 1.7329469919204712 92.31123352050781 182.9512481689453 132.03460693359375 205.55282592773438 4.280923 1.4666724 1.5729028 -33.839092 1.6444702 48.63872 1.1250970363616943 0.30788663029670715
Car 0.0 0 -3.0239052772521973 597.1133422851562 176.0076141357422 655.541748046875 197.9442596435547 3.9026139 1.492361 1.5940355 1.507486 1.188053 49.17259 -2.993257761001587 0.28061643242836
