Pedestrian 0.0 0 1.4192252159118652 994.199462890625 121.26211547851562 1031.5909423828125 205.25523376464844 0.65491474 1.7903218 0.6208426 8.758476 0.6909933 15.79181 1.9256097078323364 0.5006794929504395
Cyclist 0.0 0 0.40421062707901 739.264892578125 149.45486450195312 766.1061401367188 177.86029052734375 1.5934385 1.7977642 0.57514024 9.130786 0.3172031 46.349537 0.5987184047698975 0.4634443521499634
Car 0.0 0 1.9887347221374512 258.8826904296875 186.7116241455078 346.9703674316406 226.12161254882812 4.515461 1.4259084 1.6719633 -12.662372 2.0456429 29.974304 1.589033603668213 0.8835577964782715
Car 0.0 0 1.934701681137085 334.21685791015625 184.6636962890625 380.2423400878906 208.68487548828125 4.649936 1.6723669 1.7649351 -19.1827 2.6095958 54.88884 1.5984878540039062 0.8301723003387451
Car 0.0 0 1.3993483781814575 970.3768310546875 162.1772918701172 1005.9110107421875 185.7687530517578 4.253478 1.7589705 1.7395447 29.31277 0.9632772 56.08551 1.8809468746185303 0.6174278259277344
Car 0.0 0 -1.600050926208496 776.922607421875 149.66241455078125 811.1672973632812 180.29461669921875 3.957845 1.5979391 1.7028958 10.05482 0.38849983 39.75294 -1.3523139953613281 0.5630282759666443
Car 0.0 0 1.824560523033142 429.36883544921875 183.28329467773438 456.9990539550781 200.1299285888672 4.011545 1.491576 1.5982094 -15.798339 2.510179 68.41673 1.5976247787475586 0.5366417765617371
Car 0.0 0 1.5209296941757202 663.3661499023438 169.3110809326172 720.58447265625 219.3032989501953 3.8889053 1.4776093 1.6228167 2.5243697 1.3732501 23.311811 1.6287965774536133 0.515281081199646
Car 0.0 0 -1.9439486265182495 782.9527587890625 158.4325714111328 818.061279296875 178.09466552734375 3.5908275 1.564216 1.5838832 15.586019 0.41727927 59.274117 -1.6868211030960083 0.43975546956062317
Car 0.0 0 -1.9182161092758179 504.6317443847656 144.2818145751953 630.6087036132812 230.26385498046875 3.5843287 1.6432655 1.5886614 -1.0903368 1.0975595 15.747398 -1.9873449802398682 0.39806920289993286
Car 0.0 0 -1.06681489944458 293.3329162597656 169.95144653320312 330.8091735839844 186.7525177001953 3.7586405 1.5129815 1.5981112 -27.610277 1.2519562 66.930916 -1.4580668210983276 0.39624401926994324
Car 0.0 0 -0.029363557696342468 713.4799194335938 167.6262969970703 757.5117797851562 188.70558166503906 3.3212368 1.6072978 1.613889 9.6917095 1.2090433 56.048267 0.1418604850769043 0.37034058570861816
