Pedestrian 0.0 0 1.3334128856658936 748.6424560546875 144.56272888183594 774.3967895507812 196.484375 0.94778615 1.8256143 0.6978405 5.3770943 0.8312247 25.852123 1.5384833812713623 0.7750911712646484
Pedestrian 0.0 0 -3.212770462036133 1145.50244140625 50.30712890625 1242.0 293.7740783691406 0.6665654 1.7714331 0.6932614 4.6205845 0.88015634 5.7219677 -2.5334630012512207 0.7607463598251343
Pedestrian 0.0 0 0.03464150428771973 812.0350341796875 164.88711547851562 827.3721923828125 201.36212158203125 0.6928861 1.7529706 0.74128133 10.176175 1.3704442 35.134075 0.31656527519226074 0.7272563576698303
Pedestrian 0.0 0 0.8764031529426575 0.0 113.11761474609375 68.7556381225586 245.552490234375 0.7433844 1.8133266 0.67509663 -8.390589 0.9957611 10.278917 0.19180727005004883 0.35757073760032654
Cyclist 0.0 0 -2.0778229236602783 1058.18017578125 107.46665954589844 1123.6123046875 186.5019073486328 1.761117 1.7419357 0.46529588 11.105826 0.30115774 16.79581 -1.4935964345932007 0.6420630812644958
Car 0.0 0 1.7834107875823975 497.3816833496094 179.4182891845703 579.6295166015625 231.6551513671875 3.858123 1.4232119 1.734711 -2.1407833 1.6437225 22.179401 1.687187671661377 0.9515411853790283
Car 0.0 0 -1.6702215671539307 716.7373046875 154.21888732910156 759.0009155273438 186.1750946044922 3.762192 1.416413 1.5783255 5.914547 0.5907961 33.91217 -1.4975506067276 0.6278359889984131
Car 0.0 0 1.6927069425582886 581.3639526367188 172.6232147216797 622.3361206054688 202.87388610839844 4.1885524 1.527322 1.6956139 -0.4159 1.5160282 38.60226 1.6819334030151367 0.53632652759552
Car 0.0 0 -1.4895987510681152 400.517822265625 156.8915557861328 431.8907470703125 185.0677947998047 3.3114161 1.6274912 1.5627595 -11.66393 0.70584005 43.443436 -1.7518984079360962 0.4187609553337097
Car 0.0 0 1.062019944190979 840.4281005859375 142.9407958984375 920.0382080078125 181.12193298339844 3.7937737 1.5572027 1.5884409 11.631715 0.3375625 31.421267 1.4165635108947754 0.3960095942020416
Car 0.0 0 2.027409553527832 169.98330688476562 138.29861450195312 292.2537536621094 192.99758911132812 4.0883713 1.513322 1.660899 -11.436839 0.5576576 22.021847 1.5484094619750977 0.3836580812931061
Car 0.0 0 -1.0385736227035522 550.0875244140625 167.29408264160156 588.7733764648438 188.16055297851562 3.7841058 1.73955 1.6374161 -3.4845953 1.2764007 62.205647 -1.0945324897766113 0.3526960015296936
