Pedestrian 0.0 0 1.7632248401641846 691.4464111328125 163.598876953125 725.81640625 244.8911895751953 0.6919567 1.7251061 0.623839 2.1067004 1.5290608 15.736584 1.8963063955307007 0.6477349400520325
Pedestrian 0.0 0 0.8449240922927856 734.699462890625 155.2420196533203 782.4635009765625 244.0721893310547 0.80479336 1.7617717 0.56737673 2.990211 1.4128305 14.797993 1.0443079471588135 0.5503833889961243
Pedestrian 0.0 0 -0.04107196629047394 714.716552734375 154.85169982910156 758.8773803710938 249.22152709960938 0.81370956 1.7785344 0.61773044 2.3903718 1.439613 13.954151 0.12858319282531738 0.3727642297744751
Pedestrian 0.0 0 1.639614462852478 199.4355010986328 174.5148162841797 221.66769409179688 223.7234344482422 0.70896095 1.8572382 0.7017109 -15.389347 1.9225149 27.731134 1.1329801082611084 0.2246486246585846
Cyclist 0.0 0 -1.8535280227661133 883.2756958007812 159.8257293701172 919.9257202148438 225.5394744873047 1.6756824 1.6259571 0.42469856 7.4903398 1.3039559 18.7049 -1.4726355075836182 0.5593203902244568
Cyclist 0.0 0 -2.451782703399658 723.5298461914062 160.17132568359375 823.18212890625 266.0606689453125 1.6836816 1.6927347 0.5707871 2.7153635 1.4903487 12.370265 -2.2357025146484375 0.3840034604072571
Cyclist 0.0 0 -0.8233984708786011 216.89576721191406 168.04644775390625 253.73797607421875 211.0587615966797 1.4976548 1.7246567 0.44953212 -15.454262 1.5322471 29.710228 -1.3030487298965454 0.28798234462738037
Cyclist 0.0 0 1.7632248401641846 691.4464111328125 163.598876953125 725.81640625 244.8911895751953 0.6919567 1.7251061 0.623839 2.1067004 1.5290608 15.736584 1.8963063955307007 0.10336152464151382
Car 0.0 0 -1.181605577468872 50.81179428100586 172.0101318359375 451.7115173339844 375.0 4.031315 1.5212959 1.628562 -2.7198117 1.5164309 6.485105 -1.5787180662155151 0.9339799284934998
Car 0.0 0 1.7984485626220703 437.3523254394531 178.35984802246094 477.416015625 204.42333984375 4.1267586 1.5853966 1.6568921 -9.88339 1.9591023 46.844936 1.5905170440673828 0.8538455367088318
Car 0.0 0 -1.6187471151351929 589.3799438476562 170.50631713867188 618.1168823242188 194.73780822753906 4.0839047 1.4978648 1.6570433 -0.47549036 1.353101 46.685635 -1.6289317607879639 0.6439277529716492
Car 0.0 0 1.9220026731491089 273.9744873046875 184.55186462402344 354.9349060058594 233.08726501464844 3.2998967 1.4802647 1.4964379 -9.981858 1.9048223 24.486662 1.5349234342575073 0.33899638056755066
