Car 0.0 0 -1.7351800203323364 689.3323364257812 186.36236572265625 780.8067016601562 252.62155151367188 3.5326195 1.3747711 1.5934056 2.8652616 1.7350866 17.45641 -1.5724925994873047 0.9705662727355957
Car 0.0 0 0.38456544280052185 226.36184692382812 183.372314453125 447.59014892578125 264.11090087890625 4.0172057 1.5695525 1.6388903 -5.657034 1.8031421 15.123907 0.026631593704223633 0.9161413311958313
Car 0.0 0 -0.2358441948890686 748.0960083007812 174.50950622558594 889.1111450195312 228.5081329345703 3.926379 1.6089554 1.7087578 6.364421 1.6630498 22.485687 0.03998422622680664 0.9113132953643799
Car 0.0 0 0.42630648612976074 124.36011505126953 192.5853271484375 401.2459411621094 281.8370666503906 4.174849 1.4468213 1.5976689 -6.0974803 1.822535 12.892274 -0.01547294668853283 0.9001004695892334
Car 0.0 0 0.38675403594970703 305.8525085449219 178.6062774658203 481.6336975097656 244.77203369140625 4.366846 1.7179857 1.6036755 -5.9461102 1.885183 19.916018 0.0966196060180664 0.8579899668693542
Car 0.0 0 -2.5337464809417725 0.0 190.3125 273.9656066894531 308.4226989746094 3.7341282 1.5003066 1.5598217 -7.026492 1.7661493 10.182369 -3.137773275375366 0.8506061434745789
Car 0.0 0 0.720892071723938 0.0 121.6689224243164 194.77438354492188 300.2920227050781 4.0793276 1.6670476 1.6526369 -6.9504375 1.1897073 7.5981684 -0.020013611763715744 0.8415202498435974
Car 0.0 0 -1.731572151184082 633.4314575195312 176.92115783691406 664.6611328125 198.36793518066406 3.8118174 1.4436071 1.6210963 2.7085743 1.7443142 51.298786 -1.6788212060928345 0.830657958984375
Car 0.0 0 0.4638592600822449 274.2280578613281 180.97149658203125 443.5279541015625 250.2216796875 3.5812402 1.5760671 1.6048282 -6.1395516 1.786997 17.68695 0.12974953651428223 0.8260847330093384
Car 0.0 0 -2.2778236865997314 875.766845703125 178.65956115722656 1242.0 375.0 3.7426152 1.5265615 1.5854478 2.8180752 1.5712128 3.598755 -1.6134918928146362 0.8096243143081665
Car 0.0 0 -2.9003679752349854 415.44659423828125 175.52711486816406 510.7818908691406 212.7554931640625 3.8539119 1.5984635 1.7044277 -6.512487 1.7209808 32.041164 -3.1008901596069336 0.7646234631538391
Car 0.0 0 -2.8287832736968994 317.3606872558594 177.80970764160156 457.635986328125 226.8369140625 3.8897595 1.4636102 1.5691494 -6.916441 1.6242106 22.51493 -3.126826524734497 0.7571696043014526
Car 0.0 0 -2.8598592281341553 386.06549072265625 179.08721923828125 496.06744384765625 220.81236267089844 3.7794576 1.5167798 1.5550712 -6.3984513 1.7610967 27.362469 -3.089571952819824 0.7454569935798645
Car 0.0 0 -2.8619143962860107 359.033203125 180.2157440185547 487.9942321777344 225.7397003173828 4.0286427 1.4986498 1.5563442 -6.404235 1.7611086 24.853003 -3.114112377166748 0.6782065629959106
