Pedestrian 0.0 0 3.0410373210906982 382.455322265625 150.44558715820312 419.7394714355469 199.29107666015625 1.3373412 1.8557256 0.54115206 -8.124524 1.0047488 27.911018 2.7577779293060303 0.16802124679088593
Cyclist 0.0 0 3.052177667617798 381.2232666015625 150.611083984375 420.85296630859375 199.67413330078125 1.4297571 1.8633732 0.53786224 -8.1266575 1.018964 27.911451 2.7688519954681396 0.24343210458755493
Car 0.0 0 1.4934858083724976 416.6683654785156 177.96141052246094 453.3244934082031 206.7720184326172 3.7256305 1.4111534 1.588201 -9.309835 1.6952999 38.07129 1.2536554336547852 0.573505163192749
Car 0.0 0 2.305776596069336 17.54259490966797 172.180908203125 134.7976837158203 213.53094482421875 3.783106 1.536373 1.6444882 -21.183996 1.5117216 28.77058 1.6710963249206543 0.3445862829685211
Car 0.0 0 -1.3693532943725586 472.8887634277344 179.43138122558594 499.1858215332031 197.815673828125 4.1411524 1.6922204 1.7225205 -12.008262 2.3499112 70.009735 -1.539223074913025 0.22638389468193054
Car 0.0 0 1.666799545288086 909.8699951171875 170.36917114257812 952.0292358398438 203.53712463378906 3.6496572 1.5467027 1.5604335 15.841178 1.4311872 35.616863 2.0852925777435303 0.20428350567817688
Car 0.0 0 -0.7521626353263855 1139.9462890625 172.3874969482422 1242.0 204.08984375 4.4176207 1.464695 1.5895923 27.869167 1.4434999 34.279728 -0.06954940408468246 0.1954527199268341
Car 0.0 0 1.9306652545928955 219.970703125 197.29624938964844 282.8158874511719 229.341064453125 4.231123 1.518601 1.716973 -19.684404 2.938919 39.723797 1.470598578453064 0.19062069058418274
Car 0.0 0 -1.6167058944702148 915.4517822265625 157.0498046875 951.2704467773438 187.51234436035156 3.7958806 1.6176646 1.6481135 18.01176 0.77876633 40.38115 -1.1971467733383179 0.17859883606433868
Car 0.0 0 1.3538365364074707 629.090576171875 174.8368682861328 666.5509643554688 200.45387268066406 3.8325145 1.573871 1.6249514 2.3692706 1.70804 46.665115 1.4045647382736206 0.16945788264274597
