Pedestrian 0.0 0 1.2582855224609375 866.5709838867188 152.69297790527344 895.639404296875 203.42874145507812 1.2395543 1.6691192 0.56238794 9.098576 1.0062143 24.366362 1.6156591176986694 0.23718780279159546
Pedestrian 0.0 0 0.30811506509780884 745.5838012695312 171.217529296875 759.7092895507812 198.29945373535156 0.81103927 1.8457168 0.5954686 9.7831135 1.7345436 49.628548 0.5027463436126709 0.20073248445987701
Cyclist 0.0 0 1.2582855224609375 866.5709838867188 152.69297790527344 895.639404296875 203.42874145507812 1.2395543 1.6691192 0.56238794 9.098576 1.0062143 24.366362 1.6156591176986694 0.13831616938114166
Car 0.0 0 2.060866355895996 229.62759399414062 182.7170867919922 312.51190185546875 217.11843872070312 4.293597 1.4552482 1.7082571 -15.873808 1.949835 33.963856 1.6236587762832642 0.9487294554710388
Car 0.0 0 1.8511579036712646 388.6442565917969 179.21192932128906 421.0076904296875 198.48385620117188 3.804674 1.4601085 1.5021013 -16.425756 1.9868132 57.825436 1.5743905305862427 0.627295196056366
Car 0.0 0 1.9508116245269775 260.2185974121094 172.4513397216797 316.783935546875 199.46743774414062 4.4523063 1.6442457 1.7809162 -20.516405 1.6200964 46.16975 1.532650351524353 0.6011180877685547
Car 0.0 0 1.9206875562667847 425.5558166503906 178.4818878173828 461.0821838378906 197.8905792236328 3.7579527 1.4543357 1.5491756 -13.186464 1.9158424 57.16017 1.6939609050750732 0.544336199760437
Car 0.0 0 2.2908213138580322 0.0 167.38563537597656 109.04120635986328 224.4279327392578 4.0350585 1.8623971 1.5546187 -20.083395 1.6842165 25.612268 1.6258312463760376 0.5319487452507019
Car 0.0 0 -2.449591636657715 100.84834289550781 182.54873657226562 195.55023193359375 214.30926513671875 3.8712642 1.5318623 1.6537514 -23.362638 2.036904 36.501255 -3.0189404487609863 0.3248369097709656
Car 0.0 0 -0.9563048481941223 1056.191162109375 188.44956970214844 1135.4609375 216.54043579101562 4.0544877 1.5029061 1.8159714 28.183292 2.443252 41.915565 -0.36435556411743164 0.21610262989997864
