Pedestrian 0.0 0 -0.8027141690254211 468.85943603515625 173.16000366210938 490.7408447265625 214.33633422851562 0.6859223 1.7987965 0.6653433 -5.812644 1.8129237 31.994678 -0.9824293851852417 0.3032371699810028
Car 0.0 0 -1.8912169933319092 737.519287109375 174.63204956054688 1032.299560546875 357.7086486816406 3.8522024 1.404328 1.5660965 2.4124558 1.4279457 7.502832 -1.5801182985305786 0.9649073481559753
Car 0.0 0 -1.7863993644714355 660.8118286132812 165.96505737304688 748.6968994140625 231.9443817138672 4.0149593 1.6561121 1.5842046 2.4857633 1.4835544 20.180582 -1.6638407707214355 0.9628864526748657
Car 0.0 0 3.8082103729248047 0.0 191.0191192626953 184.20899963378906 289.47015380859375 3.5585203 1.401343 1.537977 -8.973053 1.706473 11.328304 3.138310432434082 0.9477242827415466
Car 0.0 0 -1.4846291542053223 477.5014953613281 172.508544921875 544.0228881835938 230.22181701660156 3.7838132 1.5432187 1.6140178 -2.8768234 1.5343393 21.219614 -1.619381308555603 0.9315462112426758
Car 0.0 0 -1.6730142831802368 648.2531127929688 171.4645233154297 703.4398803710938 213.97402954101562 3.8009515 1.4308755 1.5979433 2.274912 1.3844633 26.197012 -1.5863929986953735 0.7720247507095337
Car 0.0 0 -1.5464868545532227 497.5257568359375 170.23977661132812 546.0264282226562 217.4893035888672 3.9874077 1.5914634 1.6273787 -3.2168224 1.503769 26.363377 -1.6679052114486694 0.7710911631584167
Car 0.0 0 -1.4518687725067139 528.0819702148438 174.2875518798828 568.73876953125 207.20787048339844 3.4858131 1.5164291 1.5726771 -2.9912136 1.5901552 35.156578 -1.5367469787597656 0.6886858940124512
Car 0.0 0 -1.6729589700698853 638.8255615234375 164.71739196777344 679.5555419921875 201.70570373535156 4.015449 1.7875901 1.6657552 2.4230924 1.3947176 36.904953 -1.6073954105377197 0.2689264416694641
Car 0.0 0 -1.2484544515609741 317.4986267089844 170.4149169921875 354.0837097167969 192.0416717529297 3.8056228 1.7226868 1.698885 -22.552286 1.5287585 59.407192 -1.6112712621688843 0.2636346220970154
