Pedestrian 0.0 0 2.3844871520996094 765.3448486328125 143.7252655029297 794.79736328125 186.779296875 1.1730188 1.8751936 0.60952294 7.4992747 0.60686624 31.981731 2.614812135696411 0.3014049828052521
Pedestrian 0.0 0 -3.1809892654418945 698.49755859375 153.88807678222656 712.0968627929688 182.2404022216797 0.8236539 1.7711749 0.6328375 5.964377 0.5867273 45.42446 -3.0504329204559326 0.29643622040748596
Pedestrian 0.0 0 2.83567476272583 710.1019897460938 158.00338745117188 727.1387329101562 189.117431640625 0.83594817 1.832772 0.6770928 6.421656 0.9583546 42.89929 2.9842629432678223 0.25273606181144714
Cyclist 0.0 0 1.0004420280456543 758.7169799804688 143.08349609375 787.076904296875 179.7617950439453 1.6187539 1.7961415 0.60790974 8.121628 0.33863336 36.195595 1.221167802810669 0.33221760392189026
Cyclist 0.0 0 -0.07255211472511292 926.6181030273438 138.05999755859375 962.4046020507812 179.4311981201172 1.3651431 1.7643563 0.63309395 14.460719 0.2808557 31.305447 0.36017298698425293 0.2814454436302185
Cyclist 0.0 0 2.360962390899658 766.2976684570312 141.4065704345703 797.3314819335938 183.49278259277344 1.3096327 1.8328855 0.58215004 7.5847425 0.46368533 32.010338 2.593618392944336 0.2603875994682312
Car 0.0 0 1.8772377967834473 352.1545104980469 184.4267120361328 405.9985656738281 212.51690673828125 4.6117067 1.5369551 1.7960434 -13.929251 2.275046 43.685673 1.5685768127441406 0.8478274941444397
Car 0.0 0 0.8062450885772705 903.859619140625 152.68963623046875 995.7094116210938 186.91146850585938 4.201982 1.567052 1.5885507 16.467598 0.6440629 35.282043 1.242933750152588 0.4095660150051117
Car 0.0 0 1.0033748149871826 812.3264770507812 156.89500427246094 888.4641723632812 190.97323608398438 3.7367477 1.4408867 1.4646395 10.701778 0.7664707 32.49642 1.321510672569275 0.3247418701648712
Car 0.0 0 -1.4912995100021362 669.1978149414062 164.9017791748047 690.5245361328125 182.9229278564453 3.7957702 1.5631006 1.6057478 6.259222 0.87370765 64.590454 -1.3946948051452637 0.32445985078811646
Car 0.0 0 -0.9528822898864746 301.83563232421875 177.2898406982422 343.9018249511719 195.18243408203125 3.7430732 1.523848 1.6247166 -25.623981 1.9328436 64.45585 -1.3312689065933228 0.30229711532592773
Car 0.0 0 2.076139211654663 318.25592041015625 188.3018341064453 367.5329895019531 210.4022979736328 4.3655386 1.5924083 1.7929882 -21.237005 2.8726475 57.48495 1.7222554683685303 0.2762191593647003
Car 0.0 0 -1.4771138429641724 684.1701049804688 152.09188842773438 717.06298828125 178.89215087890625 4.2683716 1.6637855 1.738444 5.922978 0.37521243 47.062996 -1.3519198894500732 0.2741093635559082
Car 0.0 0 -1.5535094738006592 1001.8034057617188 159.3868865966797 1025.3800048828125 178.7667236328125 3.6297872 1.5070516 1.595191 32.481323 0.46015477 58.07656 -1.0435659885406494 0.25602516531944275
Car 0.0 0 -2.0386946201324463 1007.2940063476562 177.38674926757812 1066.5750732421875 202.59230041503906 3.8713548 1.5331948 1.727224 27.4553 1.838729 46.588917 -1.506172776222229 0.24500200152397156
Car 0.0 0 1.7095513343811035 685.8380737304688 167.18490600585938 711.2386474609375 186.61500549316406 4.075898 1.6634747 1.6888586 7.8584375 1.1784822 63.9573 1.8318085670471191 0.2437703013420105
