Pedestrian 0.0 0 0.5574542880058289 177.96388244628906 162.963134765625 242.1191864013672 269.8462219238281 0.75500476 1.7200395 0.5400679 -6.5992904 1.3630664 11.852925 0.04943227767944336 0.16686612367630005
Pedestrian 0.0 0 -2.295064926147461 33.827884674072266 152.9561309814453 124.65241241455078 297.595947265625 0.73174274 1.795114 0.61637694 -6.8754067 1.3958739 9.295484 -2.9319090843200684 0.14557652175426483
Pedestrian 0.0 0 -0.43762892484664917 1173.8726806640625 137.8163604736328 1241.0 286.41943359375 0.71937245 1.7593867 0.5819185 7.511406 1.1993332 8.881952 0.2643594741821289 0.12978911399841309
Pedestrian 0.0 0 -0.3436236083507538 778.6202392578125 181.59158325195312 799.0001831054688 217.9941864013672 0.7892787 1.7517837 0.6441356 8.766666 1.5785134 34.948444 -0.09784916043281555 0.10641094297170639
Cyclist 0.0 0 0.6465834379196167 159.85586547851562 157.12457275390625 245.94085693359375 272.6269226074219 1.1297463 1.8400081 0.54567236 -6.6824045 1.393634 11.792241 0.1310257911682129 0.11221084743738174
Cyclist 0.0 0 1.492098331451416 626.191162109375 181.30747985839844 639.74462890625 214.04641723632812 1.5530849 1.6059068 0.5560803 1.2254429 1.4153326 36.045647 1.5260822772979736 0.10186029225587845
Car 0.0 0 -1.542017936706543 717.0022583007812 174.61068725585938 759.0447998046875 208.5731201171875 3.456662 1.410289 1.7279972 5.7573028 0.9710472 31.716368 -1.3624485731124878 0.9332258701324463
Car 0.0 0 -1.4629656076431274 699.6533203125 173.59376525878906 726.2581176757812 194.2904510498047 3.5285718 1.4461498 1.5399382 7.637802 0.6352156 52.12615 -1.3174755573272705 0.6758809685707092
Car 0.0 0 1.736753225326538 463.49005126953125 169.07965087890625 516.4004516601562 208.4751434326172 3.5272527 1.4730135 1.5186105 -4.6672883 0.87081164 28.641506 1.5752177238464355 0.2427949756383896
Car 0.0 0 1.5938200950622559 606.3672485351562 177.12518310546875 638.5076904296875 206.51731872558594 3.938435 1.458041 1.5949975 0.781955 1.0578297 37.658367 1.61458158493042 0.1582602560520172
Car 0.0 0 1.8309249877929688 551.4978637695312 182.40823364257812 597.0669555664062 211.2393798828125 3.8249815 1.5138873 1.5895001 -1.8274349 1.3676023 39.780186 1.7850189208984375 0.10967522859573364
