Pedestrian 0.0 0 1.6995086669921875 505.6921691894531 150.0861358642578 532.4725952148438 207.40887451171875 1.141919 1.8325994 0.73219585 -3.0134828 1.1050718 23.63636 1.5726993083953857 0.24073781073093414
Pedestrian 0.0 0 -1.2176225185394287 1110.9183349609375 133.9711151123047 1148.5103759765625 208.0475311279297 0.56599057 1.8933592 0.6418643 13.538241 0.8998883 18.863836 -0.595127522945404 0.20777514576911926
Pedestrian 0.0 0 -1.1409319639205933 903.1887817382812 158.73001098632812 924.5134887695312 199.16966247558594 0.75909436 1.8191903 0.63981235 13.836775 1.1841762 32.94822 -0.7433421015739441 0.17329202592372894
Pedestrian 0.0 0 -1.647489070892334 902.6279296875 168.5072021484375 921.60498046875 213.4402313232422 0.65660393 1.8051727 0.6636946 12.264158 1.6308995 29.40056 -1.2522944211959839 0.16761070489883423
Pedestrian 0.0 0 -1.1447237730026245 265.8642272949219 189.86134338378906 351.2550048828125 348.7619323730469 0.63459986 1.6428738 0.6557797 -3.3186276 1.8360729 7.852766 -1.5445650815963745 0.15113799273967743
Cyclist 0.0 0 -1.94990873336792 1050.3773193359375 189.71002197265625 1095.752197265625 257.45556640625 1.5408057 1.6584394 0.45612437 12.030993 2.1180892 18.85817 -1.382035255432129 0.16847483813762665
Car 0.0 0 -1.747018814086914 853.767822265625 184.12442016601562 957.9424438476562 252.69903564453125 4.446915 1.4162838 1.606356 7.167246 1.7345124 18.007915 -1.3682332038879395 0.9653148055076599
Car 0.0 0 -2.4271819591522217 177.99560546875 166.8924102783203 472.0008239746094 298.1962585449219 3.7815135 1.6418605 1.6734736 -4.1420627 1.5676728 10.433678 -2.8050906658172607 0.8800312280654907
Car 0.0 0 -1.676242709159851 812.4081420898438 171.94309997558594 858.6317138671875 210.4561004638672 3.7428498 1.7087532 1.6830667 10.527582 1.6686965 34.009506 -1.376049280166626 0.77476966381073
Car 0.0 0 -2.8824288845062256 608.9495239257812 163.13282775878906 697.054443359375 199.7223663330078 4.041501 1.7336797 1.7054375 2.0962317 1.273431 35.626736 -2.823657989501953 0.45179179310798645
Car 0.0 0 0.3166215717792511 635.2935791015625 173.72836303710938 688.6715087890625 195.46060180664062 3.694982 1.5945046 1.6429495 3.9033082 1.6626949 54.51377 0.38810181617736816 0.33689162135124207
Car 0.0 0 1.5149726867675781 860.7171020507812 163.88986206054688 895.11962890625 192.01153564453125 3.737491 1.5637622 1.669742 15.569944 1.0656512 42.151333 1.8688089847564697 0.1520814299583435
