Pedestrian 0.0 0 -1.5723992586135864 353.61822509765625 139.5089569091797 376.3906555175781 196.09840393066406 1.1227832 1.8325031 0.7018109 -8.198218 0.7530676 24.0073 -1.901471495628357 0.6824465394020081
Pedestrian 0.0 0 -3.3736166954040527 1036.2518310546875 90.04859161376953 1136.365478515625 242.91842651367188 0.9221925 1.8086485 0.6053665 5.8413734 0.82931095 8.974757 -2.7966322898864746 0.5590581297874451
Pedestrian 0.0 0 0.8305747509002686 99.41484832763672 114.73368835449219 154.88336181640625 212.62672424316406 0.6723931 1.8189093 0.576973 -9.256118 0.7393578 13.763599 0.2385396957397461 0.4111250042915344
Pedestrian 0.0 0 -1.8582864999771118 1182.27294921875 82.3284912109375 1242.0 233.51556396484375 0.5107477 1.7819194 0.66557443 7.475927 0.7153264 8.868881 -1.15790593624115 0.3507887125015259
Pedestrian 0.0 0 2.160626173019409 242.33511352539062 142.80189514160156 283.2861633300781 201.2718048095703 0.9388694 1.7472119 0.7313888 -10.657652 0.84954536 22.0743 1.7108263969421387 0.32775551080703735
Cyclist 0.0 0 2.209381341934204 1065.5703125 94.49485778808594 1139.466552734375 174.62493896484375 1.6796253 1.828317 0.54617107 11.553772 0.04076545 16.994583 2.806455612182617 0.3096582889556885
Cyclist 0.0 0 -2.326570749282837 1033.99951171875 89.52596282958984 1138.33349609375 244.1320343017578 0.913066 1.8165104 0.6265842 5.845039 0.8378236 8.979769 -1.7495547533035278 0.13592764735221863
Car 0.0 0 1.8524354696273804 307.1407470703125 190.57948303222656 476.8783264160156 296.4209289550781 4.4569426 1.4974121 1.7470284 -3.7738016 1.8765136 13.183537 1.5736396312713623 0.9605592489242554
Car 0.0 0 1.7708173990249634 428.62933349609375 176.5912628173828 510.6580810546875 241.3941192626953 4.017112 1.7183441 1.6117321 -4.0925355 1.8399031 21.379786 1.5816844701766968 0.935306966304779
Car 0.0 0 -1.5080674886703491 562.3773193359375 164.91847229003906 582.4531860351562 183.38487243652344 3.7575355 1.6602474 1.6244974 -3.4704816 0.94715035 66.75551 -1.5600086450576782 0.628267765045166
Car 0.0 0 -2.821154832839966 467.1946716308594 162.9985809326172 522.3173217773438 183.19276428222656 4.0291166 1.5744473 1.6019281 -9.170202 0.80642414 57.367535 -2.979663848876953 0.4363735616207123
Car 0.0 0 -1.1989376544952393 627.1328125 165.94650268554688 661.111572265625 185.4129180908203 4.229447 1.7361156 1.7158438 3.1691544 1.1204268 66.6285 -1.1514089107513428 0.3298579454421997
Car 0.0 0 -1.897093653678894 467.7362365722656 160.73670959472656 510.01251220703125 186.0550537109375 3.951577 1.6211965 1.6039677 -8.18199 0.8456543 48.318916 -2.064835548400879 0.3196300268173218
Car 0.0 0 -1.5568779706954956 513.9537963867188 170.8612823486328 531.2898559570312 187.6771240234375 3.773519 1.5872191 1.6209472 -8.4785795 1.3994869 70.06418 -1.6773040294647217 0.3165784478187561
Car 0.0 0 -1.3698879480361938 734.0330810546875 157.07151794433594 773.4578247070312 182.7385711669922 3.8324642 1.4980742 1.6376988 8.811683 0.5772774 44.194084 -1.1730828285217285 0.3066611886024475
