Pedestrian 0.0 0 -1.44648277759552 396.78021240234375 151.714599609375 420.7287902832031 206.60682678222656 0.7768628 1.8129604 0.68629146 -6.8058314 1.1151338 24.26306 -1.7199567556381226 0.5685673952102661
Pedestrian 0.0 0 -1.6686547994613647 817.08154296875 147.08274841308594 834.4552612304688 188.96461486816406 0.77880543 1.7588805 0.6347128 9.147429 0.67694294 30.74177 -1.3794407844543457 0.4474320411682129
Pedestrian 0.0 0 -2.2333250045776367 1021.1826782226562 94.06560516357422 1151.480224609375 230.1715545654297 1.6819903 1.6758395 0.53819126 6.306219 0.70609504 9.742779 -1.6588705778121948 0.11174097657203674
Cyclist 0.0 0 -1.905256748199463 1172.0003662109375 101.10316467285156 1242.0 220.3673095703125 1.7348384 1.6637782 0.4862027 9.108589 0.66318583 10.9605055 -1.211875081062317 0.5016977190971375
Cyclist 0.0 0 -2.1950621604919434 1002.271728515625 78.36116790771484 1119.6533203125 209.75462341308594 1.664922 1.7053088 0.5255724 6.2643323 0.4792779 10.211447 -1.6448030471801758 0.49090826511383057
Cyclist 0.0 0 -1.9960427284240723 935.0645141601562 111.31885528564453 1014.5300903320312 221.80799865722656 1.7421999 1.7815284 0.5507754 6.226503 0.7896925 12.511912 -1.5342800617218018 0.42648160457611084
Car 0.0 0 -1.8519002199172974 720.6070556640625 177.9566192626953 941.59619140625 318.9595947265625 4.2050686 1.4765384 1.6495752 2.637792 1.561365 9.823892 -1.589579701423645 0.975524365901947
Car 0.0 0 -1.3904544115066528 417.1579895019531 181.90933227539062 519.6480712890625 257.74322509765625 4.037423 1.5437691 1.6833721 -3.2804384 1.7853802 17.195032 -1.5789674520492554 0.960846483707428
Car 0.0 0 -1.7369651794433594 680.8590087890625 178.83766174316406 775.9359741210938 247.95469665527344 4.251686 1.493133 1.6298636 2.780955 1.6612636 18.091345 -1.5844416618347168 0.9439956545829773
Car 0.0 0 -1.7062145471572876 654.6104125976562 178.36595153808594 712.752685546875 222.76190185546875 3.6895118 1.4716784 1.6041876 2.564486 1.6869361 26.2547 -1.6088461875915527 0.8697580695152283
Car 0.0 0 -2.2239341735839844 840.6405639648438 194.5193634033203 1242.0 375.0 4.2125406 1.490397 1.6395243 2.6997082 1.6679884 3.7687314 -1.602323055267334 0.8673461079597473
Car 0.0 0 1.769218921661377 472.7984313964844 184.7045440673828 541.0377197265625 230.98419189453125 4.3614144 1.5147531 1.6942135 -3.7976913 1.9948509 26.98035 1.6293799877166748 0.8649621605873108
Car 0.0 0 -1.6785742044448853 634.3426513671875 177.029541015625 672.9605712890625 208.7218475341797 3.5425966 1.5077279 1.5742339 2.1311078 1.730418 36.608276 -1.620426058769226 0.6410794258117676
