Pedestrian 0.0 0 0.2215760201215744 484.0496826171875 156.340087890625 511.5945129394531 211.2114715576172 0.8035976 1.836142 0.64379793 -3.767185 0.8710184 24.39966 0.0683906078338623 0.2524356245994568
Car 0.0 0 -0.9899367094039917 0.0 197.81382751464844 297.5665283203125 376.0 3.8978853 1.4224329 1.5885878 -4.3994026 1.5697013 6.367653 -1.5945281982421875 0.9198827743530273
Car 0.0 0 -1.222639560699463 261.3644104003906 183.8798065185547 417.87042236328125 272.4192810058594 3.9489646 1.5210677 1.644678 -5.177274 1.499249 14.321361 -1.5695286989212036 0.8906969428062439
Car 0.0 0 -1.5939445495605469 575.5739135742188 174.68328857421875 615.166015625 212.49537658691406 3.8543963 1.6051773 1.6830978 -0.6442475 1.1591932 32.474266 -1.6137806177139282 0.8733586668968201
Car 0.0 0 -1.0002624988555908 58.594512939453125 173.83641052246094 258.8551940917969 253.60130310058594 3.7971432 1.3797681 1.5655869 -8.7509 1.1840609 14.34689 -1.547966718673706 0.8147469758987427
Car 0.0 0 -1.1499695777893066 299.29437255859375 167.22923278808594 394.4639892578125 219.52084350585938 3.5542386 1.5715013 1.5998329 -8.4332485 1.0320917 23.432037 -1.495438814163208 0.4498904049396515
Car 0.0 0 -1.120870590209961 193.75759887695312 182.5335693359375 296.938232421875 230.25914001464844 3.7623272 1.4603446 1.5766562 -11.948515 1.3794057 23.884306 -1.5847312211990356 0.3495662212371826
Car 0.0 0 1.3606581687927246 495.6213073730469 170.76824951171875 538.2951049804688 201.7157745361328 3.9775267 1.6874455 1.6322536 -5.2972293 0.9008155 41.339397 1.2332127094268799 0.30045774579048157
Car 0.0 0 1.652622103691101 214.9561767578125 209.73153686523438 290.70855712890625 271.50653076171875 3.4913673 1.4025186 1.5817086 -9.696756 2.1426094 19.750061 1.1962217092514038 0.26206010580062866
Car 0.0 0 1.8079789876937866 29.871700286865234 181.03778076171875 85.75907135009766 211.1727752685547 3.852726 1.587098 1.606258 -30.507193 1.3681941 39.94235 1.1557164192199707 0.23487448692321777
