Pedestrian 0.0 0 -1.708528757095337 226.62391662597656 137.4160919189453 263.61578369140625 207.25015258789062 1.0001005 1.7951953 0.744622 -9.748138 0.88456583 19.168642 -2.178989887237549 0.5934812426567078
Pedestrian 0.0 0 -2.5399093627929688 263.1463623046875 179.61878967285156 325.3541259765625 271.299560546875 1.0782938 1.829461 0.49277958 -6.5171885 1.9716965 14.787927 -2.9550108909606934 0.43360817432403564
Pedestrian 0.0 0 2.6994268894195557 630.7122192382812 167.4840545654297 646.8296508789062 202.28831481933594 0.63322824 1.8668818 0.7032167 1.5229452 1.5791986 39.1478 2.738309621810913 0.2894894778728485
Pedestrian 0.0 0 -0.07527139782905579 357.5732421875 174.5264129638672 382.408203125 236.70428466796875 0.61101735 1.6991872 0.62789285 -6.752406 1.7471904 20.145187 -0.3986893892288208 0.2862251400947571
Pedestrian 0.0 0 3.1129045486450195 408.3909912109375 178.8431396484375 428.0767517089844 228.6772003173828 0.667326 1.7594593 0.51938 -6.9301815 1.9776736 25.899162 2.8514466285705566 0.2749658226966858
Car 0.0 0 3.306410789489746 284.12042236328125 173.2730255126953 418.4120788574219 221.35647583007812 4.557591 1.7332001 1.7226385 -9.708982 1.7501262 27.276754 2.9644508361816406 0.9514542818069458
Car 0.0 0 -1.5354893207550049 479.2425231933594 182.03578186035156 515.6452026367188 216.1302032470703 3.3894937 1.4600705 1.5594441 -5.240807 1.9109888 33.628414 -1.690090298652649 0.914834201335907
Car 0.0 0 2.379465103149414 0.0 199.06016540527344 254.97427368164062 375.0 4.1475663 1.558602 1.6807173 -3.503877 1.7532717 3.2633371 1.5585368871688843 0.7664218544960022
Car 0.0 0 1.596400499343872 491.32598876953125 179.9411163330078 522.4378662109375 210.01808166503906 4.049043 1.5415646 1.6091818 -5.717641 1.9562391 40.074642 1.4546821117401123 0.7539915442466736
Car 0.0 0 1.521285891532898 422.5745849609375 167.21124267578125 456.8109130859375 196.57083129882812 4.1766562 1.5830598 1.6861042 -9.788494 1.2791618 41.143017 1.2877143621444702 0.3875230550765991
Car 0.0 0 -2.680628538131714 411.68475341796875 181.24754333496094 473.9811706542969 204.6020965576172 3.7727404 1.508809 1.6159229 -11.301192 2.0900662 48.711643 -2.908597469329834 0.21803312003612518
