Car 0.0 0 -1.777719497680664 701.1676635742188 180.0781707763672 849.2186889648438 282.2698974609375 4.3055468 1.497496 1.6787024 2.7110493 1.6499028 13.029361 -1.572574257850647 0.9755503535270691
Car 0.0 0 -0.286291241645813 798.1188354492188 176.76705932617188 959.8380737304688 239.70091247558594 3.461853 1.4823524 1.6330996 6.570505 1.5855262 18.031523 0.06314516067504883 0.9385583996772766
Car 0.0 0 -0.17143689095973969 673.8862915039062 172.99169921875 745.9983520507812 202.6236572265625 3.9063444 1.6830204 1.7575428 5.734297 1.6915634 41.935215 -0.035537924617528915 0.8811362981796265
Car 0.0 0 3.5905933380126953 13.179391860961914 166.72157287597656 301.744873046875 263.55902099609375 3.759486 1.4745293 1.5223011 -7.349282 1.3815095 11.934323 3.0386295318603516 0.8627499938011169
Car 0.0 0 0.7563973665237427 0.0 177.30029296875 298.363037109375 303.7451477050781 4.0378103 1.5063881 1.5762764 -6.5917234 1.573822 9.776622 0.16317462921142578 0.8400346040725708
Car 0.0 0 -2.3363921642303467 0.0 166.46958923339844 151.219970703125 320.34039306640625 3.841711 1.4242145 1.5562042 -7.239959 1.3654789 7.5288267 -3.102233409881592 0.8360552787780762
Car 0.0 0 0.2574218809604645 201.96914672851562 174.82498168945312 438.7183532714844 256.3544006347656 4.105175 1.5035537 1.6239338 -5.6615434 1.5461147 14.400672 -0.11716055870056152 0.8353919982910156
Car 0.0 0 3.339160442352295 347.6653747558594 173.8391571044922 483.0103454589844 219.50750732421875 4.216525 1.4921767 1.5755512 -6.578258 1.5272957 24.5345 3.0771992206573486 0.7398317456245422
Car 0.0 0 3.904106855392456 0.0 211.8202667236328 164.24024963378906 375.0 4.1655893 1.4364928 1.5621414 -5.837423 1.7666572 5.1480956 3.056042194366455 0.7233032584190369
Car 0.0 0 -0.2686261534690857 709.6920166015625 171.95314025878906 796.3030395507812 207.6945343017578 3.505224 1.5551077 1.598136 6.3258686 1.5162692 32.32008 -0.07534392178058624 0.6405782103538513
Car 0.0 0 -0.26513582468032837 720.4296264648438 171.74501037597656 822.5039672851562 208.50169372558594 3.864117 1.4800705 1.5153377 6.603152 1.4357725 29.900272 -0.047785237431526184 0.5634173154830933
Car 0.0 0 3.2742581367492676 427.6808776855469 171.04306030273438 527.6946411132812 210.34706115722656 4.1423645 1.6773258 1.6527092 -5.792484 1.6004006 31.714146 3.0936026573181152 0.5374128818511963
