Pedestrian 0.0 0 -1.1848349571228027 312.94635009765625 156.97825622558594 340.6715087890625 200.26614379882812 1.7258627 1.7469927 0.45950124 -11.696652 0.6085305 29.87327 -1.5580291748046875 0.15832723677158356
Pedestrian 0.0 0 0.4729796051979065 493.7633056640625 147.47483825683594 532.904296875 191.73561096191406 1.4783419 1.7786841 0.59690523 -3.899888 0.26314396 29.41306 0.3411581516265869 0.11552561819553375
Cyclist 0.0 0 0.40554845333099365 492.3089599609375 147.12855529785156 532.4569091796875 191.23204040527344 1.5031667 1.7744108 0.62886655 -3.9382234 0.2431867 29.42298 0.2724907398223877 0.6728065609931946
Cyclist 0.0 0 1.0452725887298584 856.453369140625 127.22772216796875 899.259521484375 177.866943359375 1.7678567 1.764665 0.66178703 9.798059 -0.27665707 26.242626 1.4026083946228027 0.4973047375679016
Cyclist 0.0 0 -1.1420912742614746 313.40802001953125 156.60374450683594 342.4890441894531 199.9640655517578 1.7103168 1.7546574 0.46227333 -11.67984 0.5979519 29.953001 -1.5138943195343018 0.4897022843360901
Car 0.0 0 -1.628890872001648 569.0772705078125 174.9633331298828 613.156982421875 212.0355682373047 3.484942 1.3963637 1.5576036 -0.75696427 1.0113293 28.874537 -1.6551004648208618 0.9324384331703186
Car 0.0 0 -1.721519112586975 640.6755981445312 170.635498046875 680.6045532226562 201.15138244628906 3.635179 1.5606785 1.6033639 2.764401 0.8161324 38.636158 -1.650091290473938 0.8649608492851257
Car 0.0 0 2.436885356903076 764.2215576171875 155.71629333496094 832.5164794921875 187.3633575439453 3.345101 1.643904 1.5629014 10.250911 0.11269148 38.763824 2.6954126358032227 0.7762404084205627
Car 0.0 0 0.9691920280456543 787.4359741210938 149.1198272705078 871.1472778320312 186.66549682617188 4.222271 1.6569757 1.6753231 10.339231 0.06511463 33.986427 1.2645126581192017 0.6820601224899292
Car 0.0 0 -1.5853418111801147 612.4036865234375 166.45558166503906 629.9296264648438 183.93226623535156 3.8304417 1.5920678 1.5896419 1.2324086 -0.12313788 67.681404 -1.5671348571777344 0.6236386299133301
Car 0.0 0 -1.9675058126449585 544.043212890625 170.8813934326172 597.202392578125 199.3370819091797 3.6771774 1.511571 1.6709026 -2.1530156 0.7512615 40.200897 -2.0210111141204834 0.6133491396903992
Car 0.0 0 -1.5729284286499023 695.1783447265625 155.78359985351562 720.737060546875 180.9860382080078 3.391953 1.5022076 1.5334413 6.2722497 -0.27549964 45.22706 -1.4351238012313843 0.6120927929878235
Car 0.0 0 1.991655707359314 155.31854248046875 157.8743438720703 219.15023803710938 186.19212341308594 3.2490475 1.3201066 1.5024441 -20.552778 0.04664989 35.203335 1.4632104635238647 0.5307599306106567
Car 0.0 0 2.3666188716888428 408.5712585449219 163.18142700195312 468.10784912109375 186.93421936035156 4.133001 1.6200699 1.6830462 -12.038826 0.11834385 51.222004 2.1357762813568115 0.3769778907299042
