Pedestrian 0.0 0 2.76103138923645 319.7619934082031 171.804443359375 339.0997619628906 201.7348175048828 0.9994266 1.8124213 0.4863182 -16.660406 1.2260613 44.01286 2.399165153503418 0.26266855001449585
Pedestrian 0.0 0 0.3035117983818054 699.0795288085938 161.78651428222656 729.1697998046875 215.39097595214844 0.9160563 1.8335404 0.53982747 3.9017925 1.160313 25.01273 0.45825695991516113 0.129529669880867
Cyclist 0.0 0 -0.5331752896308899 322.47723388671875 172.77032470703125 341.4100646972656 201.123291015625 0.96160585 1.7215211 0.5154204 -16.556623 1.1922258 44.14893 -0.8919613361358643 0.11218976229429245
Car 0.0 0 -0.803544282913208 431.88604736328125 174.5625457763672 525.6741943359375 215.88111877441406 3.505176 1.4807938 1.5609231 -4.671853 1.2332186 27.62864 -0.9710543155670166 0.9626132249832153
Car 0.0 0 2.02553653717041 327.56591796875 177.68939208984375 390.8404846191406 206.4134063720703 4.0692344 1.4417399 1.5569457 -12.792718 1.2513521 38.17173 1.702164649963379 0.7805424928665161
Car 0.0 0 -1.2917585372924805 568.2770385742188 170.09349060058594 605.7861328125 194.02255249023438 3.6554384 1.5023907 1.509763 -0.89382595 0.78695446 47.058533 -1.310750126838684 0.5098689198493958
Car 0.0 0 -0.1474788635969162 655.5423583984375 174.71266174316406 718.9853515625 198.71128845214844 3.7680542 1.4812857 1.5830894 5.3722773 1.0630825 45.18182 -0.029130998998880386 0.2311386615037918
Car 0.0 0 -1.3923776149749756 595.7755126953125 169.98057556152344 623.3096923828125 189.7493896484375 3.7148159 1.5120159 1.5482434 0.69758904 0.63150996 56.90967 -1.3801203966140747 0.14594948291778564
Car 0.0 0 0.9281711578369141 94.2945327758789 187.42108154296875 171.18031311035156 214.4962615966797 4.0302687 1.48485 1.6286662 -27.064379 1.8395754 41.483807 0.35010480880737305 0.129024937748909
Car 0.0 0 -1.5901991128921509 183.4921112060547 177.2059783935547 225.77525329589844 211.28981018066406 4.0516872 1.5059828 1.6581796 -18.778599 1.3172033 33.90527 -2.0959970951080322 0.1274465173482895
