Pedestrian 0.0 0 -1.8832793235778809 779.39697265625 148.50868225097656 801.4326782226562 192.00289916992188 0.6968573 1.7253408 0.6764638 7.2023973 0.759962 28.99033 -1.639768123626709 0.5871285796165466
Pedestrian 0.0 0 1.3172907829284668 675.8924560546875 154.91896057128906 686.6083984375 183.33450317382812 1.0113782 1.8656448 0.46822426 4.6968923 0.68846315 47.90627 1.4150217771530151 0.5233449339866638
Pedestrian 0.0 0 -2.0360267162323 979.69970703125 111.31767272949219 1025.0672607421875 191.33990478515625 0.7839176 1.7617304 0.61119026 8.794051 0.4073344 16.283213 -1.5408403873443604 0.3942742943763733
Pedestrian 0.0 0 -2.452786684036255 884.7871704101562 126.9135513305664 932.2738037109375 200.3116912841797 0.94559443 1.809704 0.60614717 7.5345826 0.67735463 18.347385 -2.063122510910034 0.34465333819389343
Cyclist 0.0 0 2.1390304565429688 43.97017288208008 156.49746704101562 88.16136169433594 197.5130615234375 2.0304697 1.81773 0.6206912 -24.895273 1.0931985 33.010696 1.4928737878799438 0.5524599552154541
Cyclist 0.0 0 1.2026487588882446 809.0779418945312 131.3702392578125 836.9688110351562 177.2745819091797 1.5624413 1.7763667 0.5352077 8.422858 0.17142218 28.719378 1.4879302978515625 0.35351255536079407
Cyclist 0.0 0 1.1543126106262207 788.5 142.44908142089844 811.9354858398438 180.63502502441406 1.4856075 1.8189372 0.54733413 9.216006 0.37099656 35.14367 1.410775899887085 0.26735642552375793
Cyclist 0.0 0 1.3172907829284668 675.8924560546875 154.91896057128906 686.6083984375 183.33450317382812 1.0113782 1.8656448 0.46822426 4.6968923 0.68846315 47.90627 1.4150217771530151 0.26535922288894653
Cyclist 0.0 0 -2.452786684036255 884.7871704101562 126.9135513305664 932.2738037109375 200.3116912841797 0.94559443 1.809704 0.60614717 7.5345826 0.67735463 18.347385 -2.063122510910034 0.13229495286941528
Car 0.0 0 -3.0863585472106934 589.8336791992188 164.39878845214844 633.548828125 181.97471618652344 3.8174396 1.5457531 1.6221503 0.15156895 0.80249935 64.37405 -3.0840041637420654 0.6734976172447205
Car 0.0 0 -1.7093076705932617 745.999267578125 173.98870849609375 790.9205932617188 207.1630096435547 3.357459 1.4124194 1.5209281 7.0588455 1.466718 32.566578 -1.4958583116531372 0.6229920387268066
Car 0.0 0 1.7620762586593628 414.6933288574219 179.35243225097656 441.03900146484375 196.5303497314453 4.0241175 1.4744045 1.5856075 -16.52551 2.0835047 65.53435 1.5150604248046875 0.363613098859787
Car 0.0 0 2.0044310092926025 335.5536804199219 179.24365234375 382.74188232421875 205.89431762695312 4.1193576 1.8279685 1.6768799 -18.26645 2.3134263 52.64314 1.6704435348510742 0.2986920177936554
Car 0.0 0 -1.0738942623138428 284.1675720214844 173.00462341308594 328.5137023925781 191.78311157226562 4.1480575 1.5193075 1.6538357 -25.447538 1.532754 60.55462 -1.4717271327972412 0.2730550467967987
