Pedestrian 0.0 0 1.456847906112671 762.3036499023438 121.74723052978516 800.1005859375 221.04763793945312 0.6527856 1.7494203 0.59279996 3.0398774 0.8494068 13.067062 1.685418963432312 0.3381328582763672
Pedestrian 0.0 0 1.120061993598938 677.57275390625 132.86822509765625 711.21337890625 191.9802703857422 1.2471336 1.8891346 0.615371 2.7211127 0.6116055 23.74675 1.2341532707214355 0.29727983474731445
Pedestrian 0.0 0 -2.6199803352355957 399.9868469238281 156.02976989746094 421.06170654296875 205.1797637939453 0.53522944 1.937645 0.70023274 -8.014315 1.2747397 28.84806 -2.890958309173584 0.27892637252807617
Pedestrian 0.0 0 -0.14732712507247925 404.2252502441406 176.77598571777344 427.1285705566406 234.49368286132812 0.5954487 1.7692983 0.70010716 -6.140696 1.8949909 22.615368 -0.4124622046947479 0.20674079656600952
Cyclist 0.0 0 1.120061993598938 677.57275390625 132.86822509765625 711.21337890625 191.9802703857422 1.2471336 1.8891346 0.615371 2.7211127 0.6116055 23.74675 1.2341532707214355 0.22421227395534515
Car 0.0 0 -1.8629895448684692 730.488037109375 180.54171752929688 919.388916015625 316.03875732421875 3.4771326 1.5878601 1.6079334 2.824441 1.717938 10.412369 -1.5981053113937378 0.9700593948364258
Car 0.0 0 -1.3722079992294312 367.1383361816406 193.93179321289062 467.7131652832031 268.63519287109375 3.6279233 1.4236026 1.5451672 -4.364898 1.9646336 16.650076 -1.6285934448242188 0.9674082398414612
Car 0.0 0 -1.701092004776001 668.4263305664062 181.35804748535156 737.8394775390625 240.2296142578125 3.166784 1.515703 1.5504467 2.5390885 1.777882 20.62246 -1.5785861015319824 0.9599534273147583
Car 0.0 0 1.6961874961853027 498.4380798339844 181.7497100830078 535.1669921875 214.57223510742188 3.7500312 1.6768527 1.5515301 -5.122997 2.19051 39.754177 1.5680269002914429 0.8497067093849182
Car 0.0 0 -1.4066216945648193 443.26873779296875 182.9412078857422 507.52142333984375 233.93414306640625 3.9475472 1.6166971 1.6184534 -4.740924 2.0034597 25.648312 -1.5894020795822144 0.8400806188583374
Car 0.0 0 -1.690162181854248 640.7796630859375 178.69371032714844 679.8727416992188 210.43707275390625 3.500094 1.4962578 1.5551075 2.4589531 1.8061455 36.45373 -1.6228101253509521 0.7603134512901306
Car 0.0 0 -1.8071990013122559 716.9963989257812 178.7539520263672 770.2327270507812 213.92514038085938 3.5033023 1.4690562 1.5721228 5.921503 1.750092 32.5297 -1.6271368265151978 0.21125207841396332
