Pedestrian 0.0 0 1.216424584388733 706.5780639648438 146.8386688232422 725.7311401367188 183.6628875732422 0.83198446 1.8226436 0.7045811 5.2826743 0.53535265 36.190483 1.3613694906234741 0.6015774011611938
Pedestrian 0.0 0 -0.36282533407211304 792.1658325195312 134.8765411376953 830.3280639648438 198.49205017089844 0.87079257 1.7434833 0.5902288 5.5544915 0.70300937 20.106525 -0.0932944267988205 0.5329177975654602
Pedestrian 0.0 0 -1.8636101484298706 910.9596557617188 94.82527923583984 973.0274047851562 211.22523498535156 1.6403526 1.7573178 0.4531135 5.311079 0.5796574 11.733368 -1.4385567903518677 0.178946852684021
Cyclist 0.0 0 -1.8636101484298706 910.9596557617188 94.82527923583984 973.0274047851562 211.22523498535156 1.6403526 1.7573178 0.4531135 5.311079 0.5796574 11.733368 -1.4385567903518677 0.4801478981971741
Car 0.0 0 -1.8653829097747803 711.9954223632812 188.80197143554688 889.3234252929688 307.26947021484375 3.7020984 1.4246695 1.5515965 2.6535468 1.7118062 11.078149 -1.6302825212478638 0.9737728238105774
Car 0.0 0 -1.387905240058899 393.24969482421875 190.35984802246094 521.1895141601562 289.7287292480469 3.9939709 1.4944901 1.6249069 -2.7467883 1.8728708 13.567796 -1.5876545906066895 0.9677402973175049
Car 0.0 0 -2.039968967437744 807.6400756835938 199.34873962402344 1242.0 375.0 3.7525983 1.5027746 1.5839155 2.8722205 1.7870284 5.8427787 -1.5830762386322021 0.9620349407196045
Car 0.0 0 -1.824458122253418 686.489501953125 165.9930877685547 807.6784057617188 252.24240112304688 3.8051732 1.645947 1.6507046 2.7846022 1.5153738 15.728196 -1.6492286920547485 0.9500223398208618
Car 0.0 0 -1.669657826423645 645.609130859375 180.3453826904297 686.5374145507812 213.84625244140625 3.828809 1.4573914 1.5508449 2.5639818 1.8327482 34.183086 -1.5947906970977783 0.9127486348152161
Car 0.0 0 1.687496304512024 497.2396545410156 182.86631774902344 561.8430786132812 230.88034057617188 4.218121 1.4324905 1.6974026 -2.6854932 1.802517 24.521952 1.578417181968689 0.9075043201446533
Car 0.0 0 1.66585373878479 557.942138671875 180.017333984375 586.485107421875 202.44894409179688 3.9798546 1.4840821 1.6481642 -2.6636488 2.0113752 51.050205 1.6137239933013916 0.7604594230651855
Car 0.0 0 1.5053603649139404 663.2261352539062 161.4584503173828 683.2683715820312 179.52455139160156 3.9041486 1.5937233 1.5587279 5.7048616 0.58880943 65.61685 1.592084288597107 0.7441359162330627
Car 0.0 0 -1.98468816280365 508.7379455566406 169.3804931640625 541.3480834960938 187.51536560058594 3.6622376 1.6193125 1.6441469 -7.866481 1.3095124 66.42047 -2.1025736331939697 0.5395976305007935
