Pedestrian 0.0 0 1.7566678524017334 529.71630859375 170.6812744140625 537.1577758789062 192.65121459960938 1.0246819 1.9361109 0.4772752 -6.8215075 1.7449963 64.112816 1.6506681442260742 0.15980152785778046
Cyclist 0.0 0 0.8617027997970581 1029.48291015625 187.45298767089844 1083.32861328125 240.5393829345703 1.9561849 1.818917 0.51489 16.182058 2.3714068 26.279373 1.4136375188827515 0.3918170928955078
Cyclist 0.0 0 1.1640095710754395 1202.0367431640625 196.53553771972656 1242.0 265.05841064453125 1.7621365 1.7248882 0.5069385 16.8608 2.4023302 19.71029 1.8716483116149902 0.24185100197792053
Cyclist 0.0 0 1.5063328742980957 409.83648681640625 178.49002075195312 423.9373474121094 210.4005126953125 1.7921708 1.7049088 0.6352558 -10.704727 2.0238602 39.833874 1.2438011169433594 0.1808650940656662
Cyclist 0.0 0 -2.180152177810669 846.2755737304688 176.50645446777344 875.9043579101562 209.76646423339844 1.885869 1.7930295 0.5773887 13.902194 2.0013661 40.097404 -1.846410870552063 0.1789867877960205
Cyclist 0.0 0 1.5116077661514282 430.95196533203125 176.08908081054688 448.30670166015625 212.481689453125 1.6302104 1.7310357 0.7298625 -8.396462 1.8939201 35.36076 1.278473973274231 0.16857196390628815
Cyclist 0.0 0 -1.0777274370193481 879.3613891601562 178.44891357421875 908.3511352539062 213.6773681640625 1.7356668 1.8211902 0.6981525 15.072942 2.1256597 38.388794 -0.7035827040672302 0.14532911777496338
Car 0.0 0 -1.5975375175476074 583.4240112304688 184.36964416503906 616.4078979492188 211.72718811035156 3.6557932 1.2954966 1.6115878 -0.6032607 1.9255632 37.592297 -1.6135835647583008 0.9088805913925171
Car 0.0 0 1.9449819326400757 298.61737060546875 182.51797485351562 350.3084716796875 210.41123962402344 3.5892794 1.45817 1.5079855 -16.100924 2.028514 40.75772 1.5687588453292847 0.8818058967590332
Car 0.0 0 -1.4939277172088623 534.861328125 181.49099731445312 563.9512939453125 204.2891082763672 3.7766137 1.3526992 1.5701131 -3.8682644 1.9280313 46.137215 -1.5775747299194336 0.8520694971084595
Car 0.0 0 2.1726207733154297 248.88565063476562 186.41648864746094 304.864013671875 212.3628387451172 3.2397227 1.4172883 1.4441718 -19.795914 2.2568586 42.92558 1.74051833152771 0.2572394013404846
Car 0.0 0 1.6793211698532104 618.8414306640625 188.064453125 642.1068725585938 207.205810546875 3.659407 1.5269983 1.6308005 1.7804586 2.886339 62.539387 1.7077828645706177 0.1771627962589264
Car 0.0 0 1.1310584545135498 1084.783203125 198.8613739013672 1170.44384765625 236.42616271972656 4.0502996 1.5225459 1.7458111 24.488384 2.839115 34.36526 1.7501850128173828 0.16673113405704498
Car 0.0 0 1.8494970798492432 334.5354309082031 183.63943481445312 370.8251953125 205.483642578125 3.8616457 1.527814 1.5763671 -19.375458 2.3708034 54.39178 1.507291555404663 0.16661342978477478
Car 0.0 0 3.32956600189209 256.3084716796875 160.7783660888672 324.450439453125 183.66712951660156 4.142714 1.5643781 1.5883299 -22.365925 0.73940265 50.55501 2.913043737411499 0.15782727301120758
Car 0.0 0 1.0525579452514648 957.91796875 196.1280975341797 1048.4166259765625 234.3285369873047 3.865924 1.4202931 1.73224 16.81767 2.4886956 31.155912 1.5475291013717651 0.1522931456565857
Car 0.0 0 1.2436535358428955 1106.0970458984375 161.30397033691406 1204.4371337890625 205.87742614746094 4.1343064 1.5824454 1.7778374 20.856 1.1727545 27.85422 1.8863577842712402 0.1506764441728592
