Pedestrian 0.0 0 3.071768283843994 456.5320739746094 171.64915466308594 471.6721496582031 198.8697967529297 0.9818568 1.8423227 0.46853536 -9.6057825 1.2446009 48.20415 2.8750720024108887 0.610521674156189
Pedestrian 0.0 0 -0.1500074863433838 584.7984008789062 169.62649536132812 599.2186889648438 195.17369079589844 0.93973744 1.7783375 0.5421261 -0.9086814 1.0227343 49.558594 -0.16834092140197754 0.5535996556282043
Pedestrian 0.0 0 -2.756051540374756 1068.460205078125 175.8996124267578 1224.0 370.0 1.1292607 1.7046633 0.67225397 4.3770847 1.674463 5.557068 -2.0888798236846924 0.4339802861213684
Pedestrian 0.0 0 0.2702205777168274 458.3280029296875 172.32205200195312 475.3009338378906 198.62139892578125 1.042431 1.8198246 0.5862763 -9.62039 1.2552415 49.25291 0.07732295989990234 0.3037765920162201
Cyclist 0.0 0 -0.1111588403582573 622.3460083007812 169.05885314941406 649.64306640625 196.04238891601562 1.8254478 1.8433394 0.55179465 2.1307068 1.0630631 48.632767 -0.06737467646598816 0.9139636754989624
Cyclist 0.0 0 -1.057760238647461 399.5055847167969 178.3777618408203 421.8887634277344 210.25892639160156 1.6906148 1.6878351 0.3916847 -10.523559 1.5768912 38.294792 -1.3259440660476685 0.579799234867096
Cyclist 0.0 0 -0.2521948218345642 567.3045043945312 168.7845001220703 591.3681640625 192.05239868164062 1.6349415 1.6660901 0.6279848 -1.8521637 0.82849294 51.15661 -0.2883847653865814 0.3650189936161041
Cyclist 0.0 0 -1.9845714569091797 1007.3639526367188 145.07350158691406 1058.0330810546875 213.94544982910156 1.5939602 1.7483397 0.5520336 11.291076 0.85061705 18.769386 -1.442999243736267 0.1976061463356018
Car 0.0 0 -1.520401120185852 530.7332153320312 176.36280822753906 559.2620849609375 200.47703552246094 3.7327704 1.4223081 1.5687534 -3.6652522 1.1796583 43.589878 -1.6042886972427368 0.8602678179740906
Car 0.0 0 -0.5180949568748474 879.93017578125 150.50404357910156 994.78466796875 186.9649200439453 4.0973763 1.4724444 1.5691923 13.794914 0.26257443 29.495707 -0.08062592148780823 0.6872037053108215
Car 0.0 0 -2.6359055042266846 210.8735809326172 172.18533325195312 271.8477783203125 189.26943969726562 4.321475 1.414832 1.6078306 -30.514576 0.72745967 59.420895 -3.110320568084717 0.1971362829208374
Car 0.0 0 1.5269432067871094 805.7095336914062 154.84478759765625 842.7831420898438 188.9293670654297 4.206174 1.7059355 1.6896279 11.599932 0.42332035 37.631107 1.8259549140930176 0.18205180764198303
