Pedestrian 0.0 0 -2.4766430854797363 1173.944091796875 86.86354064941406 1241.0 225.61346435546875 0.6778949 1.781317 0.6051453 8.104807 0.519771 9.618723 -1.7764564752578735 0.3712267577648163
Pedestrian 0.0 0 -0.5346546173095703 689.2945556640625 156.80572509765625 709.6619873046875 192.66305541992188 0.69152504 1.6874496 0.7229561 4.340498 0.35160485 34.294785 -0.40875959396362305 0.3697721064090729
Pedestrian 0.0 0 -0.3830806314945221 915.8121337890625 106.38375091552734 964.2916870117188 192.32005310058594 0.74539924 1.7563491 0.6052698 6.880235 0.14632876 15.007785 0.046773433685302734 0.3499690890312195
Pedestrian 0.0 0 1.0819787979125977 1004.7925415039062 103.3940658569336 1057.5650634765625 202.22706604003906 0.8232447 1.7100595 0.48070344 7.508871 0.29547024 12.855109 1.610636830329895 0.3189806044101715
Cyclist 0.0 0 0.09735564142465591 536.6126098632812 173.3073272705078 552.5781860351562 193.02224731445312 1.4700453 1.8794364 0.6238955 -6.0517964 0.7453336 68.84433 0.00967550277709961 0.4423321485519409
Car 0.0 0 -1.599306344985962 574.0739135742188 181.26260375976562 604.7296752929688 209.27401733398438 3.7646143 1.5234777 1.6332263 -1.1142952 1.3096086 41.018005 -1.6264656782150269 0.8961653709411621
Car 0.0 0 -1.3988218307495117 435.0941467285156 189.36355590820312 506.8631896972656 239.0502166748047 4.2776074 1.4615357 1.6043657 -4.4346642 1.6115514 23.649616 -1.5841845273971558 0.884880781173706
Car 0.0 0 -1.4729535579681396 482.7142333984375 181.7045440673828 522.2720336914062 214.1799774169922 3.3982055 1.4864004 1.5627621 -5.0568886 1.3268255 34.63229 -1.6179454326629639 0.6654040813446045
Car 0.0 0 1.5278105735778809 651.9085083007812 164.87979125976562 674.5028686523438 187.0921630859375 4.407913 1.8107911 1.711738 4.645116 0.15410492 60.829773 1.6040252447128296 0.5021793246269226
Car 0.0 0 -1.0285365581512451 23.951562881469727 187.88963317871094 256.42828369140625 291.5046081542969 3.9149847 1.5667177 1.6995808 -8.150652 1.6233444 12.941544 -1.5905839204788208 0.4855765700340271
Car 0.0 0 -0.716716468334198 0.0 199.13990783691406 57.4634895324707 316.5859069824219 4.129044 1.4611427 1.5889007 -11.381665 1.7273359 11.561196 -1.4942896366119385 0.4848898649215698
Car 0.0 0 -1.2414674758911133 679.7693481445312 154.71234130859375 724.5000610351562 181.554443359375 3.8799467 1.5907874 1.6267128 5.9625072 -0.2401541 45.271065 -1.1105144023895264 0.42318785190582275
Car 0.0 0 1.51176917552948 704.2462768554688 160.4679412841797 735.80029296875 187.683349609375 3.7337902 1.4835168 1.55665 6.351292 0.13564332 41.113037 1.665041208267212 0.4001847803592682
Car 0.0 0 -1.1343461275100708 647.113525390625 168.22959899902344 679.482177734375 185.92869567871094 3.7895136 1.6307586 1.616074 5.297452 0.066824555 68.27738 -1.0569140911102295 0.3495538830757141
