Cyclist 0.0 0 -2.0621283054351807 932.7586059570312 167.78672790527344 959.000732421875 205.65321350097656 1.5604261 1.7489138 0.43822905 15.8285 1.515233 34.113834 -1.6277008056640625 0.1173979789018631
Car 0.0 0 1.9037764072418213 291.4638671875 184.40151977539062 347.47216796875 214.40101623535156 3.8139172 1.4352881 1.5726678 -15.246163 2.074261 37.957424 1.5218355655670166 0.7524951696395874
Car 0.0 0 -1.0855066776275635 229.00425720214844 190.64208984375 293.0110778808594 220.0903778076172 3.5864756 1.4110221 1.592717 -18.624374 2.40768 38.58967 -1.535158634185791 0.5898982286453247
Car 0.0 0 -2.864182233810425 744.0776977539062 175.91270446777344 795.857666015625 197.10394287109375 3.3689342 1.4770343 1.519545 11.536703 1.7048329 52.181293 -2.6465935707092285 0.1871027946472168
Car 0.0 0 -1.441322922706604 454.7798767089844 182.2509307861328 492.7673034667969 211.9144287109375 3.4318511 1.4521244 1.547043 -7.200927 1.9727585 38.189266 -1.6276936531066895 0.15648216009140015
Car 0.0 0 1.7322323322296143 322.9144287109375 183.5274200439453 351.67352294921875 201.52239990234375 4.1747975 1.4535847 1.7061262 -23.835945 2.4205172 63.123913 1.371179223060608 0.12654034793376923
Car 0.0 0 1.9632441997528076 290.3033142089844 188.56011962890625 326.172119140625 206.3072509765625 3.689574 1.4456455 1.6454722 -26.69615 2.8770065 63.889885 1.567448377609253 0.12074146419763565
Car 0.0 0 2.020981550216675 398.0675048828125 184.78550720214844 453.58575439453125 214.76583862304688 3.9695926 1.6348271 1.6532601 -10.97521 2.383359 43.13193 1.7718126773834229 0.11728806793689728
Car 0.0 0 1.6346137523651123 915.05615234375 175.3749237060547 946.7888793945312 200.5249786376953 3.9731555 1.5287516 1.6168457 20.646254 1.6987591 46.419052 2.0531179904937744 0.1150805726647377
Car 0.0 0 3.412836790084839 351.5978698730469 173.13426208496094 462.0999755859375 212.55906677246094 3.9023232 1.5113893 1.6532913 -8.004227 1.5231417 28.501537 3.1390540599823 0.11338664591312408
Car 0.0 0 1.2773232460021973 721.1541137695312 174.2701873779297 751.4754028320312 193.2894287109375 3.6270702 1.4714446 1.4061048 10.091201 1.5893192 57.98584 1.4496263265609741 0.11124200373888016
Car 0.0 0 -2.7490782737731934 292.247314453125 175.5093231201172 431.93084716796875 225.62466430664062 3.877888 1.5265096 1.6561501 -7.888845 1.6150916 23.023022 -3.079190492630005 0.10250099748373032
Car 0.0 0 0.4881637394428253 128.43206787109375 185.0802001953125 339.8988952636719 259.3511962890625 3.7022336 1.4716626 1.5371068 -7.9339833 1.7454093 15.34275 0.010917186737060547 0.10176555812358856
