Pedestrian 0.0 0 1.3853893280029297 883.230712890625 144.48898315429688 900.4205322265625 180.76136779785156 0.91007376 1.8084705 0.6516158 14.205855 0.3946041 36.479134 1.756745457649231 0.2369345724582672
Pedestrian 0.0 0 2.0160794258117676 1131.0264892578125 100.2513656616211 1242.0 375.0 0.93203557 1.8333555 0.60169756 4.2765326 1.3613889 5.160061 2.7081220149993896 0.20079830288887024
Cyclist 0.0 0 1.0007407665252686 1119.1937255859375 102.27141571044922 1242.0 375.0 1.4934244 1.8846908 0.56723595 4.324713 1.4556005 5.1639767 1.6979197263717651 0.44721707701683044
Cyclist 0.0 0 -1.8382816314697266 823.2664794921875 141.06475830078125 853.5693969726562 181.95098876953125 1.7835625 1.7552445 0.8311316 10.033596 0.3908912 31.87955 -1.5333622694015503 0.25623148679733276
Cyclist 0.0 0 0.010708197951316833 764.739013671875 141.56495666503906 799.2371826171875 181.28146362304688 1.5612832 1.8376226 0.696719 8.0426855 0.39028385 33.908073 0.24359536170959473 0.21120014786720276
Car 0.0 0 1.8705847263336182 402.1636657714844 181.4511260986328 443.59674072265625 203.01658630371094 4.4995837 1.483972 1.7373112 -13.906198 2.1521728 53.759987 1.617461085319519 0.7919695377349854
Car 0.0 0 0.8360363245010376 693.6062622070312 162.04132080078125 750.0807495117188 184.18023681640625 4.3511243 1.5695333 1.6305987 8.1994915 0.80332935 53.41585 0.9883503913879395 0.3815949857234955
Car 0.0 0 1.3846170902252197 678.8540649414062 167.7508544921875 705.822265625 187.46322631835938 4.4145784 1.7742436 1.7019266 7.6105356 1.3152848 67.20417 1.4973816871643066 0.37722522020339966
Car 0.0 0 1.4991732835769653 868.9807739257812 153.34449768066406 905.1807861328125 180.67428588867188 4.2535276 1.5188833 1.6744927 16.182737 0.43497938 42.375484 1.8639700412750244 0.3616613745689392
Car 0.0 0 -0.11630143225193024 667.62646484375 180.20123291015625 766.8615112304688 220.843994140625 3.5780442 1.4852991 1.589424 3.9889617 1.7744566 27.515034 0.027669429779052734 0.2577955424785614
Car 0.0 0 2.2290098667144775 307.7153015136719 170.00564575195312 354.3826904296875 189.17648315429688 4.4148684 1.7350073 1.7473487 -26.118275 1.4775828 67.663216 1.8606268167495728 0.2216947376728058
