Pedestrian 0.0 0 3.2407827377319336 401.8008728027344 176.81109619140625 425.9900817871094 220.07098388671875 0.95209855 1.8550996 0.7203072 -8.582488 2.0303476 31.452524 2.9743967056274414 0.54654461145401
Pedestrian 0.0 0 -2.2001333236694336 355.7259826660156 135.56480407714844 391.0406188964844 196.01388549804688 0.88743114 1.8582681 0.6594378 -7.4923043 0.71231705 22.70471 -2.5188708305358887 0.4813021719455719
Pedestrian 0.0 0 1.6572461128234863 263.7605895996094 144.5084686279297 293.90045166015625 206.2288360595703 1.0822585 1.8706276 0.7658485 -10.363061 1.0118861 22.504461 1.2257037162780762 0.28752583265304565
Pedestrian 0.0 0 -0.9542760848999023 180.79949951171875 144.1656494140625 227.32643127441406 196.42535400390625 1.7282425 1.7299759 0.48332667 -13.953321 0.7806507 24.76709 -1.4673349857330322 0.13134470582008362
Cyclist 0.0 0 -0.9877460598945618 180.11412048339844 143.78724670410156 228.98133850097656 196.93482971191406 1.8610843 1.753037 0.5246848 -13.919492 0.7946472 24.743416 -1.5001760721206665 0.6254271268844604
Cyclist 0.0 0 1.9936718940734863 337.19451904296875 157.76243591308594 365.6495056152344 200.14309692382812 1.5302123 1.757731 0.56355286 -11.032183 1.1321687 30.707628 1.6487668752670288 0.32914307713508606
Car 0.0 0 -1.2874338626861572 342.6822204589844 158.9906005859375 420.5474548339844 209.5836639404297 3.4391642 1.5636114 1.5708636 -7.559375 1.135512 24.03283 -1.592179536819458 0.3943088948726654
Car 0.0 0 0.31891506910324097 634.9573364257812 167.68421936035156 691.423583984375 188.9185028076172 4.025873 1.5927068 1.6619961 4.077036 1.2052982 55.654236 0.3920409679412842 0.38526642322540283
Car 0.0 0 1.7462940216064453 464.39520263671875 175.18048095703125 493.89080810546875 197.5278778076172 3.602152 1.6020635 1.564964 -9.766345 1.7820477 53.90315 1.5670552253723145 0.3702743947505951
Car 0.0 0 1.2952897548675537 869.1797485351562 157.05311584472656 905.7322998046875 177.3781280517578 4.1778307 1.5751177 1.6655524 22.25179 0.35096318 58.069485 1.6612234115600586 0.3656759560108185
Car 0.0 0 -3.2028496265411377 749.6435546875 155.83590698242188 819.6649780273438 183.34295654296875 3.7405968 1.5081887 1.6378813 9.759971 0.5754591 40.689205 -2.96743106842041 0.35731223225593567
Car 0.0 0 -1.8344109058380127 366.0946960449219 167.93096923828125 419.54266357421875 200.7052001953125 3.5025256 1.5101047 1.6305703 -10.661354 1.2836292 35.16012 -2.128821849822998 0.29753348231315613
