Pedestrian 0.0 0 -3.1182212829589844 621.0985717773438 147.18939208984375 645.6536254882812 194.53858947753906 0.94134086 1.8209686 0.79622453 0.8763983 0.8343098 28.169495 -3.0871198177337646 0.45096009969711304
Pedestrian 0.0 0 -0.11227692663669586 704.3761596679688 138.98658752441406 731.3063354492188 189.07687377929688 0.9488255 1.8900411 0.65572876 4.07112 0.6124903 27.566774 0.034345388412475586 0.42813870310783386
Pedestrian 0.0 0 1.4161871671676636 611.3483276367188 138.85791015625 631.4759521484375 183.2529296875 1.6499293 1.8079072 0.5928948 0.4261223 0.4238354 30.238935 1.4302780628204346 0.10905920714139938
Cyclist 0.0 0 1.1982548236846924 601.2383422851562 147.5497589111328 625.7318115234375 187.0150146484375 1.6341021 1.7428528 0.55104584 0.10695998 0.62573236 32.723003 1.2015234231948853 0.6542831659317017
Cyclist 0.0 0 1.4161871671676636 611.3483276367188 138.85791015625 631.4759521484375 183.2529296875 1.6499293 1.8079072 0.5928948 0.4261223 0.4238354 30.238935 1.4302780628204346 0.4706785976886749
Cyclist 0.0 0 1.6203316450119019 276.5443115234375 129.68032836914062 299.7241516113281 187.57119750976562 1.8734583 1.9633726 0.65799344 -11.3870945 0.49949265 25.460526 1.1997710466384888 0.3747977614402771
Cyclist 0.0 0 -0.13567157089710236 704.72900390625 138.51683044433594 733.3564453125 189.56414794921875 1.000873 1.9267644 0.6543949 4.116549 0.6310769 27.564915 0.012573003768920898 0.10936987400054932
Car 0.0 0 -0.958034098148346 646.388427734375 194.26535034179688 748.3314819335938 242.84524536132812 3.716023 1.4287505 1.6489273 3.0231867 2.2240193 24.852873 -0.8369854688644409 0.7733842134475708
Car 0.0 0 -3.83420467376709 1175.6873779296875 200.82943725585938 1242.0 339.033935546875 4.124552 1.4931253 1.566478 9.968898 1.8930123 9.258413 -3.011871576309204 0.5929502844810486
Car 0.0 0 1.3754301071166992 599.3842163085938 159.0366668701172 640.9345703125 187.5760955810547 3.8043342 1.5424585 1.645435 0.4931947 0.7960372 41.01419 1.3874545097351074 0.5733240246772766
Car 0.0 0 -2.726465940475464 728.8078002929688 148.29513549804688 937.730224609375 237.5482177734375 3.993086 1.6977245 1.6765959 4.699659 1.2309365 15.655954 -2.4348409175872803 0.4898187220096588
Car 0.0 0 2.385230541229248 573.983154296875 167.29078674316406 632.0140991210938 190.3047332763672 4.0841537 1.5500137 1.601137 -0.4861098 1.1756829 50.586216 2.3756213188171387 0.48658767342567444
Car 0.0 0 3.1441593170166016 406.24737548828125 160.25535583496094 465.2545471191406 182.49856567382812 4.1186643 1.5822163 1.671784 -12.713231 0.6863992 52.61363 2.9070701599121094 0.4054093062877655
Car 0.0 0 -1.0812654495239258 582.1497192382812 161.18104553222656 626.08837890625 182.40936279296875 4.1399226 1.5846468 1.664702 -0.4385771 0.71364397 56.078472 -1.0890860557556152 0.3916550874710083
Car 0.0 0 1.6471314430236816 577.0773315429688 163.49864196777344 601.1392822265625 183.59536743164062 4.276149 1.5981666 1.6657256 -1.7128924 0.85455114 59.551895 1.61837637424469 0.3638755679130554
Car 0.0 0 1.7293508052825928 506.0510559082031 164.72422790527344 530.887451171875 181.38845825195312 4.0658507 1.4858983 1.6475859 -8.407452 0.76134986 66.393166 1.6033899784088135 0.36259257793426514
