Pedestrian 0.0 0 1.558530330657959 714.5523071289062 146.6854248046875 729.3352661132812 186.12429809570312 0.67012656 1.8609017 0.68754923 5.298229 0.62650937 34.42251 1.7112494707107544 0.5677970051765442
Pedestrian 0.0 0 0.42535412311553955 164.6868438720703 98.24595642089844 236.27008056640625 223.03884887695312 0.76801354 1.8289734 0.5865975 -6.224999 0.7358706 10.900046 -0.09354304522275925 0.4954087734222412
Pedestrian 0.0 0 0.11820590496063232 490.9711608886719 162.8782196044922 508.4148254394531 197.71856689453125 0.85806143 1.8526375 0.6228331 -5.9476895 1.3225327 38.691017 -0.03432287648320198 0.47187507152557373
Pedestrian 0.0 0 -3.1899948120117188 810.7042846679688 126.5687484741211 853.010986328125 199.89877319335938 0.99253005 1.8130906 0.6163585 5.5536113 0.6690421 18.257448 -2.894704580307007 0.44286471605300903
Car 0.0 0 -1.3564633131027222 356.9303283691406 189.5081787109375 509.3009033203125 304.02545166015625 3.954526 1.4615479 1.5678676 -2.729307 1.7795581 11.771802 -1.5842891931533813 0.9792895317077637
Car 0.0 0 -1.9120150804519653 726.789306640625 190.5543670654297 957.5498657226562 332.62530517578125 3.6983635 1.3727729 1.5992754 2.6643026 1.6487775 9.337669 -1.634072184562683 0.9719192981719971
Car 0.0 0 -1.8323519229888916 696.7328491210938 156.0137481689453 831.5765380859375 256.7062683105469 3.6990442 1.6774899 1.5919394 2.754783 1.3972969 13.915803 -1.6369179487228394 0.9630100131034851
Car 0.0 0 1.6773970127105713 485.17291259765625 179.05906677246094 555.9017944335938 233.38433837890625 4.535114 1.5063883 1.7366112 -2.7621005 1.7224903 22.804964 1.5568656921386719 0.9175018072128296
Car 0.0 0 -1.6577240228652954 647.7025146484375 176.240478515625 690.8016357421875 210.48703002929688 3.868089 1.427333 1.5853437 2.5627315 1.588848 32.39367 -1.5787763595581055 0.9038651585578918
Car 0.0 0 -2.2287187576293945 863.0040283203125 207.86380004882812 1242.0 375.0 4.0800467 1.5309328 1.6675138 2.8227353 1.8121248 3.7361453 -1.5816937685012817 0.8627026081085205
Car 0.0 0 1.6727741956710815 555.5543823242188 175.00680541992188 585.0592041015625 198.62405395507812 3.8666854 1.5374143 1.629343 -2.703059 1.6907374 49.295975 1.6179957389831543 0.6170224547386169
Car 0.0 0 1.782967209815979 488.49359130859375 161.75546264648438 521.5164184570312 183.07810974121094 4.341436 1.5854548 1.6543757 -8.107732 0.7605761 55.869465 1.6388540267944336 0.417704313993454
