Pedestrian 0.0 0 1.8922653198242188 715.1445922851562 148.2674102783203 733.9689331054688 189.24302673339844 0.77940565 1.8807915 0.654196 5.3002415 0.7526182 33.612495 2.048664093017578 0.4880398213863373
Pedestrian 0.0 0 -1.9770978689193726 851.4575805664062 119.92395782470703 892.302490234375 207.03323364257812 0.62707597 1.7392685 0.58223355 5.289721 0.682798 14.734719 -1.6324304342269897 0.4566248655319214
Pedestrian 0.0 0 -3.1793699264526367 686.2610473632812 158.46177673339844 698.63232421875 186.17552185058594 0.8122579 1.8681238 0.5684972 5.560794 0.89833236 48.94857 -3.0662500858306885 0.3711136281490326
Pedestrian 0.0 0 -1.3824679851531982 405.4981994628906 145.4493408203125 432.6560974121094 206.45303344726562 0.8584504 1.7501823 0.6216904 -5.635191 0.9643067 21.148506 -1.6428756713867188 0.3459940552711487
Cyclist 0.0 0 -1.403195858001709 318.5697021484375 114.93946838378906 356.051025390625 215.67015075683594 1.7007115 1.8074393 0.3974127 -5.2515306 0.76862025 13.816773 -1.7664159536361694 0.7665279507637024
Cyclist 0.0 0 -1.3824679851531982 405.4981994628906 145.4493408203125 432.6560974121094 206.45303344726562 0.8584504 1.7501823 0.6216904 -5.635191 0.9643067 21.148506 -1.6428756713867188 0.11264682561159134
Car 0.0 0 -1.6749343872070312 664.4969482421875 179.72720336914062 720.5233154296875 224.34274291992188 4.1353307 1.4528275 1.5793933 2.872413 1.7225468 26.202784 -1.5657479763031006 0.922065794467926
Car 0.0 0 1.6853444576263428 476.35845947265625 183.52139282226562 549.4488525390625 241.85317993164062 3.8152456 1.4570026 1.6412401 -2.7282794 1.7910042 20.643562 1.553944706916809 0.906784176826477
Car 0.0 0 -1.5794806480407715 546.909912109375 179.69947814941406 576.6240234375 209.0767822265625 3.367481 1.473541 1.5229324 -2.6425478 1.857906 38.73578 -1.647594928741455 0.8638851046562195
Car 0.0 0 -1.7036843299865723 642.0946044921875 173.02926635742188 679.2833862304688 201.29429626464844 3.526547 1.5377628 1.6516527 2.8079607 1.5485424 41.08806 -1.6354503631591797 0.6378843188285828
Car 0.0 0 -1.4551705121994019 530.0865478515625 165.11990356445312 553.0531005859375 182.31898498535156 4.159656 1.5589328 1.6718234 -6.3872504 0.858268 67.49493 -1.5495225191116333 0.4333459734916687
Car 0.0 0 1.2758142948150635 624.294921875 174.9650115966797 657.913818359375 194.8798065185547 4.161158 1.5770468 1.6400976 2.5136614 1.758939 59.825752 1.3178060054779053 0.4081173539161682
Car 0.0 0 -1.7009122371673584 645.3619995117188 180.1231689453125 686.2697143554688 212.92584228515625 3.84454 1.5368708 1.5743786 2.7435782 1.9261183 36.635586 -1.626163363456726 0.3686921298503876
Car 0.0 0 -0.768401563167572 675.3195190429688 155.0974578857422 738.5625610351562 179.80459594726562 4.0609994 1.5351884 1.6366554 6.2663894 0.43223676 46.693546 -0.6349961757659912 0.3216814398765564
