Pedestrian 0.0 0 -1.1067540645599365 593.277587890625 178.01670837402344 619.7609252929688 232.0123291015625 0.67829597 1.8294228 0.68696034 -0.16233929 2.011848 24.986826 -1.113250970840454 0.21108289062976837
Pedestrian 0.0 0 -1.2746434211730957 705.3973388671875 173.72119140625 728.7446899414062 220.5314178466797 0.84627885 1.7425647 0.6599981 4.027216 1.7764866 27.400364 -1.128711462020874 0.17774954438209534
Pedestrian 0.0 0 0.7494495511054993 142.62498474121094 147.6156768798828 226.39291381835938 277.8467102050781 0.92406243 1.8239158 0.54290247 -6.216992 1.4708049 10.465714 0.21342825889587402 0.15155702829360962
Pedestrian 0.0 0 -1.6923314332962036 757.452392578125 165.0974884033203 770.9414672851562 196.7763214111328 0.6000217 1.7937101 0.68438923 8.763429 1.354881 41.18094 -1.4826561212539673 0.12732449173927307
Pedestrian 0.0 0 -1.3046369552612305 770.20068359375 172.70040893554688 785.3810424804688 204.09503173828125 0.7117649 1.7483137 0.6700252 9.42039 1.7401179 40.650616 -1.076916217803955 0.12673310935497284
Pedestrian 0.0 0 1.7640634775161743 601.7000122070312 182.2468719482422 634.2124633789062 250.226318359375 0.6632728 1.7860473 0.7655216 0.1723211 2.0450919 19.467197 1.7729151248931885 0.12080699950456619
Car 0.0 0 1.7073029279708862 733.2926635742188 178.1060791015625 810.4385986328125 236.8137664794922 3.7022066 1.4494622 1.6145009 4.559731 1.6114764 20.18914 1.929426908493042 0.9669869542121887
Car 0.0 0 -1.7902863025665283 982.4022216796875 157.97511291503906 1148.294921875 264.5990905761719 4.196516 1.6580139 1.6832875 8.194194 1.4270036 13.474638 -1.2439178228378296 0.9280211925506592
Car 0.0 0 -1.5013097524642944 805.5869750976562 167.68540954589844 845.82568359375 201.3839569091797 4.4370337 1.5726016 1.6218649 10.784508 1.3317585 36.03104 -1.2104846239089966 0.9121699929237366
Car 0.0 0 -1.6379786729812622 918.3493041992188 159.19540405273438 964.1152954101562 199.29611206054688 4.2228928 1.7855501 1.6900482 15.68154 1.1777364 34.398712 -1.2102491855621338 0.8693737983703613
Car 0.0 0 -1.4013113975524902 738.2503051757812 153.9125518798828 773.4042358398438 190.74789428710938 4.73326 2.6331577 1.8125117 10.955577 1.279494 54.11026 -1.2015442848205566 0.18424437940120697
Car 0.0 0 -1.4467664957046509 772.5513916015625 159.9794464111328 803.2862548828125 184.81317138671875 4.2716293 1.7810252 1.7214533 13.3368 0.85804576 54.04691 -1.204836368560791 0.12335498631000519
