Pedestrian 0.0 0 -3.167847156524658 809.5396728515625 142.96173095703125 853.806396484375 217.80374145507812 1.0085452 1.7711792 0.57234466 5.310165 1.0641196 17.482605 -2.872962713241577 0.2230762392282486
Pedestrian 0.0 0 0.7135658860206604 258.2537841796875 165.63421630859375 286.98272705078125 222.47744750976562 0.5957932 1.7625364 0.56449896 -10.6681595 1.5390307 22.72241 0.2746150493621826 0.15434888005256653
Pedestrian 0.0 0 1.2861804962158203 829.9920654296875 178.92239379882812 878.5955810546875 280.3872985839844 0.77592766 1.6514695 0.579989 4.0614057 1.7577009 12.187297 1.607855200767517 0.10849075764417648
Cyclist 0.0 0 0.9552118182182312 724.2802124023438 132.1758270263672 778.74609375 197.4405517578125 1.8323973 1.7822332 0.57217723 3.9769645 0.67176163 20.653444 1.1454404592514038 0.11444969475269318
Car 0.0 0 1.920983076095581 32.81449890136719 183.64651489257812 424.68316650390625 375.0 4.5029707 1.3928845 1.6278981 -3.07169 1.5307587 6.8885546 1.5015337467193604 0.9416648745536804
Car 0.0 0 1.7793848514556885 422.1014709472656 159.0365753173828 527.5820922851562 238.86349487304688 4.3391957 1.7314185 1.6817284 -3.2346044 1.4320812 17.840408 1.6000255346298218 0.9066761136054993
Car 0.0 0 1.7470293045043945 333.85968017578125 159.8071746826172 478.6425476074219 277.13116455078125 4.109577 1.691533 1.6820328 -3.3757582 1.5037866 12.52029 1.4836689233779907 0.6139500141143799
Car 0.0 0 -1.3060235977172852 645.4933471679688 162.136962890625 694.4679565429688 193.24484252929688 3.6454337 1.5025666 1.5940641 3.0737793 0.9852725 36.83408 -1.2227671146392822 0.5856868028640747
Car 0.0 0 1.3598533868789673 728.5875854492188 162.78713989257812 795.0623779296875 204.54710388183594 4.198866 1.4594516 1.5987028 5.609673 1.1079872 27.320072 1.5623701810836792 0.19564251601696014
Car 0.0 0 1.3833593130111694 682.224609375 158.9824676513672 710.705078125 179.09707641601562 4.0436363 1.6992152 1.7414776 7.4932017 0.52775085 63.02747 1.5016916990280151 0.11165223270654678
