Pedestrian 0.0 0 -1.9767359495162964 445.98077392578125 168.94009399414062 502.7369384765625 276.86175537109375 0.90252924 1.6832669 0.6027056 -2.1915724 1.5046228 11.56558 -2.164006471633911 0.8040007948875427
Pedestrian 0.0 0 -0.21195822954177856 1006.623291015625 141.91949462890625 1126.670654296875 307.8360900878906 1.0598425 1.8243481 0.6368538 5.30144 1.4018209 8.253737 0.3589904308319092 0.6954700350761414
Pedestrian 0.0 0 -2.1460609436035156 271.1849365234375 177.2850341796875 323.5965270996094 259.05865478515625 0.776424 1.6107494 0.66393113 -6.312094 1.5490522 14.413055 -2.5588431358337402 0.5989364385604858
Pedestrian 0.0 0 -2.5715081691741943 411.2322998046875 168.8284912109375 481.53802490234375 283.2468566894531 0.94176304 1.7059199 0.4965048 -2.4956238 1.5335653 10.929856 -2.7959907054901123 0.5735242962837219
Pedestrian 0.0 0 -1.3978955745697021 788.1712646484375 164.3361053466797 805.5921020507812 195.17141723632812 0.76251245 1.625306 0.7793326 10.243311 0.7747314 37.77352 -1.1330870389938354 0.537031352519989
Pedestrian 0.0 0 -0.1636565923690796 990.533935546875 121.47319793701172 1068.2484130859375 256.04339599609375 0.8636242 1.7966431 0.42187476 5.8110476 1.0102499 9.788312 0.3720970153808594 0.46690574288368225
Pedestrian 0.0 0 2.9078445434570312 508.1547546386719 164.2185821533203 521.788330078125 185.72711181640625 1.0708092 1.8373407 0.52610314 -7.7279286 0.44771573 60.828747 2.781477451324463 0.32071542739868164
Pedestrian 0.0 0 -1.7693870067596436 0.0 188.09951782226562 19.096797943115234 243.6102294921875 0.705087 1.7049719 0.5728242 -18.954617 1.950762 22.275896 -2.474404811859131 0.28792235255241394
Pedestrian 0.0 0 -3.152871608734131 769.9907836914062 156.1209259033203 803.3859252929688 185.98876953125 1.8405291 1.6907638 0.7565887 10.417756 0.3120959 40.605877 -2.901730537414551 0.12059935927391052
Cyclist 0.0 0 1.0515531301498413 874.471923828125 158.06732177734375 904.0575561523438 194.5567169189453 1.7535398 1.6890876 0.4981582 13.487252 0.6521379 33.626865 1.432995080947876 0.562953770160675
Cyclist 0.0 0 -3.10512375831604 769.0684204101562 157.68540954589844 802.0848388671875 186.91290283203125 1.8108183 1.6527973 0.76511663 10.365446 0.36403298 40.601017 -2.8551628589630127 0.42621636390686035
Cyclist 0.0 0 2.9078445434570312 508.1547546386719 164.2185821533203 521.788330078125 185.72711181640625 1.0708092 1.8373407 0.52610314 -7.7279286 0.44771573 60.828747 2.781477451324463 0.11598777770996094
Car 0.0 0 -1.591745138168335 652.0341186523438 167.971435546875 677.654541015625 192.59178161621094 4.072734 1.6081868 1.6495371 4.0498815 0.7911567 48.26314 -1.5080287456512451 0.8519459962844849
Car 0.0 0 -0.7929778695106506 0.0 214.23080444335938 306.41796875 370.0 3.8650305 1.4797134 1.6265764 -3.1508458 1.7357554 3.3728604 -1.544357180595398 0.8462541699409485
Car 0.0 0 1.667805552482605 445.1920471191406 171.58984375 477.1869201660156 197.43495178222656 3.8299417 1.5345033 1.58792 -8.900882 1.0068479 43.96104 1.4680341482162476 0.5072086453437805
