Cyclist 0.0 0 1.9802415370941162 476.2935485839844 178.64015197753906 497.30999755859375 208.88458251953125 1.9459231 1.7626694 0.51722264 -7.4381585 2.1194813 43.44073 1.8106606006622314 0.5994930267333984
Car 0.0 0 2.029770612716675 36.90279006958008 199.44375610351562 394.9688720703125 375.0 3.9645872 1.4284452 1.5896605 -3.7083962 1.7816103 7.5853467 1.5750508308410645 0.9541608095169067
Car 0.0 0 -1.878872275352478 647.9854125976562 177.256591796875 712.2631225585938 217.55545043945312 3.620463 1.5201621 1.5864147 2.7616963 1.7128265 29.576431 -1.7857673168182373 0.937390148639679
Car 0.0 0 -1.9172805547714233 787.2848510742188 178.73146057128906 1057.4306640625 349.2438049316406 3.5286398 1.4493386 1.5390023 3.0905268 1.5296514 8.032898 -1.5500036478042603 0.9370091557502747
Car 0.0 0 -3.2145237922668457 786.8305053710938 175.63829040527344 922.4548950195312 234.1328125 3.7258322 1.6449394 1.6669708 7.189234 1.7338166 21.672415 -2.89422345161438 0.9078354835510254
Car 0.0 0 -2.356491804122925 942.4893188476562 210.78485107421875 1242.0 375.0 3.8049066 1.4401752 1.5944949 2.9763627 1.6962614 2.9570289 -1.5678350925445557 0.7719096541404724
Car 0.0 0 -3.4370646476745605 948.7384643554688 170.39126586914062 1104.4345703125 228.74986267089844 3.5817242 1.5904603 1.588434 11.854979 1.5237008 20.830421 -2.9196617603302 0.7250159382820129
Car 0.0 0 -1.841234803199768 591.026611328125 178.4203338623047 629.9764404296875 204.8822021484375 3.4715078 1.5209553 1.5029912 -0.04191365 1.8762416 44.1312 -1.8421845436096191 0.6861101984977722
Car 0.0 0 2.342183828353882 548.1983642578125 178.858642578125 595.7696533203125 199.06820678710938 3.81777 1.5709903 1.7337286 -3.118885 2.0814574 59.286247 2.2896251678466797 0.5943316221237183
Car 0.0 0 2.4182322025299072 1128.303955078125 126.42520904541016 1242.0 207.59584045410156 3.5134394 1.6073958 1.6083361 13.131788 0.6883393 15.103254 3.133920192718506 0.4451332986354828
