Pedestrian 0.0 0 0.8116985559463501 76.93846893310547 126.27513122558594 128.19827270507812 222.87673950195312 0.57655203 1.8434485 0.5836519 -9.967272 0.95494163 14.108888 0.1966545581817627 0.2077912986278534
Pedestrian 0.0 0 -0.4084639549255371 486.29840087890625 176.35177612304688 496.6482849121094 198.11489868164062 0.6099714 1.7761265 0.7101071 -9.7982645 2.06716 59.49578 -0.5716872215270996 0.19365286827087402
Pedestrian 0.0 0 -0.24068766832351685 0.0 103.99659729003906 67.7557601928711 280.8099060058594 0.53760934 1.8561604 0.7094309 -6.514865 1.1336634 8.000112 -0.9241155982017517 0.18688569962978363
Pedestrian 0.0 0 -0.7551635503768921 492.003662109375 174.0757598876953 502.0358581542969 195.67250061035156 0.5662329 1.8544436 0.6495707 -9.7965 1.9612226 62.424046 -0.9108285903930664 0.12214525789022446
Pedestrian 0.0 0 3.2338757514953613 231.2369384765625 161.66168212890625 265.4632873535156 229.68304443359375 0.7248705 1.6823928 0.5795164 -9.185537 1.4059281 18.245434 2.767477512359619 0.1047063022851944
Car 0.0 0 -1.7167530059814453 700.8585205078125 175.6670379638672 806.0811767578125 255.69493103027344 3.714499 1.4444457 1.584548 2.8027508 1.5108014 15.039312 -1.5325050354003906 0.9533568620681763
Car 0.0 0 -2.4870667457580566 0.0 0.0 1242.0 375.0 3.8246696 1.4623978 1.5731939 2.8760588 1.4648577 1.8102723 -1.4780476093292236 0.5103898048400879
Car 0.0 0 -1.704415202140808 550.64111328125 180.29251098632812 575.5191650390625 198.59205627441406 4.0881963 1.540901 1.6909838 -4.2587967 2.2305734 64.689896 -1.770154356956482 0.4826551377773285
Car 0.0 0 -1.7080048322677612 630.7479248046875 169.8618621826172 669.6288452148438 200.39283752441406 3.9622245 1.6247375 1.6390495 2.1659453 1.465866 40.43732 -1.654492974281311 0.16569766402244568
Car 0.0 0 -1.7431063652038574 621.0133056640625 180.41213989257812 657.0458984375 207.74749755859375 3.9566739 1.6286069 1.6430616 1.781049 2.1346343 46.200684 -1.7045751810073853 0.13804307579994202
Car 0.0 0 1.774064064025879 327.1747131347656 198.88575744628906 440.0135192871094 280.60113525390625 4.1512837 1.5169798 1.6989405 -5.1873884 2.2048206 16.906128 1.476348638534546 0.12975789606571198
Car 0.0 0 -1.3065872192382812 268.3775939941406 138.10121154785156 472.19512939453125 287.9854431152344 3.6798105 1.6220769 1.6312809 -3.0050821 1.2463332 9.674663 -1.6077526807785034 0.11729709804058075
Car 0.0 0 2.636960983276367 0.0 0.0 1242.0 375.0 4.0002527 1.5557203 1.6268209 -3.1380508 1.6298666 1.6605406 1.5528696775436401 0.10332675278186798
