Pedestrian 0.0 0 2.0722596645355225 805.5455322265625 158.3199462890625 845.383056640625 225.8145751953125 0.7126749 1.6476111 0.70295227 5.360408 1.2931782 18.11119 2.3600170612335205 0.6475574374198914
Pedestrian 0.0 0 -2.046769380569458 1035.5059814453125 128.71961975097656 1063.829345703125 183.24928283691406 0.55716586 1.9811966 0.7122527 16.10912 0.3780442 26.515291 -1.500823736190796 0.3059350252151489
Pedestrian 0.0 0 3.617591381072998 193.13597106933594 181.8565216064453 222.9180450439453 226.93601989746094 0.7587372 1.6530343 0.64866775 -15.0391035 1.9935912 26.926874 3.1082332134246826 0.29015639424324036
Pedestrian 0.0 0 3.4803717136383057 69.86907196044922 172.0109405517578 104.46397399902344 235.01223754882812 0.6330443 1.763613 0.6103424 -14.951333 1.740371 20.578299 2.8520429134368896 0.2871098518371582
Pedestrian 0.0 0 -0.05497276782989502 1198.5224609375 144.31741333007812 1242.0 254.61546325683594 0.6240031 1.7425332 0.65120244 10.02844 1.2920586 11.844298 0.6475961208343506 0.21169742941856384
Pedestrian 0.0 0 -1.92494797706604 719.4921264648438 163.19252014160156 735.3856201171875 192.82626342773438 1.411291 1.6351316 0.41591823 6.556996 1.1023877 40.54277 -1.76460599899292 0.158121719956398
Cyclist 0.0 0 -1.9053045511245728 720.031982421875 162.7405242919922 735.72314453125 192.7818145751953 1.4680165 1.657202 0.40916607 6.583946 1.0996587 40.558575 -1.744376540184021 0.3240217864513397
Car 0.0 0 2.0759010314941406 186.7142333984375 189.28782653808594 314.9312438964844 244.20745849609375 4.3226385 1.4633884 1.7300571 -11.179433 2.0318737 22.740753 1.6189931631088257 0.9540877938270569
Car 0.0 0 1.3626586198806763 698.1343383789062 181.9264678955078 753.9945678710938 219.55227661132812 3.7943656 1.3857149 1.4831566 4.621804 1.780546 29.436474 1.5183966159820557 0.5357027649879456
Car 0.0 0 -1.679255485534668 669.4848022460938 180.75218200683594 699.0464477539062 206.45648193359375 3.4504461 1.4724895 1.4262351 4.4737983 1.9748261 44.124985 -1.5782115459442139 0.5066644549369812
Car 0.0 0 -1.4277087450027466 596.1703491210938 171.6588897705078 628.803466796875 196.62876892089844 3.7456644 1.51865 1.5569851 0.16550659 1.4463222 45.847202 -1.4240988492965698 0.33614230155944824
Car 0.0 0 1.6802629232406616 697.664794921875 169.4784698486328 718.957763671875 186.4616241455078 3.531646 1.5996833 1.6690139 9.526277 1.2820916 69.87602 1.8157587051391602 0.23018667101860046
Car 0.0 0 1.8602814674377441 520.0771484375 177.96694946289062 553.0452270507812 199.38694763183594 3.7043467 1.5631962 1.5331355 -5.64224 1.9711491 55.553913 1.7590651512145996 0.21872642636299133
