Pedestrian 0.0 0 1.836887240409851 265.88128662109375 153.71905517578125 303.677734375 229.7912139892578 0.78185827 1.7745843 0.6433226 -7.82145 1.3285687 17.266018 1.4115439653396606 0.18473979830741882
Pedestrian 0.0 0 -3.728572368621826 1179.04443359375 97.33223724365234 1242.0 233.7840576171875 0.47297177 1.7556596 0.5777338 7.964957 0.78431547 9.593186 -3.0356433391571045 0.13624246418476105
Pedestrian 0.0 0 1.6784260272979736 379.7953186035156 164.3662109375 401.2574462890625 217.01063537597656 0.74187 1.8197708 0.647361 -7.7539425 1.5267293 25.363947 1.3817415237426758 0.11108267307281494
Car 0.0 0 1.7404885292053223 452.2091979980469 181.61810302734375 526.2990112304688 237.2549591064453 3.6992536 1.4624869 1.5604066 -3.5340903 1.7453628 21.402304 1.5768386125564575 0.8944265842437744
Car 0.0 0 2.2941253185272217 0.0 162.93637084960938 261.5403747558594 375.0 4.012512 1.7568334 1.6201657 -4.0035357 1.722914 4.5002937 1.567076563835144 0.8875752687454224
Car 0.0 0 1.6946173906326294 487.40057373046875 176.35536193847656 544.7677612304688 220.77359008789062 4.262065 1.5467688 1.6587425 -3.5501802 1.6914027 27.594202 1.5666635036468506 0.7324370741844177
Car 0.0 0 -2.0703046321868896 877.7035522460938 114.7661361694336 1242.0 348.2616882324219 3.708018 1.7175671 1.5993372 4.0690875 1.2906373 7.1718125 -1.5542216300964355 0.1554429531097412
Car 0.0 0 1.90004301071167 71.02000427246094 186.85165405273438 276.2210388183594 308.6228942871094 4.0912137 1.5710629 1.6285743 -6.9858747 1.8457249 11.970594 1.3717797994613647 0.13930867612361908
Car 0.0 0 1.6687639951705933 550.5778198242188 172.97511291503906 581.874755859375 199.9503936767578 4.089935 1.6549524 1.6163225 -2.8003714 1.6634384 46.35662 1.6084280014038086 0.12857308983802795
Car 0.0 0 0.21371914446353912 421.86822509765625 168.02650451660156 500.17498779296875 196.71746826171875 4.020383 1.5707966 1.7158629 -8.327576 1.3068548 40.379265 0.010336637496948242 0.1262197345495224
