Pedestrian 0.0 0 -0.5694856643676758 1044.0843505859375 139.41854858398438 1082.705322265625 205.01290893554688 0.6720945 1.7805887 0.62180144 12.449241 0.8733262 19.89811 -0.01041946280747652 0.6039520502090454
Pedestrian 0.0 0 -1.8392024040222168 64.08069610595703 142.60191345214844 91.83109283447266 193.0951385498047 0.5363249 1.824927 0.7036417 -19.596823 0.73191357 26.517405 -2.475637435913086 0.5412368178367615
Pedestrian 0.0 0 0.2989998459815979 650.8693237304688 154.28282165527344 667.3644409179688 183.4214630126953 0.9503061 1.8464304 0.48875293 3.1084917 0.66998726 46.11733 0.3663020133972168 0.4383299648761749
Pedestrian 0.0 0 -1.691382646560669 699.5062866210938 146.04441833496094 717.6282958984375 185.0812530517578 0.77868676 1.7240673 0.71290123 4.361995 0.5403761 32.258293 -1.5569770336151123 0.4207577705383301
Cyclist 0.0 0 -0.269214004278183 713.4957885742188 143.62916564941406 762.5303955078125 190.26837158203125 1.768405 1.7858098 0.6406156 4.9224095 0.6671526 28.027895 -0.0953616127371788 0.5156880617141724
Cyclist 0.0 0 -3.5659871101379395 998.0715942382812 156.36195373535156 1037.5855712890625 182.04302978515625 2.010487 1.6311313 0.9185488 26.165922 0.58399814 46.372753 -3.052267551422119 0.4280124306678772
Cyclist 0.0 0 1.0752623081207275 652.4478149414062 154.5072479248047 666.587890625 183.68460083007812 0.97051686 1.8415831 0.49866346 3.127799 0.683951 46.08343 1.1430308818817139 0.1277894824743271
Car 0.0 0 -1.6148415803909302 555.6015014648438 181.97804260253906 599.8606567382812 219.91651916503906 3.795247 1.3840023 1.6110035 -1.4049127 1.7788129 29.227226 -1.6628732681274414 0.9419821500778198
Car 0.0 0 -1.5355231761932373 506.3053894042969 179.7781982421875 536.3033447265625 206.70899963378906 3.597849 1.4270588 1.5699975 -5.042344 1.8392137 41.048344 -1.6577500104904175 0.8967248201370239
Car 0.0 0 2.502034902572632 896.9810180664062 194.88906860351562 1016.4065551757812 239.68516540527344 3.7342045 1.4913892 1.5410821 12.529565 2.3270483 26.23318 2.9476211071014404 0.7999225854873657
Car 0.0 0 -1.9024322032928467 771.7249145507812 161.72586059570312 812.0850219726562 184.80296325683594 4.0639987 1.6887959 1.742792 13.760337 0.8747895 54.89918 -1.6568443775177002 0.7993027567863464
Car 0.0 0 2.2012929916381836 1035.4439697265625 201.80111694335938 1147.1424560546875 248.2521514892578 4.000788 1.6236821 1.625074 18.95461 2.825279 28.485155 2.7884323596954346 0.6177212595939636
Car 0.0 0 -1.7907423973083496 644.369140625 164.0150604248047 676.233154296875 186.73208618164062 4.2152147 1.7577405 1.6707375 3.9784923 1.0741818 58.036144 -1.7222975492477417 0.4782561957836151
Car 0.0 0 -0.9814338684082031 752.7896728515625 159.53530883789062 791.7860717773438 178.8086700439453 3.6617413 1.6331332 1.5463741 14.158856 0.5049279 62.958893 -0.7602236270904541 0.4011770784854889
