Pedestrian 0.0 0 -0.06518176198005676 575.1614379882812 171.42413330078125 607.6497192382812 225.29444885253906 1.0403451 1.7600435 0.5584506 -0.36262792 1.4319373 23.786839 -0.08042547851800919 0.6389518976211548
Pedestrian 0.0 0 0.631382942199707 391.0001220703125 166.29969787597656 462.3405456542969 308.4718322753906 0.54633325 1.7962853 0.8186776 -2.357641 1.6055712 9.555654 0.38948678970336914 0.5212305784225464
Pedestrian 0.0 0 -0.6265933513641357 706.42626953125 160.083984375 744.042724609375 224.53001403808594 0.8858445 1.7956171 0.57752717 3.4960794 1.2000663 20.466566 -0.45740726590156555 0.45036301016807556
Pedestrian 0.0 0 1.4264976978302002 1156.62353515625 219.49855041503906 1238.0 374.0 0.80148166 1.2653188 0.39692932 3.4496024 1.509244 4.136582 2.1215856075286865 0.2913670241832733
Pedestrian 0.0 0 2.4601924419403076 992.5897216796875 118.0197982788086 1076.029541015625 258.24310302734375 0.8253979 1.8782698 0.5543954 5.941331 1.0292879 9.952638 2.9983739852905273 0.26421022415161133
Pedestrian 0.0 0 1.426041603088379 812.1079711914062 187.50233459472656 863.6818237304688 296.7371520996094 0.63703465 1.5405821 0.62971646 3.4112737 1.6330053 10.535355 1.739181399345398 0.26077499985694885
Pedestrian 0.0 0 2.797847270965576 682.6505737304688 171.9908905029297 721.6217651367188 241.00930786132812 0.82085985 1.7740712 0.714919 2.60984 1.530822 18.895714 2.9350969791412354 0.2099156230688095
Pedestrian 0.0 0 -1.7080495357513428 784.9833984375 193.68283081054688 846.7379760742188 320.7493896484375 0.7124873 1.5704038 0.6747403 2.7295415 1.7372254 9.353899 -1.42412531375885 0.20674555003643036
Pedestrian 0.0 0 0.7620546221733093 1071.2735595703125 71.3717269897461 1238.0 374.0 0.9214601 1.6500955 0.42767826 2.7744846 1.1927183 3.475431 1.435766577720642 0.19898061454296112
Pedestrian 0.0 0 -1.5665446519851685 688.2251586914062 156.2349395751953 719.0130615234375 222.5495147705078 0.5744094 1.7857227 0.82313484 2.7684476 1.1065446 19.684046 -1.4268169403076172 0.18598347902297974
Pedestrian 0.0 0 2.342599391937256 1086.4903564453125 117.86771392822266 1198.0377197265625 279.4898986816406 0.9192844 1.8393527 0.58392555 6.3624682 1.1165315 8.53322 2.983285903930664 0.16785591840744019
Pedestrian 0.0 0 1.873595952987671 291.0218200683594 155.5513916015625 338.3725280761719 253.1476287841797 0.7550502 1.7832347 0.6338026 -5.4261765 1.3103799 13.523773 1.4920275211334229 0.1599099487066269
Pedestrian 0.0 0 -1.9625639915466309 757.4026489257812 164.48094177246094 791.99755859375 218.0040283203125 1.5884426 1.6015428 0.46924487 5.337298 1.0934153 22.312878 -1.7277730703353882 0.11198598146438599
Pedestrian 0.0 0 1.885205864906311 351.1938171386719 166.12734985351562 399.9324035644531 243.46275329589844 1.8639909 1.7470447 0.5649994 -5.3996997 1.4009829 17.159573 1.5803401470184326 0.10536986589431763
Cyclist 0.0 0 -1.967397689819336 757.6266479492188 164.5310821533203 792.1546630859375 217.86444091796875 1.5735604 1.5951458 0.46569708 5.3393707 1.0887479 22.296038 -1.7323479652404785 0.3320191502571106
Cyclist 0.0 0 1.885205864906311 351.1938171386719 166.12734985351562 399.9324035644531 243.46275329589844 1.8639909 1.7470447 0.5649994 -5.3996997 1.4009829 17.159573 1.5803401470184326 0.1948782354593277
Cyclist 0.0 0 2.8339455127716064 750.7579345703125 162.30828857421875 821.4939575195312 221.44873046875 1.843943 1.6741571 0.7284831 5.290665 1.1320189 20.749187 3.0836074352264404 0.1899847835302353
Cyclist 0.0 0 0.187569722533226 438.71044921875 163.30728149414062 519.7176513671875 239.18466186523438 1.8221072 1.7714255 0.5892345 -2.925462 1.3479046 17.078453 0.017920732498168945 0.17020516097545624
Cyclist 0.0 0 -0.6848626136779785 708.46630859375 161.58712768554688 748.7554931640625 226.6185760498047 0.99563974 1.8089671 0.5688364 3.5945673 1.2562048 20.470726 -0.5110391974449158 0.16799978911876678
Car 0.0 0 2.6128439903259277 651.5772705078125 162.55194091796875 742.0256958007812 196.8512420654297 4.1283636 1.6178463 1.710405 4.701416 0.72500855 35.46692 2.744633436203003 0.5228925347328186
