Pedestrian 0.0 0 1.3474212884902954 961.7639770507812 158.7196502685547 1024.215087890625 291.95574951171875 0.763884 1.8166078 0.62913597 5.387592 1.6242507 10.284863 1.8299561738967896 0.5083351135253906
Pedestrian 0.0 0 1.2008848190307617 932.4678344726562 131.2664794921875 974.6182861328125 209.7096405029297 0.8303773 1.7713397 0.6221452 7.9029894 0.832602 16.726778 1.6422711610794067 0.5011789798736572
Pedestrian 0.0 0 -1.1413962841033936 817.3977661132812 123.78331756591797 867.1235961914062 222.20570373535156 0.62980306 1.8157626 0.7070466 4.384858 0.9108316 13.779468 -0.8333117961883545 0.2987227141857147
Pedestrian 0.0 0 -1.5583778619766235 814.8968505859375 159.79037475585938 827.8330688476562 197.4510040283203 0.5460543 1.838228 0.60594 10.382638 1.2009466 35.565388 -1.2743401527404785 0.27878904342651367
Pedestrian 0.0 0 1.2543344497680664 950.2515869140625 169.61557006835938 981.5910034179688 228.89328002929688 0.8490905 1.6119581 0.5429219 9.847159 1.5242524 20.076443 1.7103397846221924 0.22026561200618744
Pedestrian 0.0 0 1.6656684875488281 494.0497741699219 170.6016387939453 509.7840881347656 209.87942504882812 0.73789996 1.8595765 0.6793417 -5.209612 1.7532978 34.544914 1.5159895420074463 0.19175970554351807
Car 0.0 0 1.725919246673584 629.678955078125 176.94784545898438 665.0673217773438 201.7298126220703 3.996586 1.4946213 1.6739111 2.4128182 1.7700161 46.344498 1.7779349088668823 0.8246569633483887
Car 0.0 0 0.6432577967643738 976.539306640625 196.3135528564453 1242.0 375.0 3.6878438 1.5021256 1.6114677 2.6285062 1.6248118 1.9025165 1.5875320434570312 0.6826907992362976
Car 0.0 0 -0.7284440994262695 0.0 211.24542236328125 315.4822998046875 375.0 3.836806 1.4883677 1.6263922 -2.6261184 1.7168787 2.363311 -1.5664664506912231 0.5967335104942322
Car 0.0 0 1.8076285123825073 587.2232055664062 171.44326782226562 623.1046752929688 196.24037170410156 3.749208 1.6347777 1.6326885 -0.32112586 1.5421313 49.57698 1.8011512756347656 0.5405707955360413
Car 0.0 0 1.385014295578003 742.2570190429688 171.25477600097656 769.3397827148438 191.3801727294922 4.075976 1.7771922 1.6901896 13.230702 1.6363288 65.76198 1.5835545063018799 0.2068229466676712
