Pedestrian 0.0 0 1.152933120727539 964.7320556640625 122.608642578125 1004.2503051757812 197.23626708984375 0.7414836 1.7880883 0.6092469 9.114493 0.58456063 17.673258 1.6290793418884277 0.6588767766952515
Pedestrian 0.0 0 1.9685285091400146 733.3658447265625 146.97137451171875 753.8440551757812 188.351318359375 0.63371646 1.718769 0.654965 5.591698 0.64405906 30.41172 2.1503641605377197 0.5926360487937927
Pedestrian 0.0 0 0.6880083680152893 759.3313598632812 159.31002807617188 773.9942626953125 185.0755615234375 0.87901574 1.8219461 0.5418708 11.159195 0.8645755 51.531773 0.9012653827667236 0.4327342212200165
Pedestrian 0.0 0 -2.1480870246887207 751.0785522460938 154.31703186035156 768.6339721679688 186.25941467285156 0.74726766 1.7243127 0.63315934 8.147171 0.7240085 39.410656 -1.9442334175109863 0.42621779441833496
Pedestrian 0.0 0 -1.6262011528015137 432.0457458496094 146.093994140625 450.73687744140625 185.62522888183594 0.7372081 1.6428325 0.7269115 -7.158137 0.53110313 30.439056 -1.8571674823760986 0.41069862246513367
Cyclist 0.0 0 0.6880083680152893 759.3313598632812 159.31002807617188 773.9942626953125 185.0755615234375 0.87901574 1.8219461 0.5418708 11.159195 0.8645755 51.531773 0.9012653827667236 0.1182013750076294
Car 0.0 0 -1.471192717552185 502.4195556640625 178.1581268310547 545.5687866210938 215.00209045410156 3.650459 1.6151682 1.6649494 -4.036914 1.8790014 33.998337 -1.5893778800964355 0.9634414911270142
Car 0.0 0 -1.5659574270248413 557.7866821289062 180.48789978027344 611.2647094726562 228.3663330078125 3.3776116 1.426598 1.6349277 -0.87893116 1.6964734 23.75721 -1.6029369831085205 0.9623864889144897
Car 0.0 0 2.0448079109191895 81.16132354736328 181.37811279296875 217.32366943359375 239.93820190429688 4.309064 1.5583335 1.7193173 -13.930198 1.8456811 22.067461 1.4817233085632324 0.900259792804718
Car 0.0 0 1.6919190883636475 293.48199462890625 181.930419921875 334.6776428222656 213.2817840576172 3.942465 1.5608518 1.6098236 -16.07709 2.0816662 39.257454 1.3032246828079224 0.6949296593666077
Car 0.0 0 2.2845911979675293 832.2830200195312 184.003662109375 879.516357421875 204.33900451660156 3.9271228 1.6572152 1.7171404 21.263285 2.6490767 62.42941 2.6128649711608887 0.5930481553077698
Car 0.0 0 -1.6251676082611084 569.3065795898438 160.71177673339844 593.3004150390625 184.24566650390625 2.477767 1.5486591 1.4847 -1.9896276 0.74999195 48.782215 -1.665930986404419 0.41166773438453674
Car 0.0 0 -0.8624131679534912 329.7044677734375 169.74606323242188 379.2718505859375 189.99276733398438 3.8929474 1.5796177 1.6464523 -20.654675 1.3374995 58.4029 -1.2023433446884155 0.4098186790943146
Car 0.0 0 -0.9515379071235657 55.12799072265625 169.40721130371094 116.86490631103516 193.22084045410156 4.0032964 1.6850601 1.6584847 -38.478687 1.4415214 53.061817 -1.5789556503295898 0.4073328673839569
Car 0.0 0 1.383470058441162 655.552734375 157.17311096191406 686.7494506835938 180.46080017089844 3.5794673 1.6034948 1.5754734 4.303328 0.5241302 51.54125 1.4667696952819824 0.40410059690475464
Car 0.0 0 -1.914456844329834 99.5756607055664 147.71868896484375 183.58358764648438 188.4991912841797 3.9057512 1.5404196 1.611584 -18.950691 0.5913309 29.07501 -2.49208664894104 0.3920193612575531
