Pedestrian 0.0 0 -0.609125018119812 995.0894165039062 124.49642181396484 1061.2623291015625 250.5431671142578 0.67376214 1.7039944 0.4074763 5.8011904 0.948567 9.7814665 -0.07380945980548859 0.3899387717247009
Pedestrian 0.0 0 -2.5423216819763184 130.62979125976562 151.11253356933594 203.29225158691406 278.04034423828125 0.6204229 1.7253295 0.6332972 -6.1903076 1.3275359 9.935354 -3.0995237827301025 0.3307226598262787
Pedestrian 0.0 0 2.0960261821746826 276.22064208984375 178.21714782714844 322.9795227050781 265.8966979980469 0.70884264 1.7554449 0.61125314 -6.312836 1.7113671 14.538255 1.6863701343536377 0.29528099298477173
Pedestrian 0.0 0 0.9346449971199036 116.35877227783203 155.8401336669922 139.6467742919922 195.4925537109375 0.8203296 1.9289927 0.57577205 -23.493313 0.73078966 34.799656 0.34082531929016113 0.2645820379257202
Pedestrian 0.0 0 -1.097473382949829 786.9934692382812 160.67066955566406 802.7846069335938 196.54544067382812 0.7428988 1.8958759 0.5364405 10.147121 0.84936535 37.815884 -0.8353190422058105 0.20433008670806885
Pedestrian 0.0 0 -2.157553195953369 984.9769287109375 153.58070373535156 1030.438232421875 222.06187438964844 1.0707457 1.7094971 0.5063791 10.313803 1.039105 18.197126 -1.6419168710708618 0.1884632408618927
Cyclist 0.0 0 -2.240373134613037 973.9492797851562 149.26052856445312 1033.57080078125 220.2062530517578 1.5372446 1.7709074 0.50620264 10.337412 0.99272007 18.44295 -1.7294985055923462 0.1804949790239334
Car 0.0 0 -0.8196605443954468 0.0 201.6991729736328 299.1675109863281 370.0 3.8091207 1.4637063 1.5639001 -3.178732 1.6270084 3.4723806 -1.5609370470046997 0.8677369356155396
Car 0.0 0 -1.418942928314209 363.478759765625 180.81942749023438 394.994140625 202.095703125 3.8777277 1.4729531 1.6012974 -16.248724 1.4982 51.043724 -1.7271298170089722 0.6367913484573364
Car 0.0 0 1.065346360206604 466.67913818359375 170.63824462890625 559.839111328125 211.86839294433594 4.4609447 1.5056689 1.7139095 -3.7572324 1.1470498 28.117424 0.932506799697876 0.5881028175354004
Car 0.0 0 -1.8116145133972168 483.9359130859375 155.42803955078125 531.3930053710938 189.85089111328125 4.3909135 1.8641425 1.6934748 -5.6606274 0.5077936 40.63765 -1.950019121170044 0.1930028796195984
Car 0.0 0 -1.7827820777893066 628.4056396484375 172.80897521972656 656.3685913085938 189.4559783935547 4.356206 1.3866583 1.5267402 3.2132635 0.74722344 61.162296 -1.73029363155365 0.17468994855880737
