Pedestrian 0.0 0 -1.2624444961547852 729.7492065429688 168.5867462158203 742.07958984375 192.25091552734375 0.56364334 1.7080117 0.7483233 9.134805 1.4003707 52.498627 -1.0901684761047363 0.320372074842453
Pedestrian 0.0 0 2.4208736419677734 1041.844970703125 137.43162536621094 1106.8150634765625 242.01553344726562 0.76198554 1.8076673 0.6042123 8.192152 1.1957716 12.8249855 2.9893102645874023 0.260801762342453
Pedestrian 0.0 0 -1.273146390914917 98.71350860595703 194.88333129882812 130.530029296875 258.376708984375 0.7542148 1.8241148 0.58687407 -14.789527 2.494194 21.485102 -1.8760188817977905 0.14582252502441406
Pedestrian 0.0 0 -0.051679521799087524 751.5158081054688 167.31539916992188 761.5096435546875 193.7381591796875 0.64793265 1.8145345 0.5664112 10.096423 1.4345386 49.875443 0.1480541229248047 0.140614315867424
Pedestrian 0.0 0 3.706388235092163 0.0 198.6368865966797 57.81307601928711 274.8675231933594 1.7768799 1.7768574 0.58890736 -14.597102 2.4171615 17.498724 3.0111498832702637 0.1389174610376358
Pedestrian 0.0 0 1.680640459060669 901.8521118164062 142.3001251220703 918.329833984375 184.5237274169922 0.68906635 1.9424374 0.6385698 13.957215 0.53720725 33.646362 2.0738577842712402 0.1261739730834961
Pedestrian 0.0 0 -1.364063024520874 945.1920166015625 147.31825256347656 963.2344360351562 189.32594299316406 0.68911415 1.8781103 0.6105719 15.569591 0.7367972 32.71537 -0.9198720455169678 0.10260570049285889
Cyclist 0.0 0 3.7210171222686768 0.0 199.3229217529297 60.196014404296875 275.6895751953125 1.8835167 1.77957 0.60271764 -14.599191 2.4370556 17.502287 3.025808572769165 0.37241655588150024
Car 0.0 0 -1.504757046699524 594.5184326171875 175.31011962890625 628.1533203125 204.4886474609375 4.1555123 1.5876535 1.6768044 0.08992861 1.7373748 41.746 -1.5026028156280518 0.831120491027832
Car 0.0 0 -0.9261760711669922 919.5595092773438 157.40232849121094 998.4766235351562 189.392822265625 3.786909 1.5340431 1.6121472 17.473476 0.7934456 36.181686 -0.4762718081474304 0.1982538104057312
Car 0.0 0 1.9057965278625488 374.4683837890625 187.11338806152344 419.563720703125 214.76708984375 3.7777362 1.6621557 1.6867112 -13.930646 2.6350577 47.281372 1.619270920753479 0.16714932024478912
Car 0.0 0 2.5359439849853516 61.960941314697266 203.90623474121094 214.86056518554688 258.9986267089844 3.7612522 1.4119265 1.6948599 -14.847985 2.4855585 22.874567 1.9601984024047852 0.147591233253479
Car 0.0 0 -2.274332046508789 810.3735961914062 174.7048797607422 865.233154296875 197.08062744140625 3.8500967 1.5242096 1.6328385 16.203382 1.6622618 51.584507 -1.9699779748916626 0.14663060009479523
