Pedestrian 0.0 0 -0.6375067234039307 893.2389526367188 137.9463653564453 942.9984130859375 228.10617065429688 0.6787494 1.8580995 0.71209836 6.47215 1.1390474 15.293211 -0.2371581792831421 0.38808390498161316
Pedestrian 0.0 0 -2.7745139598846436 761.6019287109375 162.14173889160156 797.2442016601562 225.98605346679688 0.79961246 1.7596073 0.653454 4.7393656 1.4647255 20.378246 -2.546006202697754 0.3550945222377777
Pedestrian 0.0 0 -1.9031469821929932 956.8125610351562 127.20329284667969 1007.970458984375 221.37335205078125 0.7776142 1.7824209 0.6681601 7.2047844 0.9187167 14.086036 -1.4303542375564575 0.3250875174999237
Pedestrian 0.0 0 0.7028384804725647 178.186279296875 156.31748962402344 210.25840759277344 184.6009063720703 1.8962343 1.8509495 0.60248756 -27.505995 0.7691103 47.68255 0.179610013961792 0.10875879973173141
Cyclist 0.0 0 -0.09740346670150757 786.0537109375 130.84730529785156 840.6218872070312 190.05076599121094 1.5831863 1.8106647 0.6338272 6.282462 0.5262997 22.514288 0.17471790313720703 0.4085182547569275
Cyclist 0.0 0 0.7028384804725647 178.186279296875 156.31748962402344 210.25840759277344 184.6009063720703 1.8962343 1.8509495 0.60248756 -27.505995 0.7691103 47.68255 0.179610013961792 0.39574381709098816
Cyclist 0.0 0 -1.9031469821929932 956.8125610351562 127.20329284667969 1007.970458984375 221.37335205078125 0.7776142 1.7824209 0.6681601 7.2047844 0.9187167 14.086036 -1.4303542375564575 0.11889274418354034
Car 0.0 0 -1.602206826210022 593.9008178710938 174.69808959960938 625.5274658203125 204.0141143798828 4.206674 1.5605057 1.6465935 -0.09655446 1.6705977 40.80295 -1.604573130607605 0.8271104693412781
Car 0.0 0 1.8213906288146973 389.0479736328125 183.0728759765625 425.0090026855469 205.95980834960938 3.3928015 1.4372103 1.537543 -13.645976 2.1494975 48.55144 1.547397255897522 0.717400074005127
Car 0.0 0 -2.200446605682373 896.8865966796875 151.11476135253906 968.1063842773438 179.3087921142578 4.2885365 1.5929741 1.6638043 19.10794 0.3650562 43.03567 -1.7825915813446045 0.5967556834220886
Car 0.0 0 -2.4996469020843506 1070.0091552734375 170.37826538085938 1178.865478515625 205.89259338378906 4.035294 1.5763001 1.6084353 24.213276 1.4667723 34.189827 -1.883437991142273 0.5084651708602905
Car 0.0 0 -1.440514087677002 537.0255737304688 160.5729522705078 567.721923828125 184.90625 3.9434927 1.6303107 1.6384398 -4.0095997 0.8078487 50.350483 -1.5199801921844482 0.4723202586174011
Car 0.0 0 2.2088077068328857 65.0652084350586 156.94981384277344 165.2322998046875 193.97518920898438 3.615441 1.4130818 1.5032758 -20.06346 0.80645275 29.370356 1.6095011234283447 0.4695529341697693
Car 0.0 0 -2.1676881313323975 785.2725830078125 152.13482666015625 851.3949584960938 179.93150329589844 4.0562005 1.5008004 1.6127182 11.765985 0.38248724 41.13315 -1.8890814781188965 0.4105135202407837
Car 0.0 0 -2.690006971359253 200.79922485351562 166.00782775878906 321.1448059082031 209.3087921142578 3.848452 1.6281344 1.6948675 -13.507583 1.3710738 27.978281 -3.1397905349731445 0.4043707549571991
Car 0.0 0 2.030313014984131 179.93374633789062 180.38284301757812 252.03268432617188 212.58328247070312 4.451294 1.6406099 1.7160925 -21.8068 2.0826836 40.0724 1.5319452285766602 0.32872921228408813
