Pedestrian 0.0 0 -2.279970407485962 997.4518432617188 120.46182250976562 1061.80908203125 249.56385803222656 0.6190058 1.7248613 0.4740034 5.821051 0.924396 9.787127 -1.743408203125 0.3908679187297821
Pedestrian 0.0 0 1.819008708000183 117.20155334472656 155.59732055664062 138.25570678710938 196.8352813720703 0.7890922 2.003492 0.6882726 -23.524826 0.7950677 34.8339 1.2250235080718994 0.2378273457288742
Pedestrian 0.0 0 -0.6580235958099365 788.0366821289062 161.4561004638672 806.6311645507812 197.20457458496094 0.8023843 1.8906536 0.5297702 10.267871 0.88487726 37.787468 -0.3927029073238373 0.16429385542869568
Pedestrian 0.0 0 1.2499531507492065 980.5303955078125 162.20896911621094 1009.4540405273438 215.2700958251953 0.70150167 1.6893456 0.6301864 12.599275 1.1085503 22.907846 1.7527949810028076 0.16055789589881897
Pedestrian 0.0 0 -1.874208688735962 990.3922729492188 150.57662963867188 1026.8043212890625 219.65655517578125 0.99025965 1.7242593 0.5395084 10.332012 0.97895634 18.184227 -1.3575108051300049 0.1577111780643463
Pedestrian 0.0 0 -0.09874796867370605 773.9829711914062 157.0190887451172 798.1168212890625 190.2296142578125 1.2952039 1.8912174 0.5432538 10.390004 0.5554503 40.62521 0.15163755416870117 0.15711544454097748
Pedestrian 0.0 0 1.9903427362442017 280.2912902832031 175.55320739746094 322.7926330566406 263.1224365234375 0.57142204 1.7678374 0.627308 -6.283487 1.6695989 14.558331 1.5828887224197388 0.13135699927806854
Pedestrian 0.0 0 0.5357067584991455 246.01107788085938 161.5336456298828 266.3544921875 196.8271026611328 0.8260936 1.8552835 0.5024413 -18.484331 0.85968566 37.44503 0.07716083526611328 0.12653593719005585
Pedestrian 0.0 0 0.6126192212104797 140.74795532226562 127.94680786132812 211.16616821289062 259.712646484375 0.59476274 1.7833667 0.6214002 -6.0397215 1.0737635 9.893715 0.0645437240600586 0.10359803587198257
Cyclist 0.0 0 -0.07295280694961548 773.1075439453125 156.7070770263672 796.1138916015625 189.71107482910156 1.2458615 1.879986 0.5228689 10.310459 0.5260686 40.636417 0.17552828788757324 0.11538413166999817
Car 0.0 0 -0.8340858817100525 0.0 201.6680450439453 297.3363952636719 370.0 3.5809033 1.462115 1.5599835 -3.1896868 1.6251882 3.5867882 -1.5609509944915771 0.8845416903495789
Car 0.0 0 -0.5100470185279846 966.3872680664062 156.0348358154297 1103.321044921875 203.6400146484375 3.5282667 1.5231421 1.6597073 14.176795 0.7419207 23.504347 0.03269004821777344 0.8625980019569397
Car 0.0 0 -0.5271902084350586 959.468017578125 139.56509399414062 1134.9112548828125 198.90939331054688 3.6495986 1.5094304 1.608358 11.638328 0.46983725 18.83097 0.02638983726501465 0.12325912714004517
Car 0.0 0 -1.7416131496429443 637.4817504882812 171.7941131591797 663.3126831054688 188.46295166015625 4.2283316 1.3744943 1.5018402 3.864714 0.6578318 60.47989 -1.677799105644226 0.10923223942518234
