Pedestrian 0.0 0 -1.5032099485397339 491.2238464355469 152.3241424560547 546.7310791015625 295.9681091308594 0.96708155 1.7661166 0.6566205 -1.0980226 1.408736 9.328602 -1.6203757524490356 0.8431683778762817
Pedestrian 0.0 0 0.1887948215007782 610.5733642578125 149.5177001953125 715.65283203125 320.1278991699219 1.0382808 1.7319976 0.5560119 0.62195116 1.4086858 7.6959286 0.26943516731262207 0.8332914113998413
Pedestrian 0.0 0 0.5557542443275452 615.5520629882812 155.29757690429688 663.6721801757812 257.3164367675781 0.624807 1.7560548 0.6180129 0.6415115 1.3063105 12.794025 0.605853796005249 0.6842302680015564
Pedestrian 0.0 0 -2.006988525390625 551.107666015625 165.7937469482422 579.5548095703125 218.36683654785156 0.8172925 1.7346674 0.67472035 -1.2458653 1.2175211 24.218182 -2.0583865642547607 0.6598721146583557
Pedestrian 0.0 0 -1.6089560985565186 714.6105346679688 155.0736083984375 766.9678344726562 290.380859375 0.97421163 1.7695011 0.66605127 1.8607199 1.4252356 9.922208 -1.4235783815383911 0.6544814705848694
Pedestrian 0.0 0 0.3214194178581238 790.319091796875 156.02267456054688 894.9563598632812 340.27923583984375 0.80841637 1.6243309 0.54686534 2.2295332 1.4011152 6.790428 0.6386644840240479 0.6022005677223206
Pedestrian 0.0 0 0.029002636671066284 863.5227661132812 163.7471466064453 973.2828979492188 374.0 0.6819708 1.5960904 0.6461848 2.2260566 1.4804468 5.170487 0.4355490207672119 0.547673761844635
Pedestrian 0.0 0 0.7491064667701721 574.93017578125 158.50592041015625 627.4832153320312 269.65533447265625 0.57726926 1.7531304 0.64346176 -0.044891387 1.3917478 11.75968 0.7452890872955322 0.5204451084136963
Pedestrian 0.0 0 0.5635462999343872 125.70625305175781 161.86293029785156 188.2433319091797 256.690185546875 0.73113793 1.689076 0.66470814 -8.150524 1.3405697 13.127712 0.007926702499389648 0.4208191931247711
Pedestrian 0.0 0 0.2633011043071747 642.166015625 152.3783416748047 723.65234375 299.6131591796875 0.8774522 1.7025496 0.5226027 0.9454947 1.3671496 8.706583 0.3714725971221924 0.4024733901023865
Pedestrian 0.0 0 1.5091221332550049 611.9520874023438 161.3771209716797 631.6124267578125 212.3527374267578 0.97641814 1.8543868 0.6673166 0.7268246 1.1234039 26.628298 1.5364105701446533 0.39439907670021057
Pedestrian 0.0 0 2.209913492202759 668.8016967773438 158.89846801757812 698.445556640625 216.49464416503906 0.69124335 1.7855946 0.64843994 2.5762172 1.086014 22.741074 2.3227174282073975 0.31779709458351135
Pedestrian 0.0 0 -1.692881464958191 696.3789672851562 156.1835479736328 716.9805908203125 200.9434051513672 0.9710759 1.8365383 0.7355256 4.367414 0.7987698 29.965076 -1.5481504201889038 0.31376299262046814
Pedestrian 0.0 0 -2.2300145626068115 88.36457061767578 169.07315063476562 158.31031799316406 272.26080322265625 0.7102443 1.6793942 0.6941687 -8.106661 1.4784365 12.130123 -2.81915283203125 0.30100247263908386
Pedestrian 0.0 0 0.13211728632450104 760.6492919921875 160.9034423828125 786.87841796875 215.6602020263672 0.7281539 1.6960258 0.6410375 5.4171066 1.0591835 22.676683 0.3666071891784668 0.2691693603992462
Cyclist 0.0 0 -1.8167389631271362 370.4408874511719 173.90603637695312 431.3311767578125 272.6903991699219 1.791278 1.7612644 0.6995544 -3.9063072 1.6271406 13.755528 -2.093435287475586 0.6095231771469116
Cyclist 0.0 0 0.05959823727607727 324.6129455566406 160.45712280273438 370.71337890625 202.46551513671875 1.788223 1.728595 0.6584288 -10.639294 0.86369336 30.11947 -0.2799568772315979 0.30004915595054626
Car 0.0 0 1.7709628343582153 458.35028076171875 172.59266662597656 552.697021484375 234.94544982910156 4.263401 1.4950396 1.699119 -2.4877212 1.2826647 19.408752 1.6434826850891113 0.9267966747283936
Car 0.0 0 3.003159761428833 204.5558624267578 173.0912628173828 350.56048583984375 223.8037567138672 4.2175407 1.5488298 1.6400076 -10.69242 1.2931325 23.753134 2.5801830291748047 0.2936334013938904
Car 0.0 0 -2.134662389755249 619.720458984375 172.35943603515625 719.0238037109375 220.22406005859375 3.7954826 1.5109806 1.6099027 2.224011 1.2235377 24.729544 -2.0449702739715576 0.26459577679634094
