Pedestrian 0.0 0 2.5346617698669434 725.2301635742188 139.09674072265625 751.3797607421875 187.79025268554688 0.7740175 1.9159775 0.6905603 5.0881324 0.58806455 28.86379 2.7091498374938965 0.639620304107666
Pedestrian 0.0 0 -0.953636884689331 744.1126708984375 142.256103515625 771.7492065429688 195.42654418945312 0.69057906 1.8452741 0.6847354 5.1890316 0.7837354 25.524065 -0.7530706524848938 0.6373568773269653
Pedestrian 0.0 0 -0.060096800327301025 466.09088134765625 156.55975341796875 481.24945068359375 188.87889099121094 0.8091359 1.8267488 0.70719934 -7.826407 0.90612 41.22216 -0.24772286415100098 0.582887589931488
Pedestrian 0.0 0 3.4462270736694336 203.3961639404297 139.50473022460938 258.08355712890625 227.51353454589844 0.8745052 1.825271 0.6597665 -8.112868 1.1339768 15.364954 2.9604225158691406 0.5756983757019043
Car 0.0 0 -1.844908356666565 716.27490234375 185.1605682373047 892.4740600585938 299.8576965332031 3.9500103 1.4302357 1.6037387 2.7882624 1.6596599 11.425817 -1.6055546998977661 0.9652449488639832
Car 0.0 0 -2.0174365043640137 781.6697387695312 186.70880126953125 1242.0 375.0 3.9776142 1.4333754 1.5722642 2.683013 1.5877874 6.010993 -1.597621202468872 0.96346116065979
Car 0.0 0 -1.1127053499221802 0.0 200.33145141601562 401.8466796875 375.0 4.028635 1.4131064 1.5657452 -3.145396 1.7229567 6.0960274 -1.5890508890151978 0.9552975296974182
Car 0.0 0 -1.420688271522522 454.9939270019531 182.68600463867188 538.8907470703125 246.35629272460938 4.0657578 1.4457039 1.5866516 -2.914239 1.7333086 19.043081 -1.5725440979003906 0.9488548040390015
Car 0.0 0 -1.7960083484649658 676.4522705078125 179.38648986816406 782.688232421875 252.73719787597656 3.667853 1.4577928 1.5907307 2.5643926 1.6251727 16.559357 -1.6423680782318115 0.9432418346405029
Car 0.0 0 -1.73281729221344 665.3756713867188 160.2461395263672 741.837890625 222.67459106445312 3.792704 1.6644534 1.6076618 2.6000624 1.3286635 21.16154 -1.6105626821517944 0.9345971941947937
Car 0.0 0 1.6475458145141602 514.9027099609375 176.76101684570312 561.1131591796875 214.8144989013672 4.222251 1.4371188 1.5799388 -2.9482396 1.6104374 29.811459 1.548970103263855 0.885386049747467
Car 0.0 0 -1.6287246942520142 636.9874877929688 172.68692016601562 668.5184326171875 200.80715942382812 3.6249511 1.4736314 1.5123547 2.2726345 1.4652337 39.622128 -1.57142972946167 0.884125292301178
Car 0.0 0 1.717509388923645 556.8170776367188 171.6494903564453 584.660888671875 192.4674530029297 3.8610103 1.572197 1.6313744 -3.063443 1.4815887 56.486214 1.663329005241394 0.6023770570755005
