Pedestrian 0.0 0 2.937103509902954 687.550048828125 131.92205810546875 782.8432006835938 283.30364990234375 1.0605356 1.7910261 0.51012486 1.5248567 1.2179728 8.630917 3.1119728088378906 0.8634546399116516
Pedestrian 0.0 0 0.1282806396484375 819.2109375 102.25176239013672 878.740478515625 210.91748046875 0.91076815 1.834378 0.6996956 4.2567277 0.515124 12.4457655 0.45783066749572754 0.5418583750724792
Pedestrian 0.0 0 -3.41550612449646 910.885009765625 93.89202880859375 970.858642578125 207.3504638671875 0.7812911 1.8329129 0.54109365 5.524096 0.43542093 11.748592 -2.9759879112243652 0.4596247673034668
Pedestrian 0.0 0 -0.6593074798583984 1104.430908203125 99.37779235839844 1190.3485107421875 208.63424682617188 0.9568157 1.7355149 0.5790437 8.777988 0.44856185 11.519764 -0.00817443709820509 0.448976069688797
Pedestrian 0.0 0 2.87711501121521 716.6095581054688 104.40290832519531 750.1510620117188 174.431396484375 0.7153013 1.7589849 0.5923446 3.25102 -0.15692958 18.137543 3.054474115371704 0.39507442712783813
Pedestrian 0.0 0 -0.180584117770195 755.6732177734375 99.4250717163086 816.1629638671875 207.1619873046875 0.91260815 1.8266633 0.6875714 3.1024973 0.45369798 12.355818 0.06542587280273438 0.3857349157333374
Pedestrian 0.0 0 1.6827853918075562 622.62353515625 126.58111572265625 649.5435791015625 196.6902313232422 0.6900354 1.7526237 0.61564636 0.7627031 0.4063264 18.058405 1.7249956130981445 0.33614954352378845
Pedestrian 0.0 0 1.6572576761245728 519.0543212890625 109.65787506103516 551.3444213867188 197.3973846435547 0.8122369 1.802846 0.6137582 -1.5064409 0.3488271 14.93366 1.5567222833633423 0.31899160146713257
Pedestrian 0.0 0 0.3495066463947296 563.8878784179688 123.13758850097656 606.584228515625 211.75535583496094 0.7298719 1.7920991 0.591054 -0.4470829 0.63369715 14.68862 0.3190786838531494 0.31475234031677246
Pedestrian 0.0 0 0.8061303496360779 196.77346801757812 124.40257263183594 262.2282409667969 212.78451538085938 1.0788392 1.6927931 0.54680496 -7.4569864 0.6199841 13.964599 0.3156602382659912 0.26159030199050903
Cyclist 0.0 0 1.4202871322631836 515.1517333984375 117.87799072265625 554.4701538085938 194.02938842773438 1.6393527 1.8172444 0.73861754 -1.8198038 0.32446167 17.753714 1.318141222000122 0.35238391160964966
Cyclist 0.0 0 0.5466974377632141 181.4304962158203 110.84248352050781 269.39739990234375 202.2678680419922 1.4759601 1.7712452 0.5265196 -7.5441365 0.423356 13.994621 0.05228137969970703 0.25983926653862
Cyclist 0.0 0 -0.65675950050354 1099.110595703125 97.97901153564453 1191.4249267578125 208.7815704345703 1.0578367 1.7604529 0.58722466 8.74692 0.4509983 11.526388 -0.007611808367073536 0.21471743285655975
Cyclist 0.0 0 -3.3175833225250244 765.0496826171875 97.30858612060547 832.6297607421875 206.5670928955078 1.0322753 1.8511763 0.68755937 3.327518 0.4433054 12.361918 -3.054640769958496 0.1923217922449112
Cyclist 0.0 0 1.1261913776397705 847.8370361328125 90.00684356689453 911.056396484375 201.9812469482422 0.9043575 1.8308508 0.6768982 4.6089063 0.35288393 12.033138 1.491972804069519 0.1558261662721634
Car 0.0 0 -1.6777833700180054 723.1541748046875 130.36099243164062 799.3997802734375 194.8026580810547 3.8542726 1.617736 1.6475344 4.2229176 0.36064595 19.746756 -1.467103123664856 0.300871878862381
Car 0.0 0 -1.3365548849105835 585.6319580078125 151.73678588867188 640.15869140625 188.8437042236328 3.9669983 1.6179799 1.66546 0.4166833 0.36528373 32.951492 -1.3239102363586426 0.2723841369152069
Car 0.0 0 -1.0653407573699951 568.0413208007812 144.31068420410156 658.5776977539062 188.6092071533203 4.038464 1.5253679 1.6409107 0.37163782 0.28076372 26.501583 -1.0513184070587158 0.2646300196647644
