Pedestrian 0.0 0 1.6832892894744873 479.2822265625 151.14112854003906 543.3458862304688 299.35601806640625 0.885509 1.7117412 0.68269795 -1.1705221 1.374358 8.611125 1.54818594455719 0.9061976075172424
Pedestrian 0.0 0 2.3939850330352783 815.1778564453125 98.3020248413086 882.105712890625 205.17689514160156 0.83892137 1.8100944 0.7378228 4.249313 0.4195904 12.4777565 2.722217321395874 0.6168119311332703
Pedestrian 0.0 0 -0.09164988994598389 861.7276000976562 102.30024719238281 917.8258056640625 210.7738037109375 0.82082605 1.7586143 0.5654889 4.712487 0.49246368 11.845322 0.2869889736175537 0.4889185428619385
Pedestrian 0.0 0 2.971285104751587 706.186767578125 121.90435028076172 740.872802734375 191.17208862304688 0.7860629 1.750515 0.6063412 3.0024803 0.2712952 18.169106 3.135056972503662 0.4848839044570923
Pedestrian 0.0 0 -0.031062468886375427 752.7271118164062 100.13304138183594 805.997314453125 210.16769409179688 0.8798882 1.8587909 0.7111185 2.9926186 0.5028181 12.377137 0.20617055892944336 0.47025585174560547
Pedestrian 0.0 0 -0.33124563097953796 949.0618286132812 96.21739196777344 1018.677001953125 208.1194610595703 0.8822023 1.8033543 0.5625298 6.229141 0.44675398 11.736112 0.15671157836914062 0.4196414649486542
Pedestrian 0.0 0 0.41493552923202515 560.33544921875 130.25057983398438 605.72021484375 217.96788024902344 0.7815773 1.7716804 0.5654769 -0.49408358 0.7583884 14.683582 0.3812994956970215 0.28108638525009155
Pedestrian 0.0 0 1.5285078287124634 625.2399291992188 122.82672882080078 649.0972290039062 190.68968200683594 0.7209614 1.7049737 0.5783888 0.7816056 0.25759706 18.119484 1.5716172456741333 0.2800235152244568
Pedestrian 0.0 0 -0.6788170337677002 1101.5704345703125 95.87381744384766 1191.939208984375 207.66055297851562 1.0513837 1.7755272 0.5591517 8.7678795 0.43305096 11.519501 -0.028228405863046646 0.2730304002761841
Pedestrian 0.0 0 -3.276071071624756 791.5023193359375 152.80494689941406 805.326171875 181.4316864013672 0.79940045 1.8376232 0.5128117 12.495627 0.061142787 45.68928 -3.009107828140259 0.2672782242298126
Pedestrian 0.0 0 3.596402168273926 159.17987060546875 106.6980972290039 250.5106964111328 198.53919982910156 1.4914962 1.7804879 0.5394045 -7.9578447 0.35135096 14.017362 3.080061197280884 0.18451587855815887
Pedestrian 0.0 0 -1.4471282958984375 519.154296875 162.83120727539062 562.4932861328125 267.1352233886719 1.7309742 1.7796407 0.5852178 -1.191765 1.479822 12.93308 -1.5390174388885498 0.16469204425811768
Cyclist 0.0 0 -1.4471282958984375 519.154296875 162.83120727539062 562.4932861328125 267.1352233886719 1.7309742 1.7796407 0.5852178 -1.191765 1.479822 12.93308 -1.5390174388885498 0.3703078627586365
Cyclist 0.0 0 0.4610060751438141 153.0956573486328 103.56057739257812 237.822509765625 195.85411071777344 1.3669528 1.79003 0.51592094 -8.142173 0.29942417 14.010324 -0.06544169783592224 0.3553753197193146
Cyclist 0.0 0 -1.5997583866119385 520.2696533203125 118.27314758300781 550.39794921875 191.62120056152344 1.635061 1.7541783 0.6994661 -1.8041539 0.26757443 17.760698 -1.7009923458099365 0.281791627407074
Cyclist 0.0 0 -2.5318057537078857 1132.1798095703125 77.79244232177734 1224.0 185.06314086914062 1.5827613 1.7936031 0.46774265 10.347299 0.07794693 12.64228 -1.8459049463272095 0.2657511830329895
Cyclist 0.0 0 -0.6788170337677002 1101.5704345703125 95.87381744384766 1191.939208984375 207.66055297851562 1.0513837 1.7755272 0.5591517 8.7678795 0.43305096 11.519501 -0.028228405863046646 0.14614669978618622
Cyclist 0.0 0 -0.3324577808380127 892.7952880859375 90.36282348632812 965.598876953125 206.43771362304688 0.98293597 1.8839059 0.52827907 5.3422856 0.42262444 11.779285 0.09332966804504395 0.11620806902647018
Car 0.0 0 -1.3203386068344116 501.5623779296875 141.61099243164062 580.7156372070312 193.56396484375 3.585913 1.4541303 1.5742387 -1.8991761 0.36722714 21.681835 -1.4077085256576538 0.5055666565895081
Car 0.0 0 -1.7028887271881104 724.2801513671875 132.6931915283203 804.8148803710938 195.6702423095703 3.9187436 1.5737745 1.6545085 4.2930946 0.38069385 19.684906 -1.4881603717803955 0.3548797070980072
Car 0.0 0 -1.7874835729599 652.411865234375 134.10751342773438 739.6653442382812 195.75694274902344 3.6999063 1.5361372 1.6050768 2.3714645 0.38175705 19.53105 -1.6666548252105713 0.33115682005882263
