Pedestrian 0.0 0 -2.6254024505615234 258.89520263671875 167.76695251464844 277.75799560546875 200.18099975585938 0.76836795 1.8652031 0.6514313 -19.85847 1.5728368 41.869705 -3.0682730674743652 0.14157110452651978
Pedestrian 0.0 0 -3.71187162399292 1186.04150390625 182.44989013671875 1242.0 312.0251159667969 0.68701184 1.7228686 0.57869077 8.4779415 1.8603212 9.973025 -3.00732684135437 0.1258469521999359
Pedestrian 0.0 0 0.08647745847702026 998.6551513671875 198.2425537109375 1032.010498046875 245.15267944335938 1.0838935 1.7586784 0.7094997 15.85293 2.7757332 28.293484 0.5971965789794922 0.11020527780056
Cyclist 0.0 0 -0.3339426517486572 994.7479858398438 196.8776092529297 1036.2568359375 243.6487274169922 1.238469 1.7644281 0.7387817 15.779501 2.718689 28.174833 0.176588773727417 0.13485439121723175
Car 0.0 0 1.8340282440185547 360.2717590332031 185.3205108642578 415.2290954589844 220.03945922851562 3.6620877 1.4923037 1.5913719 -10.504112 2.1157405 34.20225 1.5360543727874756 0.9092815518379211
Car 0.0 0 1.9271764755249023 218.82005310058594 189.55442810058594 333.128173828125 248.0523681640625 4.438777 1.4816502 1.6828073 -9.980651 2.0403368 21.845396 1.498618721961975 0.877121090888977
Car 0.0 0 1.5920445919036865 482.81890869140625 176.16390991210938 507.3612976074219 199.58258056640625 3.9224281 1.5746262 1.6372355 -8.139656 1.8190489 51.1472 1.4342262744903564 0.6269270181655884
Car 0.0 0 1.3583459854125977 704.28515625 179.56069946289062 751.4114379882812 211.64500427246094 3.6557837 1.476665 1.5650095 5.760106 1.8276561 35.853065 1.5176434516906738 0.2181592732667923
Car 0.0 0 1.452357530593872 946.146484375 177.7294158935547 981.3644409179688 203.0875244140625 3.690459 1.548637 1.6214554 22.887758 1.8791134 46.84402 1.9068396091461182 0.13379056751728058
Car 0.0 0 1.2577235698699951 927.6387939453125 185.76580810546875 964.3240966796875 205.7021484375 3.8129735 1.5197172 1.6462198 27.666643 2.621808 59.571964 1.6925075054168701 0.12169274687767029
Car 0.0 0 1.372805118560791 856.6589965820312 184.33718872070312 888.7584228515625 204.66470336914062 4.3193583 1.5939677 1.7447598 22.28446 2.6076365 61.40202 1.720949649810791 0.11599728465080261
Car 0.0 0 1.8947830200195312 375.90057373046875 181.4234619140625 420.0439758300781 207.31568908691406 3.900287 1.5028255 1.4874133 -13.245682 2.0630848 45.16283 1.6094961166381836 0.1110028401017189
