Car 0.0 0 -1.1574499607086182 66.6541976928711 199.97996520996094 255.6898193359375 293.4610595703125 3.9773347 1.4376997 1.5830296 -8.340821 1.7645937 13.782309 -1.701671838760376 0.9718990921974182
Car 0.0 0 -1.4873172044754028 699.0184326171875 177.56605529785156 761.029541015625 230.27261352539062 3.8262272 1.6203294 1.7405329 4.1404 1.3862921 24.165735 -1.3176312446594238 0.9583005905151367
Car 0.0 0 2.1739249229431152 0.0 220.5926513671875 86.88249206542969 321.7939147949219 4.421038 1.4013119 1.6885742 -12.318785 2.1975203 13.854321 1.447128176689148 0.8602752685546875
Car 0.0 0 -1.3115556240081787 245.30990600585938 193.58412170410156 303.06005859375 227.37295532226562 3.7822826 1.4763759 1.5897335 -15.915698 1.9012638 34.39711 -1.7449243068695068 0.8539206981658936
Car 0.0 0 1.781035304069519 781.4398193359375 175.98887634277344 813.7830200195312 198.5581512451172 3.4671257 1.5555463 1.5497051 13.593652 0.9207363 51.438732 2.039397716522217 0.7487198710441589
Car 0.0 0 -1.3204014301300049 212.66444396972656 195.4925079345703 262.373779296875 223.6800994873047 3.7846859 1.4543824 1.607942 -20.863495 2.0647244 40.586243 -1.7952284812927246 0.7140325307846069
Car 0.0 0 0.07628895342350006 497.3244323730469 174.4990997314453 563.5323486328125 201.09605407714844 4.0209546 1.6381516 1.6987795 -4.8432784 0.9792293 45.182083 -0.030497942119836807 0.4830254316329956
Car 0.0 0 2.1575026512145996 147.97064208984375 193.72471618652344 212.32843017578125 218.18331909179688 3.5669708 1.384434 1.6747315 -25.991425 1.9253998 43.77855 1.6217267513275146 0.4762219786643982
Car 0.0 0 -1.441391944885254 403.7119140625 182.10939025878906 431.199462890625 202.40988159179688 3.6503124 1.5011232 1.5795144 -14.558077 1.2725568 55.063713 -1.6998639106750488 0.47032469511032104
Car 0.0 0 -1.4733672142028809 410.0963134765625 174.9762420654297 433.1161804199219 194.32981872558594 3.7858162 1.6803263 1.638139 -16.65663 0.7924426 64.406136 -1.7264410257339478 0.3825802803039551
