Pedestrian 0.0 0 -2.4523801803588867 96.12390899658203 113.97061157226562 168.07847595214844 217.0699920654297 0.90687495 1.748877 0.5405721 -8.356308 0.7503947 12.551702 -3.0397486686706543 0.6418461203575134
Pedestrian 0.0 0 2.4654014110565186 308.2742919921875 137.2797393798828 338.85125732421875 196.72769165039062 0.5823109 1.6372979 0.5494487 -8.088237 0.65788025 20.258308 2.0855371952056885 0.5688694715499878
Pedestrian 0.0 0 2.4927961826324463 751.5926513671875 140.17343139648438 779.8885498046875 185.63401794433594 0.88938075 1.8241509 0.69559366 6.31358 0.51316845 29.45315 2.703960657119751 0.5297408103942871
Pedestrian 0.0 0 -3.2233004570007324 792.463134765625 145.52938842773438 817.7506103515625 196.05673217773438 0.8490712 1.8383473 0.6615348 7.1566143 0.84454817 26.650768 -2.960956335067749 0.4493771493434906
Pedestrian 0.0 0 -3.7818284034729004 1130.049560546875 110.95418548583984 1204.2071533203125 232.76409912109375 0.60409683 1.6718435 0.57620853 7.8034782 0.82262516 10.192435 -3.128408670425415 0.3994483947753906
Pedestrian 0.0 0 -0.005573071539402008 527.1212768554688 163.94485473632812 539.4334106445312 186.07015991210938 0.9820434 1.7728767 0.59658444 -6.210904 1.0593545 58.16464 -0.11195141822099686 0.35968858003616333
Pedestrian 0.0 0 0.8671935796737671 399.2760925292969 148.7200164794922 427.8957214355469 199.4582061767578 0.83947676 1.8367912 0.6231325 -7.28816 0.9634659 26.612028 0.5998809337615967 0.34927886724472046
Pedestrian 0.0 0 -0.15742307901382446 804.5687866210938 126.29826354980469 847.8991088867188 192.0454864501953 1.0643948 1.7944314 0.65388274 5.9602294 0.524149 20.083792 0.13106608390808105 0.3427955210208893
Pedestrian 0.0 0 0.3591071367263794 510.7176818847656 167.26055908203125 522.9390869140625 187.8349609375 1.0094274 1.8511348 0.4298971 -8.444017 1.3482358 65.24052 0.230393648147583 0.3362883925437927
Pedestrian 0.0 0 0.18993422389030457 957.356689453125 97.31438446044922 1009.2067260742188 208.68003845214844 0.68076986 1.8074447 0.5726823 6.231616 0.5818081 12.1429615 0.6640760898590088 0.3263075053691864
Pedestrian 0.0 0 -2.2565200328826904 24.043304443359375 149.64215087890625 57.50602722167969 197.83370971679688 0.801308 1.8170176 0.6430895 -21.81539 0.9421944 27.602182 -2.925349235534668 0.30900031328201294
Pedestrian 0.0 0 -1.9816181659698486 1176.8218994140625 77.69331359863281 1242.0 203.92935180664062 0.7899825 1.7643021 0.61177593 8.782333 0.43467337 10.54642 -1.2872352600097656 0.30493849515914917
Pedestrian 0.0 0 3.4926159381866455 285.9667053222656 150.25033569335938 317.7420654296875 185.2579803466797 1.3724952 1.7533585 0.5458026 -15.596266 0.6216111 36.44458 3.0882537364959717 0.10369673371315002
Cyclist 0.0 0 0.6906411647796631 317.7035217285156 131.70936584472656 368.1990661621094 185.29733276367188 1.6247975 1.8530929 0.66319335 -9.491959 0.43065307 25.528343 0.33466100692749023 0.6916716694831848
Cyclist 0.0 0 0.43297290802001953 286.0513610839844 147.7628173828125 316.777587890625 183.65721130371094 1.3097125 1.7982874 0.5687363 -15.621304 0.5415922 36.44849 0.028069019317626953 0.42938271164894104
Cyclist 0.0 0 1.9749468564987183 297.38848876953125 151.4725341796875 326.78240966796875 191.84463500976562 1.6944869 1.7755206 0.6116233 -13.476029 0.8355448 32.580544 1.5827528238296509 0.4288538694381714
Cyclist 0.0 0 1.3125770092010498 792.0645751953125 132.091796875 818.431640625 178.39930725097656 1.7441475 1.9112196 0.65392613 8.237626 0.22922538 30.650295 1.57513427734375 0.35255518555641174
Cyclist 0.0 0 -1.217954158782959 89.15547180175781 127.55563354492188 134.29623413085938 186.0869140625 1.7795222 1.7848666 0.6050005 -15.858144 0.40388533 22.937086 -1.8228685855865479 0.31727421283721924
Cyclist 0.0 0 -0.16701653599739075 803.3868408203125 127.37096405029297 852.26611328125 192.50765991210938 1.1962864 1.7718366 0.71669054 5.992719 0.53497326 20.053621 0.12337088584899902 0.22002588212490082
Cyclist 0.0 0 1.3771135807037354 528.6493530273438 161.1658172607422 537.4275512695312 183.87086486816406 0.98754704 1.808293 0.52059084 -6.214776 0.877771 58.011215 1.2703900337219238 0.13343285024166107
Cyclist 0.0 0 -3.1651315689086914 791.5015869140625 144.98875427246094 816.9034423828125 196.59434509277344 0.8886641 1.8750148 0.67082953 7.1208057 0.8629292 26.643871 -2.9039766788482666 0.10105836391448975
Car 0.0 0 1.713524341583252 522.410400390625 176.1164093017578 567.6522216796875 208.06492614746094 3.7073522 1.4038944 1.6119648 -3.0426683 1.5664878 33.984264 1.6242307424545288 0.9616138935089111
Car 0.0 0 -1.2526912689208984 507.8481750488281 171.05992126464844 537.6729125976562 188.36386108398438 3.9649954 1.5549227 1.5876801 -8.075211 1.3940649 66.93417 -1.3727550506591797 0.38213884830474854
Car 0.0 0 1.8040447235107422 335.1505126953125 170.2771453857422 376.91583251953125 194.76324462890625 3.967036 1.4660242 1.5978761 -15.90184 1.3121016 45.253067 1.4661248922348022 0.3302915394306183
Car 0.0 0 -1.051793098449707 481.4053039550781 165.96571350097656 521.6630859375 185.9342498779297 3.855627 1.6203487 1.6522578 -9.097569 1.0617557 60.64258 -1.2007020711898804 0.3205684721469879
