Pedestrian 0.0 0 2.792551040649414 820.900634765625 153.4897003173828 866.81201171875 224.98684692382812 0.94118404 1.8387043 0.75953645 6.145051 1.0239327 18.878872 3.107234001159668 0.2805608808994293
Car 0.0 0 -1.0052762031555176 20.1209659576416 173.1035614013672 262.3441467285156 283.1834716796875 4.2111654 1.7098109 1.7253106 -8.311763 1.5228106 13.272565 -1.564764142036438 0.9530279040336609
Car 0.0 0 -1.4827340841293335 477.5616760253906 177.15428161621094 519.8466796875 212.09803771972656 3.9498243 1.4658365 1.530003 -4.8561106 1.1288037 32.169468 -1.6325569152832031 0.8944233655929565
Car 0.0 0 -1.563980221748352 572.2760620117188 176.66847229003906 614.2142333984375 211.7213592529297 3.490239 1.3912805 1.6649653 -0.6382973 1.0531651 30.28507 -1.5850534439086914 0.8866730332374573
Car 0.0 0 -1.115017056465149 226.29083251953125 186.4068603515625 346.50689697265625 245.06268310546875 3.6392772 1.4566401 1.5689106 -8.735824 1.493606 19.77255 -1.5310441255569458 0.7400608658790588
Car 0.0 0 -0.6913463473320007 0.0 211.05926513671875 166.54580688476562 376.0 3.742128 1.4298276 1.5747329 -5.005867 1.6713043 4.7607226 -1.501839518547058 0.7351140379905701
Car 0.0 0 -1.576991319656372 530.4468994140625 174.06027221679688 550.5885009765625 194.9207305908203 2.8653884 1.5514205 1.4936712 -5.1674747 0.72290766 54.95857 -1.6707406044006348 0.40270060300827026
Car 0.0 0 -1.2585190534591675 0.0 180.11085510253906 78.82904052734375 263.3385009765625 3.6054692 1.4682168 1.6044581 -12.340975 1.3792936 14.649778 -1.9585844278335571 0.2748722434043884
Car 0.0 0 -1.6546813249588013 501.71954345703125 177.7476043701172 532.0689086914062 202.84756469726562 3.4731271 1.4701085 1.5491581 -5.614837 1.0338326 43.95998 -1.7817195653915405 0.2567926049232483
Car 0.0 0 -1.7362784147262573 655.4368896484375 168.6079559326172 696.5028076171875 197.91537475585938 4.054062 1.5482788 1.6215969 3.7164943 0.6720413 40.053326 -1.6437547206878662 0.25122278928756714
