Pedestrian 0.0 0 -2.513594150543213 626.5162963867188 144.69407653808594 657.0554809570312 194.71678161621094 0.89033 1.8181498 0.70096403 1.1360519 0.79499316 26.77383 -2.4711880683898926 0.4380047917366028
Cyclist 0.0 0 1.8981043100357056 375.5606689453125 139.4167938232422 401.8170471191406 181.42559814453125 1.6103461 1.8118894 0.6285946 -9.820929 0.37006125 31.93196 1.5997281074523926 0.622138261795044
Cyclist 0.0 0 1.1772117614746094 603.1710815429688 136.9422607421875 628.2511596679688 179.22605895996094 1.5578082 1.7870766 0.5286977 0.19635211 0.26966584 31.313274 1.18348228931427 0.5789139866828918
Cyclist 0.0 0 -1.7320369482040405 1167.47314453125 105.63994598388672 1203.886962890625 177.45265197753906 1.4507457 1.7843801 0.50718546 14.840648 0.114623964 18.68266 -1.0607481002807617 0.32345306873321533
Cyclist 0.0 0 -2.0364274978637695 627.8527221679688 144.76089477539062 656.1888427734375 195.309326171875 0.9503995 1.8331782 0.6951722 1.1375986 0.81471777 26.740387 -1.9939109086990356 0.10135545581579208
Car 0.0 0 -0.9574154615402222 652.8907470703125 189.57408142089844 759.20556640625 239.34864807128906 3.6983345 1.3975171 1.5801872 3.133205 1.984591 23.422342 -0.8244349956512451 0.7805406451225281
Car 0.0 0 1.2545045614242554 601.731201171875 162.5438690185547 651.0685424804688 190.2488555908203 3.8439434 1.4358028 1.5706052 0.8061338 0.90184206 39.458168 1.274931788444519 0.6319592595100403
Car 0.0 0 2.2458746433258057 575.1505737304688 162.26258850097656 630.3239135742188 185.1354217529297 4.0172977 1.4996227 1.6223147 -0.48552656 0.8055705 49.384823 2.2360434532165527 0.6089185476303101
Car 0.0 0 1.4113913774490356 419.6341857910156 160.48348999023438 449.36065673828125 181.90960693359375 4.007113 1.6303059 1.6644017 -13.937986 0.6893947 57.068287 1.1718473434448242 0.42120325565338135
Car 0.0 0 -1.0718908309936523 585.7205200195312 160.54859924316406 630.330078125 181.93798828125 4.020345 1.560858 1.6700205 -0.13405037 0.66324735 54.81558 -1.074336290359497 0.3557449281215668
Car 0.0 0 2.4097180366516113 541.17919921875 166.11717224121094 612.2916870117188 194.31590270996094 4.185765 1.5948431 1.6568111 -1.9666541 1.2141848 42.864178 2.3638691902160645 0.34751901030540466
Car 0.0 0 1.7678701877593994 573.511962890625 161.87973022460938 603.480224609375 181.97457885742188 4.055822 1.5654501 1.661759 -1.7245044 0.7108793 58.345295 1.7383219003677368 0.33888721466064453
Car 0.0 0 -1.1692508459091187 509.5373840332031 165.93531799316406 541.35791015625 182.40829467773438 3.97142 1.5456371 1.6382608 -8.163991 0.8968235 69.83413 -1.285628080368042 0.3149310350418091
