Car 0.0 0 -2.0873734951019287 846.6564331054688 180.85682678222656 1242.0 375.0 3.8335662 1.5145754 1.5859356 3.1180086 1.5959859 5.381481 -1.562241792678833 0.9509159922599792
Car 0.0 0 -1.7626636028289795 688.123779296875 184.094482421875 773.6370849609375 248.13760375976562 3.5400617 1.473785 1.5510772 3.036537 1.7985595 19.026777 -1.604405403137207 0.940443754196167
Car 0.0 0 3.736495018005371 0.0 186.40924072265625 274.03387451171875 323.0407409667969 3.8399184 1.5514009 1.6642458 -6.6726613 1.7423844 9.255287 3.111842155456543 0.9254462122917175
Car 0.0 0 0.4232567548751831 154.06654357910156 186.2097625732422 391.6642761230469 272.32598876953125 3.8503525 1.5374731 1.5836979 -6.4325423 1.810885 13.939541 -0.00908642914146185 0.884799599647522
Car 0.0 0 3.343193531036377 354.8746337890625 178.8986358642578 480.2053527832031 231.02833557128906 3.7038927 1.6239426 1.7040457 -6.2723117 1.8305006 23.653786 3.0839874744415283 0.8656946420669556
Car 0.0 0 0.3100379407405853 301.3543395996094 176.32034301757812 464.3455505371094 243.1182403564453 3.7268817 1.6497258 1.5778315 -5.8493714 1.7437963 18.702261 0.006913661956787109 0.8255987167358398
Car 0.0 0 -0.25289520621299744 753.5108642578125 187.19166564941406 871.9459228515625 230.22364807128906 3.8451684 1.4776888 1.6656741 7.2518454 2.0162404 26.216337 0.01697230339050293 0.8201854825019836
Car 0.0 0 0.310757040977478 235.4207305908203 188.099853515625 442.0125732421875 266.5904846191406 4.0494523 1.6328778 1.6717043 -6.044019 1.9970884 16.292171 -0.04448188841342926 0.7751479148864746
Car 0.0 0 0.4304910898208618 57.70027160644531 191.81199645996094 376.70343017578125 302.2922058105469 4.162574 1.5675645 1.6488498 -6.1071587 1.8949648 11.501468 -0.05763969570398331 0.7677066922187805
Car 0.0 0 0.21659499406814575 410.6965637207031 169.28622436523438 504.97119140625 208.17074584960938 3.935068 1.7255032 1.6773535 -6.9191947 1.5675409 32.87216 0.00913548469543457 0.7119563817977905
Car 0.0 0 3.2343406677246094 483.7450256347656 177.39456176757812 552.4029541015625 205.27273559570312 4.35174 1.7916063 1.7896086 -6.055807 2.097926 47.64996 3.107928991317749 0.6622603535652161
