Car 0.0 0 -1.3343801498413086 409.7379455566406 187.65602111816406 495.18780517578125 241.84129333496094 3.6878088 1.4145454 1.5904192 -4.428425 1.4926112 20.794796 -1.5442039966583252 0.9441466331481934
Car 0.0 0 -1.198238492012024 139.74351501464844 193.34886169433594 407.8699645996094 340.1962585449219 4.5869255 1.4698212 1.6330153 -4.158321 1.6076903 9.764964 -1.6008211374282837 0.9275534749031067
Car 0.0 0 -1.356001853942871 359.8880920410156 179.3524932861328 424.4689636230469 223.07667541503906 4.1216874 1.6560513 1.6819241 -8.74194 1.435114 29.34077 -1.645572304725647 0.9167587757110596
Car 0.0 0 -1.40066659450531 462.0863342285156 182.52601623535156 515.0714721679688 219.6097869873047 3.9651725 1.4842745 1.5871663 -5.0626326 1.3777514 30.756458 -1.5638076066970825 0.9022380709648132
Car 0.0 0 -1.131638526916504 208.59410095214844 163.19329833984375 318.49176025390625 211.38629150390625 4.7459426 1.6072187 1.771414 -12.474639 0.8739113 26.345488 -1.5738638639450073 0.8537895679473877
Car 0.0 0 -1.546923279762268 578.4512939453125 178.91197204589844 608.1091918945312 205.83709716796875 2.658203 1.3976822 1.5333878 -0.7805592 1.0715871 38.643917 -1.5671192407608032 0.8044048547744751
Car 0.0 0 -0.9024584293365479 0.0 198.36990356445312 159.70193481445312 344.7922668457031 4.262869 1.4980023 1.6721213 -8.33286 1.7197337 9.894897 -1.6023699045181274 0.7078453302383423
Car 0.0 0 -1.4832086563110352 502.6976318359375 182.9093475341797 535.5805053710938 209.45933532714844 3.4002917 1.4150136 1.5279759 -4.924783 1.2932249 40.034225 -1.6056079864501953 0.678699254989624
Car 0.0 0 -2.3369786739349365 0.0 188.34719848632812 137.96592712402344 248.55453491210938 3.469104 1.4070419 1.4889034 -13.878234 1.490401 17.88529 -2.996886968612671 0.6600985527038574
Car 0.0 0 2.0624802112579346 202.52957153320312 192.78001403808594 329.7698669433594 254.34556579589844 3.3815901 1.3652927 1.4612719 -8.497512 1.5749787 18.088892 1.6233124732971191 0.6482293009757996
Car 0.0 0 -1.1954816579818726 346.9281921386719 179.44956970214844 401.4969177246094 209.09999084472656 3.6671617 1.5226276 1.5657027 -12.565327 1.2276534 38.789986 -1.5087474584579468 0.5866324305534363
