Pedestrian 0.0 0 0.9219133257865906 686.2909545898438 145.97695922851562 711.0721435546875 191.53323364257812 0.6308413 1.7297553 0.71273303 3.3783298 0.7096013 27.845821 1.0426459312438965 0.8205640912055969
Pedestrian 0.0 0 -1.0109941959381104 889.4895629882812 135.52801513671875 921.2815551757812 191.43511962890625 0.74554867 1.7965726 0.6726489 9.646509 0.5974612 23.674595 -0.6240713000297546 0.6061892509460449
Pedestrian 0.0 0 -2.310351848602295 1156.9373779296875 83.4828872680664 1242.0 224.98892211914062 0.6944551 1.7335209 0.662229 7.521329 0.639037 9.201137 -1.6250700950622559 0.4668603241443634
Pedestrian 0.0 0 1.2087881565093994 1164.829345703125 113.7466812133789 1221.7574462890625 196.97262573242188 1.1240057 1.9330491 0.7133806 13.994564 0.5605497 17.400976 1.8861092329025269 0.41970252990722656
Cyclist 0.0 0 1.106109380722046 901.651611328125 106.97148895263672 959.1267700195312 185.92709350585938 1.5886986 1.7922634 0.5973299 7.551353 0.29711246 17.184347 1.520140290260315 0.46391934156417847
Car 0.0 0 1.8734022378921509 308.3042907714844 183.30828857421875 396.95355224609375 230.92947387695312 4.4886518 1.4819839 1.7073702 -9.08125 1.8880502 25.72439 1.5340386629104614 0.9104576706886292
Car 0.0 0 1.6368529796600342 441.7690734863281 177.25218200683594 470.3095397949219 201.8986358642578 3.9445238 1.5703806 1.631944 -10.397972 1.8806981 48.778316 1.4268286228179932 0.8560394644737244
Car 0.0 0 -1.525282382965088 585.9192504882812 169.30816650390625 613.6534423828125 195.35009765625 3.993946 1.6326631 1.6381053 -0.662072 1.4107201 47.254852 -1.5392920970916748 0.6880516409873962
Car 0.0 0 -1.7515982389450073 626.1975708007812 165.79977416992188 652.1190795898438 184.8195343017578 3.7719946 1.6224577 1.623769 2.5148587 1.021064 63.528667 -1.712032675743103 0.6559088230133057
Car 0.0 0 -1.6361004114151 549.598876953125 171.8203887939453 569.7868041992188 187.9048309326172 4.032849 1.4190743 1.5706449 -4.631277 1.3282396 65.76013 -1.7064111232757568 0.5223063230514526
Car 0.0 0 1.4312033653259277 639.1860961914062 164.4635772705078 669.5610961914062 188.61021423339844 4.0177054 1.6493431 1.6068915 3.0887363 1.0765902 51.348415 1.4912835359573364 0.4775395095348358
Car 0.0 0 -1.1360818147659302 848.2484130859375 154.9694061279297 892.586669921875 177.2294464111328 3.721566 1.5640161 1.6244515 18.975878 0.30778098 52.58664 -0.7897741794586182 0.4084114134311676
Car 0.0 0 0.25431936979293823 241.9300079345703 160.1691436767578 306.7124938964844 183.76072692871094 3.9843652 1.6742047 1.6184644 -24.334879 0.77436656 52.35627 -0.1807689219713211 0.3436741232872009
