Cyclist 0.0 0 -2.1388330459594727 902.732666015625 130.4921417236328 1022.475341796875 298.53485107421875 1.7176917 1.9215577 0.50342506 4.3413186 1.4375105 9.131411 -1.69503653049469 0.814845085144043
Car 0.0 0 2.1513404846191406 91.13338470458984 196.94735717773438 203.46859741210938 242.8451690673828 3.897024 1.4191992 1.5641464 -16.774618 2.3640132 26.322777 1.583968997001648 0.9255291819572449
Car 0.0 0 1.6744589805603027 445.8805847167969 182.3084716796875 468.8935241699219 199.76927185058594 4.0456233 1.5192659 1.6876671 -14.18934 2.4270856 67.152214 1.4662209749221802 0.5608458518981934
Car 0.0 0 2.063192367553711 262.58294677734375 190.86544799804688 321.8664245605469 216.71734619140625 4.1817884 1.4729625 1.7035608 -20.322195 2.6817873 46.25711 1.6492459774017334 0.2278110831975937
Car 0.0 0 1.4340474605560303 651.8936767578125 185.2584686279297 696.6658325195312 220.23338317871094 3.617641 1.3941588 1.4810014 2.7478843 1.9748749 31.911167 1.5199459791183472 0.21389535069465637
Car 0.0 0 1.3751027584075928 633.0856323242188 178.86129760742188 669.5492553710938 203.7893829345703 3.679741 1.4363561 1.5482293 2.4684858 1.8227376 44.432495 1.4306015968322754 0.19968156516551971
Car 0.0 0 1.4281500577926636 644.3828735351562 183.48365783691406 683.8079833984375 212.11134338378906 3.8830419 1.3682123 1.5207096 2.7572641 1.9570011 37.949764 1.500678300857544 0.1786021739244461
Car 0.0 0 2.0609607696533203 188.48812866210938 186.70248413085938 260.6772155761719 218.64422607421875 4.1516805 1.5313354 1.6306841 -20.481081 2.3098812 38.466053 1.5716947317123413 0.17142467200756073
Car 0.0 0 1.5003081560134888 624.7022094726562 173.64828491210938 644.8482666015625 191.19227600097656 3.4616284 1.4718853 1.4980814 2.0989034 1.5429256 62.4484 1.5339057445526123 0.1700245887041092
Car 0.0 0 -0.5770237445831299 716.0948486328125 170.78062438964844 776.8258666992188 193.94390869140625 3.7534568 1.5176979 1.6236136 9.186666 1.3822047 48.739006 -0.3907225728034973 0.1646835207939148
