Pedestrian 0.0 0 0.6362077593803406 525.9313354492188 128.43521118164062 641.3662719726562 327.0407409667969 0.93756324 1.7214677 0.546776 -0.25480792 1.2718848 6.6133566 0.5976974964141846 0.7256240844726562
Pedestrian 0.0 0 -3.0695838928222656 819.6251220703125 103.27365112304688 874.5040893554688 209.44412231445312 0.87142104 1.8033884 0.715535 4.244503 0.49328652 12.503808 -2.7423322200775146 0.6141306161880493
Pedestrian 0.0 0 1.4150255918502808 517.6796875 113.6591567993164 554.8692016601562 205.49595642089844 0.8391921 1.8717809 0.6544922 -1.4978478 0.51108325 14.894599 1.314799427986145 0.42751359939575195
Pedestrian 0.0 0 0.0509544312953949 708.3368530273438 120.19332122802734 739.2322387695312 188.229248046875 0.7542395 1.7108173 0.59738153 3.0172405 0.19595224 18.146826 0.2157154083251953 0.4036617577075958
Pedestrian 0.0 0 -0.07880088686943054 952.96142578125 88.42716979980469 1012.0585327148438 203.82810974121094 0.82086796 1.847045 0.56018573 6.2036266 0.37503156 11.731517 0.4076204299926758 0.3991008698940277
Pedestrian 0.0 0 -0.17333894968032837 875.5108032226562 97.08990478515625 935.1423950195312 209.35826110839844 0.82413095 1.8140066 0.5897236 4.9525046 0.46793878 11.798417 0.22408509254455566 0.3789714574813843
Pedestrian 0.0 0 -3.7149229049682617 1104.934326171875 96.94520568847656 1195.231201171875 210.72506713867188 1.0362931 1.805746 0.545218 8.826711 0.48134303 11.52944 -3.0615248680114746 0.27654924988746643
Pedestrian 0.0 0 0.4418279826641083 557.4334106445312 111.04096221923828 604.9478149414062 203.25982666015625 0.79068834 1.8564003 0.63672954 -0.53119713 0.45979095 14.676724 0.40565061569213867 0.26785022020339966
Pedestrian 0.0 0 1.641188144683838 624.1660766601562 123.45372772216797 648.9338989257812 192.14370727539062 0.6770424 1.7228825 0.58926874 0.7761963 0.29364154 18.098886 1.6840482950210571 0.2501385807991028
Cyclist 0.0 0 0.3799286484718323 149.41600036621094 113.84364318847656 261.0118103027344 204.6189422607422 1.8488364 1.7455686 0.55794257 -7.925179 0.4654297 13.992474 -0.13540993630886078 0.6219675540924072
Cyclist 0.0 0 -2.3569724559783936 1137.887939453125 84.43293762207031 1224.0 191.18272399902344 1.5969737 1.7827562 0.47162938 10.367305 0.18005484 12.620778 -1.6692900657653809 0.2607489228248596
Cyclist 0.0 0 -0.4966397285461426 799.9869384765625 95.88771057128906 871.7083740234375 203.68385314941406 0.998657 1.8348888 0.6766337 4.011539 0.39627945 12.454713 -0.18504200875759125 0.1677103489637375
Cyclist 0.0 0 -3.7149229049682617 1104.934326171875 96.94520568847656 1195.231201171875 210.72506713867188 1.0362931 1.805746 0.545218 8.826711 0.48134303 11.52944 -3.0615248680114746 0.13488398492336273
Cyclist 0.0 0 1.4210888147354126 517.3504638671875 111.8581771850586 555.205078125 206.00390625 0.8873111 1.9164132 0.66582316 -1.4990832 0.52077866 14.899809 1.3208153247833252 0.10195647180080414
Car 0.0 0 -1.7822006940841675 717.38525390625 134.20411682128906 808.3082275390625 197.1686553955078 4.0371985 1.5833995 1.6408962 4.2556095 0.42076844 19.794422 -1.5704337358474731 0.3751707971096039
Car 0.0 0 1.917428731918335 0.0 189.38880920410156 84.90058135986328 306.7308349609375 4.005613 1.562295 1.6437415 -10.428085 1.7408142 11.900975 1.1978981494903564 0.27809447050094604
