Pedestrian 0.0 0 -2.424272298812866 431.702392578125 155.6481170654297 451.38519287109375 188.061279296875 0.870018 1.8325502 0.6714636 -9.674212 0.8601353 41.291306 -2.6544129848480225 0.4516153037548065
Pedestrian 0.0 0 1.8976802825927734 452.25714111328125 150.79641723632812 467.1089782714844 183.82345581054688 0.8000412 1.89859 0.621431 -8.762186 0.63094693 41.910065 1.6915777921676636 0.35604673624038696
Pedestrian 0.0 0 -1.2145113945007324 361.2975158691406 132.40171813964844 392.4883728027344 188.7129364013672 1.0426385 1.7823898 0.6395644 -7.5856795 0.5023327 23.370127 -1.5283712148666382 0.34445908665657043
Pedestrian 0.0 0 1.4149236679077148 786.550537109375 133.2506103515625 831.5005493164062 227.245361328125 0.7168979 1.8222668 0.7590046 3.9047313 1.0548378 14.38331 1.6800111532211304 0.3394716680049896
Pedestrian 0.0 0 1.1096961498260498 803.2471313476562 128.19847106933594 841.2251586914062 201.30816650390625 0.7098642 1.5544614 0.5328092 4.5710363 0.60535157 15.7351885 1.3924126625061035 0.3335998058319092
Pedestrian 0.0 0 2.0675179958343506 320.64556884765625 122.39242553710938 380.9457702636719 207.7515106201172 1.654027 1.8578552 0.5878027 -5.9686275 0.75990796 16.563435 1.7216529846191406 0.1148952767252922
Cyclist 0.0 0 2.9488487243652344 443.1021423339844 136.74203491210938 481.11407470703125 181.6614990234375 1.4359185 1.7967079 0.56079674 -6.0666704 0.352644 29.393408 2.7453112602233887 0.47771111130714417
Cyclist 0.0 0 -1.8500237464904785 710.4266357421875 127.7999496459961 748.5033569335938 192.3657989501953 1.825379 1.7902097 0.6047557 3.398335 0.5413595 20.94526 -1.6891769170761108 0.404844731092453
Cyclist 0.0 0 2.0675179958343506 320.64556884765625 122.39242553710938 380.9457702636719 207.7515106201172 1.654027 1.8578552 0.5878027 -5.9686275 0.75990796 16.563435 1.7216529846191406 0.3325364887714386
Cyclist 0.0 0 -1.2145113945007324 361.2975158691406 132.40171813964844 392.4883728027344 188.7129364013672 1.0426385 1.7823898 0.6395644 -7.5856795 0.5023327 23.370127 -1.5283712148666382 0.11299657076597214
Cyclist 0.0 0 0.294780433177948 434.00177001953125 154.24375915527344 454.5580749511719 185.95677185058594 0.99600345 1.7979959 0.6664359 -9.510189 0.74322987 41.271873 0.06830573081970215 0.10754017531871796
Car 0.0 0 1.7728850841522217 489.35150146484375 177.85574340820312 559.5686645507812 225.20346069335938 4.0484204 1.5119954 1.6884121 -2.981268 1.7041041 25.569414 1.6568140983581543 0.9474578499794006
Car 0.0 0 -1.5705994367599487 553.0719604492188 173.26084899902344 574.0375366210938 192.64747619628906 3.497986 1.4583468 1.5775892 -3.640658 1.4913789 56.146145 -1.635351300239563 0.8542064428329468
Car 0.0 0 -1.7718307971954346 634.9581298828125 164.74903869628906 661.8947143554688 182.4768524169922 4.3355937 1.5870826 1.6543779 3.504085 0.8618425 66.8593 -1.7194688320159912 0.8280006647109985
Car 0.0 0 -1.8729102611541748 625.93408203125 143.19361877441406 695.9364013671875 186.31112670898438 3.7540047 1.5246196 1.6038455 1.8206528 0.47619706 27.523062 -1.806856393814087 0.4730483591556549
Car 0.0 0 1.954190731048584 514.6342163085938 165.04046630859375 551.594970703125 184.64682006835938 4.3678894 1.6204025 1.6421299 -6.5760927 0.9749967 61.955383 1.8484442234039307 0.3699146509170532
Car 0.0 0 1.694900631904602 492.3926086425781 159.8697967529297 527.6113891601562 185.6042938232422 4.512249 1.5905353 1.7210352 -6.4705405 0.7883971 46.85951 1.5576845407485962 0.29972806572914124
