Pedestrian 0.0 0 -1.5450222492218018 613.094482421875 163.21566772460938 625.775390625 200.86343383789062 1.3629711 1.8299042 0.5956161 0.55280423 0.76170397 35.630066 -1.529508352279663 0.46157780289649963
Cyclist 0.0 0 -1.3324966430664062 162.89544677734375 165.5128173828125 191.27345275878906 218.9622802734375 1.8143001 1.8823298 0.47656575 -15.749184 1.1895849 26.249146 -1.8729076385498047 0.5563188791275024
Cyclist 0.0 0 0.2848847210407257 336.20001220703125 163.21542358398438 381.01318359375 197.58697509765625 1.8868176 1.6327803 0.81141055 -12.010847 0.58881474 34.596306 -0.049267955124378204 0.3838723301887512
Cyclist 0.0 0 -1.5477662086486816 613.1749267578125 162.665771484375 625.9910888671875 200.63446044921875 1.284025 1.8467135 0.60742664 0.5595668 0.7510664 35.61309 -1.532055139541626 0.32286152243614197
Car 0.0 0 -1.643684983253479 549.706298828125 191.24642944335938 723.953369140625 352.6760559082031 3.3805938 1.3969291 1.5569983 0.10903535 1.48042 8.079882 -1.6301910877227783 0.9685177206993103
Car 0.0 0 -1.5760090351104736 564.4512329101562 179.2056884765625 654.9891357421875 257.1846008300781 3.817269 1.4622573 1.6985785 -0.025237126 1.3506889 15.390588 -1.5776487588882446 0.8880590796470642
Car 0.0 0 -1.5873849391937256 564.3477172851562 173.66018676757812 620.8578491210938 227.3577423095703 4.1139903 1.5766865 1.6619895 -0.5725505 1.2385211 23.193047 -1.6120662689208984 0.8222293853759766
Car 0.0 0 1.7274610996246338 538.10546875 187.76165771484375 570.2890014648438 210.55555725097656 3.847659 1.4112536 1.514993 -3.4781327 1.5856059 46.925327 1.6534757614135742 0.40267083048820496
Car 0.0 0 0.33060920238494873 303.593017578125 175.79408264160156 352.42242431640625 193.90838623046875 3.5932355 1.529245 1.5315311 -23.926115 0.7349857 61.520966 -0.04030035436153412 0.32935792207717896
Car 0.0 0 -2.786466360092163 467.40435791015625 179.0611572265625 519.015625 197.55831909179688 3.939264 1.5201522 1.672102 -9.60297 1.0154841 60.279568 -2.944446086883545 0.3174193501472473
Car 0.0 0 -2.5570976734161377 288.14898681640625 161.7919921875 383.8879699707031 195.00306701660156 4.202507 1.5830451 1.6740143 -13.445455 0.46765792 35.54201 -2.9187562465667725 0.2848353683948517
Car 0.0 0 0.6657471656799316 532.5925903320312 174.7112274169922 585.1041870117188 194.45391845703125 3.7438955 1.4307858 1.5793121 -3.692846 0.67064047 53.798527 0.597212553024292 0.22669638693332672
