Pedestrian 0.0 0 -1.7370293140411377 1153.66455078125 56.25764083862305 1242.0 287.98333740234375 1.0494919 1.7550601 0.5827254 4.9587765 0.8723326 6.0622478 -1.0514228343963623 0.4915432333946228
Pedestrian 0.0 0 -0.1890014111995697 872.3971557617188 157.235595703125 900.005126953125 201.5517120361328 0.9374326 1.7884084 0.71316123 11.261886 1.1584746 29.54822 0.17513775825500488 0.4673388600349426
Pedestrian 0.0 0 -1.9870426654815674 868.29248046875 144.76303100585938 894.858154296875 191.4559783935547 0.86675614 1.7585061 0.65620077 10.347208 0.7009278 27.622759 -1.628631591796875 0.40672385692596436
Pedestrian 0.0 0 0.3124271631240845 1136.9874267578125 92.67453002929688 1242.0 370.4298400878906 0.80116653 1.7854707 0.62264997 4.303118 1.2704178 5.140291 1.0094048976898193 0.4030996263027191
Pedestrian 0.0 0 -1.951434850692749 218.5616912841797 125.05967712402344 256.5368347167969 191.14659118652344 0.7466698 1.7720726 0.70058215 -10.296941 0.49086055 19.853853 -2.4298806190490723 0.35776233673095703
Pedestrian 0.0 0 0.9953897595405579 938.4093627929688 146.07740783691406 988.8521728515625 228.519775390625 1.0125555 1.8045857 0.562495 7.937569 1.2188294 16.327976 1.4478824138641357 0.3251183331012726
Pedestrian 0.0 0 2.6749658584594727 779.6929321289062 114.94229888916016 817.6123657226562 179.75198364257812 0.8435065 1.7996435 0.6333961 5.289643 0.19190207 20.431799 2.9282963275909424 0.2942408323287964
Pedestrian 0.0 0 2.6742138862609863 815.0771484375 117.7056884765625 853.3737182617188 183.9933624267578 0.83613694 1.8190552 0.610968 6.214867 0.3060425 20.168825 2.973123788833618 0.2811238169670105
Pedestrian 0.0 0 -3.285000801086426 724.685302734375 148.35684204101562 753.7507934570312 196.48301696777344 1.042054 1.8769771 0.6810365 5.053966 0.9219176 28.495142 -3.109463930130005 0.27657973766326904
Pedestrian 0.0 0 1.1140286922454834 745.9376831054688 142.1890411376953 781.1082763671875 188.07676696777344 1.7729194 1.7416594 0.62924325 5.9646335 0.57813466 28.31974 1.3216122388839722 0.10963182151317596
Cyclist 0.0 0 1.1948944330215454 458.07879638671875 135.2793731689453 487.93206787109375 182.70245361328125 1.6794024 1.9828721 0.691699 -5.94959 0.41214532 31.060814 1.0056402683258057 0.6272377371788025
Cyclist 0.0 0 -1.0973992347717285 166.42620849609375 130.41030883789062 217.31365966796875 191.43026733398438 1.9101323 1.8051431 0.55325836 -12.942628 0.5498962 22.310595 -1.6230663061141968 0.4464412033557892
Cyclist 0.0 0 -1.7377270460128784 1154.542236328125 56.84210205078125 1242.0 289.5587463378906 1.1033918 1.7522395 0.5791117 4.961519 0.879086 6.052724 -1.0510787963867188 0.3693793714046478
Cyclist 0.0 0 1.1140286922454834 745.9376831054688 142.1890411376953 781.1082763671875 188.07676696777344 1.7729194 1.7416594 0.62924325 5.9646335 0.57813466 28.31974 1.3216122388839722 0.3538843095302582
Cyclist 0.0 0 2.136564254760742 308.1496276855469 139.39344787597656 344.4745788574219 188.88742065429688 1.3061622 1.7613034 0.63625914 -10.400282 0.57092655 26.37551 1.760967493057251 0.29782208800315857
Cyclist 0.0 0 1.1926319599151611 867.5741577148438 146.5319366455078 895.78515625 193.4586944580078 1.0898403 1.7672014 0.6565313 10.38524 0.7763041 27.720716 1.551085352897644 0.23785291612148285
Cyclist 0.0 0 0.9953897595405579 938.4093627929688 146.07740783691406 988.8521728515625 228.519775390625 1.0125555 1.8045857 0.562495 7.937569 1.2188294 16.327976 1.4478824138641357 0.1139436587691307
Cyclist 0.0 0 -0.15196862816810608 872.1488037109375 156.58499145507812 899.5555419921875 201.2690887451172 0.95058614 1.8022773 0.70965624 11.246678 1.1464453 29.546368 0.21174192428588867 0.10923682898283005
Car 0.0 0 1.8154503107070923 326.7330322265625 191.7555694580078 509.0773010253906 314.1218566894531 4.7113266 1.5355706 1.8029524 -2.987687 1.9157879 12.139131 1.5741263628005981 0.9435730576515198
Car 0.0 0 0.9221557378768921 691.5639038085938 164.14463806152344 731.83447265625 182.77944946289062 3.5337336 1.5278372 1.5532448 8.553926 0.81412786 61.076176 1.0613040924072266 0.5385866761207581
Car 0.0 0 3.4528167247772217 282.8643798828125 152.94384765625 407.6869812011719 201.56503295898438 3.7150245 1.6052885 1.5327564 -9.020252 0.9482883 24.65877 3.1021335124969482 0.4101865291595459
Car 0.0 0 1.4469020366668701 743.8992309570312 162.25782775878906 771.1531372070312 184.58021545410156 3.3257012 1.5856073 1.5557711 10.770339 0.833296 52.96718 1.6475069522857666 0.36802542209625244
Car 0.0 0 -1.341180682182312 682.259033203125 161.7307891845703 720.2825927734375 187.11424255371094 4.136016 1.6540097 1.6783516 6.2430816 0.929569 49.24413 -1.2150752544403076 0.3410928547382355
