Pedestrian 0.0 0 1.4548425674438477 779.9964599609375 145.5797576904297 799.9161987304688 194.829833984375 0.7499305 1.87093 0.6614194 6.890882 0.83518386 27.821085 1.6976418495178223 0.7633110284805298
Pedestrian 0.0 0 -1.2692402601242065 467.4224853515625 157.08738708496094 499.98748779296875 225.53619384765625 0.7452345 1.7875963 0.6662085 -3.4110317 1.3761964 19.252377 -1.4445950984954834 0.6615732312202454
Pedestrian 0.0 0 1.158699631690979 740.9407958984375 152.88067626953125 758.500244140625 188.07545471191406 0.6841725 1.8220806 0.6849122 7.2727966 0.7883927 37.761265 1.3489692211151123 0.6187632083892822
Pedestrian 0.0 0 1.6954216957092285 387.7591552734375 132.46673583984375 424.03192138671875 219.96664428710938 0.75606686 1.8144097 0.65751064 -4.392033 0.97729194 15.383009 1.417309045791626 0.5906873941421509
Pedestrian 0.0 0 -0.5064040422439575 887.3291625976562 136.70059204101562 915.752197265625 190.51614379882812 0.6446482 1.7801548 0.6610445 9.741751 0.58460045 24.232765 -0.12416837364435196 0.5654231905937195
Cyclist 0.0 0 1.6754887104034424 485.19268798828125 128.23924255371094 507.9210205078125 182.161865234375 1.7860246 1.7962734 0.59595484 -3.9520144 0.31042138 24.940567 1.5183379650115967 0.5130611658096313
Car 0.0 0 -1.3991663455963135 414.5615539550781 176.32440185546875 551.7532348632812 281.20111083984375 4.1292257 1.4961942 1.6203293 -2.0544555 1.5666488 12.499573 -1.5620719194412231 0.9625163078308105
Car 0.0 0 -1.7930543422698975 751.1009521484375 171.05084228515625 956.0655517578125 323.5138854980469 3.831882 1.5918909 1.6453276 2.8744602 1.5734218 9.500785 -1.4992599487304688 0.9433895945549011
Car 0.0 0 -1.6342504024505615 692.6619873046875 175.17230224609375 736.245849609375 211.4342803955078 4.1806746 1.4256749 1.5622332 4.3509994 1.5318387 30.783585 -1.493838906288147 0.8854567408561707
Car 0.0 0 -1.3817391395568848 481.1990661621094 176.36788940429688 583.4208984375 246.8452606201172 4.298481 1.487121 1.6912558 -1.8041779 1.5842718 17.657795 -1.4835604429244995 0.8744458556175232
Car 0.0 0 -1.706006646156311 680.3546142578125 174.72152709960938 717.0419311523438 202.08139038085938 4.046388 1.5487336 1.6377089 5.2205744 1.6660593 43.153603 -1.5856151580810547 0.8022189140319824
Car 0.0 0 -1.745904564857483 725.14501953125 178.81793212890625 836.284423828125 259.63494873046875 3.6183167 1.4244502 1.5744816 3.3165708 1.5626357 14.829454 -1.525877833366394 0.7983505725860596
Car 0.0 0 -1.6103134155273438 593.1876831054688 171.05856323242188 622.7764282226562 197.5740203857422 4.092474 1.5698493 1.6676887 -0.1989437 1.4639081 44.796833 -1.6147544384002686 0.5744418501853943
Car 0.0 0 -1.688410758972168 670.1787109375 167.79832458496094 694.965087890625 187.35638427734375 3.5773044 1.5726161 1.6310055 5.962928 1.1664593 59.817574 -1.589053750038147 0.5196666121482849
Car 0.0 0 2.437180519104004 488.37896728515625 158.30606079101562 565.9398803710938 189.196533203125 4.120235 1.5990433 1.6534089 -4.511081 0.84632784 39.416542 2.3232297897338867 0.46686333417892456
