Pedestrian 0.0 0 -2.0249905586242676 398.89080810546875 158.08447265625 421.1930236816406 195.14524841308594 0.8507766 1.7085644 0.70485055 -9.411909 1.028022 33.81347 -2.296466588973999 0.564689576625824
Pedestrian 0.0 0 1.5165040493011475 465.9950866699219 114.34992980957031 511.27099609375 213.4208221435547 0.66876596 1.7930319 0.79566145 -2.3253856 0.73455524 13.470772 1.3455642461776733 0.40130913257598877
Pedestrian 0.0 0 -3.014186382293701 620.1223754882812 138.08145141601562 648.4818725585938 188.99794006347656 0.9057631 1.7371387 0.6742747 0.8033208 0.5511478 25.019035 -2.982089042663574 0.38609352707862854
Pedestrian 0.0 0 -3.0924792289733887 643.422119140625 135.64700317382812 669.7363891601562 190.5294189453125 0.8341169 1.7761154 0.6365359 1.4903824 0.5723736 23.71064 -3.0297048091888428 0.3811245560646057
Pedestrian 0.0 0 1.7613425254821777 0.0 138.28854370117188 29.693513870239258 189.27317810058594 0.98432106 1.8872759 0.7128366 -22.570122 0.60813916 27.308895 1.0706653594970703 0.3634973168373108
Pedestrian 0.0 0 -1.2754995822906494 694.165283203125 125.81327819824219 726.4263916015625 196.3235626220703 0.66237926 1.8680322 0.70530254 2.6749828 0.6221381 19.561253 -1.139593482017517 0.3553524911403656
Pedestrian 0.0 0 -0.11933279782533646 654.5851440429688 165.05621337890625 667.4775390625 185.3119659423828 1.0934508 1.7963663 0.49847725 4.5226 1.105184 64.26209 -0.04907122999429703 0.3434900939464569
Pedestrian 0.0 0 -2.7592971324920654 533.2389526367188 140.87338256835938 568.4114379882812 204.22915649414062 0.8200141 1.7843578 0.6666233 -1.744961 0.8840109 20.757833 -2.843162775039673 0.32915887236595154
Cyclist 0.0 0 2.093179702758789 1101.0723876953125 149.68934631347656 1127.7252197265625 177.01300048828125 1.7711993 1.7455196 0.6140381 32.650352 0.2660478 46.745445 2.702878952026367 0.48553571105003357
Cyclist 0.0 0 -0.5414883494377136 576.6734008789062 155.09805297851562 608.3904418945312 182.62429809570312 1.9248989 1.7025803 0.6740488 -1.1268423 0.6046799 45.427284 -0.5662886500358582 0.47909513115882874
Cyclist 0.0 0 1.7613425254821777 0.0 138.28854370117188 29.693513870239258 189.27317810058594 0.98432106 1.8872759 0.7128366 -22.570122 0.60813916 27.308895 1.0706653594970703 0.15511539578437805
Cyclist 0.0 0 -0.11933279782533646 654.5851440429688 165.05621337890625 667.4775390625 185.3119659423828 1.0934508 1.7963663 0.49847725 4.5226 1.105184 64.26209 -0.04907122999429703 0.13094666600227356
Car 0.0 0 -0.11903649568557739 344.1861267089844 195.48654174804688 416.6316833496094 223.9353485107422 3.8883178 1.5129672 1.6474981 -13.524173 2.8922503 42.402077 -0.42778733372688293 0.7256013751029968
Car 0.0 0 0.946232259273529 1108.9190673828125 147.1100311279297 1190.8544921875 174.97508239746094 4.0060716 1.4908524 1.6560488 30.24404 0.113841236 40.617012 1.5862780809402466 0.5330525040626526
Car 0.0 0 3.411297082901001 43.77544021606445 153.70848083496094 187.53921508789062 203.66587829589844 3.5580697 1.522485 1.4814479 -15.857736 0.9393703 23.26187 2.812955379486084 0.4818252921104431
Car 0.0 0 1.7377597093582153 83.22467041015625 169.87066650390625 142.86862182617188 203.8480987548828 4.0323954 1.4927819 1.6578223 -23.282452 1.3620689 33.875397 1.1356103420257568 0.46401429176330566
Car 0.0 0 -2.4446682929992676 1090.7332763671875 153.64292907714844 1161.27978515625 177.48597717285156 3.9918172 1.6431372 1.6516317 36.978065 0.31957 51.86133 -1.825258731842041 0.37309491634368896
Car 0.0 0 -0.8190757632255554 384.6331787109375 157.2474822998047 461.6604309082031 189.68746948242188 3.601634 1.5036669 1.6445044 -9.147273 0.78062767 35.416893 -1.071826696395874 0.37131503224372864
Car 0.0 0 -0.3913625180721283 597.681640625 167.78013610839844 643.3902587890625 185.26058959960938 3.7922232 1.5383692 1.5932789 0.926696 1.0922011 64.93511 -0.3770923912525177 0.3510856628417969
Car 0.0 0 1.5364584922790527 200.2236328125 164.79525756835938 225.10305786132812 187.86212158203125 4.0577016 1.9758145 1.7914833 -35.289253 1.2858927 64.0024 1.0325610637664795 0.33581021428108215
Car 0.0 0 -1.989063024520874 842.8007202148438 164.21224975585938 885.5807495117188 185.03414916992188 3.6745274 1.4610697 1.5748415 18.423912 0.85503817 52.522343 -1.6516913175582886 0.3224114179611206
