Pedestrian 0.0 0 2.944662094116211 488.97967529296875 174.5548553466797 524.87060546875 241.45364379882812 0.8397665 1.7324042 0.60074866 -2.538466 1.5537273 19.019424 2.811979293823242 0.5787235498428345
Pedestrian 0.0 0 -1.3343639373779297 824.0344848632812 164.58018493652344 839.421875 202.35267639160156 0.65347326 1.5938827 0.48770332 9.834373 0.88089293 30.714785 -1.0244942903518677 0.4577936828136444
Pedestrian 0.0 0 0.9653891324996948 195.35166931152344 175.32293701171875 340.1932373046875 374.0 0.68702596 1.5990276 0.6575163 -2.4098234 1.5605092 5.0972567 0.5237629413604736 0.432536780834198
Pedestrian 0.0 0 2.0515828132629395 701.2293701171875 161.423095703125 751.3575439453125 251.902099609375 0.70886195 1.7559397 0.751756 2.474909 1.3675569 14.447894 2.2212352752685547 0.35120102763175964
Pedestrian 0.0 0 -0.5021100044250488 756.243896484375 200.68568420410156 837.648681640625 322.9703369140625 0.7410341 1.5268823 0.82823384 2.5532355 1.7980961 9.611652 -0.2424667626619339 0.3292854130268097
Pedestrian 0.0 0 -1.3407504558563232 735.4437866210938 161.52235412597656 773.3146362304688 238.84791564941406 0.65960115 1.6785077 0.69634926 3.3825598 1.2460771 16.036627 -1.1328704357147217 0.31746360659599304
Pedestrian 0.0 0 0.9797966480255127 113.33081817626953 121.2706069946289 200.43800354003906 274.5384826660156 0.79370636 1.8181182 0.5773578 -5.5776567 1.1050004 8.944481 0.4222145080566406 0.14134986698627472
Pedestrian 0.0 0 -1.5594459772109985 428.5399169921875 144.67340087890625 445.569091796875 192.33038330078125 0.58843553 1.9368409 0.6765525 -6.7758784 0.44115376 29.550804 -1.7848455905914307 0.13810686767101288
Pedestrian 0.0 0 1.416430115699768 808.9776000976562 166.2840576171875 843.3118896484375 242.9734344482422 0.9141578 1.7052431 0.6145731 5.1043806 1.3681237 16.46705 1.7170133590698242 0.12860006093978882
Cyclist 0.0 0 1.2935552597045898 793.7678833007812 153.1508331298828 841.1907958984375 225.2937469482422 1.887306 1.6458874 0.5937305 5.1479216 1.0003332 17.332663 1.5822638273239136 0.617953896522522
Cyclist 0.0 0 0.15742681920528412 395.5774230957031 170.17054748535156 508.36822509765625 268.6836853027344 1.859813 1.6699346 0.541069 -2.6160843 1.479167 12.489959 -0.04904334247112274 0.24348518252372742
Car 0.0 0 2.6097002029418945 634.623046875 164.82196044921875 736.8076782226562 203.5230255126953 4.0411906 1.5662621 1.6722234 3.584788 0.8922845 30.64948 2.7261319160461426 0.19957196712493896
Car 0.0 0 2.7006945610046387 629.3447265625 159.13645935058594 714.0313110351562 196.15415954589844 3.6572669 1.6936029 1.6701298 3.3314908 0.67137593 34.264874 2.7976174354553223 0.16835641860961914
