Pedestrian 0.0 0 -1.76459801197052 743.4063720703125 161.39788818359375 763.8173828125 201.47109985351562 1.0370177 1.6961377 0.6726342 6.133575 1.2116046 31.055952 -1.5696066617965698 0.7270218729972839
Pedestrian 0.0 0 -1.8043148517608643 892.3181762695312 132.2638397216797 926.9036865234375 198.82847595214844 1.170684 1.8510562 0.65993357 8.530938 0.7226666 20.691921 -1.413264274597168 0.6603488326072693
Pedestrian 0.0 0 -1.2861230373382568 99.5616455078125 158.25546264648438 122.44268798828125 199.5092010498047 0.88084143 1.9306681 0.67514646 -23.746292 1.2478167 34.289536 -1.8918132781982422 0.5485549569129944
Pedestrian 0.0 0 -0.43923890590667725 991.3335571289062 117.78079986572266 1041.8184814453125 200.45213317871094 0.7652094 1.7644495 0.624915 8.806349 0.58938324 15.735793 0.07097387313842773 0.3341071903705597
Pedestrian 0.0 0 3.3864126205444336 335.81903076171875 168.44651794433594 349.83428955078125 193.6797637939453 0.90215445 1.8705235 0.42998508 -19.927347 1.5441585 53.74768 3.0313668251037598 0.33303406834602356
Pedestrian 0.0 0 -2.4305319786071777 783.4679565429688 141.488525390625 822.4674682617188 181.68836975097656 1.7204325 1.7357302 0.56204826 8.508986 0.38180465 32.020103 -2.1707959175109863 0.16472145915031433
Cyclist 0.0 0 -2.4455928802490234 783.1436157226562 141.9375 822.8457641601562 181.72824096679688 1.7567055 1.7182722 0.5504069 8.51274 0.38357213 32.03139 -2.1858348846435547 0.3643236756324768
Car 0.0 0 2.2056567668914795 0.0 195.29257202148438 162.054443359375 255.81048583984375 4.233373 1.484826 1.6906496 -15.503493 2.216746 21.398191 1.5786609649658203 0.9342493414878845
Car 0.0 0 1.9446296691894531 288.2709045410156 182.7755126953125 358.79278564453125 219.5255584716797 4.0476155 1.5725415 1.7268456 -13.436826 2.0682042 33.99201 1.5681869983673096 0.9251301288604736
Car 0.0 0 -2.781087636947632 351.1032409667969 165.31314086914062 441.9197998046875 199.28973388671875 4.0657415 1.6717149 1.705732 -10.792938 1.3010472 36.497147 -3.068613290786743 0.63523268699646
Car 0.0 0 1.3283745050430298 820.7703247070312 162.217041015625 860.4141235351562 185.27236938476562 3.8612046 1.4356087 1.5659406 14.904984 0.77362466 46.903507 1.6360621452331543 0.546082615852356
Car 0.0 0 -1.0116586685180664 721.8933715820312 161.67774963378906 773.0313720703125 184.90773010253906 3.7778788 1.5028331 1.630138 9.26176 0.7801583 48.61569 -0.8234047889709473 0.44736817479133606
