Pedestrian 0.0 0 1.9383714199066162 722.7387084960938 187.39332580566406 753.7412719726562 244.95724487304688 0.8035944 1.7361073 0.7142715 3.9663954 2.2016401 22.553905 2.1124541759490967 0.38188430666923523
Pedestrian 0.0 0 0.1137663722038269 990.0704345703125 184.61221313476562 1042.8917236328125 279.51898193359375 0.79427874 1.7105229 0.7455799 7.652955 1.9423835 13.668728 0.6241693496704102 0.3619988262653351
Pedestrian 0.0 0 0.8907715678215027 1004.68115234375 197.62286376953125 1101.6707763671875 307.6578063964844 1.3928134 1.6636794 0.6312453 7.2570567 2.1001458 11.968919 1.4358289241790771 0.14131152629852295
Pedestrian 0.0 0 -1.0727981328964233 320.7002868652344 168.8532257080078 364.5340576171875 247.76116943359375 0.9095278 1.7593228 0.58218104 -6.180846 1.67048 16.575756 -1.4297130107879639 0.11371074616909027
Pedestrian 0.0 0 1.0698156356811523 868.796142578125 134.7070770263672 908.1810302734375 207.73211669921875 0.8230198 1.9341933 0.68363535 7.493633 0.9241648 19.562231 1.4356393814086914 0.11025571823120117
Pedestrian 0.0 0 -1.6745731830596924 482.2325744628906 156.9673309326172 500.49615478515625 202.90025329589844 0.63765615 1.8869901 0.6868693 -4.9834704 1.234701 30.037476 -1.8389840126037598 0.10742352902889252
Cyclist 0.0 0 -0.9212226271629333 293.69488525390625 162.52603149414062 360.84405517578125 246.4766845703125 1.6070982 1.7470878 0.5071002 -6.231275 1.5325112 15.8553095 -1.2956875562667847 0.16655558347702026
Cyclist 0.0 0 -1.4860985279083252 0.0 55.2680549621582 103.99937438964844 375.0 1.797307 1.8811244 0.51019585 -3.6058774 1.2813895 4.5701413 -2.1541008949279785 0.14182215929031372
Cyclist 0.0 0 -0.32346534729003906 997.1480712890625 193.80020141601562 1109.2291259765625 300.2749328613281 1.4677953 1.6799778 0.63121563 7.305591 2.04345 12.036032 0.22206830978393555 0.13610056042671204
Cyclist 0.0 0 1.94868004322052 355.6468811035156 193.2422637939453 395.3400573730469 262.1772155761719 1.5961037 1.682949 0.43339226 -6.170888 2.2403717 18.9017 1.6331167221069336 0.1359250694513321
Car 0.0 0 1.668297529220581 498.12939453125 192.43399047851562 548.7443237304688 237.68858337402344 3.2281868 1.5521667 1.6295241 -3.319678 2.3509197 27.787579 1.5493948459625244 0.7826775312423706
Car 0.0 0 -0.23691201210021973 926.8282470703125 183.87771606445312 990.9306030273438 204.75155639648438 4.279532 1.5791156 1.7990973 27.631498 2.4755347 57.317127 0.21229791641235352 0.19674408435821533
Car 0.0 0 -1.404780626296997 0.0 0.0 76.25067901611328 375.0 3.4693596 1.6983663 1.6262394 -3.7212586 1.1473707 3.5740533 -2.2103540897369385 0.13004687428474426
Car 0.0 0 -1.2182221412658691 408.6002197265625 204.4715576171875 495.0323791503906 258.3512878417969 3.59587 1.4353894 1.5812399 -5.06032 2.5409136 23.327896 -1.431834101676941 0.10870245099067688
