Pedestrian 0.0 0 -1.7276649475097656 415.6774597167969 140.30882263183594 441.3764953613281 197.6034393310547 0.6855086 1.7414216 0.6727177 -5.677729 0.75259644 22.375406 -1.9761686325073242 0.5948059558868408
Pedestrian 0.0 0 -1.6513539552688599 188.49549865722656 141.1859893798828 208.98703002929688 187.3477020263672 0.6328325 1.8768321 0.6856248 -17.022638 0.5896395 29.788054 -2.170522689819336 0.4393101632595062
Pedestrian 0.0 0 -3.5318140983581543 1014.6569213867188 82.9703598022461 1126.6826171875 254.3007354736328 0.8808482 1.813604 0.60972893 5.0318675 0.8625059 8.010267 -2.970933437347412 0.40895262360572815
Pedestrian 0.0 0 2.6655843257904053 940.9915161132812 95.44703674316406 1026.01416015625 237.9632110595703 0.79857844 1.8309469 0.637859 4.891781 0.83683485 9.587672 3.137371063232422 0.39370599389076233
Pedestrian 0.0 0 -0.3247125744819641 764.3977661132812 118.83418273925781 804.4066772460938 196.95681762695312 0.74068236 1.798479 0.6622656 4.045078 0.55523425 16.971264 -0.09072959423065186 0.37707099318504333
Pedestrian 0.0 0 -0.3144652247428894 970.7911987304688 81.00234985351562 1061.4639892578125 234.796875 0.83267325 1.8237022 0.5926575 4.9466043 0.734879 8.923505 0.19169950485229492 0.36126407980918884
Pedestrian 0.0 0 1.9029361009597778 99.31341552734375 157.12298583984375 115.1572494506836 185.4542694091797 0.8393984 1.7531432 0.5713477 -31.473862 0.7800634 45.12791 1.293932557106018 0.33768215775489807
Car 0.0 0 -1.775095820426941 602.9810180664062 177.1793670654297 680.2521362304688 232.82275390625 3.841916 1.5696899 1.6608397 0.8547416 1.7183223 22.699718 -1.7374593019485474 0.9632946848869324
Car 0.0 0 0.5304961204528809 0.0 170.55496215820312 251.57127380371094 304.5498962402344 4.084441 1.5386132 1.5960367 -7.133515 1.5125722 9.324127 -0.12257380783557892 0.9040437340736389
Car 0.0 0 -2.236103057861328 0.0 197.01361083984375 82.82379150390625 375.0 3.7629545 1.503185 1.6173185 -7.0805984 1.7447833 6.2813487 -3.0812454223632812 0.887093186378479
Car 0.0 0 -2.696082592010498 333.1598815917969 188.70455932617188 451.5539245605469 227.78558349609375 4.2322607 1.449694 1.6447896 -8.694957 2.108067 28.816683 -2.989129066467285 0.5215266942977905
Car 0.0 0 1.9619966745376587 47.7969856262207 147.47116088867188 150.7026824951172 191.66525268554688 4.3017745 1.5728893 1.7399635 -19.678095 0.6698595 27.966776 1.3488426208496094 0.4915105700492859
Car 0.0 0 -1.7083054780960083 548.880615234375 178.01914978027344 574.2655029296875 197.72792053222656 3.7510524 1.5611563 1.6091995 -4.0930595 2.0067945 60.19977 -1.776192307472229 0.3964916169643402
Car 0.0 0 3.261213541030884 391.7330017089844 165.01243591308594 468.8506774902344 195.0313720703125 4.2414474 1.7250129 1.721302 -10.578972 1.274762 42.575985 3.0176727771759033 0.38901856541633606
Car 0.0 0 3.2904112339019775 250.77256774902344 178.31500244140625 376.1983337402344 226.3690948486328 3.5272396 1.4438734 1.5137861 -9.436392 1.6277544 23.092304 2.9024806022644043 0.3601721525192261
Car 0.0 0 -1.8200188875198364 455.412841796875 184.23626708984375 484.2132873535156 203.0467071533203 3.5609446 1.5332013 1.6429409 -12.314732 2.5605986 63.142 -2.0126333236694336 0.33826106786727905
Car 0.0 0 0.647286057472229 398.0000305175781 167.55667114257812 448.9601135253906 186.39723205566406 3.8539205 1.5089871 1.6229775 -15.347047 1.0850697 59.275955 0.39394068717956543 0.33807048201560974
