Pedestrian 0.0 0 0.7488914728164673 281.4877624511719 132.7117156982422 367.9682312011719 276.3934020996094 1.0097893 1.9329408 0.57495594 -4.0640965 1.393267 10.153986 0.36817264556884766 0.24830462038516998
Pedestrian 0.0 0 1.7824183702468872 327.88128662109375 174.37765502929688 383.52264404296875 297.1986389160156 0.8072551 1.8167577 0.6567764 -3.9574814 1.8415468 11.124008 1.440621018409729 0.2400132417678833
Pedestrian 0.0 0 -0.7614139318466187 706.6939086914062 160.39459228515625 728.5690307617188 212.27294921875 0.51119554 1.8301255 0.5864022 3.8092012 1.39095 25.838068 -0.6150423288345337 0.2056719958782196
Pedestrian 0.0 0 -0.5329804420471191 702.0812377929688 167.05763244628906 724.68798828125 216.568603515625 0.65551037 1.8648345 0.57061094 3.904536 1.6468712 27.562954 -0.3922579288482666 0.1912102997303009
Pedestrian 0.0 0 -1.8235819339752197 715.8186645507812 164.39291381835938 738.1544189453125 220.06007385253906 0.6495185 1.862433 0.60384977 3.9215317 1.5797114 24.489109 -1.6647963523864746 0.15580177307128906
Pedestrian 0.0 0 1.54257071018219 457.038818359375 168.69483947753906 490.10546875 243.24620056152344 1.0726842 1.9263284 0.83363765 -3.69923 1.8192183 19.254831 1.3527638912200928 0.14066368341445923
Pedestrian 0.0 0 -1.3835992813110352 480.6308288574219 165.58035278320312 502.08624267578125 218.50013732910156 0.7183121 1.9215692 0.6585772 -4.4066586 1.6578133 26.563557 -1.5479933023452759 0.11517995595932007
Car 0.0 0 -1.6680107116699219 650.0858764648438 191.35317993164062 698.1831665039062 230.82040405273438 3.6183934 1.4740134 1.6664336 2.6073194 2.302262 30.469185 -1.582646369934082 0.8236009478569031
Car 0.0 0 0.879135251045227 915.2628784179688 107.5064697265625 1242.0 375.0 4.172071 1.6025467 1.6649016 3.038563 1.4853419 3.410113 1.606980562210083 0.5235387086868286
Car 0.0 0 -1.1973392963409424 315.733642578125 218.01344299316406 471.7339782714844 331.792236328125 3.202789 1.503683 1.5101732 -3.6394765 2.391663 12.516221 -1.4803167581558228 0.1387299746274948
