Pedestrian 0.0 0 1.8993778228759766 410.4925231933594 168.0931396484375 464.2104187011719 265.2350769042969 0.9368663 1.7127013 0.6972777 -3.032013 1.4776003 13.163844 1.6729971170425415 0.9170737266540527
Pedestrian 0.0 0 1.5686084032058716 714.4983520507812 164.5397491455078 752.536865234375 257.23785400390625 0.85870755 1.6858464 0.683342 2.4462821 1.3786675 13.5440035 1.747299313545227 0.9135552644729614
Pedestrian 0.0 0 -1.5735816955566406 672.6378784179688 164.51829528808594 707.1824340820312 254.3779296875 0.8174971 1.6291078 0.62321365 1.614383 1.3225063 13.462634 -1.4542357921600342 0.7386325597763062
Pedestrian 0.0 0 -1.5649579763412476 312.9553527832031 163.9973602294922 329.7486572265625 204.7779998779297 0.8889152 1.8820578 0.72526956 -13.145578 1.0752242 33.693916 -1.9369416236877441 0.6542946100234985
Pedestrian 0.0 0 -1.7028330564498901 523.349609375 171.46568298339844 541.8429565429688 214.94163513183594 0.7686475 1.725031 0.64493525 -2.7957344 1.3278966 28.946697 -1.799116611480713 0.6497592329978943
Pedestrian 0.0 0 1.2752611637115479 461.16558837890625 178.7601318359375 477.1116943359375 210.14134216308594 0.91554546 1.8463745 0.6979724 -7.8884683 1.6859401 42.828987 1.0931172370910645 0.5197155475616455
Pedestrian 0.0 0 -0.3946685194969177 754.6575927734375 164.5646514892578 778.2299194335938 213.7219696044922 0.62857455 1.729629 0.62039727 5.8617735 1.134809 25.631283 -0.16983889043331146 0.5119432806968689
Pedestrian 0.0 0 -1.9676451683044434 726.3383178710938 164.60787963867188 751.4397583007812 216.18080139160156 0.70814216 1.7990553 0.649811 4.8465214 1.2108594 25.469309 -1.7796045541763306 0.454450786113739
Pedestrian 0.0 0 -1.5664074420928955 215.09703063964844 160.40359497070312 244.64138793945312 232.5027618408203 0.88624984 1.6826197 0.6179391 -8.97914 1.1914856 17.296911 -2.0452322959899902 0.4466428756713867
Pedestrian 0.0 0 -1.535780668258667 743.0465698242188 159.69873046875 764.06787109375 209.59869384765625 0.8663926 1.8686041 0.7562447 5.789805 1.0532445 27.408377 -1.327599048614502 0.4444485306739807
Pedestrian 0.0 0 -0.32455939054489136 662.733642578125 173.27108764648438 680.0953979492188 199.21746826171875 0.96445185 1.6840932 0.6820201 4.5911527 1.1506792 47.063057 -0.22731386125087738 0.37324094772338867
Pedestrian 0.0 0 0.19159339368343353 333.3442687988281 180.96116638183594 371.1196594238281 245.88742065429688 0.869458 1.7122494 0.5552206 -6.711751 1.6992072 19.27838 -0.14343158900737762 0.3666805326938629
Pedestrian 0.0 0 3.2589516639709473 385.08782958984375 161.2167205810547 427.25811767578125 231.11068725585938 1.0045489 1.7946595 0.595374 -5.1355734 1.2750242 18.811014 2.9924376010894775 0.3295706808567047
Pedestrian 0.0 0 3.5433413982391357 81.44501495361328 160.29464721679688 212.58297729492188 333.6007995605469 1.009891 1.761008 0.6686919 -4.8890867 1.5469006 7.7086315 2.978128433227539 0.2625133991241455
Pedestrian 0.0 0 1.8007793426513672 343.3763732910156 185.6584930419922 383.9580993652344 259.5396728515625 0.6793771 1.6808064 0.76572496 -5.5714307 1.7811733 16.754566 1.479750156402588 0.25864237546920776
Pedestrian 0.0 0 -2.024024486541748 993.2911987304688 36.60604476928711 1238.0 374.0 1.7293526 1.7998333 0.51891494 2.104923 1.4022325 2.8728385 -1.3916890621185303 0.11152239143848419
Cyclist 0.0 0 1.795196533203125 569.1016845703125 166.10797119140625 603.2073364257812 227.95774841308594 1.7653908 1.7978462 0.66210896 -0.47304714 1.3515664 21.809185 1.7735096216201782 0.9351878762245178
Cyclist 0.0 0 1.575964331626892 616.5870971679688 172.4237060546875 633.4550170898438 217.9726104736328 1.7486503 1.7541438 0.6495106 0.921849 1.4056237 28.547207 1.6082452535629272 0.8559659123420715
Cyclist 0.0 0 1.3850353956222534 566.0064697265625 168.0813751220703 588.8734741210938 215.13809204101562 1.7664119 1.8794733 0.62295425 -1.0187131 1.3445276 29.618011 1.350653886795044 0.829172670841217
Cyclist 0.0 0 -1.982527732849121 1005.6433715820312 12.543251037597656 1238.0 374.0 1.7291507 1.8010724 0.54235524 2.0503073 1.3744271 2.721394 -1.3368520736694336 0.7037724852561951
Cyclist 0.0 0 -2.5051393508911133 347.536865234375 172.8813934326172 400.8938903808594 225.48910522460938 1.5602808 1.6465179 0.6329713 -7.3104877 1.3778801 23.031496 -2.8124935626983643 0.258617639541626
Cyclist 0.0 0 0.22326216101646423 332.1826477050781 180.8661346435547 373.3307189941406 246.30624389648438 0.9470005 1.7273488 0.54993516 -6.699213 1.7117847 19.284233 -0.11108854413032532 0.125575989484787
Cyclist 0.0 0 -1.567887544631958 672.6344604492188 164.49839782714844 707.2386474609375 254.25344848632812 0.83296806 1.6262481 0.6239912 1.6174291 1.3194689 13.464184 -1.4483321905136108 0.11960843205451965
Cyclist 0.0 0 3.2295963764190674 385.0497741699219 160.81600952148438 426.8887939453125 230.69728088378906 1.0041617 1.7814422 0.5896162 -5.107633 1.2553359 18.688871 2.962813138961792 0.10750963538885117
Car 0.0 0 2.109126091003418 450.51800537109375 184.03341674804688 535.027099609375 221.19129943847656 4.1103244 1.4410243 1.6583217 -4.5170984 1.5569 30.37199 1.9614826440811157 0.26061052083969116
