Pedestrian 0.0 0 1.667485237121582 473.7767639160156 151.52330017089844 489.88214111328125 192.29608154296875 0.6517949 1.8391207 0.6642113 -5.879599 0.8773242 32.8948 1.490613579750061 0.6325626373291016
Pedestrian 0.0 0 -1.677243709564209 465.2969970703125 149.87167358398438 483.5489501953125 191.77606201171875 0.57958287 1.7758505 0.7112005 -5.8601723 0.80224895 30.955318 -1.8643403053283691 0.5894834995269775
Pedestrian 0.0 0 -2.871025323867798 495.7298889160156 160.5308074951172 511.0721740722656 193.95352172851562 0.707114 1.84156 0.6090462 -5.957174 1.1629219 40.098953 -3.0185084342956543 0.5084169507026672
Pedestrian 0.0 0 1.5466127395629883 481.9816589355469 155.42568969726562 496.3507995605469 194.1196746826172 0.7785381 1.843756 0.6641144 -5.8740187 1.01366 34.82359 1.3795064687728882 0.48605164885520935
Cyclist 0.0 0 1.9273338317871094 307.222900390625 108.66398620605469 369.09014892578125 203.5235595703125 1.8894882 1.8144925 0.56126964 -5.5665646 0.58701134 14.744948 1.5663526058197021 0.4904940724372864
Cyclist 0.0 0 1.5466127395629883 481.9816589355469 155.42568969726562 496.3507995605469 194.1196746826172 0.7785381 1.843756 0.6641144 -5.8740187 1.01366 34.82359 1.3795064687728882 0.10017892718315125
Car 0.0 0 -1.8306156396865845 755.420166015625 203.2544403076172 918.3353881835938 316.47454833984375 4.034159 1.4220392 1.5661715 3.5509543 2.0217562 12.1876545 -1.547107219696045 0.9703294634819031
Car 0.0 0 -1.7838375568389893 725.0220336914062 199.55276489257812 820.9046630859375 276.8898620605469 3.3164585 1.5582174 1.5544261 3.757207 2.2616222 17.33869 -1.5704418420791626 0.9498332142829895
Car 0.0 0 1.0320773124694824 869.9002685546875 215.6674041748047 1242.0 375.0 4.3872414 1.4798669 1.705561 3.8065364 1.9797716 6.21334 1.5817387104034424 0.9397138953208923
Car 0.0 0 -1.7087739706039429 696.7372436523438 196.11669921875 760.7809448242188 250.36891174316406 3.5883853 1.5597423 1.6140736 3.842255 2.3956583 24.103651 -1.5506983995437622 0.9287927150726318
Car 0.0 0 1.6453453302383423 516.872314453125 187.96632385253906 565.0595092773438 231.95413208007812 3.9032216 1.6173682 1.6978945 -2.8318849 2.2841578 29.847788 1.550750970840454 0.9103549122810364
Car 0.0 0 -1.7356157302856445 671.2333984375 193.7109832763672 729.1331176757812 239.35707092285156 3.9681876 1.5805885 1.6511173 3.4854367 2.4732115 28.84586 -1.6153689622879028 0.8693865537643433
Car 0.0 0 1.773130178451538 389.1609191894531 188.21893310546875 518.3353271484375 291.0382080078125 3.8809557 1.5861219 1.6147442 -2.834381 1.9185919 13.650852 1.5684051513671875 0.7525513172149658
Car 0.0 0 -1.3009843826293945 199.73629760742188 174.02401733398438 473.7355041503906 368.664306640625 4.0930443 1.5944694 1.6931149 -2.697643 1.6112295 8.022766 -1.6253563165664673 0.558647632598877
Car 0.0 0 1.5144379138946533 644.1448364257812 189.8758087158203 664.7369995117188 207.14801025390625 3.9985702 1.4883635 1.7129997 4.149248 3.1431592 68.124146 1.5752699375152588 0.5391653776168823
Car 0.0 0 -3.135402202606201 724.8855590820312 152.4192352294922 804.7979736328125 188.15399169921875 3.4547367 1.5618979 1.5571457 6.9532123 0.6690916 32.66487 -2.9256675243377686 0.502798318862915
