Pedestrian 0.0 0 1.2932151556015015 929.5316772460938 127.9963607788086 966.6759643554688 194.30160522460938 1.0408983 1.8615354 0.7102704 9.6976 0.60250455 20.824505 1.7290335893630981 0.7625616192817688
Pedestrian 0.0 0 0.10756699740886688 698.1708984375 137.2343292236328 721.8873901367188 189.7584228515625 0.7460404 1.7912493 0.69474304 3.4300463 0.57685584 25.031254 0.24374938011169434 0.6392496824264526
Pedestrian 0.0 0 -1.7792739868164062 859.4938354492188 146.11761474609375 875.9269409179688 179.51304626464844 0.9181571 1.7848945 0.66083217 13.910472 0.3562659 39.060474 -1.4371516704559326 0.5630816221237183
Pedestrian 0.0 0 1.3019627332687378 1018.6209106445312 147.96400451660156 1035.7650146484375 181.25286865234375 0.70803046 1.9148949 0.69886225 24.208086 0.48349097 41.93334 1.8255232572555542 0.49371209740638733
Pedestrian 0.0 0 1.014944314956665 997.790283203125 124.39450073242188 1027.5736083984375 177.2440948486328 0.70934033 1.8778185 0.6620714 14.463511 0.15634412 26.0047 1.5225262641906738 0.4638804495334625
Cyclist 0.0 0 -1.7792739868164062 859.4938354492188 146.11761474609375 875.9269409179688 179.51304626464844 0.9181571 1.7848945 0.66083217 13.910472 0.3562659 39.060474 -1.4371516704559326 0.1179119125008583
Car 0.0 0 1.9554474353790283 223.1551513671875 192.42637634277344 347.64453125 255.5862274169922 4.240925 1.4559141 1.6792204 -8.909026 2.0599835 20.106579 1.5383546352386475 0.946139395236969
Car 0.0 0 1.7305071353912354 425.0286560058594 181.4436492919922 464.1641845703125 211.93692016601562 4.2027974 1.7068402 1.6663083 -10.00408 2.2536423 43.74788 1.5056967735290527 0.8225603699684143
Car 0.0 0 -1.705162763595581 584.1220703125 176.05221557617188 616.3828735351562 201.85781860351562 3.7043166 1.5920593 1.6100632 -0.7037032 1.8091719 46.94707 -1.7201509475708008 0.7234098315238953
Car 0.0 0 1.8244904279708862 370.7371826171875 178.35621643066406 447.19122314453125 227.5906524658203 4.2293468 1.6061453 1.6533219 -7.214644 1.8220693 26.138348 1.5551784038543701 0.7017788290977478
Car 0.0 0 -1.3510282039642334 375.0518798828125 164.14183044433594 409.3339538574219 187.4404296875 4.157377 1.7355716 1.6769221 -16.844284 1.086938 55.880714 -1.643799066543579 0.6109949946403503
Car 0.0 0 2.0209007263183594 197.41000366210938 181.94107055664062 364.8280334472656 263.3453063964844 4.2798495 1.526146 1.6936511 -7.1786184 1.7575204 16.174324 1.6031912565231323 0.506511390209198
Car 0.0 0 1.518794298171997 647.4749755859375 160.7474365234375 674.1973876953125 184.32823181152344 3.834547 1.5520709 1.6214402 3.416617 0.75558406 49.41913 1.5878199338912964 0.47676023840904236
Car 0.0 0 1.5536519289016724 554.0140380859375 177.5384979248047 572.9576416015625 194.8148651123047 4.0021615 1.428174 1.572256 -4.0966716 1.8497653 62.819588 1.4885308742523193 0.46417975425720215
Car 0.0 0 -2.8435397148132324 856.5769653320312 150.94688415527344 935.1039428710938 176.47454833984375 4.622664 1.6433594 1.6778538 19.159256 0.23343295 48.544662 -2.4676342010498047 0.4626447558403015
Car 0.0 0 1.3796184062957764 630.3856201171875 164.5114288330078 657.9500732421875 185.97702026367188 3.9641678 1.7476641 1.5910037 2.8221886 1.068794 60.81884 1.4259883165359497 0.45030802488327026
Car 0.0 0 1.6671509742736816 473.9665222167969 178.96368408203125 496.4953918457031 195.73199462890625 4.0739913 1.4743047 1.6808226 -11.582129 2.0602229 67.056366 1.4961161613464355 0.4358408451080322
Car 0.0 0 2.727269172668457 761.2910766601562 158.42523193359375 835.4866333007812 186.6470184326172 3.5514991 1.4855247 1.5713599 10.131563 0.72638816 39.03639 2.981207847595215 0.42491641640663147
