Pedestrian 0.0 0 1.181685447692871 900.2562866210938 160.73484802246094 926.0592651367188 212.44778442382812 0.66119325 1.7621098 0.6157453 10.419273 1.3495095 24.916267 1.5777580738067627 0.673346221446991
Pedestrian 0.0 0 2.0072522163391113 169.85658264160156 162.65936279296875 218.57591247558594 243.7770538330078 0.96068853 1.8910006 0.6720457 -10.017497 1.6537032 17.325562 1.4830224514007568 0.2464667409658432
Pedestrian 0.0 0 -1.214640736579895 663.5888061523438 170.1748809814453 682.5322875976562 206.25645446777344 0.7273176 1.7062349 0.6956268 2.9874017 1.5799019 34.59505 -1.1285009384155273 0.1787838339805603
Pedestrian 0.0 0 -1.5116161108016968 313.0785827636719 160.85899353027344 329.9992370605469 211.13536071777344 0.44325146 1.8457278 0.5589467 -10.749307 1.4057288 26.78485 -1.8932602405548096 0.13524632155895233
Pedestrian 0.0 0 -1.5231825113296509 299.3265686035156 161.92166137695312 320.60614013671875 217.35279846191406 0.5979283 1.9342533 0.6698845 -10.672333 1.5531306 25.570324 -1.918574333190918 0.12852345407009125
Pedestrian 0.0 0 -1.9696513414382935 532.341552734375 168.8163604736328 555.919921875 214.95108032226562 0.4401117 1.6534497 0.74052405 -2.438537 1.5091004 26.22564 -2.0623676776885986 0.11459537595510483
Pedestrian 0.0 0 -2.3758199214935303 0.0 161.0980224609375 55.74223709106445 289.5486755371094 0.6925568 1.8591547 0.5989586 -8.901771 1.6893601 10.765098 -3.066755533218384 0.11078648269176483
Car 0.0 0 1.7789442539215088 505.1773681640625 177.00820922851562 592.5786743164062 242.73577880859375 3.6489627 1.5537547 1.5915946 -1.5717394 1.6757025 19.205685 1.697288990020752 0.9495432376861572
Car 0.0 0 2.3788700103759766 0.0 201.33819580078125 310.5775146484375 375.0 3.4421828 1.4866375 1.5435795 -2.4484289 1.6443541 2.2470086 1.5506012439727783 0.7568793296813965
Car 0.0 0 1.8425955772399902 208.1525115966797 158.66458129882812 290.43878173828125 209.1385955810547 3.3391917 1.4791205 1.4934707 -11.404715 1.0636634 22.922144 1.3809168338775635 0.15974228084087372
Car 0.0 0 1.4620182514190674 109.74015045166016 166.55093383789062 141.60086059570312 188.7764892578125 3.822118 1.6932794 1.6808192 -38.288876 1.2134314 56.97117 0.8702809810638428 0.151695117354393
Car 0.0 0 -1.3874852657318115 703.3623046875 170.22634887695312 729.4923095703125 188.43951416015625 3.7080235 1.5124434 1.5705031 9.139226 1.2945971 61.92303 -1.2409530878067017 0.1173417791724205
