Pedestrian 0.0 0 -2.577536106109619 128.5128173828125 138.42263793945312 219.623779296875 271.45391845703125 0.87165195 1.6786472 0.51337826 -5.6301885 1.1493733 9.179595 -3.1277048587799072 0.8816123008728027
Pedestrian 0.0 0 1.1140271425247192 846.8687133789062 91.36286926269531 910.108642578125 203.26400756835938 0.7929998 1.8372257 0.72625005 4.5948462 0.37539774 12.031735 1.4788280725479126 0.6202538013458252
Pedestrian 0.0 0 1.6934525966644287 519.0083618164062 105.22908020019531 551.5862426757812 189.06967163085938 0.76011676 1.7258456 0.5990578 -1.5053834 0.17802946 14.936137 1.593003749847412 0.47246646881103516
Pedestrian 0.0 0 -0.35291388630867004 899.20849609375 95.19580841064453 957.3464965820312 205.40548706054688 0.7315201 1.7887772 0.5576194 5.328521 0.40588576 11.775315 0.07203054428100586 0.351596474647522
Pedestrian 0.0 0 -0.07169699668884277 756.1593627929688 99.78852081298828 811.6676025390625 209.1619415283203 0.8900761 1.8496561 0.70504314 3.0718021 0.48636168 12.37554 0.1716015338897705 0.3481981158256531
Pedestrian 0.0 0 2.971235752105713 704.09716796875 120.39716339111328 740.2999267578125 189.01138305664062 0.8264044 1.7328268 0.59551287 2.9653308 0.21654503 18.152523 3.133162021636963 0.33030378818511963
Pedestrian 0.0 0 1.6072423458099365 624.7084350585938 117.64463806152344 648.247802734375 186.4120330810547 0.65610784 1.7230426 0.5792399 0.7723679 0.1497269 18.060854 1.6499810218811035 0.3153548240661621
Pedestrian 0.0 0 -3.7577099800109863 1098.6287841796875 95.30987548828125 1192.4517822265625 206.6686553955078 1.0695426 1.7675037 0.5937924 8.7536125 0.41700816 11.531883 -3.1084234714508057 0.3133041262626648
Pedestrian 0.0 0 0.1149246022105217 589.8406982421875 153.50320434570312 603.1837158203125 179.09750366210938 0.9073712 1.8285464 0.51100606 -0.60284835 -0.10017593 50.843063 0.10306811332702637 0.30456987023353577
Pedestrian 0.0 0 -0.1301860809326172 743.6815185546875 153.1119384765625 755.77880859375 175.29086303710938 0.9386179 1.8508142 0.49805218 12.176847 -0.43862975 59.412533 0.07196855545043945 0.27727270126342773
Pedestrian 0.0 0 -0.6079491972923279 966.5433349609375 81.31481170654297 1037.8238525390625 192.97328186035156 0.8168047 1.8019792 0.63558406 6.5512924 0.20295128 11.762494 -0.09977467358112335 0.2703374922275543
Cyclist 0.0 0 -2.538330554962158 1126.1724853515625 76.24722290039062 1224.0 181.16085815429688 1.6102909 1.7814529 0.47169104 10.399191 0.012869373 12.839824 -1.8575718402862549 0.31046062707901
Cyclist 0.0 0 -3.7577099800109863 1098.6287841796875 95.30987548828125 1192.4517822265625 206.6686553955078 1.0695426 1.7675037 0.5937924 8.7536125 0.41700816 11.531883 -3.1084234714508057 0.2200382798910141
Cyclist 0.0 0 -0.28217005729675293 807.5426025390625 93.17915344238281 871.5112915039062 201.20513916015625 0.91027105 1.8451763 0.68578357 4.0641937 0.35530904 12.43012 0.03383660316467285 0.10148206353187561
Car 0.0 0 -1.8283790349960327 651.8344116210938 134.96258544921875 743.908447265625 197.1853485107422 3.6472194 1.5399481 1.6030232 2.4040258 0.4145413 19.40828 -1.7051407098770142 0.41417697072029114
Car 0.0 0 1.6242741346359253 734.5345458984375 155.26441955566406 756.3255004882812 174.6865234375 3.9245472 1.5848118 1.6398855 12.172289 -0.51817065 61.054394 1.8210618495941162 0.39225858449935913
Car 0.0 0 2.0863571166992188 578.30126953125 154.98731994628906 622.0286865234375 177.10455322265625 3.6972382 1.560399 1.6390927 -0.31381512 -0.260615 52.511192 2.080380916595459 0.3129938542842865
Car 0.0 0 -2.9417507648468018 525.3423461914062 152.02032470703125 616.3809814453125 187.63345336914062 3.8992002 1.5698978 1.673539 -1.5433575 0.31592494 32.285625 -2.9895176887512207 0.3039497137069702
