Pedestrian 0.0 0 -0.651181697845459 879.8782958984375 132.28355407714844 925.6235961914062 206.41368103027344 0.8222888 1.8260217 0.6856508 7.333826 0.8270218 18.2102 -0.26832258701324463 0.6671119332313538
Pedestrian 0.0 0 -0.805399477481842 836.2112426757812 134.00213623046875 868.7154541015625 193.38900756835938 0.6659298 1.7496009 0.6449445 7.2416267 0.60534143 21.694778 -0.4832327365875244 0.6449149250984192
Car 0.0 0 -1.8844993114471436 706.5216674804688 188.70127868652344 862.54541015625 291.0882568359375 3.5695627 1.4822286 1.6318833 2.8778892 1.8060125 12.869762 -1.6645022630691528 0.9690589308738708
Car 0.0 0 -1.7183799743652344 654.2069702148438 181.2896270751953 725.7748413085938 234.00314331054688 4.138528 1.4410444 1.5996771 2.3474703 1.7290294 22.497128 -1.6144108772277832 0.9685618877410889
Car 0.0 0 -2.483039379119873 0.0 194.82492065429688 290.1340637207031 328.97247314453125 4.209401 1.4112004 1.6306103 -6.3943467 1.7045118 8.745706 -3.11436128616333 0.9510557055473328
Car 0.0 0 -1.7294584512710571 641.9461059570312 180.93133544921875 690.4037475585938 214.5091094970703 4.146599 1.4149244 1.5977198 2.5066385 1.8148984 33.561275 -1.6549084186553955 0.8984107971191406
Car 0.0 0 -2.690042495727539 203.1504364013672 189.20814514160156 409.7256164550781 265.06475830078125 3.829121 1.5142097 1.6032908 -6.556891 1.8910209 15.698829 -3.085686206817627 0.8864260911941528
Car 0.0 0 0.2590135931968689 371.881591796875 187.8836669921875 503.1202697753906 229.10861206054688 4.3809853 1.4150494 1.5873551 -6.2485065 1.97954 26.231354 0.025164127349853516 0.883876383304596
Car 0.0 0 3.6046555042266846 111.4906005859375 194.38601684570312 365.0032653808594 276.479736328125 3.8827746 1.3764423 1.508279 -6.753926 1.7957747 13.267847 3.133798360824585 0.8695183396339417
Car 0.0 0 -2.7088940143585205 252.39633178710938 188.5182342529297 427.8294372558594 250.8069305419922 3.8417847 1.4517727 1.5802127 -6.7860293 1.8679664 18.217878 -3.065464735031128 0.8225299715995789
Car 0.0 0 0.5771438479423523 40.570308685302734 195.1616668701172 330.3666076660156 301.7010803222656 3.6044056 1.4607036 1.508349 -6.4454446 1.8300489 11.087765 0.05057930946350098 0.7797360420227051
Car 0.0 0 0.44643884897232056 296.4223327636719 180.85183715820312 445.52874755859375 236.36880493164062 3.7318149 1.4785906 1.513928 -6.7811747 1.7169834 20.485168 0.12676405906677246 0.7238519787788391
Car 0.0 0 -1.6730760335922241 629.5016479492188 177.980224609375 656.4284057617188 200.3186798095703 3.578528 1.5446022 1.596562 2.341306 1.9314263 52.561676 -1.6285614967346191 0.6334078907966614
