Pedestrian 0.0 0 -1.1975595951080322 178.54718017578125 157.5283203125 197.432373046875 190.52874755859375 0.6894266 1.7982668 0.69429266 -23.257517 0.963494 39.71008 -1.7273852825164795 0.547448456287384
Pedestrian 0.0 0 -3.423924684524536 1086.5877685546875 125.14449310302734 1124.691650390625 183.9540557861328 0.8318955 1.8171122 0.68228996 15.568352 0.3433304 22.745556 -2.82370662689209 0.40494534373283386
Pedestrian 0.0 0 2.6323564052581787 939.6837768554688 132.51239013671875 972.9956665039062 184.49745178222656 0.8244319 1.7989935 0.68530285 12.110425 0.40329093 25.334826 3.0782618522644043 0.36491578817367554
Pedestrian 0.0 0 -0.22672328352928162 846.304443359375 141.01441955566406 894.8685913085938 192.1938934326172 1.5425204 1.8122994 0.6164717 9.313504 0.6851966 25.944221 0.11793065071105957 0.12065397948026657
Cyclist 0.0 0 -3.410457134246826 847.8040161132812 139.17323303222656 897.5383911132812 190.41925048828125 1.5761757 1.8174313 0.6048107 9.391285 0.6233066 25.94964 -3.0632169246673584 0.40020573139190674
Car 0.0 0 2.008418321609497 264.9048767089844 182.0270538330078 335.4443664550781 214.38868713378906 4.3066106 1.5105038 1.6613082 -15.861419 2.010161 37.091366 1.6043212413787842 0.9234104752540588
Car 0.0 0 0.9748550057411194 741.3009033203125 159.4397735595703 806.9318237304688 187.60536193847656 4.0545774 1.5127169 1.6277571 9.204137 0.7926241 40.93411 1.1960290670394897 0.64083331823349
Car 0.0 0 1.8234331607818604 437.67822265625 178.91537475585938 467.06396484375 197.65806579589844 3.6240044 1.4917214 1.5503321 -13.194211 2.0154135 60.45416 1.608551263809204 0.5246133208274841
Car 0.0 0 -1.847860336303711 1021.0520629882812 153.16400146484375 1079.2017822265625 184.05226135253906 3.6466098 1.5027063 1.605493 22.497675 0.54515034 37.070805 -1.3023945093154907 0.5127260088920593
Car 0.0 0 -1.7048100233078003 890.6527709960938 156.97984313964844 926.6629638671875 181.25820922851562 3.7562535 1.4607882 1.5999012 18.72325 0.5060248 45.4307 -1.3138926029205322 0.4825740456581116
Car 0.0 0 -0.9102293252944946 78.03569793701172 155.9722442626953 161.37608337402344 187.7379150390625 3.8260663 1.5687898 1.5745448 -25.475334 0.73541987 37.591457 -1.505824327468872 0.46460235118865967
Car 0.0 0 -2.4369759559631348 930.9007568359375 164.35891723632812 1025.55615234375 198.4930419921875 3.8973992 1.5367377 1.6491108 17.522072 1.1546423 34.597263 -1.968174934387207 0.44724491238594055
Car 0.0 0 3.3299524784088135 342.005615234375 167.2509307861328 388.0287780761719 183.9309844970703 3.8908906 1.5528075 1.6031598 -23.151531 1.0315539 68.23081 3.002830743789673 0.4078731834888458
Car 0.0 0 -0.8015693426132202 211.76258850097656 166.3557586669922 264.94549560546875 185.36338806152344 3.6730826 1.4381611 1.6059933 -29.113888 0.946847 56.580875 -1.2767918109893799 0.39756080508232117
Car 0.0 0 2.006643295288086 165.19435119628906 168.11029052734375 217.1761474609375 189.7034912109375 3.9481742 1.4374031 1.602978 -29.0181 1.1219842 50.065926 1.4813604354858398 0.38291943073272705
Car 0.0 0 1.6128466129302979 1026.6510009765625 156.31314086914062 1062.89013671875 183.3342742919922 4.177612 1.4783362 1.6195395 25.103565 0.57373726 41.661793 2.1551434993743896 0.3346133530139923
