Car 0.0 0 -1.6071668863296509 555.31103515625 176.23814392089844 622.62255859375 236.35597229003906 3.3456345 1.506221 1.692877 -0.62943393 1.2824244 19.733444 -1.6390528678894043 0.965276300907135
Car 0.0 0 -1.1982299089431763 254.21041870117188 178.79005432128906 371.9806213378906 237.20223999023438 4.002788 1.4129903 1.5783995 -7.831867 1.2586858 19.395458 -1.5820070505142212 0.9572433829307556
Car 0.0 0 -1.3734740018844604 386.1835021972656 180.48904418945312 504.60614013671875 260.8394775390625 4.22024 1.4937521 1.6674429 -3.3709536 1.4070125 15.484109 -1.587833285331726 0.950305700302124
Car 0.0 0 -1.2177209854125977 182.1588592529297 200.0317840576172 453.0369567871094 359.7554931640625 4.33235 1.3979602 1.579306 -3.2231858 1.6264895 8.85983 -1.5666344165802002 0.9106979370117188
Car 0.0 0 -1.3787754774093628 510.24371337890625 175.12660217285156 558.976806640625 210.03419494628906 3.5439 1.4907997 1.5468756 -3.28759 1.0610555 32.531517 -1.4794921875 0.7769182920455933
Car 0.0 0 -1.272735357284546 337.5345764160156 180.05343627929688 389.4639892578125 207.5423583984375 3.8079367 1.3739717 1.5388333 -12.823511 1.1170787 37.851795 -1.5993818044662476 0.7211135029792786
Car 0.0 0 -1.4983234405517578 388.5595397949219 180.26991271972656 432.8675231933594 218.38059997558594 3.6537979 1.5485641 1.5921092 -8.51552 1.348732 31.15199 -1.7651586532592773 0.6998404860496521
Car 0.0 0 -1.3843250274658203 455.1105651855469 176.01882934570312 534.9640502929688 232.0077667236328 4.3370585 1.6091427 1.7247351 -3.5073245 1.345953 22.853146 -1.5366090536117554 0.6942510604858398
Car 0.0 0 2.3015902042388916 0.0 202.51333618164062 179.7996063232422 349.1046142578125 4.1029425 1.4143229 1.5953839 -7.7997017 1.6944933 9.508133 1.614581823348999 0.6662904024124146
Car 0.0 0 1.7307915687561035 449.8299560546875 173.34445190429688 483.3816223144531 198.30995178222656 3.4193459 1.4831704 1.5115672 -8.710717 0.77904505 44.4367 1.5372207164764404 0.6456736922264099
Car 0.0 0 2.1197471618652344 301.6600341796875 167.1873779296875 360.75079345703125 193.26205444335938 3.802758 1.5149376 1.6119238 -16.79799 0.46862417 43.777824 1.7533621788024902 0.5907479524612427
Car 0.0 0 -1.2239623069763184 532.5133666992188 160.17803955078125 568.5015869140625 181.35926818847656 4.0604014 1.6292635 1.6250639 -4.610295 -0.32306606 58.25487 -1.3029377460479736 0.5469867587089539
Car 0.0 0 -1.3570963144302368 246.45608520507812 183.82083129882812 311.17340087890625 224.88772583007812 3.469771 1.4665455 1.5519171 -12.552691 1.4178644 27.527544 -1.7849326133728027 0.5092860460281372
