Pedestrian 0.0 0 1.132861852645874 758.2064819335938 152.05934143066406 827.3644409179688 271.1913757324219 0.8717451 1.7405758 0.71676624 2.8659813 1.3117448 10.986348 1.3880423307418823 0.7453542947769165
Pedestrian 0.0 0 2.4350359439849854 668.4118041992188 152.9729766845703 705.6842041015625 220.3631134033203 0.7851712 1.8153719 0.65450895 2.3324232 1.0480651 19.83835 2.552070140838623 0.5982564091682434
Pedestrian 0.0 0 -1.551531195640564 492.7472229003906 151.79188537597656 505.9911804199219 186.37649536132812 0.7141763 1.9302955 0.72660416 -5.7504396 0.27298364 40.488903 -1.6926127672195435 0.2906211018562317
Pedestrian 0.0 0 3.0177276134490967 631.0828247070312 137.715576171875 714.3997192382812 274.9025573730469 0.9589589 1.616967 0.38196656 0.80356675 1.1022434 8.670072 3.1101465225219727 0.2040153443813324
Cyclist 0.0 0 1.8383673429489136 437.9530944824219 156.75880432128906 488.9095458984375 253.61280822753906 1.720539 1.7813933 0.54972035 -2.7166681 1.3276043 14.088285 1.6478737592697144 0.8964360356330872
Cyclist 0.0 0 1.902244210243225 343.1589050292969 152.16036987304688 417.3868713378906 266.1571960449219 1.8697667 1.6464036 0.540828 -3.4800465 1.223978 11.31528 1.6038726568222046 0.8875616788864136
Car 0.0 0 0.9794172644615173 969.6884155273438 162.18405151367188 1108.5780029296875 216.69924926757812 3.9261158 1.4362661 1.4975756 12.534656 0.9285334 20.921827 1.519188404083252 0.49431803822517395
Car 0.0 0 -1.745056390762329 713.9963989257812 148.8440704345703 767.1915283203125 186.30886840820312 4.3402505 1.6356279 1.6951294 6.406379 0.21090057 33.540432 -1.5563249588012695 0.4027562141418457
Car 0.0 0 1.6695828437805176 1056.392822265625 204.4750213623047 1238.0 374.0 3.3317885 1.3971738 1.4447051 5.888183 1.6901559 7.4170566 2.3405752182006836 0.3191746473312378
Car 0.0 0 -1.3357325792312622 478.8963928222656 155.72506713867188 516.260009765625 182.37460327148438 3.7070649 1.7299865 1.6839046 -6.9631753 0.057473205 48.552395 -1.4781769514083862 0.2377975732088089
Car 0.0 0 -1.675315022468567 580.7369384765625 143.16009521484375 626.5965576171875 182.1470184326172 3.9696488 1.6907461 1.7019562 0.031574994 0.029019408 33.211586 -1.6743643283843994 0.21218524873256683
Car 0.0 0 -1.4330637454986572 667.7518920898438 154.02481079101562 718.4293823242188 191.63262939453125 4.1769543 1.5566279 1.6787249 4.129057 0.42038476 31.965761 -1.3046038150787354 0.19225263595581055
