Pedestrian 0.0 0 -2.6823253631591797 448.4970703125 150.39439392089844 538.6231079101562 305.92364501953125 0.87263805 1.7203952 0.573483 -1.3365691 1.3890674 8.218309 -2.8435468673706055 0.6179561018943787
Pedestrian 0.0 0 1.1942917108535767 849.5944213867188 95.2847900390625 907.033935546875 204.19825744628906 0.81135416 1.7895442 0.65578777 4.5879555 0.39103496 12.022022 1.5588616132736206 0.5572165250778198
Pedestrian 0.0 0 -3.4525651931762695 910.3555297851562 93.57194519042969 974.4498291015625 206.96469116210938 0.83028185 1.8330816 0.5546216 5.551227 0.42947537 11.753904 -3.0113320350646973 0.43989086151123047
Pedestrian 0.0 0 -0.20496585965156555 769.083251953125 100.76226806640625 828.3462524414062 205.98793029785156 0.86924094 1.7831924 0.7128673 3.3267846 0.43357593 12.357964 0.05800175666809082 0.4305160641670227
Pedestrian 0.0 0 1.6960363388061523 518.6455688476562 110.6996078491211 553.0230102539062 197.66397094726562 0.8499792 1.7840766 0.62423867 -1.4922014 0.35374394 14.933012 1.5964405536651611 0.3526589870452881
Pedestrian 0.0 0 -3.6555027961730957 1101.0426025390625 98.19212341308594 1192.7576904296875 210.263671875 1.0220771 1.769592 0.60300523 8.76936 0.47161952 11.527422 -3.00516414642334 0.32632115483283997
Pedestrian 0.0 0 1.399696707725525 709.6380004882812 118.88499450683594 737.9756469726562 188.65769958496094 0.7475071 1.7569908 0.5976005 3.0106082 0.20701791 18.175497 1.563847303390503 0.3262486457824707
Pedestrian 0.0 0 0.12015427649021149 620.627197265625 129.79823303222656 653.8271484375 199.86849975585938 0.7832677 1.7557497 0.5983138 0.7923316 0.48691064 18.070618 0.1639726161956787 0.304110586643219
Pedestrian 0.0 0 -2.583387613296509 155.94668579101562 108.67314147949219 260.8051452636719 198.7017364501953 1.7928561 1.7407187 0.5431215 -7.8690286 0.3535663 13.977964 -3.096126079559326 0.14280404150485992
Cyclist 0.0 0 -2.569807767868042 164.51307678222656 116.57042694091797 273.9866943359375 208.17958068847656 1.9051939 1.7659409 0.54737854 -7.6481357 0.53520936 13.965075 -3.0708539485931396 0.5629622340202332
Cyclist 0.0 0 -3.6572041511535645 1096.366943359375 97.63314056396484 1196.9031982421875 210.4236602783203 1.152098 1.7805644 0.6077941 8.767943 0.47404498 11.535139 -3.00726580619812 0.3082706928253174
Cyclist 0.0 0 -1.6775814294815063 516.8198852539062 108.99791717529297 551.0558471679688 188.9662322998047 1.5943655 1.9110951 0.68255013 -1.8383238 0.20392959 17.743008 -1.780821442604065 0.30780765414237976
Cyclist 0.0 0 -0.33022478222846985 893.4132690429688 90.92642211914062 965.8712158203125 207.01712036132812 0.97551316 1.8847653 0.5365142 5.3535237 0.43216604 11.787973 0.09607601165771484 0.1552368849515915
Cyclist 0.0 0 1.6960363388061523 518.6455688476562 110.6996078491211 553.0230102539062 197.66397094726562 0.8499792 1.7840766 0.62423867 -1.4922014 0.35374394 14.933012 1.5964405536651611 0.10542450845241547
Car 0.0 0 -1.8516663312911987 649.8368530273438 134.17092895507812 743.80224609375 195.13275146484375 3.6286325 1.5082461 1.5878109 2.374738 0.36362278 19.405186 -1.7298953533172607 0.39009737968444824
Car 0.0 0 1.6247751712799072 734.6264038085938 155.46888732910156 756.5477294921875 175.18821716308594 4.013701 1.6102183 1.643594 12.183225 -0.47355485 61.037235 1.8217891454696655 0.3801115155220032
Car 0.0 0 -2.9539308547973633 528.52734375 153.2191162109375 615.934814453125 188.301025390625 3.7486093 1.5489695 1.6428502 -1.4814245 0.34590638 32.291416 -2.9997754096984863 0.354433536529541
Car 0.0 0 1.7396743297576904 581.5131225585938 154.61654663085938 611.6351928710938 176.8327178955078 3.405832 1.5713611 1.6864433 -0.5840809 -0.280068 52.419243 1.728532314300537 0.3113309442996979
