Cyclist 0.0 0 2.515812873840332 1037.020263671875 125.21226501464844 1099.3365478515625 182.46319580078125 1.6404874 1.7768816 0.55960584 14.373977 0.29859588 22.721283 3.079874277114868 0.7404600977897644
Car 0.0 0 -1.7228995561599731 696.0919799804688 187.5570068359375 791.3702392578125 261.3607482910156 3.6316516 1.4304187 1.5808818 2.8960605 1.8052863 16.543829 -1.549601674079895 0.9569856524467468
Car 0.0 0 -0.19753852486610413 755.7787475585938 175.75469970703125 903.9920654296875 233.26983642578125 3.9827101 1.630079 1.6496061 6.4189906 1.7211286 21.552301 0.09192919731140137 0.9309137463569641
Car 0.0 0 3.5966684818267822 92.6911849975586 191.46058654785156 382.37725830078125 298.3213195800781 3.9459994 1.5977571 1.6114016 -6.03417 1.926764 11.908719 3.127673864364624 0.9261635541915894
Car 0.0 0 0.3952978551387787 195.40176391601562 185.67816162109375 438.46954345703125 266.3690185546875 4.1394596 1.4661199 1.588818 -5.6879997 1.7334151 14.192644 0.014127016067504883 0.8972607254981995
Car 0.0 0 3.7780299186706543 0.0 196.0209503173828 249.2530059814453 336.6289367675781 3.844588 1.565366 1.6190366 -6.954634 1.8861808 9.141745 3.127680540084839 0.8884003162384033
Car 0.0 0 0.40480807423591614 292.4000244140625 175.64755249023438 466.3622741699219 241.36614990234375 4.0460553 1.6236444 1.5722522 -6.014098 1.7009095 18.884027 0.09648871421813965 0.8086867332458496
Car 0.0 0 0.8055410981178284 0.0 111.79866790771484 131.2386932373047 310.4737854003906 3.7877316 1.5906738 1.6507643 -6.878474 1.1021979 6.6004686 -0.0004793219268321991 0.7917632460594177
Car 0.0 0 -2.3910303115844727 949.186767578125 178.25302124023438 1242.0 375.0 3.8211284 1.4655461 1.5775439 2.792005 1.4991852 2.5221524 -1.5548958778381348 0.7590281963348389
Car 0.0 0 -1.6899579763412476 634.7884521484375 179.60299682617188 665.5960693359375 202.76715087890625 4.169113 1.5087487 1.655472 2.7336252 2.000238 50.370445 -1.6357407569885254 0.7453875541687012
Car 0.0 0 -1.189967393875122 186.24118041992188 155.46669006347656 260.5013427734375 192.93490600585938 3.5266442 1.5312967 1.6480639 -16.734636 0.82104886 31.328928 -1.6805675029754639 0.7380812168121338
Car 0.0 0 0.4491632580757141 258.65966796875 182.22616577148438 439.7762145996094 250.94482421875 3.6184454 1.4689459 1.5400838 -5.989893 1.6977757 16.633799 0.1035158634185791 0.6726637482643127
Car 0.0 0 -2.7886619567871094 319.13250732421875 173.66500854492188 449.21710205078125 226.75814819335938 3.393445 1.520527 1.5046477 -6.723789 1.5460203 21.523241 -3.0914525985717773 0.6685717105865479
