Pedestrian 0.0 0 1.4384254217147827 972.3263549804688 147.5174560546875 997.2674560546875 200.80880737304688 0.7602045 1.7790288 0.657056 12.702438 0.9335756 24.55321 1.9158512353897095 0.6202420592308044
Pedestrian 0.0 0 -2.0080230236053467 846.6585693359375 142.6734161376953 870.4002685546875 184.28038024902344 0.7162437 1.7362424 0.71183693 10.460306 0.47717637 30.500776 -1.677640676498413 0.5167871713638306
Pedestrian 0.0 0 -2.450411796569824 81.55908203125 158.7039337158203 101.90621948242188 188.15577697753906 0.82876635 1.7767559 0.5738842 -31.520992 0.9234761 43.840164 -3.073774576187134 0.36975300312042236
Pedestrian 0.0 0 -0.7268410921096802 291.749267578125 157.4991912841797 313.5498046875 196.3436737060547 0.58880615 1.7298424 0.6993356 -13.902208 1.0464121 32.544483 -1.1305530071258545 0.32952049374580383
Pedestrian 0.0 0 1.6793277263641357 1038.5096435546875 136.9002685546875 1063.6251220703125 191.80697631835938 0.69011873 1.7944196 0.64418566 14.6580515 0.61976486 24.0479 2.226729154586792 0.3259403109550476
Pedestrian 0.0 0 2.650583505630493 186.53717041015625 153.34283447265625 210.81907653808594 194.9717254638672 0.69965553 1.7614954 0.61288667 -17.705242 0.9362523 30.987804 2.1314878463745117 0.31759464740753174
Pedestrian 0.0 0 0.7270974516868591 942.6460571289062 146.64651489257812 966.3871459960938 189.76246643066406 0.6804962 1.8146352 0.6106562 14.661903 0.71199 30.797043 1.171427845954895 0.3056252598762512
Pedestrian 0.0 0 -0.5756305456161499 1171.9013671875 113.3020248413086 1226.8115234375 196.1756134033203 0.7143285 1.7622367 0.5955693 12.742158 0.4962722 15.674351 0.10694527626037598 0.29715099930763245
Pedestrian 0.0 0 -0.9305692911148071 19.32350730895996 151.89599609375 45.486541748046875 193.32391357421875 0.6359552 1.8290675 0.66285765 -25.799189 0.90411687 32.18313 -1.6063076257705688 0.28618547320365906
Pedestrian 0.0 0 0.3903413712978363 348.9150390625 124.48385620117188 436.04736328125 279.28839111328125 0.88894445 1.8497883 0.5592146 -2.7356684 1.2721623 8.938864 0.09335064888000488 0.2857917547225952
Pedestrian 0.0 0 0.3990795314311981 591.1825561523438 162.9474334716797 602.700927734375 184.9780731201172 0.83523077 1.8164531 0.47893545 -1.1062449 1.0000026 59.866367 0.3806030750274658 0.2816339433193207
Pedestrian 0.0 0 -1.0680791139602661 964.387451171875 157.11448669433594 983.8309326171875 193.0318603515625 0.5781545 1.8279263 0.70270103 18.72033 1.0272601 37.171406 -0.6015383005142212 0.2733318507671356
Car 0.0 0 0.772469699382782 4.8484787940979 187.9550018310547 246.2092742919922 265.2122802734375 4.47628 1.5147356 1.7360518 -10.649833 1.8741755 15.895349 0.18216514587402344 0.9473753571510315
Car 0.0 0 -0.667366623878479 1175.1368408203125 176.6710205078125 1242.0 288.01348876953125 3.8511727 1.5932822 1.6823037 11.577632 1.6599784 11.466479 0.12285494804382324 0.5821346640586853
Car 0.0 0 -2.5619118213653564 243.2083740234375 169.9783172607422 291.87213134765625 185.1065673828125 4.026476 1.4303938 1.5559028 -32.876633 1.158853 69.26425 -3.0050787925720215 0.427843302488327
Car 0.0 0 -1.0159776210784912 215.9014892578125 165.38128662109375 266.250244140625 188.18057250976562 3.513008 1.5570915 1.5583805 -26.093632 1.0470955 51.08993 -1.4881796836853027 0.35166415572166443
Car 0.0 0 -1.654587745666504 600.5292358398438 162.32327270507812 645.0068359375 200.09254455566406 3.7486718 1.561154 1.6357588 0.46549356 1.1262357 31.747637 -1.6399264335632324 0.2939111590385437
Car 0.0 0 -2.0690994262695312 0.0 157.7163848876953 47.778987884521484 193.30709838867188 3.840081 1.5398008 1.6136789 -27.617786 0.88524306 32.66135 -2.771021842956543 0.28840240836143494
Car 0.0 0 1.9543787240982056 374.4071350097656 169.07476806640625 411.54046630859375 188.36976623535156 3.9263828 1.5565845 1.6179098 -18.093117 1.2520605 60.234905 1.6625770330429077 0.27344071865081787
Car 0.0 0 1.9940593242645264 68.67977905273438 161.95907592773438 128.67239379882812 188.47471618652344 3.9356303 1.5963575 1.6141379 -32.20744 0.9407934 45.522858 1.3783172369003296 0.2693729102611542
