Cyclist 0.0 0 1.430670142173767 477.86077880859375 173.0067596435547 492.32489013671875 200.13998413085938 1.7485725 1.70516 0.67451316 -8.052334 1.7155168 46.287724 1.2584311962127686 0.3630073070526123
Cyclist 0.0 0 1.6962894201278687 503.2247009277344 171.99960327148438 515.3660888671875 194.49554443359375 1.709336 1.7245296 0.7294981 -7.8582416 1.6593882 56.16953 1.5572893619537354 0.24527950584888458
Car 0.0 0 -1.621382474899292 574.1234741210938 177.48526000976562 603.7033081054688 203.93312072753906 3.669492 1.5165509 1.6089343 -1.3530314 1.8110428 43.92847 -1.6521735191345215 0.8663840293884277
Car 0.0 0 -1.4869581460952759 543.758056640625 176.9036865234375 569.9014892578125 197.8184356689453 3.8361123 1.465391 1.6096054 -3.9150374 1.7752999 53.22406 -1.5603835582733154 0.8275168538093567
Car 0.0 0 1.529144287109375 778.436279296875 190.1014404296875 803.232421875 210.56085205078125 4.2171273 1.525385 1.8138618 14.933837 3.0097322 59.831085 1.773746371269226 0.36209723353385925
Car 0.0 0 3.240935802459717 409.0430603027344 185.15924072265625 479.5304870605469 210.73782348632812 4.0316744 1.4797742 1.641894 -10.048965 2.2459579 43.83488 3.0155837535858154 0.3264714777469635
Car 0.0 0 1.2370736598968506 1116.9986572265625 163.4010467529297 1163.8856201171875 186.60003662109375 3.6159825 1.6153146 1.633943 38.28919 0.95747685 52.205425 1.869887351989746 0.27458667755126953
Car 0.0 0 1.6815944910049438 877.3500366210938 191.1774444580078 909.2899169921875 213.65130615234375 4.062728 1.5117854 1.8033568 21.352917 2.9491878 54.367477 2.0558366775512695 0.26574623584747314
Car 0.0 0 2.541118621826172 1046.6114501953125 160.74473571777344 1108.475830078125 179.1468505859375 4.162816 1.5223689 1.633411 39.187683 0.52095276 60.55942 3.1154487133026123 0.24032258987426758
Car 0.0 0 2.018991470336914 228.36936950683594 185.38156127929688 275.4296569824219 209.8095245361328 4.021519 1.6643504 1.5190042 -26.390387 2.6243463 53.24897 1.55886709690094 0.21214820444583893
Car 0.0 0 2.0031983852386475 223.5953826904297 182.6309051513672 313.760498046875 224.95606994628906 4.259341 1.5216231 1.6435261 -13.656245 1.9447029 29.05891 1.563878059387207 0.21020805835723877
Car 0.0 0 -0.7693915367126465 804.221435546875 198.66580200195312 868.5130004882812 224.57992553710938 3.8220546 1.489925 1.7191473 14.514183 3.2065997 46.34837 -0.4659108817577362 0.2085236757993698
