Pedestrian 0.0 0 -1.746274709701538 659.298583984375 170.468505859375 678.3051147460938 205.3360137939453 0.56647295 1.790432 0.8954105 3.005723 1.6682954 37.37243 -1.6660212278366089 0.4537813663482666
Pedestrian 0.0 0 -3.506688356399536 1218.3697509765625 132.41110229492188 1242.0 190.20823669433594 0.67111635 1.8162802 0.59773916 19.952826 0.5457163 23.067038 -2.7935543060302734 0.4395923614501953
Pedestrian 0.0 0 -2.081209182739258 729.2713623046875 148.0139617919922 747.2733154296875 184.4412078857422 0.57809263 1.8606828 0.724564 6.582786 0.5922259 37.24519 -1.9062738418579102 0.40895217657089233
Pedestrian 0.0 0 2.655381679534912 857.0259399414062 121.6633529663086 889.6715087890625 177.94395446777344 0.85667676 1.8712772 0.59221226 8.83437 0.16959435 24.339931 3.0035533905029297 0.31490975618362427
Cyclist 0.0 0 1.258508324623108 859.5299072265625 121.1351318359375 886.2188110351562 177.54583740234375 0.87467355 1.8694302 0.6053992 8.821422 0.15584373 24.356464 1.605992317199707 0.13532911241054535
Car 0.0 0 1.9139819145202637 311.55853271484375 177.88021850585938 385.0120544433594 218.26353454589844 4.16289 1.6171601 1.7095311 -11.359023 1.8514419 31.494137 1.567832350730896 0.9195230007171631
Car 0.0 0 1.7603299617767334 406.7056884765625 178.466552734375 446.50714111328125 205.86862182617188 4.2003436 1.6293575 1.6949294 -11.646409 2.0036755 45.926304 1.5119762420654297 0.878761887550354
Car 0.0 0 -1.623810052871704 557.3740234375 175.03204345703125 727.58935546875 340.1912841796875 4.4119854 1.6729536 1.7477076 0.2126695 1.7090257 9.596723 -1.6016530990600586 0.7991886734962463
Car 0.0 0 1.8289718627929688 316.8407287597656 166.72015380859375 350.7800598144531 185.27845764160156 4.1152234 1.5233256 1.7024449 -23.460564 1.0201974 61.360165 1.4637800455093384 0.46836039423942566
Car 0.0 0 1.5446919202804565 587.2096557617188 169.92236328125 641.6513671875 221.87399291992188 4.008531 1.4570779 1.5290793 0.027806245 1.375213 22.256742 1.5459412336349487 0.45862534642219543
Car 0.0 0 2.0581061840057373 299.843994140625 170.39305114746094 339.2058410644531 188.09693908691406 3.8432105 1.5069597 1.596337 -25.49958 1.29784 63.409355 1.675754427909851 0.30798131227493286
Car 0.0 0 -0.8979127407073975 307.9880676269531 168.74609375 349.4313049316406 185.33457946777344 3.8861942 1.547466 1.6540825 -27.030615 1.1646156 69.40729 -1.2692906856536865 0.3074149787425995
