Car 0.0 0 1.8028749227523804 335.77276611328125 193.1304931640625 462.4017333984375 286.14208984375 3.6220071 1.4373261 1.5104283 -3.922632 1.8771933 13.794049 1.5258172750473022 0.9495264887809753
Car 0.0 0 2.0358996391296387 0.0 193.45571899414062 378.5165100097656 375.0 4.4799533 1.4739242 1.6566232 -3.651845 1.7284458 6.628725 1.5323563814163208 0.9283260107040405
Car 0.0 0 -1.7052196264266968 649.7041015625 180.14947509765625 701.9802856445312 220.78213500976562 3.7565422 1.4532964 1.5444558 2.4830205 1.7602111 28.403728 -1.6180224418640137 0.9204337000846863
Car 0.0 0 -0.24150462448596954 739.975341796875 165.8100128173828 852.4865112304688 209.2950897216797 4.3368025 1.7946229 1.7374104 7.804107 1.5042766 30.660473 0.0077359676361083984 0.7635561227798462
Car 0.0 0 -0.3147137761116028 789.9241333007812 172.32872009277344 955.9053955078125 225.67425537109375 4.3388605 1.5277604 1.7413231 7.7153554 1.513075 21.593363 0.02845144271850586 0.7419422268867493
Car 0.0 0 -1.3379359245300293 436.3074645996094 184.61878967285156 491.3245849609375 220.17526245117188 3.913968 1.4509354 1.585132 -6.599107 2.0174248 32.735527 -1.5368584394454956 0.7045614123344421
Car 0.0 0 2.8174848556518555 775.864990234375 162.64369201660156 897.1201171875 212.5214385986328 3.620366 1.6410955 1.5914129 7.6073933 1.3055103 24.576323 3.1176722049713135 0.6812872290611267
Car 0.0 0 -0.639665961265564 1064.2593994140625 148.32366943359375 1179.299072265625 185.1136932373047 3.7970757 1.5215557 1.5827168 21.660286 0.50739264 30.676819 -0.024871166795492172 0.6743869781494141
Car 0.0 0 1.8206802606582642 475.9837646484375 181.27964782714844 519.9371337890625 210.05491638183594 4.128707 1.6215293 1.6828902 -6.8122816 2.1611702 44.043503 1.667224645614624 0.5332456827163696
Car 0.0 0 1.9612338542938232 340.2179260253906 192.29161071777344 440.6642150878906 250.38787841796875 3.7096717 1.4816741 1.57827 -6.4999995 2.1160588 21.609467 1.6690486669540405 0.5279131531715393
Car 0.0 0 -0.5408760905265808 1031.6639404296875 150.539794921875 1151.4698486328125 186.21849060058594 4.444669 1.6301425 1.6991348 22.518173 0.61097467 33.913227 0.045273780822753906 0.49762776494026184
