Pedestrian 0.0 0 1.3057008981704712 691.289794921875 170.13522338867188 716.2188110351562 221.32061767578125 0.91622794 1.818119 0.67700297 3.3442533 1.7219055 26.126734 1.4330098628997803 0.5140658617019653
Pedestrian 0.0 0 2.032916784286499 252.45086669921875 159.15875244140625 282.27655029296875 217.77806091308594 0.65699387 1.837398 0.6310281 -10.937519 1.4084841 22.947475 1.5881370306015015 0.3253036141395569
Car 0.0 0 1.5318738222122192 446.71221923828125 180.627197265625 492.16387939453125 224.00927734375 3.2013063 1.4067205 1.4560919 -5.102483 1.7029876 25.73865 1.3361691236495972 0.9359230399131775
Car 0.0 0 0.9523545503616333 344.0764465332031 182.9799041748047 424.3019104003906 215.4309539794922 4.003487 1.4018272 1.5940051 -10.761947 1.907465 34.159107 0.6471450328826904 0.8688292503356934
Car 0.0 0 2.6971871852874756 629.644775390625 171.37110900878906 698.4837036132812 194.39645385742188 4.417168 1.5241661 1.6397759 3.6678655 1.4263631 49.322945 2.7714147567749023 0.7976745963096619
Car 0.0 0 1.8777046203613281 10.173072814941406 179.62547302246094 131.46363830566406 244.03311157226562 3.7527468 1.6270784 1.7266234 -15.353994 1.8411276 20.712095 1.2397911548614502 0.7531877756118774
Car 0.0 0 -0.717621922492981 519.7901611328125 178.20797729492188 586.2653198242188 202.87945556640625 4.1679764 1.4614599 1.6065556 -3.5963378 1.8160169 45.68037 -0.7961881756782532 0.5819705724716187
Car 0.0 0 -1.418546438217163 522.0936279296875 182.85362243652344 563.516845703125 213.01998901367188 3.7100577 1.4178318 1.5754428 -3.4376457 1.9582505 37.06741 -1.5110223293304443 0.2780410051345825
Car 0.0 0 -0.5350016355514526 711.1013793945312 165.5486297607422 814.5462646484375 204.2489776611328 3.8807957 1.518092 1.6229165 6.2378993 1.231883 29.694086 -0.3279404044151306 0.2636297643184662
Car 0.0 0 2.2829220294952393 4.686996936798096 187.0707550048828 174.14071655273438 254.6494598388672 3.4337406 1.4326757 1.5115726 -12.716739 1.8192956 17.82181 1.6631603240966797 0.24690097570419312
