Pedestrian 0.0 0 -0.18883351981639862 731.4179077148438 163.75827026367188 749.6127319335938 197.5124053955078 0.83716625 1.7672523 0.6523043 6.8525295 1.2913889 38.10522 -0.010903541930019855 0.5120278000831604
Car 0.0 0 -1.878114938735962 736.4013061523438 183.27590942382812 961.6281127929688 320.2729187011719 4.1628857 1.4062314 1.6052383 2.8785746 1.5788083 9.821697 -1.5930157899856567 0.959984302520752
Car 0.0 0 -1.6735073328018188 681.4912719726562 174.93682861328125 740.31787109375 219.9745330810547 3.6528986 1.4312543 1.6302565 3.3694081 1.5089839 24.94947 -1.5392701625823975 0.9539116024971008
Car 0.0 0 -2.3064937591552734 0.0 192.22711181640625 259.47479248046875 369.8260498046875 4.206041 1.4476473 1.5998834 -5.9918866 1.6707277 7.2042327 -3.0002777576446533 0.8970768451690674
Car 0.0 0 0.5615583658218384 101.06163787841797 183.18141174316406 371.32147216796875 283.7470397949219 3.9030244 1.5717216 1.5582565 -6.372 1.7633592 12.4148445 0.08736181259155273 0.8661972880363464
Car 0.0 0 3.321284770965576 393.31561279296875 178.0224609375 508.50799560546875 215.45619201660156 4.2163153 1.418371 1.6312207 -6.250067 1.6291027 28.474455 3.1052138805389404 0.8638198971748352
Car 0.0 0 3.706109046936035 0.0 184.7733612060547 316.3814697265625 312.00445556640625 3.825457 1.556899 1.5242394 -6.242399 1.731014 9.74344 3.1363155841827393 0.8494046330451965
Car 0.0 0 0.39301228523254395 353.38555908203125 176.76058959960938 496.26629638671875 231.59909057617188 3.830099 1.5521054 1.5990429 -5.547636 1.6753569 21.63292 0.14197778701782227 0.8471214175224304
Car 0.0 0 -2.920771837234497 474.2893981933594 172.91079711914062 545.466064453125 204.2992401123047 3.5136468 1.6408582 1.6002581 -5.369343 1.6443337 38.662415 -3.0587668418884277 0.6480486989021301
Car 0.0 0 -2.8433053493499756 449.76116943359375 175.0672607421875 529.19970703125 209.7753143310547 3.4054027 1.5925955 1.5805707 -5.7282047 1.7010905 34.242317 -3.0090548992156982 0.44453954696655273
