Pedestrian 0.0 0 1.4118176698684692 787.79638671875 130.52044677734375 816.012939453125 194.72598266601562 0.79431003 1.7550211 0.64159465 5.303219 0.598216 20.146826 1.6692074537277222 0.5506914258003235
Pedestrian 0.0 0 -3.629037618637085 1135.70263671875 98.14241790771484 1197.5880126953125 208.51968383789062 0.6418757 1.7695178 0.508696 9.092749 0.57213354 11.868582 -2.975299835205078 0.4952278435230255
Pedestrian 0.0 0 1.2065107822418213 933.2254028320312 104.2998275756836 1003.3112182617188 232.393310546875 0.80388224 1.8620874 0.7070077 5.3486795 0.8658774 10.918678 1.662017583847046 0.4626980423927307
Pedestrian 0.0 0 1.7026056051254272 690.4746704101562 155.13832092285156 704.0 187.2014923095703 0.8329183 1.8426751 0.67809176 5.041271 0.8249104 41.951824 1.8222002983093262 0.4516476094722748
Pedestrian 0.0 0 1.80502450466156 289.84735107421875 131.61080932617188 328.8667907714844 207.68638610839844 0.96834546 1.8310723 0.68956316 -7.493003 0.8387429 17.89755 1.4085354804992676 0.4426972270011902
Pedestrian 0.0 0 -1.9218049049377441 259.54876708984375 172.295166015625 310.3106994628906 272.7882995605469 0.686243 1.8084129 0.666878 -6.117314 1.7987143 13.460046 -2.3483777046203613 0.38437145948410034
Pedestrian 0.0 0 1.2909477949142456 855.9478149414062 125.09058380126953 900.6073608398438 215.24542236328125 0.78847235 1.8239373 0.677095 5.519272 0.8579857 15.012513 1.6432545185089111 0.38321974873542786
Cyclist 0.0 0 0.41497841477394104 444.6318359375 150.2444610595703 482.66461181640625 192.00860595703125 1.5427297 1.8405212 0.63351685 -6.5819097 0.84449047 32.268185 0.21376347541809082 0.43966951966285706
Cyclist 0.0 0 1.870666742324829 386.8208923339844 133.27951049804688 416.9804992675781 184.74948120117188 1.6232178 1.7904463 0.5900117 -7.501739 0.4141573 25.913641 1.5888798236846924 0.4348655045032501
Car 0.0 0 1.354674220085144 683.400634765625 187.3175811767578 819.4090576171875 283.748046875 3.9499888 1.4934732 1.6823435 2.466807 1.8103344 13.780239 1.5318084955215454 0.9445881843566895
Car 0.0 0 1.7307813167572021 446.415771484375 182.366455078125 542.7230224609375 253.62364196777344 4.2808294 1.5082728 1.6935065 -2.7845883 1.7741086 17.988459 1.5772017240524292 0.9198167324066162
Car 0.0 0 1.6389753818511963 531.811767578125 181.68357849121094 568.9313354492188 216.9465789794922 3.4765542 1.4980168 1.4742534 -2.7445009 1.9269745 33.273205 1.5566778182983398 0.9171046018600464
Car 0.0 0 -1.6690424680709839 643.85302734375 181.0778350830078 685.5662231445312 217.0068359375 3.5382082 1.5458875 1.5894982 2.4618075 1.9501886 33.649624 -1.5960125923156738 0.8638889789581299
Car 0.0 0 1.4358292818069458 679.7380981445312 183.4925537109375 757.47607421875 245.95631408691406 3.6876626 1.4462504 1.5336 2.7400203 1.7567414 19.182276 1.577710747718811 0.7522364258766174
Car 0.0 0 1.473779320716858 555.89404296875 180.73475646972656 580.473876953125 202.4219207763672 3.8457239 1.6286006 1.5908364 -3.3975043 2.2810144 57.674515 1.414939045906067 0.5625978112220764
Car 0.0 0 -2.5818305015563965 506.8822326660156 167.28323364257812 553.33642578125 185.15289306640625 3.9542828 1.5940298 1.6377856 -7.326678 1.0974568 65.95681 -2.69245982170105 0.40810903906822205
Car 0.0 0 -1.6628403663635254 631.728515625 176.45626831054688 656.6683959960938 196.0729217529297 3.8322775 1.4953815 1.6399735 2.6763654 1.7934052 57.66849 -1.6164641380310059 0.39552152156829834
