Pedestrian 0.0 0 1.374685525894165 927.6344604492188 142.22512817382812 948.6350708007812 186.3092498779297 0.8831789 1.8593118 0.6586903 14.020884 0.5678525 30.934078 1.8002392053604126 0.4289056062698364
Pedestrian 0.0 0 -1.2237499952316284 1042.7874755859375 129.90353393554688 1087.9993896484375 211.0797576904297 0.659378 1.8233609 0.70258564 10.479777 0.8589761 16.684048 -0.6629019379615784 0.3751073479652405
Pedestrian 0.0 0 -1.2929890155792236 424.8228454589844 139.64585876464844 449.1253967285156 191.9744873046875 0.6823561 1.8256713 0.67598474 -6.160443 0.66744477 25.525412 -1.5298057794570923 0.2947353422641754
Pedestrian 0.0 0 1.9054409265518188 690.3397827148438 162.15322875976562 705.8452758789062 195.08314514160156 0.7446886 1.8363312 0.66123635 4.938093 1.2399619 40.713478 2.0261402130126953 0.28461214900016785
Pedestrian 0.0 0 1.6171571016311646 0.0 103.09480285644531 76.14655303955078 254.34982299804688 0.48734728 1.7844673 0.72783846 -7.1121473 0.96182436 8.920568 0.9440798759460449 0.2728213965892792
Pedestrian 0.0 0 -0.3768162131309509 664.8997802734375 151.7470245361328 684.64794921875 184.55349731445312 0.9265399 1.8306783 0.6738504 3.6177542 0.65321755 40.715454 -0.2881943881511688 0.2643090486526489
Pedestrian 0.0 0 -2.053391456604004 1090.8673095703125 111.05826568603516 1146.23095703125 193.8759307861328 0.9523804 1.8017286 0.64654577 11.356084 0.45769742 16.208279 -1.44223952293396 0.2192993015050888
Cyclist 0.0 0 -1.1446226835250854 651.204833984375 151.46290588378906 685.7149658203125 196.6639862060547 1.9167823 1.7645437 0.65905046 2.337184 0.9298436 29.162374 -1.0646498203277588 0.5248875617980957
Cyclist 0.0 0 2.321920871734619 1141.2493896484375 102.12237548828125 1233.25927734375 186.2942657470703 1.6264337 1.7826604 0.6236615 12.505473 0.2850064 15.706332 2.9943439960479736 0.2648348808288574
Cyclist 0.0 0 2.7866454124450684 619.9405517578125 130.37396240234375 670.802490234375 183.1636505126953 1.6745198 1.8158151 0.62128556 1.1977755 0.35498053 25.365772 2.8338305950164795 0.23989500105381012
Cyclist 0.0 0 1.3936970233917236 928.0709838867188 142.1741180419922 948.7693481445312 186.22784423828125 0.9086492 1.8551642 0.6555339 14.018945 0.56354904 30.903255 1.8195736408233643 0.10138752311468124
Car 0.0 0 1.7312120199203491 671.5646362304688 175.07101440429688 748.7819213867188 237.54653930664062 3.3887377 1.5041339 1.5265261 2.7124643 1.569603 19.343767 1.8705278635025024 0.9561384320259094
Car 0.0 0 -1.6733591556549072 849.0973510742188 161.74710083007812 893.226318359375 196.95724487304688 3.8251195 1.5859103 1.5917481 12.402834 1.0859993 34.543846 -1.328648328781128 0.8647928237915039
Car 0.0 0 -1.6382083892822266 738.9886474609375 169.84457397460938 778.0462646484375 201.9405059814453 3.9302623 1.4972572 1.6205171 7.2576375 1.3572267 35.711853 -1.437711238861084 0.7965817451477051
Car 0.0 0 -1.801026701927185 922.8139038085938 144.0496826171875 1099.4412841796875 261.9376525878906 4.4044 1.7660687 1.7795413 6.978914 1.3349118 13.162664 -1.3135079145431519 0.796027660369873
Car 0.0 0 1.6885452270507812 560.4927368164062 152.89939880371094 627.012939453125 210.24180603027344 3.4702017 1.5226974 1.5323822 -0.44283274 0.9931717 20.958233 1.6674190759658813 0.23250454664230347
