Pedestrian 0.0 0 -1.1164478063583374 646.4035034179688 168.552978515625 662.9407958984375 203.4403076171875 0.6941891 1.8206275 0.6317585 2.3246982 1.5965326 38.10904 -1.055522084236145 0.3750807046890259
Pedestrian 0.0 0 0.5723778605461121 114.37113189697266 179.97048950195312 204.36517333984375 313.9336242675781 0.91275066 1.724853 0.44702187 -6.000404 1.8215864 9.540236 0.010937690734863281 0.37501123547554016
Pedestrian 0.0 0 2.9234795570373535 711.6380004882812 136.3745574951172 744.8150634765625 201.33116149902344 0.8268706 1.8433243 0.62707126 3.3564544 0.8084767 20.809954 3.083393096923828 0.31254270672798157
Pedestrian 0.0 0 -2.9344465732574463 655.447509765625 173.38584899902344 674.90234375 209.5697784423828 0.79201555 1.6774305 0.6654116 2.5553334 1.7030872 33.889133 -2.8591861724853516 0.2235143929719925
Pedestrian 0.0 0 1.7484327554702759 363.0992736816406 179.12026977539062 395.650390625 242.01620483398438 1.0458723 1.7907845 0.7409021 -6.8180237 1.9803962 21.221598 1.4375712871551514 0.21206261217594147
Pedestrian 0.0 0 2.3125813007354736 938.18408203125 163.08876037597656 1051.98583984375 345.19097900390625 0.9062318 1.8068926 0.6056396 3.989328 1.7103559 7.594982 2.7962307929992676 0.20584703981876373
Car 0.0 0 -1.4217129945755005 399.8276672363281 187.49356079101562 487.61578369140625 258.6436767578125 3.4123921 1.4448693 1.5338049 -3.891058 1.8285526 17.131754 -1.6450495719909668 0.9729864001274109
Car 0.0 0 1.696663498878479 457.2151184082031 181.10650634765625 520.8017578125 235.22874450683594 3.726897 1.5823665 1.5897456 -3.9136646 1.8739021 23.56284 1.5320713520050049 0.9366867542266846
Car 0.0 0 3.653818368911743 0.0 167.52613830566406 226.2856903076172 298.0578308105469 4.5115223 1.7666602 1.7245613 -8.61684 1.6949089 10.9609 2.987583875656128 0.8464750051498413
Car 0.0 0 -2.892366409301758 454.0177307128906 184.6808624267578 536.5572509765625 211.96519470214844 4.1345396 1.4049302 1.6326927 -6.2045026 2.0613608 39.0213 -3.050049304962158 0.6710907816886902
Car 0.0 0 -1.4811468124389648 530.4432373046875 173.37989807128906 552.1273803710938 190.78614807128906 4.1024556 1.5319357 1.6060594 -6.2440357 1.5816646 65.67979 -1.5759297609329224 0.36366140842437744
Car 0.0 0 -1.6554043292999268 620.9346923828125 172.9657440185547 646.2023315429688 193.390869140625 3.674734 1.5256112 1.642318 1.7652887 1.5349009 55.789783 -1.6237730979919434 0.1961464136838913
