Car 0.0 0 -1.077470064163208 142.04049682617188 193.70394897460938 303.1147155761719 266.8841552734375 3.7275712 1.4091239 1.5976666 -8.491193 1.6230111 16.14319 -1.561694622039795 0.970280647277832
Car 0.0 0 -1.443682074546814 457.7837219238281 184.73561096191406 509.091064453125 222.0853729248047 3.8931124 1.4408239 1.6080214 -5.104109 1.4234349 29.70652 -1.6138384342193604 0.9409319758415222
Car 0.0 0 -1.612596869468689 574.7808837890625 175.4266357421875 623.5030517578125 220.8028564453125 3.4813988 1.6179922 1.6997222 -0.424262 1.2700723 27.41516 -1.6280710697174072 0.9409026503562927
Car 0.0 0 -1.2012295722961426 260.5823059082031 185.44187927246094 338.1722106933594 222.17689514160156 4.2441597 1.4463075 1.5933498 -12.994071 1.457703 30.47257 -1.6043012142181396 0.9383593797683716
Car 0.0 0 -1.29766845703125 339.5732421875 170.89540100097656 467.78167724609375 256.2521057128906 4.412 1.7803347 1.8015305 -4.734115 1.4827793 17.19989 -1.5662586688995361 0.790842592716217
Car 0.0 0 -2.9985430240631104 531.027587890625 178.99661254882812 589.6103515625 200.19215393066406 3.987568 1.4830626 1.5359936 -3.3747568 1.0490402 51.2145 -3.064342498779297 0.5488499402999878
Car 0.0 0 2.408540964126587 0.0 209.23739624023438 128.99142456054688 376.0 3.9606183 1.5550872 1.6184063 -3.8885434 1.7188373 2.8067274 1.462948203086853 0.3857172429561615
Car 0.0 0 -1.4521915912628174 460.6444396972656 180.38751220703125 488.06744384765625 202.01036071777344 3.617527 1.471242 1.4883922 -9.405375 1.1438575 50.760963 -1.6354013681411743 0.34749266505241394
Car 0.0 0 2.2616446018218994 0.0 112.0790023803711 151.14553833007812 306.1980895996094 4.455465 1.888438 1.8172811 -8.192784 1.1780776 9.246909 1.5366169214248657 0.31116604804992676
Car 0.0 0 2.5005908012390137 273.00958251953125 170.39425659179688 350.3140869140625 197.97714233398438 3.8657036 1.4697244 1.53049 -16.582315 0.681111 40.351006 2.1106791496276855 0.3006497025489807
