Pedestrian 0.0 0 -2.3381102085113525 652.9429321289062 153.7424774169922 671.7764892578125 189.8500518798828 0.69478077 1.8834321 0.70896214 2.7299323 0.8869005 38.127728 -2.266632556915283 0.5060250759124756
Car 0.0 0 -0.3577277660369873 640.6630249023438 173.188720703125 812.6947631835938 232.70916748046875 3.8825884 1.3747897 1.6164278 2.7916446 1.3839821 17.858885 -0.2026657611131668 0.9417245388031006
Car 0.0 0 3.6786389350891113 0.0 206.31410217285156 193.62721252441406 333.4923095703125 3.6423004 1.4087062 1.5221038 -7.8468313 1.8998294 9.554634 2.9910688400268555 0.9376177191734314
Car 0.0 0 3.597573757171631 0.0 192.88636779785156 226.792236328125 297.33966064453125 3.7909825 1.4882203 1.5515045 -8.628876 1.8464668 11.792738 2.965880870819092 0.9280739426612854
Car 0.0 0 0.32082366943359375 110.56243133544922 181.20066833496094 315.130615234375 255.62161254882812 4.0684443 1.6749743 1.6980203 -9.623187 1.8939183 17.698885 -0.17718304693698883 0.9215120673179626
Car 0.0 0 3.34830904006958 271.1162109375 181.0396728515625 387.30731201171875 221.37278747558594 3.9832554 1.4880109 1.6282119 -10.927344 1.821109 28.200634 2.978637218475342 0.9116456508636475
Car 0.0 0 -0.24305571615695953 590.7655029296875 170.88848876953125 703.2061157226562 212.2429656982422 4.1522455 1.5647268 1.69697 1.3866488 1.4907159 28.531775 -0.19449377059936523 0.901748776435852
Car 0.0 0 3.408078193664551 173.9455108642578 187.3229217529297 343.03594970703125 244.4529571533203 3.9901218 1.4670717 1.5793868 -9.777413 1.8963038 20.24402 2.9581408500671387 0.8686431646347046
Car 0.0 0 0.37399381399154663 222.8489990234375 185.19454956054688 360.1388244628906 233.50340270996094 3.6975741 1.4502786 1.4925369 -10.076982 1.8563536 22.89843 -0.040574248880147934 0.7782998085021973
Car 0.0 0 -0.2363893836736679 577.511962890625 172.05812072753906 676.4209594726562 208.9765167236328 3.979049 1.5245754 1.6225208 0.66312426 1.492067 31.010805 -0.21500898897647858 0.5289892554283142
