Pedestrian 0.0 0 1.7757296562194824 488.13739013671875 163.9518585205078 518.1617431640625 227.71163940429688 0.9067513 1.7909973 0.685874 -3.0418773 1.1948326 20.661446 1.6295549869537354 0.18346455693244934
Pedestrian 0.0 0 0.13732701539993286 142.5244598388672 79.2785415649414 264.9034118652344 264.65106201171875 1.0604678 1.842044 0.5875726 -4.2921925 0.79047924 7.607583 -0.37635231018066406 0.16973739862442017
Pedestrian 0.0 0 -1.3044425249099731 0.0 144.70542907714844 34.0311393737793 215.65357971191406 1.4642525 1.7896215 0.60518396 -15.751536 0.7689072 18.920584 -1.9986934661865234 0.16936632990837097
Pedestrian 0.0 0 -2.57658052444458 433.4519348144531 158.65618896484375 468.38433837890625 222.2482452392578 0.71730554 1.7942778 0.7087779 -4.563208 1.0460207 20.734594 -2.7932043075561523 0.14201875030994415
Pedestrian 0.0 0 -1.970731496810913 707.2015991210938 168.38487243652344 732.8461303710938 215.02981567382812 0.8989316 1.7864194 0.69191873 4.336689 1.1429594 28.047441 -1.817326545715332 0.13638143241405487
Cyclist 0.0 0 2.517775297164917 106.3508529663086 62.012203216552734 281.98492431640625 261.1871337890625 1.5780581 1.8578602 0.5390535 -4.3152113 0.70977616 7.531385 1.9974726438522339 0.2140994369983673
Cyclist 0.0 0 -1.313012957572937 0.0 143.56773376464844 36.24184036254883 215.2666015625 1.5688592 1.8077497 0.621007 -15.744144 0.7588073 18.963018 -2.005931854248047 0.1492551863193512
Car 0.0 0 -1.5693812370300293 581.495849609375 176.04461669921875 620.0668334960938 211.59295654296875 3.8421814 1.5717553 1.7057585 -0.36113814 1.1673906 33.709076 -1.5800942182540894 0.881854772567749
Car 0.0 0 -1.44734787940979 413.4517822265625 174.43258666992188 459.0015869140625 209.22506713867188 4.0475416 1.550936 1.6181496 -8.114026 1.071391 34.140778 -1.68068265914917 0.3257150948047638
Car 0.0 0 1.4084889888763428 0.0 188.43397521972656 92.02461242675781 272.77667236328125 3.5673308 1.4254503 1.5049441 -11.508336 1.4971734 14.021243 0.7212059497833252 0.22201138734817505
Car 0.0 0 -1.142171859741211 0.0 202.82723999023438 53.62537384033203 376.0 4.164644 1.558698 1.6927109 -6.8528347 1.7754636 6.5501413 -1.9501502513885498 0.1670355498790741
Car 0.0 0 -1.23103928565979 0.4467492699623108 154.01626586914062 59.195777893066406 184.52645874023438 4.02393 1.929016 1.8032703 -38.318848 -0.046753913 47.742214 -1.9073755741119385 0.1395949274301529
