Pedestrian 0.0 0 -0.1847967803478241 509.404296875 164.7025909423828 523.2420043945312 189.8408966064453 0.9004993 1.8047863 0.5854719 -6.8089767 1.2199196 52.21719 -0.3144623935222626 0.3293974697589874
Pedestrian 0.0 0 2.0654220581054688 32.453277587890625 140.54827880859375 70.9180679321289 202.4231719970703 0.6742225 1.7261987 0.6198188 -15.909786 0.82528484 20.510326 1.4056771993637085 0.3133017122745514
Pedestrian 0.0 0 -2.2959117889404297 763.6536254882812 146.8008270263672 791.662353515625 178.69789123535156 1.6403979 1.7128451 0.5445649 9.153624 0.31416956 39.59387 -2.0687155723571777 0.2820698022842407
Cyclist 0.0 0 -2.3017547130584717 763.7484130859375 146.56317138671875 791.54931640625 178.83335876464844 1.6088276 1.7337992 0.5516666 9.155326 0.32161435 39.601376 -2.074559211730957 0.4487921893596649
Car 0.0 0 1.4745872020721436 883.6340942382812 147.68777465820312 922.8806762695312 177.5265655517578 4.235879 1.6250849 1.6848948 16.797827 0.25483558 41.56372 1.8586628437042236 0.44558045268058777
Car 0.0 0 -1.325677514076233 441.479736328125 169.48193359375 491.1402893066406 200.32725524902344 3.6578887 1.463593 1.5972081 -7.165894 1.3039488 36.099785 -1.5216326713562012 0.4438464939594269
Car 0.0 0 2.202646255493164 344.40093994140625 173.40267944335938 380.2892150878906 189.38478088378906 3.414032 1.4901159 1.5404974 -23.754957 1.5445529 69.257256 1.8722248077392578 0.3497648239135742
Car 0.0 0 1.3848066329956055 1053.1856689453125 144.92640686035156 1110.7125244140625 177.76283264160156 3.8046777 1.5046878 1.6593027 22.862572 0.22529897 35.13576 1.9616684913635254 0.3305462896823883
Car 0.0 0 -1.9383187294006348 718.5551147460938 154.8563690185547 757.4300537109375 179.08114624023438 3.4988916 1.6718647 1.5840439 9.094454 0.4301232 51.662914 -1.7640695571899414 0.3247106671333313
Car 0.0 0 1.804336667060852 0.0 170.17880249023438 19.512134552001953 200.74050903320312 3.8692565 1.5709298 1.7521269 -33.747818 1.4337772 39.206524 1.0936229228973389 0.3114120364189148
Car 0.0 0 -0.8182246685028076 171.82388305664062 163.36668395996094 229.08241271972656 184.31442260742188 3.9497187 1.5881643 1.674852 -32.20796 0.8692368 56.81724 -1.3339271545410156 0.30695992708206177
Car 0.0 0 -2.413935661315918 830.431640625 162.47311401367188 882.9031372070312 183.56243896484375 3.611439 1.5207397 1.5254759 18.382374 0.7725377 53.974182 -2.0856800079345703 0.2921689748764038
Car 0.0 0 -1.4820035696029663 841.1292114257812 143.82974243164062 892.8478393554688 185.0486297607422 4.085073 1.5998453 1.6846462 10.773361 0.47367293 30.210203 -1.1394493579864502 0.28812533617019653
