Pedestrian 0.0 0 -0.3069007396697998 0.0 109.28147888183594 38.66453170776367 201.407958984375 0.56998914 1.7061683 0.58852637 -11.413726 0.5291728 13.758883 -0.9994039535522461 0.5736455321311951
Car 0.0 0 -1.953531265258789 778.677734375 183.25091552734375 973.6017456054688 302.8464660644531 3.7173803 1.5621197 1.6165049 4.0003223 1.7577373 11.649956 -1.6227691173553467 0.9746612310409546
Car 0.0 0 -1.7608888149261475 739.163330078125 183.10365295410156 844.27001953125 256.3354187011719 3.8384185 1.4482099 1.6337808 4.0316715 1.7145672 16.767973 -1.5249289274215698 0.9638324975967407
Car 0.0 0 -1.7617913484573364 710.15966796875 175.2758026123047 786.4754028320312 233.25247192382812 3.8255224 1.6326395 1.6055794 4.146688 1.7146163 22.395332 -1.5787062644958496 0.932860255241394
Car 0.0 0 1.8155663013458252 420.3267517089844 181.69802856445312 509.0777893066406 241.44296264648438 4.0293994 1.5774276 1.6827004 -4.2976427 1.8690902 21.709562 1.6201322078704834 0.9186327457427979
Car 0.0 0 1.790741205215454 471.29736328125 183.6275177001953 534.8824462890625 226.75396728515625 3.8007963 1.4708078 1.6079041 -4.0426145 1.911549 27.536371 1.644972562789917 0.904962420463562
Car 0.0 0 -2.1135053634643555 898.4552001953125 205.5714569091797 1242.0 375.0 4.007221 1.4379799 1.62216 3.848396 1.7974243 5.8845572 -1.534335732460022 0.8870583176612854
Car 0.0 0 0.44006672501564026 380.53631591796875 164.7010955810547 445.654052734375 184.92385864257812 5.0128098 1.6568444 1.6960001 -16.48323 0.9892379 60.380745 0.17357182502746582 0.8082502484321594
Car 0.0 0 1.7196276187896729 500.2862854003906 182.05633544921875 548.7304077148438 217.9058074951172 3.9752588 1.4651905 1.5969093 -3.8289976 1.9061457 32.531754 1.602466344833374 0.6749782562255859
Car 0.0 0 -1.7156230211257935 694.9761352539062 179.17578125 753.5941772460938 222.7085418701172 3.9326973 1.5021303 1.6332216 4.2234864 1.7602141 27.440136 -1.5629050731658936 0.6231694221496582
Car 0.0 0 -1.4202789068222046 550.1327514648438 178.39529418945312 582.8189697265625 203.50588989257812 3.8115976 1.6051241 1.6628563 -2.9423664 1.9966877 48.963516 -1.480299711227417 0.61662757396698
Car 0.0 0 -0.7868202924728394 395.6256103515625 162.03990173339844 445.87451171875 182.474609375 3.5526822 1.4565123 1.5340561 -13.980171 0.6860796 53.346825 -1.0431187152862549 0.6024624109268188
Car 0.0 0 1.5616683959960938 796.6608276367188 158.37277221679688 827.08544921875 184.4974365234375 4.339793 1.491116 1.6810122 12.1069145 0.66492975 43.49406 1.8331537246704102 0.5704087615013123
