Pedestrian 0.0 0 0.04935114085674286 741.7584838867188 159.90670776367188 755.7354736328125 188.1487579345703 0.82730305 1.7401732 0.5440867 8.587862 0.9427663 44.817924 0.23867297172546387 0.6736999154090881
Cyclist 0.0 0 1.2207117080688477 435.18426513671875 164.44329833984375 467.4776611328125 212.55648803710938 1.7885969 1.8495367 0.6776431 -6.3604198 1.5265758 28.67021 1.0023996829986572 0.6790989637374878
Car 0.0 0 -1.9078177213668823 627.5977783203125 169.0834503173828 720.7847290039062 225.6485137939453 3.6943026 1.5176811 1.5917552 1.7499279 1.4168726 21.344873 -1.826017141342163 0.951196014881134
Car 0.0 0 -3.3868343830108643 847.9444580078125 172.49981689453125 1076.0767822265625 255.9115753173828 3.6182556 1.4583672 1.5915207 6.4761887 1.4525323 13.743981 -2.9464895725250244 0.9406508803367615
Car 0.0 0 -1.7544970512390137 559.922607421875 163.80299377441406 605.3067016601562 195.93971252441406 3.9999533 1.5112065 1.5497667 -1.4620584 1.085947 36.04926 -1.795032024383545 0.8680981993675232
Car 0.0 0 -3.7366018295288086 1099.051513671875 156.28501892089844 1242.0 249.23963928222656 4.283577 1.5299175 1.6087393 11.475135 1.2575705 12.948383 -3.011451482772827 0.7910448312759399
Car 0.0 0 0.9514001607894897 734.561767578125 155.8096160888672 784.4140014648438 178.34304809570312 4.039419 1.6540585 1.6967108 11.348767 0.4032796 55.15174 1.1543409824371338 0.5942398905754089
Car 0.0 0 2.2962899208068848 508.1809997558594 168.30247497558594 563.7420043945312 192.1597900390625 4.003741 1.6091273 1.6488236 -5.194701 1.3024938 50.770027 2.194326400756836 0.5825780034065247
Car 0.0 0 2.4822208881378174 536.2072143554688 160.0938262939453 593.0650024414062 180.4016571044922 4.445638 1.5649915 1.6731913 -3.6191952 0.58200514 57.698357 2.41957688331604 0.5773566365242004
Car 0.0 0 1.3920928239822388 547.6004638671875 160.95555114746094 588.6983032226562 189.23394775390625 3.816515 1.4845777 1.608202 -2.3985283 0.86028266 39.921272 1.3320834636688232 0.5151152610778809
Car 0.0 0 -0.8348852396011353 643.5103149414062 162.99050903320312 697.9259033203125 183.54444885253906 3.904864 1.3918481 1.6136328 4.272544 0.7242819 50.779552 -0.7509438991546631 0.45220836997032166
Car 0.0 0 -1.1186606884002686 91.72592163085938 167.1046905517578 147.85247802734375 190.65841674804688 3.8350394 1.5166479 1.6049238 -32.884605 1.1468025 48.470577 -1.7147730588912964 0.445972740650177
