Pedestrian 0.0 0 1.349155306816101 963.90185546875 139.1139678955078 984.4320678710938 182.6894073486328 0.8185892 1.8266509 0.61403453 15.45577 0.41265073 30.715052 1.8153585195541382 0.4883807897567749
Pedestrian 0.0 0 -1.3771320581436157 466.6229553222656 141.12384033203125 488.9142761230469 191.83685302734375 0.53900045 1.8291414 0.70958084 -4.8591685 0.6850404 26.295393 -1.5598623752593994 0.300100177526474
Pedestrian 0.0 0 2.6028318405151367 916.2116088867188 151.3846893310547 931.6172485351562 177.86077880859375 0.8038389 1.761373 0.49787715 20.981232 0.33344373 48.297516 3.012651205062866 0.282584547996521
Cyclist 0.0 0 2.087455987930298 681.775634765625 153.65919494628906 720.7182006835938 200.59996032714844 1.8845555 1.8470867 0.7400018 3.6864605 1.0921426 29.365618 2.212339401245117 0.4417901039123535
Cyclist 0.0 0 -0.16005966067314148 650.8233642578125 132.95083618164062 699.659912109375 183.9734344482422 1.6656007 1.8048586 0.62985027 2.289012 0.39369386 25.894651 -0.07189173996448517 0.2803872525691986
Car 0.0 0 1.749574065208435 700.4742431640625 176.65512084960938 780.6989135742188 236.18902587890625 3.558466 1.4551635 1.5578164 3.6173463 1.5701702 19.820673 1.9300910234451294 0.9524017572402954
Car 0.0 0 -1.796804666519165 947.6240234375 150.18701171875 1120.2913818359375 261.08734130859375 4.3875985 1.6988 1.7529259 7.543229 1.3519392 13.402048 -1.2841558456420898 0.9014460444450378
Car 0.0 0 -1.698093295097351 880.90185546875 160.0354461669922 928.4794311523438 195.98263549804688 3.686885 1.6112978 1.6297668 13.917598 1.0370771 34.329773 -1.3129327297210693 0.886135995388031
Car 0.0 0 -1.5823551416397095 773.2265625 166.70777893066406 808.6182861328125 198.6641845703125 3.9836056 1.4931341 1.6127474 8.914768 1.206316 35.83439 -1.3385279178619385 0.8722800016403198
Car 0.0 0 -1.5674011707305908 902.0157470703125 158.02679443359375 928.96875 182.7119140625 4.0750265 1.641351 1.6611788 21.214115 0.6558247 50.173424 -1.167382001876831 0.34633174538612366
Car 0.0 0 0.8043548464775085 809.72265625 172.00450134277344 863.9732666015625 192.185546875 4.134969 1.5232929 1.6569363 17.73985 1.4595302 56.67974 1.1076805591583252 0.29606902599334717
