Pedestrian 0.0 0 3.552821397781372 116.41634368896484 157.05978393554688 138.21975708007812 193.25184631347656 0.67607856 1.7617991 0.6773931 -23.528898 0.62218803 34.80819 2.9584133625030518 0.5848521590232849
Pedestrian 0.0 0 -1.8021621704101562 0.0 142.47117614746094 32.374794006347656 203.54774475097656 0.56388575 1.7778492 0.63664305 -17.530293 0.67245394 21.000017 -2.497750759124756 0.5842405557632446
Pedestrian 0.0 0 0.6028658151626587 118.93437957763672 92.99352264404297 203.39810180664062 229.93658447265625 0.7682552 1.8375789 0.6380788 -6.19492 0.66503936 9.816719 0.03992199897766113 0.46392056345939636
Pedestrian 0.0 0 2.45269513130188 788.2034912109375 160.8377227783203 807.6921997070312 194.68218994140625 0.85439044 1.7887392 0.54308534 10.30068 0.7509643 37.78672 2.7188291549682617 0.4522359073162079
Pedestrian 0.0 0 -1.8357222080230713 989.670166015625 141.66412353515625 1025.12353515625 210.92665100097656 0.7828492 1.7409662 0.6084143 10.325112 0.7663909 18.221876 -1.3201987743377686 0.450133353471756
Pedestrian 0.0 0 -3.4543704986572266 850.3900146484375 152.47259521484375 866.2431640625 180.96697998046875 0.8130412 1.8551188 0.66446733 16.611538 0.031734228 46.371994 -3.1103885173797607 0.4391218423843384
Pedestrian 0.0 0 -0.09232133626937866 999.3829956054688 103.26376342773438 1061.3995361328125 233.3277130126953 0.69619626 1.7382361 0.44194952 5.832206 0.7076863 9.793612 0.4447910785675049 0.42806175351142883
Pedestrian 0.0 0 -3.1514296531677246 773.7844848632812 154.5128631591797 796.8878173828125 185.95504760742188 1.2753022 1.7848917 0.6665107 10.344306 0.31105453 40.607433 -2.9019956588745117 0.40187713503837585
Pedestrian 0.0 0 3.242692232131958 248.6538848876953 155.31544494628906 266.8094482421875 189.0332489013672 0.7988647 1.7615191 0.6762617 -18.372355 0.44721758 37.389446 2.785965919494629 0.37323302030563354
Pedestrian 0.0 0 0.37659794092178345 723.7647094726562 153.61563110351562 737.3655395507812 176.53018188476562 0.91893893 1.7925098 0.5578794 9.949121 -0.31561488 55.949223 0.5525825023651123 0.34500041604042053
Cyclist 0.0 0 1.1280906200408936 874.6250610351562 152.65000915527344 906.322509765625 190.12242126464844 2.0180469 1.7222074 0.58106923 13.494777 0.44369683 33.51515 1.5108768939971924 0.7258604168891907
Cyclist 0.0 0 -3.183938503265381 773.5942993164062 154.4129180908203 797.0931396484375 185.72056579589844 1.2801312 1.7782214 0.6479503 10.342496 0.29790446 40.60287 -2.9345192909240723 0.4889228045940399
Car 0.0 0 -0.7962406277656555 0.0 216.5037078857422 295.1423645019531 370.0 3.8590496 1.4481198 1.5522743 -3.1521163 1.7176266 3.3137436 -1.5566469430923462 0.8048572540283203
Car 0.0 0 1.7019108533859253 425.5948486328125 176.4156951904297 467.8169250488281 206.06060791015625 4.0894814 1.4828594 1.6640013 -8.339108 1.2799892 37.471962 1.4829366207122803 0.706702709197998
Car 0.0 0 1.292385458946228 692.2671508789062 161.01046752929688 719.6193237304688 177.58740234375 3.9583235 1.56926 1.6409734 9.950294 -0.29471543 69.73048 1.4341250658035278 0.4231263995170593
Car 0.0 0 -1.6094660758972168 716.3900756835938 159.23944091796875 738.7029418945312 179.45440673828125 4.024761 1.582995 1.6328522 9.980061 -0.087218605 57.68421 -1.4381499290466309 0.421611487865448
Car 0.0 0 -0.50865238904953 835.6395263671875 146.07467651367188 904.5982055664062 172.79443359375 3.957891 1.7086802 1.7166529 17.604788 -0.5236085 47.015614 -0.15036790072917938 0.38713982701301575
Car 0.0 0 -1.3200101852416992 403.2305603027344 177.56886291503906 432.58221435546875 195.3401641845703 3.7000313 1.5039864 1.6099132 -16.266567 1.2571248 61.6883 -1.5778311491012573 0.3502941429615021
