Pedestrian 0.0 0 1.386309266090393 560.353759765625 144.0352325439453 608.7738647460938 242.54354858398438 0.9537942 1.8286462 0.7698835 -0.45102265 1.1533748 13.668957 1.3533251285552979 0.6769518256187439
Pedestrian 0.0 0 -2.121840715408325 892.175048828125 131.5857696533203 1012.126708984375 335.46954345703125 0.755329 1.6555293 0.6303512 2.9379587 1.2600539 6.1448684 -1.6758532524108887 0.6541262269020081
Pedestrian 0.0 0 0.9774767160415649 864.3812866210938 121.6845932006836 967.9830322265625 308.19573974609375 0.89024013 1.7690398 0.55791104 3.0875704 1.2128791 7.1906743 1.3830559253692627 0.5712056756019592
Pedestrian 0.0 0 1.325013279914856 431.92523193359375 154.0909881591797 469.9693908691406 236.08094787597656 1.0179176 1.6820819 0.5586528 -3.3366525 1.1419072 15.080779 1.107269048690796 0.5433542132377625
Pedestrian 0.0 0 2.1259262561798096 680.9485473632812 155.79977416992188 708.6329956054688 214.17811584472656 0.73696935 1.779698 0.54999715 2.7660306 1.0282558 22.009272 2.250946521759033 0.5248385071754456
Pedestrian 0.0 0 1.1739866733551025 812.7235717773438 132.9531707763672 926.7968139648438 366.8742370605469 0.8166844 1.7207308 0.57055646 2.020924 1.3726864 5.6185913 1.519263505935669 0.5149691104888916
Pedestrian 0.0 0 1.2814061641693115 481.1407165527344 149.9392852783203 529.2882690429688 230.88418579101562 0.94029367 1.8304003 0.88540536 -2.3899817 1.1409441 16.595863 1.1383788585662842 0.4108518064022064
Pedestrian 0.0 0 1.324265956878662 602.3146362304688 146.69256591796875 647.8720703125 247.55519104003906 0.90544903 1.9112461 0.6925524 0.34131157 1.2722638 13.910755 1.3487968444824219 0.39931127429008484
Pedestrian 0.0 0 -0.2866046130657196 777.0380249023438 130.2088623046875 891.764892578125 335.2234191894531 0.8449012 1.7482629 0.57047665 1.9750586 1.3211087 6.3165336 0.016444921493530273 0.3374437093734741
Pedestrian 0.0 0 1.2221441268920898 517.098876953125 147.50979614257812 569.0451049804688 235.1432342529297 1.1035161 1.8443817 0.8063283 -1.4144295 1.1516728 15.546816 1.1314151287078857 0.30690932273864746
Pedestrian 0.0 0 0.8079400658607483 451.80340576171875 152.1750030517578 498.3179931640625 233.27635192871094 0.81653404 1.7720703 0.6467624 -2.970196 1.1547827 15.945045 0.6237738132476807 0.23835603892803192
Cyclist 0.0 0 0.3668058514595032 397.3905334472656 166.17242431640625 461.6943054199219 217.61282348632812 1.9236935 1.6819932 0.8136118 -5.8832827 1.2150552 23.635649 0.1228480339050293 0.40851926803588867
Cyclist 0.0 0 1.01820707321167 250.4551544189453 144.96124267578125 347.01702880859375 257.4591369628906 1.9028971 1.7553662 0.5556637 -5.1785197 1.2024927 11.796887 0.6045606136322021 0.22708339989185333
Cyclist 0.0 0 1.3169971704483032 601.9561767578125 145.7089080810547 648.392822265625 248.03919982910156 0.93428075 1.931828 0.6951895 0.34132233 1.2766647 13.876849 1.3415887355804443 0.11571130901575089
Car 0.0 0 -0.3952733874320984 371.6629638671875 166.32821655273438 452.80889892578125 195.34869384765625 3.9981208 1.5192425 1.5993946 -10.573762 0.778754 38.86793 -0.6608887314796448 0.2770649790763855
