Pedestrian 0.0 0 0.6360557079315186 461.859375 169.7157440185547 476.21417236328125 194.60548400878906 0.9660373 1.844777 0.46470252 -10.149534 1.0467405 52.81815 0.4462099075317383 0.30680450797080994
Pedestrian 0.0 0 3.120922803878784 599.9220581054688 166.54989624023438 610.5896606445312 189.87205505371094 0.80739003 1.7840729 0.62798154 0.027607627 0.71818775 54.404186 3.1214301586151123 0.2554284930229187
Pedestrian 0.0 0 -2.4151291847229004 259.22064208984375 164.5106964111328 273.1178894042969 190.08148193359375 0.70919716 1.9173489 0.62798667 -25.58681 0.719704 53.410686 -2.8618831634521484 0.25034379959106445
Pedestrian 0.0 0 -2.596104383468628 883.2215576171875 140.98446655273438 914.5899658203125 190.8467254638672 0.873064 1.8325213 0.65580654 10.998952 0.38177675 26.526188 -2.2030370235443115 0.21697747707366943
Cyclist 0.0 0 3.116574764251709 601.4114990234375 167.53929138183594 626.808349609375 189.5272674560547 1.8976941 1.6478139 0.776496 0.68999183 0.677784 53.382076 3.129499673843384 0.44010472297668457
Cyclist 0.0 0 -1.1883999109268188 411.3375549316406 174.47860717773438 430.1918640136719 204.5365447998047 1.6591052 1.7137928 0.47977367 -10.723177 1.3718593 41.16168 -1.443248987197876 0.24017396569252014
Car 0.0 0 -1.433233618736267 536.7587280273438 172.2430419921875 568.635009765625 195.23341369628906 4.0210056 1.5046505 1.6386961 -3.5290477 0.9655855 48.32851 -1.5061262845993042 0.8849906921386719
Car 0.0 0 -0.46162644028663635 840.6610107421875 145.74977111816406 940.6478881835938 178.70645141601562 4.1840196 1.5398127 1.6318048 13.723154 -0.087604 34.11576 -0.07917967438697815 0.8079197406768799
Car 0.0 0 -0.4657145142555237 513.8071899414062 167.57713317871094 565.4920654296875 186.2102813720703 4.1028757 1.5526487 1.6795046 -5.579595 0.47703227 60.70925 -0.5573638677597046 0.3269817531108856
Car 0.0 0 1.4910295009613037 771.2725830078125 162.20249938964844 794.3549194335938 182.2608642578125 3.8638403 1.7272727 1.6841116 15.814104 0.15282422 62.92543 1.7372454404830933 0.2873048484325409
Car 0.0 0 -2.36169695854187 905.6444702148438 131.99887084960938 1043.0389404296875 193.28062438964844 3.7411282 1.8382732 1.9049456 11.988129 0.38494307 23.278158 -1.8861256837844849 0.2764865458011627
Car 0.0 0 -3.3077750205993652 776.40966796875 158.4305419921875 843.43994140625 182.35813903808594 3.950073 1.5126752 1.5942957 13.200936 0.11881238 45.71227 -3.0266404151916504 0.26907140016555786
Car 0.0 0 1.760909080505371 28.298917770385742 194.06045532226562 67.9428939819336 218.21951293945312 3.3465402 1.5405171 1.5557331 -38.536274 2.5168881 48.99282 1.0944111347198486 0.26852360367774963
Car 0.0 0 -3.192516326904297 806.474365234375 143.06808471679688 897.253173828125 175.23997497558594 4.32526 1.5738027 1.6262957 12.618889 -0.27986848 36.419964 -2.858978271484375 0.23031023144721985
