Pedestrian 0.0 0 -0.3461466431617737 984.3065185546875 118.82496643066406 1031.78125 196.4817657470703 0.80994254 1.8210818 0.69194233 9.494822 0.55443805 17.322027 0.15526413917541504 0.5493806600570679
Pedestrian 0.0 0 -2.1780388355255127 461.0452880859375 141.56069946289062 489.9906921386719 191.08457946777344 0.84791607 1.741216 0.6538142 -4.872449 0.64132893 25.896275 -2.3640170097351074 0.4646458327770233
Pedestrian 0.0 0 -1.5954842567443848 484.33868408203125 155.4251251220703 497.7710266113281 187.96456909179688 0.962478 1.6914107 0.6737275 -6.3115897 0.78581 38.039005 -1.7599103450775146 0.39077895879745483
Cyclist 0.0 0 0.37173354625701904 385.2093811035156 129.50634765625 439.9266357421875 184.35935974121094 1.6571584 1.8013759 0.5986287 -6.625587 0.37819427 24.075665 0.10318279266357422 0.37950852513313293
Cyclist 0.0 0 -1.5954842567443848 484.33868408203125 155.4251251220703 497.7710266113281 187.96456909179688 0.962478 1.6914107 0.6737275 -6.3115897 0.78581 38.039005 -1.7599103450775146 0.14724309742450714
Cyclist 0.0 0 -0.36739569902420044 981.3969116210938 119.10589599609375 1036.21923828125 197.87400817871094 0.9640009 1.8467088 0.6996312 9.512496 0.58694893 17.325006 0.13472676277160645 0.10756130516529083
Car 0.0 0 -0.4285869300365448 810.9384155273438 171.19793701171875 978.837646484375 229.9684295654297 3.6743994 1.4270469 1.5386437 7.137648 1.3871927 18.392656 -0.05840666964650154 0.948502242565155
Car 0.0 0 -1.6332416534423828 614.2444458007812 170.055908203125 647.0497436523438 198.31057739257812 3.6177185 1.5175807 1.6134399 1.0860274 1.3676512 40.588123 -1.6064907312393188 0.9477730989456177
Car 0.0 0 0.33112215995788574 259.7016296386719 197.1460418701172 309.0209045410156 213.93106079101562 3.9338367 1.5069659 1.7669744 -31.083376 3.8632083 68.91164 -0.09261400997638702 0.5491300821304321
Car 0.0 0 0.14064869284629822 350.41741943359375 198.59304809570312 394.0861511230469 216.2987823486328 3.409099 1.4342561 1.7869072 -20.764107 3.7262347 63.05751 -0.17745700478553772 0.4942407011985779
Car 0.0 0 1.41860830783844 641.1390991210938 162.20693969726562 666.8438110351562 179.7530975341797 4.23145 1.495187 1.6353706 3.8245986 0.58826065 63.664734 1.4786102771759033 0.4575541317462921
Car 0.0 0 -2.5484812259674072 497.1205749511719 167.21514892578125 542.2255249023438 184.94802856445312 3.6584938 1.5122004 1.5693079 -7.919028 1.0316956 63.05326 -2.673419713973999 0.4302382469177246
Car 0.0 0 -1.0179197788238525 489.0966491699219 161.70777893066406 542.6890258789062 187.79347229003906 4.0511646 1.6571051 1.656901 -6.2380457 0.94939375 48.020336 -1.147100567817688 0.4250686466693878
Car 0.0 0 1.7022005319595337 646.8472900390625 159.42266845703125 674.2124633789062 180.44744873046875 3.9419448 1.5832444 1.6341107 3.959914 0.57217383 56.426357 1.7722641229629517 0.3612487018108368
Car 0.0 0 -2.254579782485962 490.33184814453125 165.18618774414062 538.4605712890625 186.62075805664062 3.771602 1.5877223 1.6434914 -7.3812747 1.020103 55.333977 -2.3871917724609375 0.3600021004676819
