Car 0.0 0 -1.8606352806091309 730.6806030273438 184.04977416992188 980.6770629882812 342.1050720214844 4.4135065 1.479106 1.6920131 2.722481 1.6576881 9.273 -1.5750675201416016 0.9627891778945923
Car 0.0 0 3.3298017978668213 410.1455993652344 180.06857299804688 516.0111083984375 218.68502807617188 3.7767658 1.4290286 1.515235 -5.640893 1.7148932 27.770502 3.1294028759002686 0.8935287594795227
Car 0.0 0 -0.3081154525279999 840.2008666992188 175.19187927246094 1056.1983642578125 256.16729736328125 3.531271 1.4767395 1.589198 6.4619536 1.5263873 14.211482 0.11863970756530762 0.8896912932395935
Car 0.0 0 -0.1960839331150055 682.5885009765625 174.0047607421875 765.678955078125 208.39874267578125 4.0780234 1.7715917 1.7495219 5.9585886 1.8343817 38.18505 -0.04128725454211235 0.8609532117843628
Car 0.0 0 -0.31398680806159973 737.4645385742188 178.8693389892578 857.353271484375 219.8060302734375 3.89847 1.4129204 1.5662211 6.673925 1.6382035 26.071945 -0.06338685750961304 0.8510206341743469
Car 0.0 0 0.26736584305763245 350.4530029296875 172.32020568847656 494.3808288574219 221.2906951904297 4.208928 1.5224776 1.6547493 -6.020955 1.5062401 23.287132 0.014353752136230469 0.8470189571380615
Car 0.0 0 3.381700038909912 302.13848876953125 175.40126037597656 463.9174499511719 229.19998168945312 4.1878147 1.4738203 1.5735403 -6.4777155 1.5507313 20.766079 3.0793278217315674 0.8468605279922485
Car 0.0 0 3.8183298110961914 0.0 168.57662963867188 185.5327606201172 324.8602294921875 3.7957146 1.6004521 1.6244475 -7.3177476 1.5570067 8.286192 3.094916343688965 0.8115824460983276
Car 0.0 0 0.47911402583122253 24.622943878173828 181.89947509765625 381.350341796875 291.48565673828125 4.325832 1.4591979 1.5774802 -5.81711 1.6027817 10.582772 -0.023481402546167374 0.8101358413696289
Car 0.0 0 0.8403154611587524 0.0 203.85333251953125 136.49513244628906 375.0 4.192959 1.4374676 1.6266907 -6.5855603 1.7285318 5.942714 0.003650665283203125 0.7563301920890808
Car 0.0 0 -0.24338385462760925 726.2630615234375 175.4069061279297 826.1287231445312 217.2494659423828 3.5232813 1.5863287 1.6457251 6.425604 1.6899165 28.31516 -0.02023167535662651 0.7410250306129456
Car 0.0 0 2.7789175510406494 765.9150390625 177.45486450195312 938.213134765625 241.364990234375 3.859004 1.553232 1.6971658 6.1029515 1.6782004 18.60361 3.09590744972229 0.7261277437210083
