Car 0.0 0 -2.03255033493042 744.6561889648438 188.44371032714844 1128.4378662109375 375.0 4.25878 1.594852 1.6754512 2.7679908 1.8034213 7.4283957 -1.6758651733398438 0.9752259850502014
Car 0.0 0 -1.8331142663955688 672.0233764648438 192.0577392578125 829.8270874023438 307.07672119140625 3.7854474 1.4979583 1.5824596 2.0940146 1.8699147 12.003319 -1.6603994369506836 0.9722742438316345
Car 0.0 0 1.8272509574890137 259.8138122558594 199.12892150878906 398.0440673828125 302.0057067871094 3.543942 1.5420789 1.558416 -5.1738176 2.1049852 13.600358 1.4637389183044434 0.9426730275154114
Car 0.0 0 1.9653512239456177 0.0 205.62704467773438 325.9622497558594 375.0 4.132779 1.5250975 1.6867787 -4.2243733 1.9446819 7.060669 1.4261852502822876 0.939903974533081
Car 0.0 0 -1.745976209640503 611.0297241210938 183.88836669921875 705.3228149414062 260.6750793457031 3.4442663 1.5768442 1.6300243 0.98965466 1.8669658 17.139109 -1.6882977485656738 0.9268577694892883
Car 0.0 0 -1.6471049785614014 568.0516357421875 188.49356079101562 616.1925048828125 229.61566162109375 4.155402 1.4810064 1.657183 -0.84549797 2.1734471 29.773851 -1.67549467086792 0.8939149379730225
Car 0.0 0 1.6735483407974243 449.2003479003906 187.2110137939453 478.5223693847656 212.78382873535156 3.322024 1.5057989 1.507241 -9.343831 2.4588003 46.147877 1.4737732410430908 0.6262633204460144
Car 0.0 0 -2.5523786544799805 1004.217529296875 185.06253051757812 1242.0 375.0 3.6558528 1.4988962 1.5421345 3.1192806 1.5717413 2.4054286 -1.638481616973877 0.6136552095413208
Car 0.0 0 -1.6253764629364014 549.8162841796875 183.83753967285156 579.3524780273438 211.06158447265625 4.0934634 1.6014901 1.6620524 -2.9851322 2.3390174 46.29298 -1.6897708177566528 0.5384343862533569
Car 0.0 0 1.793121337890625 574.8822021484375 185.69517517089844 650.2467651367188 237.04727172851562 4.237799 1.4722061 1.6117632 0.13861725 1.9406513 24.052555 1.798884391784668 0.5141021013259888
