Pedestrian 0.0 0 2.5897791385650635 556.0322265625 162.66513061523438 633.5386962890625 275.6210632324219 1.0260253 1.7771915 0.7826792 -0.15566997 1.4821507 11.904478 2.5767033100128174 0.8955815434455872
Pedestrian 0.0 0 2.356879234313965 418.2785949707031 159.14398193359375 490.7918395996094 281.9326171875 0.8635004 1.8865287 0.7606511 -2.4086745 1.544352 11.603593 2.1522059440612793 0.8945807218551636
Pedestrian 0.0 0 1.254096269607544 758.5422973632812 144.527587890625 820.49755859375 263.1945495605469 0.57085824 1.6850662 0.7332549 2.695945 1.1613755 10.5065365 1.5052741765975952 0.8510467410087585
Pedestrian 0.0 0 -1.619994878768921 551.2494506835938 166.6046600341797 573.3309936523438 217.92465209960938 0.85795987 1.6453933 0.6774833 -1.3117934 1.1689256 23.49036 -1.6757808923721313 0.8380057215690613
Pedestrian 0.0 0 0.59317946434021 210.84295654296875 155.30258178710938 292.25421142578125 286.26593017578125 0.8410124 1.7466195 0.56084216 -4.862485 1.398559 9.912883 0.13714313507080078 0.8133519887924194
Pedestrian 0.0 0 1.4308972358703613 527.199951171875 165.8777313232422 550.0391845703125 217.44541931152344 0.96586657 1.7692014 0.6675769 -2.232199 1.234298 25.188204 1.3425073623657227 0.7996658086776733
Pedestrian 0.0 0 -2.5736515522003174 593.4136352539062 170.1246337890625 621.3927612304688 218.0028839111328 0.77360356 1.6361595 0.5988747 0.18522978 1.2484982 25.006996 -2.566244602203369 0.7192516922950745
Pedestrian 0.0 0 0.5986837148666382 871.2154541015625 137.96446228027344 971.7158813476562 295.8592224121094 0.8424577 1.6846908 0.62104154 3.5857983 1.2215388 8.183606 1.0116550922393799 0.5554835200309753
Pedestrian 0.0 0 -1.7549853324890137 568.2381591796875 171.14234924316406 584.2176513671875 204.3369598388672 0.88122314 1.7425779 0.6988304 -1.3490881 1.199693 38.21308 -1.790274977684021 0.5353133082389832
Pedestrian 0.0 0 1.1828080415725708 572.5841064453125 169.85902404785156 593.4364624023438 214.26947021484375 0.6650973 1.4830215 0.49165282 -0.65284705 1.0953704 24.388544 1.1560457944869995 0.5168614983558655
Pedestrian 0.0 0 1.5460351705551147 235.77432250976562 198.4590301513672 345.7052917480469 374.0 0.63341486 1.6415994 0.9155491 -2.9863021 1.814822 6.795537 1.131988763809204 0.4995298683643341
Pedestrian 0.0 0 0.4718828797340393 349.6255798339844 187.18118286132812 403.89154052734375 281.7118835449219 0.7215065 1.6821268 0.6875585 -4.1676793 1.7911656 13.226491 0.16663026809692383 0.4706578254699707
Pedestrian 0.0 0 1.4380741119384766 872.14892578125 191.5689239501953 910.2011108398438 290.70257568359375 0.6805472 1.4843345 0.461708 4.4720774 1.6483185 11.217782 1.8174245357513428 0.4679601192474365
Pedestrian 0.0 0 -0.39081811904907227 793.8029174804688 155.0012969970703 841.308349609375 230.69781494140625 0.90473235 1.7465675 0.61457336 5.0485773 1.1363635 16.923023 -0.10089785605669022 0.46132639050483704
Pedestrian 0.0 0 -0.8953613638877869 816.6350708007812 154.30712890625 862.683349609375 234.8001708984375 0.87266415 1.7759898 0.5746702 5.378878 1.1772292 16.32551 -0.5770856142044067 0.4373997449874878
Pedestrian 0.0 0 -0.06283114850521088 629.3450317382812 166.05271911621094 650.3264770507812 206.55276489257812 0.9034818 1.8068161 0.6610135 1.7136903 1.1186161 32.37923 -0.009954883717000484 0.39014628529548645
Pedestrian 0.0 0 -1.1911407709121704 178.1568145751953 167.56919860839844 251.57301330566406 287.3753967285156 0.9485737 1.7275271 0.67694765 -5.8664804 1.5279676 10.865419 -1.686213731765747 0.39007630944252014
Pedestrian 0.0 0 -0.13505545258522034 477.07281494140625 169.00848388671875 503.0246887207031 213.9463653564453 0.9311084 1.7339419 0.6027317 -4.3848867 1.252972 28.136353 -0.28965601325035095 0.34715864062309265
Pedestrian 0.0 0 -2.351224660873413 606.057373046875 168.1383056640625 619.5369262695312 197.25347900390625 0.6736292 1.8734794 0.5648828 0.7457827 1.0143954 46.65881 -2.33524227142334 0.30793192982673645
Cyclist 0.0 0 1.6381402015686035 491.141845703125 166.71897888183594 532.1412353515625 265.9650573730469 1.8323143 1.8487006 0.69326365 -1.8017093 1.5746301 14.312803 1.5129178762435913 0.9093379378318787
Cyclist 0.0 0 -2.1661057472229004 36.508419036865234 166.35963439941406 167.0951385498047 296.31805419921875 1.9322621 1.8055301 0.59733474 -7.4253526 1.5965028 10.600729 -2.7771382331848145 0.3688524663448334
Cyclist 0.0 0 -1.1325379610061646 181.1791229248047 166.22286987304688 250.82861328125 289.0049133300781 1.1260953 1.764393 0.5033323 -5.863791 1.5461727 10.896078 -1.6262425184249878 0.221797913312912
Car 0.0 0 3.154907703399658 516.7976684570312 188.909912109375 592.2230224609375 219.75909423828125 3.5903754 1.4498467 1.517731 -2.28236 1.8207383 35.016403 3.089820146560669 0.35330474376678467
