Pedestrian 0.0 0 -1.6728849411010742 699.7924194335938 158.85182189941406 747.0886840820312 273.78924560546875 0.90016043 1.7517747 0.6473012 1.8805788 1.4078945 11.414645 -1.509600281715393 0.8471340537071228
Pedestrian 0.0 0 -1.6167850494384766 349.4447326660156 164.7653045654297 396.0307922363281 284.56365966796875 0.92132705 1.7212788 0.6245505 -3.5125697 1.4821465 10.859505 -1.9296196699142456 0.7866764664649963
Pedestrian 0.0 0 -1.9446582794189453 646.8629150390625 161.5049285888672 702.6227416992188 273.96600341796875 0.9285579 1.6801699 0.5646986 1.0909659 1.3827505 11.253144 -1.8480126857757568 0.6505954265594482
Pedestrian 0.0 0 0.8651225566864014 522.7327270507812 168.39651489257812 551.2715454101562 221.21817016601562 0.7010474 1.7315507 0.651482 -2.1800823 1.3030937 24.023157 0.7746212482452393 0.6221400499343872
Pedestrian 0.0 0 1.8492509126663208 764.6888427734375 156.4803009033203 795.575439453125 223.7712860107422 0.72270375 1.7495887 0.62548935 4.734378 1.1002403 19.143414 2.0916972160339355 0.5244860053062439
Pedestrian 0.0 0 1.3598498106002808 741.1596069335938 164.8236083984375 765.386962890625 224.0420684814453 0.7706801 1.7960442 0.5811723 4.6528625 1.2913833 22.17038 1.566715955734253 0.5095457434654236
Pedestrian 0.0 0 0.1897861361503601 480.1215515136719 171.04901123046875 506.2652587890625 221.3997039794922 0.8209979 1.8152372 0.7482333 -3.9760804 1.4395084 26.28481 0.039655208587646484 0.49768948554992676
Pedestrian 0.0 0 0.18204008042812347 723.6070556640625 161.20751953125 751.8040161132812 214.94198608398438 0.80970716 1.7630774 0.7316039 4.5426664 1.0983517 24.053757 0.3686964511871338 0.42964106798171997
Pedestrian 0.0 0 2.7501072883605957 753.777099609375 150.19757080078125 785.8599853515625 214.69537353515625 0.7080702 1.752789 0.5439549 4.616771 0.90327394 19.844616 2.978687286376953 0.4130580723285675
Pedestrian 0.0 0 1.98614501953125 218.86514282226562 175.4857177734375 254.60400390625 250.43499755859375 0.5450516 1.5653512 0.50225496 -7.79262 1.4409745 15.286326 1.5147063732147217 0.3698354661464691
Pedestrian 0.0 0 1.2685961723327637 453.40179443359375 167.76495361328125 479.1991882324219 212.80406188964844 1.6733297 1.770415 0.5510475 -5.5035434 1.2315224 29.102007 1.0816912651062012 0.11376340687274933
Cyclist 0.0 0 1.7692501544952393 493.00567626953125 165.2643585205078 534.3168334960938 254.96096801757812 1.7002741 1.7934632 0.5488618 -1.8749534 1.4700809 15.22884 1.6467480659484863 0.8566840291023254
Cyclist 0.0 0 1.6251094341278076 562.1928100585938 169.48695373535156 587.2498779296875 232.91973876953125 1.7592171 1.7933785 0.64788383 -0.80181944 1.4548887 21.19106 1.587289810180664 0.7073439359664917
Cyclist 0.0 0 1.2685961723327637 453.40179443359375 167.76495361328125 479.1991882324219 212.80406188964844 1.6733297 1.770415 0.5510475 -5.5035434 1.2315224 29.102007 1.0816912651062012 0.2773650586605072
Cyclist 0.0 0 0.18204008042812347 723.6070556640625 161.20751953125 751.8040161132812 214.94198608398438 0.80970716 1.7630774 0.7316039 4.5426664 1.0983517 24.053757 0.3686964511871338 0.10540295392274857
Car 0.0 0 1.900320291519165 534.5869750976562 172.11492919921875 577.2609252929688 197.98236083984375 3.9856043 1.6052872 1.5645179 -2.9000177 1.0235987 46.704693 1.83830726146698 0.39311733841896057
Car 0.0 0 -2.4534435272216797 0.0 187.334716796875 88.09132385253906 218.56875610351562 4.0547047 1.6909562 1.8604628 -31.431738 2.0265245 40.232876 -3.1166434288024902 0.35408204793930054
Car 0.0 0 3.729628086090088 0.0 202.95054626464844 137.99160766601562 374.0 3.932255 1.4951038 1.5608937 -6.6561446 1.7214624 6.3381767 2.919764995574951 0.3370530307292938
