Pedestrian 0.0 0 -2.44260311126709 410.9260559082031 156.1507110595703 437.1191711425781 195.39845275878906 0.8777779 1.6657522 0.6553222 -8.057122 0.957189 31.105543 -2.6960580348968506 0.4996771514415741
Pedestrian 0.0 0 -2.3592522144317627 133.98721313476562 155.9403076171875 165.96060180664062 195.68882751464844 1.0818487 1.7396393 0.60700226 -20.432154 0.99974984 31.987589 -2.927680015563965 0.4106605350971222
Pedestrian 0.0 0 -1.1607855558395386 1166.1590576171875 121.47303009033203 1204.51513671875 187.48927307128906 0.637598 1.8341295 0.65156007 16.282335 0.4069696 20.481104 -0.48910507559776306 0.39948514103889465
Cyclist 0.0 0 -0.36552396416664124 975.773193359375 142.20004272460938 1025.3934326171875 179.70663452148438 1.948438 1.7539096 0.6963496 18.464539 0.32080504 34.20929 0.12941741943359375 0.30209121108055115
Car 0.0 0 2.06313419342041 56.3135871887207 196.45068359375 211.91070556640625 273.8809814453125 3.2782407 1.4042041 1.4595228 -10.297115 1.9771501 15.810686 1.4858626127243042 0.9473382234573364
Car 0.0 0 -1.682045578956604 646.6229248046875 160.60540771484375 680.9110107421875 190.18316650390625 4.112227 1.7028763 1.6111794 3.1696615 0.9980479 43.623997 -1.6095143556594849 0.7843583822250366
Car 0.0 0 -1.6107401847839355 884.7634887695312 159.55731201171875 916.4913940429688 184.94842529296875 3.7968664 1.4584384 1.6160564 17.444275 0.6950486 43.501007 -1.2293646335601807 0.4133566915988922
Car 0.0 0 -1.6856194734573364 433.8936767578125 180.8811492919922 470.4745788574219 208.35272216796875 3.7436833 1.4498006 1.6194935 -9.106164 1.9322546 41.298004 -1.9026455879211426 0.4091372787952423
Car 0.0 0 1.5491528511047363 692.59326171875 164.5230255126953 711.42333984375 184.0118408203125 3.877621 1.732892 1.6244154 8.392115 0.99248207 66.16739 1.6753108501434326 0.382135272026062
Car 0.0 0 -0.5443771481513977 707.2537231445312 158.30052185058594 765.0103759765625 180.2225341796875 3.8865619 1.5611446 1.6269295 9.208578 0.5250967 52.84446 -0.37185138463974 0.37970075011253357
Car 0.0 0 -1.9059741497039795 1103.838134765625 140.68174743652344 1171.1298828125 174.42019653320312 3.760683 1.6427379 1.6440201 27.040976 0.07661691 37.167007 -1.2769944667816162 0.313096821308136
Car 0.0 0 -2.4008469581604004 83.11333465576172 161.7705535888672 187.48294067382812 196.50599670410156 3.9019928 1.534035 1.6397997 -21.70341 1.0449106 32.98077 -2.9828691482543945 0.30734705924987793
