Pedestrian 0.0 0 1.434532642364502 154.64173889160156 122.37096405029297 187.96482849121094 191.6929473876953 0.6741436 1.8343949 0.68597615 -11.94832 0.49887294 19.568558 0.8863644599914551 0.45306336879730225
Pedestrian 0.0 0 1.6898951530456543 412.8569641113281 156.10598754882812 425.81414794921875 184.86917114257812 0.63281494 1.6960431 0.67532504 -11.36832 0.708842 42.90369 1.4308747053146362 0.42687878012657166
Pedestrian 0.0 0 -1.6657390594482422 829.9658813476562 126.51608276367188 864.6871337890625 199.4250946044922 0.64610815 1.8438771 0.7927878 6.0760436 0.672344 18.646812 -1.3507394790649414 0.39240893721580505
Car 0.0 0 -1.8739124536514282 775.986572265625 194.12509155273438 978.330078125 324.846923828125 4.0585365 1.4922602 1.6495638 3.7146666 1.8758694 10.949094 -1.5468311309814453 0.9816482067108154
Car 0.0 0 -1.7783563137054443 731.373046875 183.0043182373047 846.9920043945312 267.7261047363281 4.348833 1.6541934 1.7024443 3.9484804 1.9218482 16.8045 -1.547576904296875 0.9610233902931213
Car 0.0 0 1.787980556488037 467.9662170410156 189.70123291015625 535.6121826171875 240.86488342285156 3.7690015 1.673639 1.7118529 -3.9803426 2.3454974 26.816816 1.6406291723251343 0.885662317276001
Car 0.0 0 -3.026716947555542 1012.8442993164062 176.21499633789062 1242.0 253.29754638671875 4.3165584 1.4768333 1.726564 11.56958 1.5619141 16.094545 -2.4034509658813477 0.8532833456993103
Car 0.0 0 -1.5368359088897705 693.6566772460938 179.51998901367188 724.5656127929688 208.96481323242188 4.4846206 1.7053709 1.7690915 6.2231 2.1452842 45.21548 -1.400063157081604 0.6112174987792969
Car 0.0 0 1.7237659692764282 503.87994384765625 187.19647216796875 554.5333251953125 226.25711059570312 4.1390734 1.5402871 1.6265143 -3.5630684 2.220473 32.09573 1.613204836845398 0.508056104183197
Car 0.0 0 2.271061897277832 119.37185668945312 176.92628479003906 192.19161987304688 203.2738800048828 4.188693 1.6154042 1.7319266 -29.58959 1.8940377 47.10834 1.71022367477417 0.5026310682296753
Car 0.0 0 -1.00873863697052 253.62603759765625 168.0056915283203 292.3863220214844 184.7490997314453 3.749968 1.5523994 1.600439 -32.131195 1.1032361 68.8565 -1.4453438520431519 0.5003527998924255
Car 0.0 0 3.3832247257232666 341.8201904296875 168.13836669921875 387.3380432128906 185.0093231201172 3.795065 1.5729464 1.6403831 -23.202248 1.1336466 68.2494 3.0555195808410645 0.45976704359054565
Car 0.0 0 3.481764316558838 163.19430541992188 199.08741760253906 236.629638671875 223.11459350585938 4.1401186 1.5570387 1.7325228 -28.74177 3.4423194 50.625496 2.9654083251953125 0.4137799143791199
