Car 0.0 0 -1.3940799236297607 418.7172546386719 174.97576904296875 504.4022521972656 239.3068084716797 4.0281835 1.6067988 1.6414965 -3.9877396 1.3521671 19.98143 -1.591064214706421 0.9638193845748901
Car 0.0 0 -1.5954424142837524 578.2037963867188 175.4008026123047 642.319091796875 230.16094970703125 3.321818 1.4533669 1.7043499 -0.019954078 1.1940051 20.757273 -1.59640371799469 0.9324832558631897
Car 0.0 0 1.7989373207092285 380.7023010253906 177.02554321289062 433.9050598144531 211.3056182861328 3.6334848 1.4260379 1.4798806 -8.820435 1.0864624 31.747133 1.5279382467269897 0.7580863833427429
Car 0.0 0 -1.41679847240448 474.95489501953125 176.99227905273438 525.0784912109375 214.46275329589844 3.686864 1.5610709 1.6464442 -4.736536 1.2196034 31.793161 -1.5646904706954956 0.7032217383384705
Car 0.0 0 -1.6702089309692383 570.2510375976562 175.36888122558594 616.4227294921875 212.6893768310547 3.4765177 1.4779903 1.5958493 -0.6960796 1.0891621 30.287481 -1.6931873559951782 0.6200293898582458
Car 0.0 0 2.0882487297058105 286.0951232910156 182.25975036621094 389.8932800292969 230.4912872314453 3.571512 1.4001734 1.501166 -8.461494 1.3154929 22.747925 1.732139229774475 0.29036685824394226
Car 0.0 0 -1.4665170907974243 499.2332763671875 176.2095184326172 531.5731811523438 202.14488220214844 3.5048652 1.4789563 1.5534998 -5.480403 0.96651304 42.758736 -1.5939924716949463 0.28405848145484924
Car 0.0 0 1.5394622087478638 536.7249145507812 173.29588317871094 556.1115112304688 190.75057983398438 3.6638603 1.4253203 1.5097123 -5.2073035 0.45310047 60.604324 1.4537497758865356 0.2630642056465149
Car 0.0 0 1.7248426675796509 440.1063232421875 177.9874267578125 474.8395690917969 202.7644805908203 3.87438 1.4774594 1.5458615 -9.351282 1.047568 44.836147 1.5192246437072754 0.2092890441417694
Car 0.0 0 -2.434053421020508 948.2227783203125 223.2397003173828 1241.0 376.0 3.653225 1.4470644 1.6781355 2.8523178 1.6779158 2.5021527 -1.583351492881775 0.20695427060127258
