Pedestrian 0.0 0 -2.0312647819519043 756.2943725585938 169.7604217529297 803.2696533203125 238.476318359375 1.0220126 1.6015425 0.7209561 4.0309258 1.5297997 17.394312 -1.8035463094711304 0.9104305505752563
Pedestrian 0.0 0 1.9161629676818848 371.577392578125 151.04164123535156 387.547119140625 183.21591186523438 0.83911973 1.7384819 0.58227354 -12.619772 0.5602462 39.413948 1.6062918901443481 0.6393527984619141
Pedestrian 0.0 0 1.4656550884246826 934.9210815429688 125.75161743164062 968.4171142578125 198.38575744628906 0.7915401 1.8244662 0.69934666 8.753802 0.6416795 18.609894 1.905330777168274 0.5629525780677795
Pedestrian 0.0 0 0.605819046497345 138.0438232421875 157.62889099121094 160.03756713867188 191.1117706298828 0.7976516 1.8271865 0.6404358 -25.399633 0.996698 39.70676 0.03673267364501953 0.5326871275901794
Pedestrian 0.0 0 -1.1506602764129639 179.56448364257812 149.1096954345703 209.07887268066406 195.9398956298828 0.7498693 1.7170037 0.70879436 -15.511628 0.8467897 26.861595 -1.6743450164794922 0.4949607253074646
Pedestrian 0.0 0 -2.723708391189575 279.43792724609375 144.34228515625 310.7770080566406 204.846923828125 0.6264786 1.7186258 0.63291365 -9.123527 0.90911245 20.810362 -3.1368846893310547 0.4528806209564209
Pedestrian 0.0 0 1.769477128982544 285.376953125 152.50796508789062 304.27410888671875 187.79733276367188 0.8460212 1.7465265 0.71698576 -15.843621 0.7399273 36.196774 1.3568919897079468 0.40608757734298706
Pedestrian 0.0 0 0.08640033006668091 330.9095153808594 161.05262756347656 343.8075866699219 190.85975646972656 0.6668288 1.7544597 0.61534333 -16.224146 1.0601835 42.85402 -0.2755149006843567 0.3892347514629364
Pedestrian 0.0 0 1.721336841583252 149.15017700195312 153.87603759765625 163.92767333984375 187.02227783203125 0.8997927 1.9320987 0.6115143 -26.79664 0.8262282 42.590378 1.1597435474395752 0.3817937672138214
Pedestrian 0.0 0 -1.5486125946044922 0.0 109.37224578857422 28.33066177368164 187.4725341796875 1.0297427 1.830715 0.6560059 -14.598066 0.34302464 17.517597 -2.2433531284332275 0.3793419301509857
Pedestrian 0.0 0 -1.336625099182129 505.3696594238281 141.95193481445312 539.229736328125 204.93487548828125 1.6392431 1.7873062 0.6332333 -2.6205647 0.9107371 21.322628 -1.4589124917984009 0.18437910079956055
Cyclist 0.0 0 -1.336625099182129 505.3696594238281 141.95193481445312 539.229736328125 204.93487548828125 1.6392431 1.7873062 0.6332333 -2.6205647 0.9107371 21.322628 -1.4589124917984009 0.5515310764312744
Cyclist 0.0 0 0.6977783441543579 283.0255432128906 152.37173461914062 306.7303466796875 187.69122314453125 0.8577598 1.7497649 0.67309785 -15.839648 0.73541 36.186615 0.28518223762512207 0.10992973297834396
Car 0.0 0 1.8252410888671875 227.6206512451172 187.26197814941406 409.1324157714844 317.7316589355469 3.6219769 1.4900535 1.5535511 -4.078066 1.7386858 10.542651 1.4561516046524048 0.9567307829856873
Car 0.0 0 0.541822612285614 126.20598602294922 181.03585815429688 254.44171142578125 219.4390106201172 4.3348265 1.5262871 1.7247676 -17.391083 1.8764855 29.95234 0.015771150588989258 0.924894392490387
Car 0.0 0 2.660784959793091 618.9667358398438 175.60935974121094 705.1917114257812 204.243896484375 4.6458 1.5504895 1.6856015 2.940383 1.7142578 41.09124 2.7322206497192383 0.7877064943313599
Car 0.0 0 1.2340774536132812 346.5401306152344 183.75001525878906 442.0319519042969 237.48165893554688 3.8617046 1.4088337 1.552428 -6.6225443 1.76813 21.749916 0.9385101795196533 0.6855061054229736
Car 0.0 0 2.408916711807251 491.3102111816406 180.2229766845703 572.0032958984375 210.32827758789062 4.205058 1.4348587 1.5599059 -4.049869 1.8394799 37.49454 2.301321506500244 0.5178015232086182
Car 0.0 0 1.7314211130142212 758.9692993164062 160.9911651611328 782.9522705078125 178.17556762695312 3.7383158 1.5461806 1.5961398 14.940822 0.47917056 66.95009 1.9509869813919067 0.41683411598205566
