Pedestrian 0.0 0 2.5974044799804688 462.18670654296875 165.91859436035156 479.85333251953125 197.7470245361328 0.8006172 1.8410983 0.63854563 -8.170217 1.4402819 42.239532 2.4063382148742676 0.5273222327232361
Pedestrian 0.0 0 -0.48677822947502136 703.8171997070312 154.9682159423828 721.3643188476562 184.82131958007812 0.86223555 1.8467635 0.69176555 6.3790274 0.74067605 45.104492 -0.3462822437286377 0.37325939536094666
Pedestrian 0.0 0 -1.1505262851715088 90.29019165039062 120.02849578857422 145.6676788330078 205.05899047851562 0.8475531 1.7960819 0.7144655 -10.752516 0.6806172 15.718945 -1.7504658699035645 0.36604687571525574
Pedestrian 0.0 0 1.906825304031372 279.0890808105469 130.79849243164062 320.1153564453125 206.68240356445312 0.7947281 1.7621993 0.6742794 -7.4265018 0.78593147 17.17365 1.4986733198165894 0.351931095123291
Pedestrian 0.0 0 3.541459560394287 97.06861114501953 122.1445541381836 159.72622680664062 231.206787109375 0.67767864 1.7017732 0.5497924 -7.776131 0.9108764 11.59015 2.950514078140259 0.3398623764514923
Cyclist 0.0 0 0.32786616683006287 84.10953521728516 134.00146484375 180.0205535888672 207.48277282714844 1.8458014 1.744015 0.6592186 -11.722529 0.82224184 17.67627 -0.25771793723106384 0.5918899774551392
Car 0.0 0 1.80766761302948 314.5415344238281 179.69752502441406 465.7445983886719 280.0249328613281 4.1854205 1.5235173 1.7069353 -3.9048467 1.6709703 13.375431 1.5236200094223022 0.963306725025177
Car 0.0 0 1.4613850116729736 639.8182373046875 175.5281219482422 705.440673828125 227.93099975585938 4.1347775 1.580339 1.7143967 1.9507539 1.6776321 24.06142 1.542281985282898 0.94049072265625
Car 0.0 0 1.7044566869735718 480.8594055175781 178.7207489013672 535.096435546875 216.60565185546875 4.466638 1.4471967 1.6863585 -4.2687693 1.7136911 30.490849 1.565359115600586 0.9022964835166931
Car 0.0 0 -1.6946355104446411 624.8869018554688 179.5583038330078 671.6119995117188 216.76504516601562 3.4994156 1.4694506 1.5690132 1.5450792 1.7741301 30.946428 -1.644749402999878 0.7515928149223328
Car 0.0 0 1.7211960554122925 513.6969604492188 175.19485473632812 546.4537353515625 201.45639038085938 3.490469 1.5791751 1.5482575 -5.0309386 1.7328386 45.476593 1.611017107963562 0.6800544261932373
Car 0.0 0 1.7208349704742432 462.7286682128906 157.05191040039062 493.6681823730469 181.51260375976562 3.372894 1.5795494 1.5524663 -8.817029 0.55948734 48.299896 1.5402754545211792 0.4450923204421997
Car 0.0 0 1.0142923593521118 716.1668090820312 157.6124725341797 777.7316284179688 188.61074829101562 3.3668392 1.5059042 1.5409465 6.9115252 0.7658241 36.898014 1.1994608640670776 0.4433169364929199
Car 0.0 0 -1.3640553951263428 635.8763427734375 163.8128662109375 661.5011596679688 180.70465087890625 4.029353 1.5351129 1.6104561 3.643907 0.7138194 67.724144 -1.3103021383285522 0.4094250202178955
Car 0.0 0 -1.672508716583252 646.0062866210938 169.31387329101562 669.0952758789062 186.61122131347656 3.905977 1.4312792 1.5756463 4.0122066 1.1387081 61.681927 -1.607553482055664 0.3516309857368469
