Pedestrian 0.0 0 -3.3239965438842773 964.0154418945312 162.53465270996094 979.4417724609375 199.42636108398438 0.5968268 1.8821095 0.68097734 18.618383 1.3560038 37.218 -2.86014723777771 0.15182307362556458
Pedestrian 0.0 0 1.5638396739959717 944.5877075195312 168.7808380126953 962.38232421875 211.48187255859375 0.5945124 1.7975874 0.6794313 14.610629 1.6264778 30.784807 2.0069658756256104 0.13844844698905945
Pedestrian 0.0 0 3.3633015155792236 353.3509826660156 173.40579223632812 449.1217346191406 318.3559265136719 1.0119362 1.7192068 0.70582205 -2.6169436 1.7266989 8.942167 3.078599452972412 0.12442632764577866
Pedestrian 0.0 0 -2.8706471920013428 909.6502075195312 178.4821014404297 932.5671997070312 229.0423126220703 0.5487725 1.7018113 0.7355005 10.670524 1.899556 24.844202 -2.464973211288452 0.12204304337501526
Pedestrian 0.0 0 -1.3909270763397217 1036.9290771484375 161.28512573242188 1060.3731689453125 213.79159545898438 0.5273029 1.7216631 0.58333933 14.575626 1.342683 24.046898 -0.8460099697113037 0.11357413977384567
Pedestrian 0.0 0 0.24759560823440552 79.83413696289062 173.1420440673828 98.8852767944336 203.6999053955078 0.8531837 1.8401638 0.4557561 -31.652065 1.8581649 43.823685 -0.37791383266448975 0.1033506765961647
Car 0.0 0 -6.039440631866455e-05 624.26318359375 182.07164001464844 896.50390625 274.4635314941406 4.6074853 1.5073425 1.7134867 2.6295316 1.6942403 13.312454 0.19495344161987305 0.8986279368400574
Car 0.0 0 0.9390847086906433 0.0 180.7446746826172 81.83909606933594 252.5093536376953 3.6706429 1.4961079 1.5819627 -14.343878 1.6895363 16.475098 0.22272944450378418 0.5046916604042053
Car 0.0 0 -0.3045006990432739 0.0 162.21823120117188 91.8016357421875 204.27438354492188 3.6330621 1.8040218 1.7327627 -26.164 1.3481525 32.93798 -0.9757816791534424 0.1438375562429428
Car 0.0 0 2.131521701812744 375.20367431640625 175.10989379882812 419.5030517578125 195.8372039794922 4.0608687 1.6546005 1.6406981 -17.726032 1.8501341 60.24617 1.845369815826416 0.11210869997739792
Car 0.0 0 1.2733994722366333 670.0560913085938 182.9011688232422 789.683837890625 258.0133056640625 4.361028 1.5494105 1.6548456 2.734186 1.8289173 17.767307 1.4260902404785156 0.10968658328056335
