Pedestrian 0.0 0 1.8267388343811035 277.49810791015625 134.13558959960938 310.50408935546875 195.6882781982422 1.0972793 1.8485688 0.67906517 -9.783506 0.68612385 22.261953 1.4126743078231812 0.6865037679672241
Pedestrian 0.0 0 1.9179987907409668 143.20062255859375 170.30221557617188 165.9757843017578 213.0989532470703 0.72062427 1.8295423 0.6275948 -19.767471 1.7208127 31.262024 1.3541560173034668 0.45782697200775146
Pedestrian 0.0 0 2.4569013118743896 1035.1893310546875 140.52198791503906 1083.4149169921875 199.33763122558594 1.0661364 1.8938755 0.82072586 14.707183 0.8531364 23.706638 3.0121731758117676 0.452144980430603
Pedestrian 0.0 0 1.0685415267944336 1052.89990234375 126.67218017578125 1097.0283203125 184.60105895996094 1.1436657 1.944899 0.8259325 15.933492 0.39475286 24.820827 1.6392301321029663 0.33434373140335083
Cyclist 0.0 0 1.0995068550109863 869.7308349609375 127.65261840820312 910.9339599609375 180.42384338378906 1.6571102 1.7940992 0.6683549 9.797307 0.2577149 25.386375 1.4678233861923218 0.35429617762565613
Cyclist 0.0 0 1.2270874977111816 842.8759765625 134.70860290527344 872.7379760742188 178.68905639648438 1.7649173 1.7868912 0.6201925 10.313235 0.23743126 30.199667 1.5561714172363281 0.349656343460083
Cyclist 0.0 0 1.817110538482666 279.3605651855469 135.01373291015625 310.9659729003906 196.5786895751953 1.0470698 1.851639 0.6605626 -9.7519865 0.71390605 22.269373 1.404355764389038 0.11351045966148376
Car 0.0 0 -1.5746238231658936 570.4833374023438 174.21859741210938 608.094482421875 209.78192138671875 4.3586774 1.6462231 1.7507323 -1.0768956 1.7184193 35.77437 -1.6047171354293823 0.8067717552185059
Car 0.0 0 2.066718101501465 160.89454650878906 170.09925842285156 232.2171630859375 202.3295440673828 3.5378516 1.5138754 1.5644032 -20.393276 1.384842 35.675045 1.5474127531051636 0.694190502166748
Car 0.0 0 -1.6830978393554688 684.823974609375 150.7606201171875 729.1759033203125 185.79859924316406 3.8763423 1.5260323 1.5959908 4.3877187 0.564143 33.3754 -1.5523817539215088 0.6233711242675781
Car 0.0 0 3.377300262451172 51.19501876831055 171.2261962890625 155.2486114501953 204.28538513183594 3.8698697 1.5430369 1.6558121 -24.62475 1.467417 35.154594 2.766258716583252 0.6216915845870972
Car 0.0 0 1.4248884916305542 764.1815795898438 159.78688049316406 793.367431640625 181.90377807617188 4.074015 1.6727189 1.6504376 13.187678 0.6847998 56.665974 1.6535449028015137 0.5105660557746887
Car 0.0 0 1.7875243425369263 654.2892456054688 161.66627502441406 689.4456787109375 187.75196838378906 3.8339798 1.7367461 1.6482619 4.3063602 0.9922424 50.111584 1.8732491731643677 0.41271260380744934
Car 0.0 0 1.8648144006729126 179.95045471191406 160.177490234375 231.7591094970703 186.73455810546875 4.0586576 1.5115008 1.5997343 -24.16437 0.79037285 43.217243 1.3549830913543701 0.36164337396621704
Car 0.0 0 -1.9003138542175293 1179.81640625 146.04507446289062 1242.0 174.729248046875 4.000469 1.6395757 1.7028875 36.05397 0.107546896 43.412308 -1.207249402999878 0.3436336815357208
Car 0.0 0 1.6131172180175781 510.9989929199219 164.81112670898438 535.9069213867188 186.11813354492188 4.646127 1.6186904 1.7671534 -6.8446918 1.0080329 57.196396 1.4940136671066284 0.32833558320999146
