Pedestrian 0.0 0 0.7340006232261658 24.457069396972656 95.78584289550781 138.449462890625 246.88369750976562 0.99800205 1.8544741 0.6492944 -6.7925253 0.908949 9.22546 0.09933805465698242 0.7797631621360779
Pedestrian 0.0 0 -1.0253043174743652 1195.8350830078125 104.82469940185547 1242.0 195.5199737548828 0.768463 1.833677 0.63793683 12.750592 0.45861858 15.009235 -0.32109108567237854 0.5121601819992065
Pedestrian 0.0 0 -3.7354841232299805 1084.5111083984375 100.92906951904297 1152.7470703125 199.7866973876953 0.787962 1.7859175 0.68005794 9.36493 0.48691174 13.378838 -3.1247708797454834 0.4131234586238861
Pedestrian 0.0 0 0.8430231809616089 221.0128631591797 125.2346420288086 269.2454528808594 197.5829315185547 0.96256274 1.8141179 0.62452257 -9.429428 0.62043035 18.555788 0.37286376953125 0.3923504054546356
Pedestrian 0.0 0 -0.7723203301429749 1021.2781372070312 142.64674377441406 1049.1414794921875 185.1879119873047 0.7706143 1.8242514 0.7045177 18.4441 0.52926105 31.37225 -0.24083703756332397 0.38538381457328796
Pedestrian 0.0 0 -2.6964190006256104 620.0585327148438 147.29705810546875 640.8553466796875 186.36878967285156 0.75323725 1.7967539 0.6739524 0.91665894 0.6218497 33.649345 -2.6691842079162598 0.37201136350631714
Car 0.0 0 -1.4584016799926758 786.9826049804688 170.29945373535156 895.373046875 259.31817626953125 3.4583344 1.4217836 1.5328134 4.3411784 1.3813407 13.412803 -1.1453828811645508 0.9647856950759888
Car 0.0 0 2.069697856903076 0.0 189.35003662109375 392.014892578125 375.0 3.8690329 1.4936558 1.5889591 -3.444176 1.688669 6.5647216 1.586525797843933 0.9605618715286255
Car 0.0 0 1.8566837310791016 363.37640380859375 177.43531799316406 481.20574951171875 245.99266052246094 4.265085 1.4576353 1.6556135 -4.5062256 1.5846927 17.789557 1.6085946559906006 0.9602477550506592
Car 0.0 0 -1.3633601665496826 494.69195556640625 164.350341796875 601.013427734375 238.72097778320312 4.2946963 1.5426539 1.6567211 -1.3817825 1.3666223 17.199074 -1.4435285329818726 0.9342249035835266
Car 0.0 0 -1.219882845878601 838.1425170898438 164.2201385498047 967.9154663085938 232.64474487304688 4.2918944 1.5152042 1.6368204 7.4012814 1.3243726 18.112627 -0.8319628834724426 0.81466144323349
Car 0.0 0 -1.4648793935775757 567.752197265625 166.62301635742188 591.1572265625 185.4545440673828 3.9020047 1.6299084 1.6874644 -2.7182395 1.0909615 64.4487 -1.5070312023162842 0.34819674491882324
Car 0.0 0 2.896299123764038 551.5533447265625 155.64015197753906 632.984130859375 184.31057739257812 4.1213117 1.4970869 1.6660349 -1.0093167 0.59858733 39.028366 2.870443820953369 0.2906520962715149
