Pedestrian 0.0 0 -1.451445460319519 556.965087890625 159.10621643066406 623.0444946289062 314.5144348144531 1.0042518 1.7026426 0.6628977 -0.20336786 1.4699414 8.272643 -1.4760236740112305 0.9250990748405457
Pedestrian 0.0 0 1.2470030784606934 836.0299682617188 177.17538452148438 874.9500122070312 252.3080596923828 0.81678915 1.8494562 0.6986288 6.2637806 1.769215 17.813015 1.5851387977600098 0.2889723777770996
Pedestrian 0.0 0 1.3248248100280762 774.0147705078125 146.65611267089844 823.2506103515625 251.65386962890625 0.8368546 1.7754422 0.64312494 3.3311348 1.204813 12.374583 1.5877830982208252 0.24007311463356018
Pedestrian 0.0 0 1.2774102687835693 827.4645385742188 142.66867065429688 877.8268432617188 249.36256408691406 0.8244681 1.8241955 0.6259667 4.323392 1.1790228 12.508017 1.6102042198181152 0.14131629467010498
Pedestrian 0.0 0 0.018850423395633698 623.9381103515625 168.18199157714844 688.5387573242188 271.56280517578125 1.1504849 1.8385373 0.737844 0.90099096 1.6211149 12.987381 0.08811378479003906 0.13140800595283508
Pedestrian 0.0 0 3.1840639114379883 555.0869750976562 154.6992950439453 596.0989379882812 225.67294311523438 1.0125608 1.7626016 0.56355137 -0.7711479 1.1234474 17.836449 3.1408565044403076 0.10520721226930618
Pedestrian 0.0 0 -1.775347113609314 488.566162109375 168.07620239257812 540.3617553710938 269.864501953125 0.99221444 1.817575 0.77089643 -1.7486829 1.5973725 13.215864 -1.9068999290466309 0.10493961721658707
Cyclist 0.0 0 0.49664273858070374 284.2487487792969 206.1238250732422 370.02276611328125 274.4339904785156 1.9357371 1.7020147 0.821392 -7.30289 2.3943348 18.530128 0.12122511863708496 0.1883285492658615
Cyclist 0.0 0 -0.6086397767066956 1007.8841552734375 201.68954467773438 1126.8140869140625 289.3559265136719 1.7432709 1.6089207 0.861902 8.854779 2.0336487 13.653217 -0.03328531235456467 0.1731039136648178
Car 0.0 0 2.4334774017333984 0.0 197.51165771484375 120.53553771972656 253.2724609375 3.3386552 1.4374098 1.5892549 -16.616673 1.9900132 21.106426 1.7665406465530396 0.10983794927597046
