Pedestrian 0.0 0 1.4221395254135132 719.4066772460938 157.70179748535156 732.4317626953125 189.5695343017578 0.8249143 1.8057061 0.6196041 6.596644 0.9475018 41.29684 1.5805386304855347 0.7753073573112488
Pedestrian 0.0 0 -3.1756017208099365 701.1919555664062 158.7863311767578 712.8519897460938 183.44961547851562 0.7669558 1.6717185 0.6360409 6.591344 0.71854603 49.258686 -3.042581081390381 0.6971402168273926
Pedestrian 0.0 0 1.6040668487548828 858.1097412109375 130.38404846191406 889.2542724609375 206.75265502929688 0.58881116 1.7769752 0.6791335 6.2353196 0.78912544 17.18591 1.9521129131317139 0.6814727187156677
Pedestrian 0.0 0 0.765304684638977 1021.994873046875 120.85909271240234 1095.817138671875 231.4118194580078 0.94758236 1.7948552 0.54648554 7.5437293 0.9510608 12.238748 1.317681908607483 0.5916000604629517
Pedestrian 0.0 0 -2.300863742828369 760.5519409179688 146.79359436035156 788.1206665039062 187.38784790039062 0.89359486 1.6732919 0.71469945 6.856937 0.59944177 30.303135 -2.0783331394195557 0.565818727016449
Pedestrian 0.0 0 1.7814741134643555 742.4490966796875 148.0645751953125 761.0292358398438 187.1670684814453 0.76334566 1.7880156 0.70280737 6.5406246 0.6548424 33.47958 1.9744057655334473 0.49900949001312256
Pedestrian 0.0 0 0.7079371809959412 1060.0589599609375 90.59402465820312 1143.2445068359375 235.8193359375 0.6830128 1.764977 0.5451023 6.179966 0.7655989 9.168158 1.30104660987854 0.48865315318107605
Pedestrian 0.0 0 -1.1154017448425293 785.6668701171875 141.92816162109375 810.4238891601562 193.5049591064453 0.5917852 1.7593341 0.63655394 6.4826894 0.7047819 25.041397 -0.862084150314331 0.47524574398994446
Pedestrian 0.0 0 -3.080068349838257 690.6823120117188 162.64627075195312 703.1475830078125 185.53289794921875 0.9552807 1.806252 0.4724848 6.87422 1.0009983 57.26063 -2.9605886936187744 0.4119020402431488
Pedestrian 0.0 0 1.730007529258728 361.4736328125 134.21876525878906 389.7904052734375 190.41751098632812 0.88432455 1.7605504 0.7328658 -7.538549 0.55057395 23.094837 1.414494514465332 0.3474750518798828
Pedestrian 0.0 0 -1.0136082172393799 277.1866149902344 133.94891357421875 323.6409606933594 214.83526611328125 0.7861659 1.8240769 0.67627597 -7.208697 0.9470821 16.70789 -1.4209332466125488 0.342069536447525
Cyclist 0.0 0 -2.071681022644043 824.02490234375 134.26025390625 875.2160034179688 197.174560546875 1.937022 1.8369615 0.62801296 7.2535467 0.7104656 22.074125 -1.7541968822479248 0.6712363958358765
Cyclist 0.0 0 0.7700396776199341 996.2078857421875 95.98926544189453 1092.6669921875 199.41024780273438 1.5766904 1.7568786 0.52030486 7.7809825 0.45148593 13.083406 1.3065688610076904 0.5433579683303833
Cyclist 0.0 0 -2.1010940074920654 1015.1456909179688 103.00611114501953 1079.3487548828125 185.126220703125 1.6961243 1.8271011 0.49047408 10.156496 0.2734045 16.9015 -1.5599963665008545 0.3324376046657562
Cyclist 0.0 0 -2.299983263015747 762.2633666992188 143.99819946289062 787.6536865234375 185.85397338867188 0.8503777 1.7230145 0.62996 6.865282 0.53550863 30.224285 -2.0766284465789795 0.1380443423986435
Cyclist 0.0 0 1.2914600372314453 692.3529052734375 162.2361602783203 701.6422729492188 185.7052459716797 0.95719385 1.8452998 0.4856893 6.874298 1.0108105 57.24063 1.410982370376587 0.1344926506280899
Car 0.0 0 1.6235440969467163 513.1649780273438 189.15512084960938 554.391357421875 224.94224548339844 3.9877253 1.4661175 1.6930469 -3.5147564 2.268137 33.446156 1.5188413858413696 0.9081109762191772
Car 0.0 0 -1.477629542350769 673.1981811523438 164.9419403076172 694.7962036132812 182.90768432617188 4.1005745 1.6212556 1.6307744 6.9090934 0.90761787 67.27948 -1.375295877456665 0.43646514415740967
Car 0.0 0 -2.5470235347747803 478.2684326171875 164.6871337890625 526.6792602539062 183.7765655517578 3.7926698 1.5741227 1.6228077 -9.123151 0.9010369 61.045883 -2.695373058319092 0.4316578805446625
Car 0.0 0 -2.6111373901367188 376.45428466796875 151.23060607910156 468.87860107421875 184.98483276367188 4.404693 1.6967033 1.7289654 -9.810262 0.61013114 37.698036 -2.8657233715057373 0.4212181866168976
Car 0.0 0 -1.647727608680725 755.8446655273438 156.5709228515625 786.0586547851562 182.1053009033203 3.5986397 1.5918128 1.6369238 10.385857 0.5770838 46.874454 -1.4296826124191284 0.373807817697525
Car 0.0 0 -0.8996442556381226 690.8013916015625 160.35745239257812 742.7958374023438 182.68356323242188 3.779037 1.5085263 1.6090513 7.4907274 0.6645191 50.628914 -0.7527562975883484 0.32353490591049194
