Pedestrian 0.0 0 0.41611266136169434 504.9580383300781 153.70790100097656 526.51123046875 194.2144775390625 0.7664661 1.7700627 0.60652316 -4.208933 0.9337713 31.925909 0.2850341796875 0.4561173915863037
Pedestrian 0.0 0 1.4354333877563477 964.7506103515625 115.70985412597656 998.7771606445312 210.55026245117188 0.59514356 1.733015 0.48986283 6.9195414 0.68918014 13.543703 1.9077666997909546 0.4236612617969513
Pedestrian 0.0 0 -1.1219853162765503 440.39111328125 147.38339233398438 462.4981384277344 188.0221710205078 0.8476322 1.8060951 0.67412853 -7.1890917 0.6744716 32.55414 -1.339331865310669 0.42362847924232483
Pedestrian 0.0 0 1.168898105621338 931.9968872070312 120.74050903320312 973.9855346679688 197.05604553222656 0.8290388 1.803028 0.64344317 8.244766 0.57215476 17.471031 1.6098227500915527 0.40633833408355713
Pedestrian 0.0 0 -0.3274650573730469 996.6382446289062 120.635009765625 1052.75927734375 209.1328582763672 0.8672661 1.796362 0.59174967 8.566805 0.7367594 15.016107 0.19098663330078125 0.37523260712623596
Pedestrian 0.0 0 -1.9705805778503418 980.0499877929688 145.42466735839844 1009.0341796875 198.2864990234375 0.77614313 1.754345 0.60815793 12.928958 0.84439635 24.356539 -1.482581377029419 0.36389344930648804
Cyclist 0.0 0 1.8241404294967651 268.4691162109375 114.33980560302734 322.4163513183594 199.79763793945312 1.8239794 1.7588315 0.6489842 -6.9035463 0.5548924 15.799218 1.4121875762939453 0.5575522780418396
Cyclist 0.0 0 2.0322749614715576 929.7313842773438 137.94308471679688 956.5306396484375 177.86351013183594 1.2664107 1.8417001 0.64932877 15.632375 0.23146844 33.934788 2.4639577865600586 0.46904683113098145
Cyclist 0.0 0 -2.2804043292999268 1064.7615966796875 85.37712860107422 1192.8134765625 201.5799560546875 2.0150135 1.7589806 0.52601963 8.452532 0.43518716 11.947007 -1.664661169052124 0.38820698857307434
Cyclist 0.0 0 2.384506940841675 988.4884033203125 137.91172790527344 1026.1866455078125 177.8597869873047 1.531847 1.8380483 0.62474674 18.512476 0.23067889 33.69113 2.8869478702545166 0.36503225564956665
Cyclist 0.0 0 0.2594033181667328 404.7447509765625 135.0919189453125 448.17822265625 181.21861267089844 1.5486677 1.7812283 0.56978333 -7.196083 0.32336515 28.152117 0.00914764404296875 0.3603021502494812
Cyclist 0.0 0 -1.1219853162765503 440.39111328125 147.38339233398438 462.4981384277344 188.0221710205078 0.8476322 1.8060951 0.67412853 -7.1890917 0.6744716 32.55414 -1.339331865310669 0.16063252091407776
Car 0.0 0 -1.8807287216186523 740.5778198242188 189.205078125 994.5807495117188 351.31072998046875 3.8348556 1.4150293 1.6344584 2.6827583 1.6541005 8.60742 -1.5785913467407227 0.9715116024017334
Car 0.0 0 1.9363713264465332 145.98475646972656 180.9595489501953 437.7635192871094 348.5709228515625 4.1619625 1.4437449 1.6533083 -3.3833332 1.5631851 8.506159 1.5578052997589111 0.9520881772041321
Car 0.0 0 1.4099841117858887 669.8986206054688 180.19642639160156 759.365234375 244.07188415527344 4.0755124 1.4540135 1.659022 2.5756454 1.6682179 18.953466 1.5450499057769775 0.9511972069740295
Car 0.0 0 1.6984646320343018 441.4547424316406 177.6451873779297 521.7019653320312 237.97589111328125 3.8303006 1.4548322 1.670365 -3.4385695 1.5986965 19.657686 1.525294303894043 0.9170321226119995
Car 0.0 0 -1.7199655771255493 654.4071044921875 179.9539031982422 714.5743408203125 225.03976440429688 3.4546154 1.4071591 1.5475584 2.4494665 1.669301 24.837029 -1.621661901473999 0.6271252632141113
Car 0.0 0 1.8462409973144531 440.70281982421875 159.99110412597656 494.79156494140625 192.23117065429688 3.9094355 1.4512783 1.5304396 -6.7679763 0.872616 34.48772 1.6524604558944702 0.3855799436569214
Car 0.0 0 -1.1665705442428589 489.31689453125 165.7795867919922 521.671630859375 182.80743408203125 3.8497958 1.5369895 1.5978268 -9.713961 0.89878726 67.19141 -1.3101472854614258 0.38113901019096375
Car 0.0 0 -2.9081108570098877 593.2742309570312 168.58053588867188 644.7666015625 186.6739959716797 4.2096705 1.53936 1.6369791 0.77226275 1.1761389 62.69046 -2.8957927227020264 0.3718956708908081
