Pedestrian 0.0 0 0.2766629755496979 821.8491821289062 145.71363830566406 865.590087890625 228.7828369140625 0.76971155 1.7623999 0.6254976 5.0632257 1.1869466 15.779009 0.5871672630310059 0.2886768877506256
Pedestrian 0.0 0 -0.30708494782447815 852.497314453125 180.0748291015625 931.5474243164062 306.54376220703125 0.91766846 1.770852 0.6392473 4.027385 1.8796465 10.4863615 0.05960440635681152 0.21457533538341522
Car 0.0 0 1.8293458223342896 383.7850341796875 164.257080078125 512.7747192382812 256.0143127441406 4.4149566 1.7727678 1.7222795 -3.4841068 1.6070316 16.182621 1.617283582687378 0.9368592500686646
Car 0.0 0 2.011159896850586 0.0 200.34207153320312 368.2749938964844 375.0 4.267742 1.461444 1.65595 -3.153711 1.7452462 5.2301793 1.4685497283935547 0.9159603118896484
Car 0.0 0 -1.3313153982162476 649.0161743164062 168.22085571289062 694.0277099609375 198.94349670410156 3.1458662 1.461577 1.540738 3.0758746 1.241521 36.059654 -1.2462217807769775 0.8592420816421509
Car 0.0 0 1.803971529006958 258.5697937011719 159.6425323486328 447.0282287597656 308.2333679199219 4.064557 1.769748 1.6743281 -3.5909276 1.6127545 10.690786 1.479921817779541 0.6322972774505615
Car 0.0 0 2.6858909130096436 673.613037109375 171.7016143798828 728.3342895507812 190.23046875 4.137303 1.4769907 1.6395445 7.4064736 1.3854889 58.96028 2.810854434967041 0.32671061158180237
Car 0.0 0 1.5180861949920654 634.1342163085938 175.8130645751953 657.4292602539062 195.30474853515625 4.154359 1.3996539 1.5344334 2.643879 1.6321496 54.521336 1.5665408372879028 0.31329426169395447
Car 0.0 0 1.8451651334762573 626.48828125 176.72193908691406 665.4367065429688 200.3472137451172 3.8837411 1.4712895 1.5802338 2.3902144 1.7386355 47.709408 1.8952226638793945 0.25623980164527893
Car 0.0 0 1.2138216495513916 665.2003173828125 178.23826599121094 710.5478515625 202.7611083984375 3.7132578 1.3778495 1.5011879 4.5997863 1.7168593 43.394474 1.3194266557693481 0.2355143129825592
Car 0.0 0 -0.28246012330055237 726.6699829101562 165.51846313476562 847.6259765625 205.65408325195312 4.163263 1.469831 1.6045172 6.604863 1.2015493 27.316673 -0.04522453993558884 0.21555514633655548
