Pedestrian 0.0 0 1.1931288242340088 449.0168762207031 178.0930938720703 497.73870849609375 271.72265625 0.7117805 1.7072188 0.693442 -2.6488879 1.8105668 13.694652 1.002063274383545 0.6459190249443054
Pedestrian 0.0 0 -2.3467133045196533 349.1878967285156 125.22682189941406 443.7872619628906 299.80230712890625 0.64522433 1.6531267 0.6478364 -2.1987112 1.2024835 7.26887 -2.640446662902832 0.5845879316329956
Pedestrian 0.0 0 2.514864683151245 303.5531005859375 184.24444580078125 335.2490539550781 220.171142578125 1.4484998 1.842759 0.6616857 -15.451775 2.4601793 38.296314 2.1313624382019043 0.2555559575557709
Pedestrian 0.0 0 -0.8612715005874634 1051.8271484375 151.16107177734375 1072.7628173828125 188.0186309814453 0.82123655 1.9705619 0.55746496 24.38685 0.8111237 38.96198 -0.30201512575149536 0.21277908980846405
Pedestrian 0.0 0 -1.6514225006103516 682.0444946289062 168.0500946044922 693.7459106445312 197.080810546875 0.6193206 1.8326508 0.69112015 4.917342 1.5297476 45.865067 -1.5446172952651978 0.19534698128700256
Cyclist 0.0 0 2.5318312644958496 304.19610595703125 184.426513671875 334.4244079589844 220.0583038330078 1.3578769 1.8298771 0.65531623 -15.453635 2.4563186 38.285378 2.1481881141662598 0.1891941875219345
Car 0.0 0 2.034604072570801 103.67741394042969 192.5612030029297 325.0265808105469 298.9393005371094 4.2634335 1.4787718 1.7169981 -6.837506 1.8922492 12.973294 1.5495556592941284 0.9522104263305664
Car 0.0 0 2.53141450881958 435.1230773925781 180.67637634277344 593.3126220703125 236.85877990722656 4.632794 1.500257 1.749037 -2.878328 1.7640262 22.086872 2.4018263816833496 0.7882566452026367
Car 0.0 0 -1.71866774559021 643.2974243164062 153.016357421875 678.0179443359375 179.8214111328125 3.745034 1.6231302 1.6483704 3.127803 0.42225593 45.620655 -1.6502137184143066 0.2700183689594269
Car 0.0 0 0.06542909145355225 297.7244567871094 189.44383239746094 411.1788330078125 228.73529052734375 4.2492065 1.4633281 1.648207 -10.348699 2.170919 29.390133 -0.2731284201145172 0.25854504108428955
