Pedestrian 0.0 0 2.3410329818725586 1026.454345703125 80.29268646240234 1122.429931640625 242.7639617919922 0.7562174 1.7816063 0.5561303 5.2565546 0.7669675 8.267628 2.907360553741455 0.41804149746894836
Cyclist 0.0 0 -0.4258822798728943 771.1900634765625 126.70823669433594 822.8554077148438 183.1268768310547 1.5754727 1.8472545 0.56027925 6.180224 0.3367118 24.034203 -0.17419227957725525 0.4628467559814453
Cyclist 0.0 0 -0.1201164722442627 1027.449462890625 43.368431091308594 1204.6246337890625 190.1749725341797 1.7816396 1.731236 0.6443348 6.3171196 0.20461771 9.204094 0.4813814163208008 0.4611636698246002
Cyclist 0.0 0 -1.9230880737304688 920.94189453125 125.07633209228516 977.9441528320312 212.42694091796875 1.6399187 1.7902998 0.5803757 7.2692895 0.8114276 15.626795 -1.48768150806427 0.3829783797264099
Cyclist 0.0 0 -3.3047561645507812 921.7971801757812 145.4254608154297 959.7992553710938 176.3077392578125 1.9604486 1.8004093 0.65238774 19.49871 0.20170781 42.63448 -2.875810146331787 0.3546144366264343
Car 0.0 0 -1.5912635326385498 593.7847290039062 170.6947021484375 624.0033569335938 197.85870361328125 3.885074 1.4494449 1.6058714 -0.1374209 1.3345846 40.458958 -1.5946600437164307 0.792349636554718
Car 0.0 0 1.9022846221923828 401.33551025390625 179.17225646972656 438.9466857910156 200.89402770996094 3.5767095 1.4682046 1.5254415 -13.581986 1.9372232 51.67762 1.645275592803955 0.5784741044044495
Car 0.0 0 -1.2679075002670288 544.49560546875 160.6319122314453 582.5242309570312 185.00950622558594 3.9270637 1.6774063 1.6254317 -3.3172972 0.83677053 51.74585 -1.3319274187088013 0.4438525438308716
Car 0.0 0 1.8769947290420532 364.6158752441406 179.4956817626953 404.6564636230469 200.81985473632812 4.4268394 1.4538151 1.5336156 -16.454422 1.9604976 52.786636 1.574824571609497 0.4099835455417633
Car 0.0 0 3.5552074909210205 238.26065063476562 164.76756286621094 345.61004638671875 201.51454162597656 3.8898084 1.538254 1.651529 -13.65863 1.2001073 31.029125 3.1405436992645264 0.3948217034339905
Car 0.0 0 0.2689647078514099 95.19895935058594 157.09548950195312 213.79673767089844 194.9612274169922 3.9281201 1.5219709 1.6230011 -19.087423 0.88893306 30.342117 -0.29255855083465576 0.3731288015842438
Car 0.0 0 0.8445634841918945 197.45870971679688 167.1027374267578 263.5638122558594 191.02784729003906 3.7251365 1.4400628 1.550068 -23.59734 1.0942495 44.808155 0.35983920097351074 0.36218467354774475
Car 0.0 0 1.9838961362838745 391.8133850097656 181.83377075195312 429.732666015625 200.95013427734375 4.0460143 1.4706433 1.5243565 -16.431208 2.2390687 59.601147 1.7148921489715576 0.3507609963417053
