Pedestrian 0.0 0 2.5742597579956055 404.127685546875 155.57763671875 425.55523681640625 198.60781860351562 0.6622078 1.8193969 0.6119971 -8.413968 1.0892774 30.956043 2.3088674545288086 0.6620712280273438
Pedestrian 0.0 0 2.6031336784362793 742.4493408203125 135.1266326904297 776.9424438476562 192.92388916015625 0.93334025 1.8884283 0.62997794 4.9360595 0.65610766 24.023466 2.805781602859497 0.5737934708595276
Pedestrian 0.0 0 -0.4623895585536957 924.3267211914062 37.7453498840332 1093.7720947265625 304.15380859375 0.86330557 1.7754219 0.6271628 2.7446198 0.8753773 5.1316433 0.028741836547851562 0.5254405736923218
Pedestrian 0.0 0 -2.4548637866973877 410.1437072753906 153.78477478027344 426.1658020019531 185.7576904296875 0.5671262 1.8509605 0.7380996 -11.258356 0.7473724 42.221424 -2.7154510021209717 0.4281028211116791
Pedestrian 0.0 0 0.8050385117530823 162.58944702148438 129.4735107421875 207.58663940429688 198.89173889160156 0.7912895 1.8072603 0.67162853 -11.356589 0.67823416 19.211555 0.2711641788482666 0.4043337106704712
Pedestrian 0.0 0 -2.013949155807495 850.2130126953125 115.34384155273438 897.1886596679688 201.55685424804688 0.72339857 1.8266503 0.71642613 5.670473 0.60850346 15.67935 -1.6669315099716187 0.39106613397598267
Pedestrian 0.0 0 -1.1058406829833984 172.56979370117188 133.4390869140625 230.83816528320312 207.35458374023438 1.7086501 1.8274193 0.61573535 -10.599309 0.8533189 18.704695 -1.6213890314102173 0.11545228958129883
Cyclist 0.0 0 -1.604360580444336 238.81922912597656 134.3277130126953 263.3024597167969 198.0103759765625 1.8074968 1.8605224 0.6040867 -11.010833 0.73531485 22.015724 -2.0681161880493164 0.5982128381729126
Cyclist 0.0 0 0.7553147077560425 0.0 193.2810516357422 141.0671844482422 338.73187255859375 2.0481603 1.878456 0.5766842 -7.600298 2.167503 9.809228 0.09612274169921875 0.3908107578754425
Cyclist 0.0 0 0.22248069941997528 728.9505004882812 133.8466033935547 777.0601196289062 183.8308563232422 1.6677327 1.8329833 0.6627183 5.326663 0.4028929 27.097345 0.4165809154510498 0.3640459179878235
Cyclist 0.0 0 -2.308194637298584 649.967529296875 153.44921875 674.2715454101562 181.91998291015625 1.691255 1.7859194 0.55412626 3.289747 0.56905055 46.094067 -2.236945152282715 0.36398443579673767
Cyclist 0.0 0 -1.1058406829833984 172.56979370117188 133.4390869140625 230.83816528320312 207.35458374023438 1.7086501 1.8274193 0.61573535 -10.599309 0.8533189 18.704695 -1.6213890314102173 0.3123069107532501
Cyclist 0.0 0 1.8706104755401611 745.9258422851562 135.8070526123047 773.0332641601562 194.4435577392578 1.0199572 1.9091612 0.6138629 4.950639 0.70329785 24.084745 2.0733375549316406 0.10041284561157227
Car 0.0 0 1.8782386779785156 319.7645263671875 188.2506866455078 478.03094482421875 288.175048828125 4.2009454 1.5384109 1.6949339 -3.8890338 1.8806441 13.890197 1.605244755744934 0.963894248008728
Car 0.0 0 1.7236305475234985 433.4150085449219 185.0670928955078 513.7911376953125 245.39468383789062 4.2120147 1.4806288 1.6333227 -3.8418713 1.8674421 20.698586 1.5401086807250977 0.940240204334259
Car 0.0 0 -1.6167305707931519 605.0477294921875 178.55227661132812 647.7544555664062 218.24874877929688 3.1959171 1.4919876 1.5714697 0.5750946 1.73574 29.198725 -1.5970371961593628 0.8791697025299072
Car 0.0 0 1.7091379165649414 493.7503662109375 181.89053344726562 544.0097045898438 219.4685516357422 4.2206893 1.5312147 1.6816103 -4.076607 1.9657133 32.5403 1.5845085382461548 0.769866943359375
Car 0.0 0 -2.930095672607422 472.6374206542969 165.0828399658203 526.447265625 186.08436584472656 3.797302 1.5739945 1.6342115 -8.420666 0.9919288 55.002842 -3.0820112228393555 0.40790632367134094
Car 0.0 0 -1.4894181489944458 638.9647216796875 163.5740203857422 658.7452392578125 180.10804748535156 3.6253211 1.5223838 1.5830978 3.6851213 0.6682792 68.33629 -1.4355440139770508 0.3743143081665039
Car 0.0 0 -0.47603851556777954 714.783935546875 158.8260040283203 781.902587890625 183.86294555664062 3.8205104 1.5307047 1.6498699 8.66986 0.673421 45.443302 -0.2875199019908905 0.3349836766719818
