Car 0.0 0 -1.8209376335144043 696.5725708007812 177.50852966308594 824.1194458007812 261.4900817871094 4.029472 1.5249199 1.6669323 2.9829056 1.6378462 15.387286 -1.6294574737548828 0.9543807506561279
Car 0.0 0 2.079387903213501 118.88180541992188 196.67820739746094 332.6142272949219 312.7493896484375 3.4449394 1.5004786 1.5779309 -6.081115 1.947872 11.789036 1.6031582355499268 0.949633777141571
Car 0.0 0 1.9331151247024536 289.67474365234375 192.48770141601562 418.33355712890625 268.1552734375 3.9872394 1.4989765 1.5881686 -6.0307007 2.0263884 17.351519 1.598615288734436 0.9446109533309937
Car 0.0 0 1.794711947441101 399.963134765625 178.4938507080078 476.9856872558594 231.36422729492188 4.307267 1.6908119 1.7484549 -6.037249 1.9088967 25.692614 1.563918948173523 0.8857859969139099
Car 0.0 0 1.8148045539855957 523.6383056640625 180.73159790039062 554.7388916015625 200.49755859375 3.9789336 1.4910277 1.5823872 -5.693463 2.1492538 58.170242 1.717239499092102 0.5562213659286499
Car 0.0 0 -1.5643119812011719 634.9967041015625 176.5806427001953 653.5947265625 193.9597930908203 3.8567426 1.489016 1.6144835 3.0622513 1.8333673 64.63086 -1.516966700553894 0.5272215008735657
Car 0.0 0 1.6616876125335693 560.1875610351562 180.67027282714844 583.9248657226562 200.20066833496094 3.7754986 1.4859259 1.582614 -3.0620322 2.1391165 58.344894 1.6092541217803955 0.47337812185287476
Car 0.0 0 -1.2208201885223389 379.39874267578125 163.17413330078125 421.7716369628906 194.38345336914062 4.7228103 2.4285693 1.792355 -16.953903 1.6756828 58.561054 -1.5026237964630127 0.4386029541492462
Car 0.0 0 1.452114462852478 723.5010375976562 172.877197265625 749.0332641601562 191.99072265625 4.159068 1.4931241 1.5506095 10.173782 1.4954298 58.486053 1.6243433952331543 0.3935963809490204
Car 0.0 0 1.7531604766845703 443.4806823730469 180.88124084472656 498.3893737792969 219.1951141357422 4.2182484 1.560176 1.6806139 -6.200854 1.9443253 32.379936 1.5639482736587524 0.37011685967445374
Car 0.0 0 1.5884653329849243 490.62530517578125 183.97886657714844 519.9209594726562 211.98812866210938 4.126799 1.4955239 1.6210688 -6.147635 2.1824753 42.37929 1.4444079399108887 0.33070871233940125
