Pedestrian 0.0 0 1.2121095657348633 839.775390625 130.3828582763672 902.6036376953125 252.14569091796875 0.8823628 1.8058075 0.63978785 3.96322 1.1762958 11.144602 1.553780436515808 0.6945586204528809
Pedestrian 0.0 0 1.7201764583587646 478.6053466796875 167.89779663085938 501.2906188964844 220.1668243408203 0.98245925 1.7792864 0.63993394 -4.2060423 1.6109308 25.05564 1.553858995437622 0.4957354962825775
Pedestrian 0.0 0 -1.6853654384613037 773.8489990234375 156.07424926757812 811.8799438476562 243.46334838867188 0.61868995 1.7820625 0.70124316 3.7583458 1.440243 15.063218 -1.4408528804779053 0.46785205602645874
Cyclist 0.0 0 1.7265284061431885 478.0569763183594 167.66839599609375 501.3716125488281 220.07472229003906 1.0077189 1.7843335 0.6526718 -4.216416 1.6081315 25.071589 1.5599124431610107 0.11891868710517883
Cyclist 0.0 0 1.2131450176239014 838.7590942382812 129.90786743164062 903.3915405273438 253.808349609375 0.9310366 1.8315223 0.6489456 3.9559362 1.1970415 11.133906 1.554538369178772 0.10094087570905685
Car 0.0 0 -1.5316404104232788 547.4050903320312 179.15748596191406 592.953857421875 220.19680786132812 3.8943462 1.4412285 1.607181 -1.5207384 1.702444 27.897484 -1.5860981941223145 0.9268165230751038
Car 0.0 0 -1.4113954305648804 490.4939880371094 183.96275329589844 579.376708984375 247.37399291992188 4.467388 1.4242663 1.659137 -1.920062 1.7566224 19.28176 -1.5106474161148071 0.9151414036750793
Car 0.0 0 -1.6974765062332153 710.0679321289062 178.2064208984375 787.4711303710938 235.29244995117188 3.9048846 1.4241601 1.6365427 3.7632241 1.5904244 20.367231 -1.5147684812545776 0.8619186878204346
Car 0.0 0 -2.2616710662841797 910.4909057617188 149.24330139160156 1242.0 375.0 3.800854 1.4915249 1.5566915 3.4061663 1.4103198 4.4154506 -1.6046016216278076 0.8319176435470581
Car 0.0 0 -1.5698212385177612 690.7437133789062 171.02783203125 730.1170654296875 208.11355590820312 3.9463587 1.5643748 1.6510133 4.4792256 1.4876996 32.50157 -1.432868242263794 0.7905502915382385
Car 0.0 0 1.7208497524261475 672.50830078125 169.9266815185547 703.3060302734375 191.57579040527344 4.1038866 1.4324942 1.5236224 5.399064 1.2391548 49.918835 1.8285877704620361 0.4726088047027588
