Pedestrian 0.0 0 1.1524553298950195 635.6903686523438 160.1319122314453 645.0641479492188 180.15567016601562 0.8489389 1.7991745 0.5499488 2.7284768 0.6564278 65.32467 1.1941989660263062 0.5969076156616211
Pedestrian 0.0 0 -0.006557777523994446 687.9069213867188 157.60145568847656 699.5208129882812 181.30801391601562 0.8705868 1.7875062 0.5187692 6.318702 0.63780147 54.707115 0.10843324661254883 0.31771326065063477
Pedestrian 0.0 0 -0.632493793964386 915.6654052734375 131.38148498535156 953.0091552734375 193.1669921875 0.7515108 1.7741574 0.66045994 9.440688 0.5836412 21.117983 -0.21209998428821564 0.3081211447715759
Pedestrian 0.0 0 2.0131373405456543 222.1349334716797 168.8468017578125 250.3382110595703 207.680419921875 1.5098413 1.764145 0.5747249 -17.400036 1.5824622 33.540306 1.5345789194107056 0.2390490025281906
Cyclist 0.0 0 2.037747621536255 220.84136962890625 168.37142944335938 252.92056274414062 206.62954711914062 1.812206 1.7337817 0.57459265 -17.398264 1.5309988 33.60506 1.5600188970565796 0.5585486888885498
Cyclist 0.0 0 -1.7984930276870728 843.9395141601562 133.99095153808594 871.976318359375 182.4918975830078 1.6674458 1.7423471 0.61981606 9.143231 0.34658995 26.77855 -1.4694654941558838 0.29310548305511475
Cyclist 0.0 0 -1.988041639328003 917.3041381835938 131.1649627685547 951.6365356445312 191.99627685546875 0.789759 1.7481132 0.6514044 9.446001 0.5504507 21.12804 -1.5676156282424927 0.10697975009679794
Cyclist 0.0 0 1.1867526769638062 635.7826538085938 159.58346557617188 644.8544921875 179.91781616210938 0.8465758 1.8271534 0.5423325 2.7229865 0.63508123 65.321106 1.22841477394104 0.10633184760808945
Car 0.0 0 -1.6302392482757568 558.8140258789062 178.53945922851562 724.8765258789062 338.4328918457031 4.3848057 1.617282 1.728368 0.19257216 1.7114556 9.678504 -1.6103450059890747 0.8318813443183899
Car 0.0 0 1.4726489782333374 719.562744140625 166.2554473876953 749.2356567382812 188.55023193359375 4.4136596 1.5479764 1.6890602 8.952813 1.0901818 52.35651 1.6420080661773682 0.5494889616966248
Car 0.0 0 1.5095582008361816 586.1109008789062 170.99620056152344 643.2952880859375 223.01235961914062 3.7377334 1.4605391 1.5095037 0.026073484 1.4087325 22.1678 1.5107344388961792 0.4756140112876892
Car 0.0 0 1.8631260395050049 293.22796630859375 172.66036987304688 330.0083312988281 191.271240234375 4.4262114 1.509053 1.6591561 -25.103315 1.4937103 60.787163 1.471488356590271 0.4490215480327606
Car 0.0 0 1.2915233373641968 700.8760375976562 166.88088989257812 736.0001831054688 188.10491943359375 4.374839 1.659856 1.678093 8.74888 1.1930778 58.70461 1.4394667148590088 0.40499645471572876
Car 0.0 0 -2.3233234882354736 121.05219268798828 169.82070922851562 177.86790466308594 190.89944458007812 3.3706033 1.516083 1.6747954 -33.920113 1.2982719 53.12201 -2.891594648361206 0.3917982876300812
Car 0.0 0 -1.6985160112380981 676.6253051757812 163.82247924804688 704.6571655273438 185.4631805419922 4.0687118 1.6380843 1.6765226 6.2686167 0.95480466 56.662502 -1.588333249092102 0.3612478971481323
Car 0.0 0 -2.4561946392059326 180.25537109375 166.7870330810547 241.62411499023438 188.63258361816406 3.6051056 1.4982748 1.5368184 -27.976652 1.0825303 50.562557 -2.961573839187622 0.3531704246997833
