Pedestrian 0.0 0 1.8287769556045532 731.1683349609375 149.73590087890625 750.2804565429688 189.998779296875 0.66372406 1.7748529 0.695039 5.8055263 0.75612795 32.251396 2.006878137588501 0.7428661584854126
Pedestrian 0.0 0 -0.051493823528289795 709.9571533203125 157.64146423339844 723.971435546875 188.92530822753906 0.7383098 1.7221639 0.6093495 5.8998165 0.8850775 40.05586 0.09474444389343262 0.6478713750839233
Pedestrian 0.0 0 -0.04390808939933777 680.632080078125 160.72718811035156 692.40185546875 183.98831176757812 0.8921034 1.8062929 0.48940435 5.942884 0.8649686 56.298283 0.061263084411621094 0.6213763356208801
Pedestrian 0.0 0 0.4622434377670288 772.72314453125 141.1309814453125 797.137451171875 194.43478393554688 0.58581465 1.7602997 0.6137108 5.8352704 0.7130393 24.248594 0.6983969211578369 0.5955201983451843
Pedestrian 0.0 0 -0.18031489849090576 670.8026733398438 161.73948669433594 681.9129638671875 182.1389923095703 0.9205146 1.8106692 0.4468628 5.892205 0.8244982 64.30467 -0.08894055336713791 0.41949349641799927
Pedestrian 0.0 0 -3.6818783283233643 1035.9595947265625 124.48028564453125 1081.040283203125 185.22959899902344 0.98872834 1.8306692 0.62695336 13.6582365 0.37329435 22.061058 -3.1275253295898438 0.291829377412796
Pedestrian 0.0 0 -0.0018562600016593933 692.3058471679688 160.4969024658203 705.87646484375 187.37686157226562 0.9017809 1.7978563 0.5202436 5.965902 0.9717137 48.569435 0.12036395072937012 0.2502554655075073
Pedestrian 0.0 0 2.266195774078369 1208.5380859375 120.09273529052734 1242.0 184.35691833496094 0.7639858 1.8519936 0.6363771 18.15221 0.3318542 21.167955 2.9750466346740723 0.24303320050239563
Pedestrian 0.0 0 -1.712690830230713 786.6860961914062 140.56790161132812 808.6497192382812 187.29415893554688 1.5926498 1.7427745 0.5940987 7.158486 0.5389401 27.73311 -1.460084080696106 0.1437177062034607
Cyclist 0.0 0 1.970440149307251 362.96722412109375 133.36289978027344 409.3453063964844 196.0305938720703 1.987642 1.8574731 0.65610063 -6.966956 0.68731314 22.40486 1.6689612865447998 0.3950202167034149
Cyclist 0.0 0 -1.7247979640960693 785.8339233398438 136.93162536621094 807.6261596679688 184.19520568847656 1.5978445 1.7714834 0.57277894 7.156545 0.42543715 27.864157 -1.4733948707580566 0.38836947083473206
Cyclist 0.0 0 -1.0852611064910889 0.0 120.48348999023438 29.696762084960938 189.5072784423828 1.5272673 1.7863361 0.5273882 -16.450354 0.43134475 19.473053 -1.7867141962051392 0.29951781034469604
Cyclist 0.0 0 -1.0254136323928833 457.533935546875 149.7898712158203 483.34869384765625 184.0661163330078 1.674288 1.7973961 0.57681215 -7.513412 0.5883052 38.718864 -1.217081904411316 0.29388228058815
Cyclist 0.0 0 0.03225427865982056 736.5191650390625 147.14137268066406 768.9022216796875 181.11875915527344 1.5983982 1.70772 0.7207073 7.244156 0.41574895 36.792824 0.22665810585021973 0.2831296920776367
Cyclist 0.0 0 -3.6818783283233643 1035.9595947265625 124.48028564453125 1081.040283203125 185.22959899902344 0.98872834 1.8306692 0.62695336 13.6582365 0.37329435 22.061058 -3.1275253295898438 0.1569821685552597
Car 0.0 0 1.916367530822754 490.0480041503906 165.2365264892578 521.3175659179688 183.8329620361328 3.7398586 1.6198092 1.6109021 -9.35865 0.9566594 64.83913 1.7730209827423096 0.519836962223053
Car 0.0 0 1.6783570051193237 477.63275146484375 159.2890625 505.91973876953125 184.35650634765625 3.894085 1.7326034 1.5991825 -8.486268 0.7953841 51.856087 1.5161445140838623 0.33648523688316345
Car 0.0 0 1.854097604751587 477.8067626953125 163.7900848388672 512.8104248046875 186.29005432128906 3.975648 1.6869738 1.6468403 -8.909324 1.0077491 56.171383 1.696798324584961 0.3328676223754883
Car 0.0 0 1.3671603202819824 662.1151123046875 164.10537719726562 689.7238159179688 183.62905883789062 4.2131867 1.7288592 1.6953748 5.979582 0.95451045 66.07976 1.4574048519134521 0.3180905282497406
Car 0.0 0 -1.8674286603927612 666.412353515625 166.180419921875 701.0908813476562 187.42578125 3.9973962 1.6506562 1.6809114 5.879742 1.1325097 58.181107 -1.7667113542556763 0.2982504665851593
Car 0.0 0 1.9330509901046753 440.0089416503906 154.95623779296875 493.5416259765625 184.919189453125 3.7900414 1.5709181 1.6639115 -7.878789 0.6329203 39.833473 1.7377783060073853 0.24770286679267883
Car 0.0 0 -1.5433355569839478 588.2339477539062 179.89617919921875 612.35205078125 202.8294219970703 3.9592528 1.6144329 1.6990336 -0.7205701 2.1613495 54.005886 -1.556677222251892 0.2425420582294464
