Pedestrian 0.0 0 -0.9668400287628174 749.21826171875 148.09622192382812 774.0691528320312 195.42742919921875 0.87174064 1.8390799 0.56809723 5.95782 0.8774611 28.53928 -0.7610371112823486 0.38369861245155334
Pedestrian 0.0 0 2.3008787631988525 752.8909912109375 140.9098358154297 781.3613891601562 189.27206420898438 0.9208617 1.8133235 0.6028118 5.960909 0.615947 27.565403 2.513845682144165 0.37857234477996826
Cyclist 0.0 0 1.3381844758987427 722.8275756835938 149.19546508789062 743.1553344726562 186.82310485839844 1.765661 1.7756823 0.57587194 5.906791 0.65957296 34.94698 1.505623459815979 0.3589397072792053
Cyclist 0.0 0 1.145467758178711 704.0932006835938 144.89674377441406 724.6836547851562 179.2783203125 1.4699862 1.8224497 0.5419863 5.6013193 0.34088898 39.02491 1.288025975227356 0.3014645576477051
Car 0.0 0 -1.8629658222198486 775.267333984375 182.1513671875 1040.1622314453125 357.3349304199219 3.7587228 1.447393 1.5920732 2.9288785 1.5766896 8.083164 -1.515337586402893 0.9469850063323975
Car 0.0 0 1.573767066001892 551.9759521484375 183.34295654296875 574.3856811523438 204.8728485107422 4.1212654 1.5989048 1.7262144 -3.7669234 2.469464 57.748318 1.508629322052002 0.6549802422523499
Car 0.0 0 -3.1659183502197266 630.88037109375 174.85528564453125 697.4075927734375 209.56153869628906 2.893768 1.5050701 1.6466646 2.357094 1.5974525 32.28296 -3.093034029006958 0.6388691663742065
Car 0.0 0 1.6203891038894653 619.701904296875 183.4895782470703 638.7044677734375 200.89474487304688 3.9169176 1.5098722 1.575339 1.7909207 2.5284479 67.06226 1.6470880508422852 0.5029762983322144
Car 0.0 0 1.7149485349655151 528.8094482421875 184.58697509765625 553.2784423828125 202.87945556640625 4.117768 1.5379093 1.6365013 -6.2404404 2.6366143 65.445335 1.6198824644088745 0.36548158526420593
Car 0.0 0 -1.5988726615905762 638.9219360351562 182.5976104736328 672.1000366210938 213.8321075439453 3.9109535 1.5472772 1.6684011 2.375873 2.1005301 38.958645 -1.537963628768921 0.29398366808891296
Car 0.0 0 2.1411328315734863 0.0 0.0 374.9949035644531 375.0 4.1778183 1.6323353 1.6880077 -3.0167315 0.8372355 4.5136666 1.5519623756408691 0.2784511148929596
