Car 0.0 0 -1.8425683975219727 717.4442749023438 175.9627227783203 920.264404296875 325.27276611328125 4.0210714 1.7306273 1.7094603 2.6983023 1.7848469 10.4717655 -1.5903801918029785 0.9684134125709534
Car 0.0 0 3.6149699687957764 17.283353805541992 191.17796325683594 340.1571350097656 306.2009582519531 3.794829 1.5098604 1.5664196 -6.2152405 1.8029796 10.638221 3.086221694946289 0.9537439346313477
Car 0.0 0 -1.759887933731079 683.2381591796875 183.19102478027344 790.3182373046875 258.2215576171875 4.03835 1.4394625 1.6287187 2.6915557 1.7046509 16.442457 -1.597631573677063 0.9434311985969543
Car 0.0 0 0.6973744630813599 0.0 198.22210693359375 263.9648132324219 348.07501220703125 3.8822072 1.4506254 1.5301697 -6.24557 1.7659922 8.112436 0.04127359390258789 0.933374285697937
Car 0.0 0 -1.6160144805908203 642.7037353515625 177.68869018554688 672.69482421875 205.89805603027344 3.3680558 1.4487414 1.4727085 2.5292716 1.7240436 39.332718 -1.5517983436584473 0.922874391078949
Car 0.0 0 -1.706658959388733 657.2028198242188 175.28184509277344 717.4179077148438 225.3508758544922 3.572738 1.6384817 1.6383536 2.6254647 1.7310815 25.597916 -1.6044508218765259 0.8739739060401917
Car 0.0 0 0.36397063732147217 363.8970642089844 181.613037109375 491.3409118652344 233.52537536621094 3.8223631 1.6449432 1.6296936 -6.1210837 1.9521226 24.24042 0.11662578582763672 0.8617966771125793
Car 0.0 0 3.5638465881347656 101.61808013916016 190.073486328125 373.1593322753906 278.8927001953125 4.0986433 1.4604788 1.5543014 -6.640697 1.793784 13.074566 3.0938913822174072 0.774403989315033
Car 0.0 0 0.8951419591903687 0.0 216.72047424316406 126.66586303710938 375.0 4.0851297 1.492067 1.6021128 -6.4201093 1.8936443 5.694697 0.04993700981140137 0.7234243154525757
Car 0.0 0 3.3075642585754395 383.09906005859375 172.54159545898438 488.31201171875 216.40292358398438 3.9245634 1.7183797 1.6493714 -7.0323744 1.7064987 29.225573 3.0714292526245117 0.7224287390708923
Car 0.0 0 3.269040822982788 425.91802978515625 183.34303283691406 518.9265747070312 215.52259826660156 4.1981697 1.4704119 1.652935 -6.5636077 1.9867387 34.53905 3.0812456607818604 0.6808028221130371
