Pedestrian 0.0 0 -1.88716459274292 920.29052734375 127.97582244873047 955.189208984375 194.2929229736328 0.7901984 1.7466927 0.6397932 8.767888 0.565027 19.428627 -1.4632408618927002 0.4126107692718506
Pedestrian 0.0 0 -2.588348388671875 1195.10693359375 116.27680969238281 1242.0 226.16368103027344 0.70531696 1.7340193 0.5926105 10.114927 0.84158677 11.809262 -1.8800785541534424 0.37382325530052185
Pedestrian 0.0 0 -1.3926974534988403 853.778564453125 133.4459228515625 880.2235717773438 188.2863006591797 0.6798879 1.8443786 0.7467112 8.771771 0.5193733 24.744177 -1.052020788192749 0.3676135838031769
Pedestrian 0.0 0 0.6963986158370972 910.2288208007812 133.6619110107422 945.0545043945312 181.28123474121094 1.1467221 1.8082303 0.55791545 12.290254 0.32036173 28.03353 1.109574794769287 0.2792304754257202
Cyclist 0.0 0 -1.4363692998886108 966.3804321289062 128.53192138671875 996.6465454101562 186.25608825683594 2.007766 1.8010072 0.61596704 12.074092 0.4185061 23.50902 -0.9619057178497314 0.4691999852657318
Cyclist 0.0 0 0.6963986158370972 910.2288208007812 133.6619110107422 945.0545043945312 181.28123474121094 1.1467221 1.8082303 0.55791545 12.290254 0.32036173 28.03353 1.109574794769287 0.3472389280796051
Cyclist 0.0 0 0.9115195870399475 999.1082153320312 121.67485809326172 1057.65087890625 184.0406494140625 1.6321065 1.7821693 0.6377231 12.371811 0.3200285 21.467815 1.4343271255493164 0.33649253845214844
Cyclist 0.0 0 -1.88716459274292 920.29052734375 127.97582244873047 955.189208984375 194.2929229736328 0.7901984 1.7466927 0.6397932 8.767888 0.565027 19.428627 -1.4632408618927002 0.11709089577198029
Car 0.0 0 1.699597954750061 409.5481262207031 182.86056518554688 438.851318359375 204.66859436035156 3.8229272 1.4819579 1.6026909 -13.598378 2.2430468 52.855564 1.447784662246704 0.6034188270568848
Car 0.0 0 -1.6136627197265625 647.6444702148438 164.85299682617188 686.0762329101562 200.20980834960938 3.6417406 1.5729575 1.6365404 2.586857 1.2173659 33.94413 -1.5376005172729492 0.5495741963386536
Car 0.0 0 1.443404197692871 858.0144653320312 156.77996826171875 902.4287719726562 185.89913940429688 4.2877746 1.4998468 1.7312607 14.667785 0.672276 39.445927 1.7994062900543213 0.5415372848510742
Car 0.0 0 -1.5512678623199463 845.3616333007812 144.32716369628906 889.206298828125 189.86996459960938 2.409286 1.5417517 1.4122823 9.171989 0.57639647 25.79976 -1.2096956968307495 0.41600361466407776
Car 0.0 0 1.934044599533081 2.304863691329956 158.60968017578125 64.67713165283203 186.50123596191406 4.0943894 1.6469532 1.6806185 -35.741665 0.8062063 44.808903 1.2607403993606567 0.3695046007633209
Car 0.0 0 2.706932306289673 59.9350700378418 164.7088165283203 135.46804809570312 187.38479614257812 3.9709477 1.511888 1.6326668 -35.62841 0.9691783 50.233597 2.090022087097168 0.3265669047832489
