Pedestrian 0.0 0 1.820495843887329 507.5773620605469 157.51576232910156 528.4337158203125 201.40673828125 0.97828263 1.873583 0.67936814 -3.9261158 0.6922814 31.209723 1.6953552961349487 0.23012392222881317
Car 0.0 0 -1.2487057447433472 278.6482849121094 187.12896728515625 432.7120361328125 278.9857177734375 3.5967674 1.4277763 1.5553298 -4.4331255 1.4684417 13.047446 -1.576237678527832 0.9631888270378113
Car 0.0 0 -1.3408753871917725 382.1446533203125 180.79812622070312 466.94708251953125 236.33360290527344 3.861279 1.478624 1.5635183 -5.302009 1.3621382 21.078926 -1.5872946977615356 0.9421024918556213
Car 0.0 0 -0.9330801963806152 0.0 191.4012908935547 199.44857788085938 304.70703125 4.0967984 1.437876 1.5949548 -8.480034 1.5547113 11.392624 -1.5729517936706543 0.9326766729354858
Car 0.0 0 -1.5735830068588257 575.2642211914062 175.20199584960938 611.927001953125 208.8128204345703 3.6404138 1.4909 1.6269873 -0.7061284 1.0478461 33.722034 -1.5945196151733398 0.886673629283905
Car 0.0 0 -1.1913222074508667 244.26194763183594 181.28041076660156 347.02685546875 235.7633056640625 3.461714 1.4507974 1.5625961 -8.989814 1.3471378 20.889534 -1.5977157354354858 0.7970879673957825
Car 0.0 0 2.4280452728271484 0.0 215.32582092285156 156.87135314941406 376.0 4.120266 1.4548969 1.5963166 -4.604722 1.7074528 3.933427 1.564185619354248 0.6588442325592041
Car 0.0 0 1.8624860048294067 248.64097595214844 179.4347381591797 282.44390869140625 199.7777862548828 4.106882 1.7609766 1.6222324 -30.607054 1.2616843 64.37595 1.4186768531799316 0.34666866064071655
Car 0.0 0 -1.1955710649490356 372.4997253417969 171.06851196289062 442.5243835449219 209.11044311523438 3.8782578 1.5286702 1.5864528 -8.5528 0.9613137 30.894281 -1.4656479358673096 0.2573685944080353
Car 0.0 0 1.48633873462677 509.9223937988281 171.2307586669922 538.8659057617188 195.0548858642578 3.8709795 1.5282166 1.5985365 -5.6429133 0.63227344 48.163895 1.3697097301483154 0.24624772369861603
