Pedestrian 0.0 0 1.2101149559020996 810.3663940429688 177.18130493164062 853.3001098632812 260.7805480957031 0.8577662 1.734984 0.6140012 4.6933713 1.8308036 15.466364 1.5047399997711182 0.27660974860191345
Pedestrian 0.0 0 -2.8350396156311035 653.5772705078125 172.9855194091797 664.1453857421875 195.72946166992188 0.70431167 1.783852 0.5346932 3.8339763 1.794664 56.970726 -2.767843723297119 0.14348196983337402
Pedestrian 0.0 0 2.9150755405426025 762.9813842773438 189.91864013671875 792.25048828125 249.36856079101562 0.69934255 1.6454362 0.5498154 4.686874 2.1348546 20.400852 3.1408960819244385 0.11346548050642014
Pedestrian 0.0 0 -0.6177108287811279 178.32138061523438 174.57162475585938 198.00613403320312 205.2084197998047 0.737425 1.7942493 0.70235145 -25.048384 1.897615 42.78854 -1.1473253965377808 0.10136375576257706
Cyclist 0.0 0 1.730589509010315 782.40283203125 163.32015991210938 797.1478271484375 197.24853515625 1.6132164 1.6857404 0.47880566 9.109617 1.2124071 36.68289 1.9739997386932373 0.1414172351360321
Cyclist 0.0 0 -1.575629711151123 867.6813354492188 145.17843627929688 881.4470825195312 193.9238739013672 1.6928251 1.6874182 0.44867983 9.427118 0.72973275 25.8471 -1.2258963584899902 0.10840731114149094
Cyclist 0.0 0 0.9941599369049072 842.2157592773438 143.91650390625 875.7340698242188 188.4637451171875 1.5640914 1.7116195 0.47453254 9.789232 0.60012466 28.536871 1.324619174003601 0.10124962031841278
Car 0.0 0 1.8520382642745972 415.63531494140625 181.82070922851562 448.4130554199219 201.21408081054688 3.7648225 1.528175 1.6930987 -14.914124 2.3046842 60.538486 1.6104905605316162 0.5215252637863159
Car 0.0 0 -1.7889196872711182 643.0387573242188 171.73507690429688 671.2792358398438 190.2934112548828 3.5456662 1.4628487 1.5591159 3.7836726 1.3750081 58.743347 -1.7245982885360718 0.12841224670410156
Car 0.0 0 -1.762184739112854 689.80810546875 181.633056640625 732.1134643554688 211.54869079589844 3.4065144 1.4233952 1.5249771 5.1047993 1.8963039 37.093197 -1.6254229545593262 0.1272328794002533
Car 0.0 0 2.2558794021606445 50.00380325317383 176.15963745117188 125.52777099609375 205.7913360595703 4.1721907 1.8102586 1.7030185 -33.71768 2.03429 46.68644 1.6303985118865967 0.11044162511825562
