Pedestrian 0.0 0 -1.7073750495910645 878.0016479492188 128.94656372070312 941.6519165039062 268.9769287109375 1.0203584 1.7895144 0.654712 4.0707088 1.1323644 9.608689 -1.3066495656967163 0.38868242502212524
Pedestrian 0.0 0 -0.7362768054008484 0.0 182.1394805908203 23.646697998046875 238.2128143310547 0.66458124 1.8089968 0.68716407 -19.728596 1.8652132 23.201088 -1.440962791442871 0.311757892370224
Pedestrian 0.0 0 1.4561214447021484 99.32643127441406 174.80410766601562 118.47083282470703 214.0536346435547 0.8241292 1.9530171 0.7016833 -25.08021 1.6710271 35.71815 0.8439407348632812 0.28765639662742615
Pedestrian 0.0 0 1.53801429271698 11.820076942443848 188.6221160888672 33.81090545654297 235.35877990722656 0.5661214 1.9066728 0.6883606 -24.260847 2.2513652 29.432547 0.8486390113830566 0.2631411552429199
Pedestrian 0.0 0 -0.3856249749660492 900.083984375 123.91017150878906 1026.629150390625 298.5834655761719 1.0417482 1.7933167 0.66471493 3.7831867 1.2140188 7.6245127 0.07496786117553711 0.262185275554657
Pedestrian 0.0 0 -1.3202788829803467 819.558837890625 141.42245483398438 836.33544921875 181.97488403320312 0.5167398 1.9280198 0.66243726 10.708333 0.07156776 34.005096 -1.0152056217193604 0.23751187324523926
Cyclist 0.0 0 2.006300210952759 413.2328186035156 173.34632873535156 436.3755798339844 203.98272705078125 1.94477 1.8040941 0.58919203 -10.858974 1.3842051 42.64131 1.756941795349121 0.7892389893531799
Car 0.0 0 -1.5282390117645264 542.1187744140625 169.84652709960938 566.4732055664062 190.88601684570312 3.8427958 1.4464622 1.5769538 -3.5865471 0.7153441 50.547493 -1.5990742444992065 0.6878052353858948
Car 0.0 0 -0.44013750553131104 835.33203125 147.26133728027344 926.2584838867188 177.77337646484375 4.044773 1.518324 1.6158714 14.103206 -0.14222184 36.294853 -0.0695204883813858 0.6793840527534485
Car 0.0 0 1.7713422775268555 382.6346740722656 178.86134338378906 415.54656982421875 200.78836059570312 3.7838354 1.5350881 1.5790812 -14.931668 1.421665 51.44499 1.4888585805892944 0.3815666735172272
Car 0.0 0 -2.6814897060394287 255.3298797607422 164.3828125 305.32293701171875 180.74563598632812 3.9575279 1.5137357 1.6089712 -30.380516 0.023873478 66.268524 -3.111344814300537 0.35930705070495605
Car 0.0 0 2.76196551322937 770.7747192382812 160.39129638671875 833.2575073242188 183.85769653320312 3.7310035 1.5533358 1.6280711 13.297799 0.22358263 47.808414 3.0332558155059814 0.35593491792678833
Car 0.0 0 2.0559418201446533 119.99855041503906 178.47679138183594 197.36264038085938 210.82470703125 3.687953 1.4384302 1.542396 -20.957706 1.3499296 33.333023 1.4946597814559937 0.2507402002811432
