Pedestrian 0.0 0 -1.434819221496582 553.715087890625 167.26014709472656 569.7330322265625 208.64697265625 0.7416812 1.9399463 0.6645196 -2.3242288 1.6781012 34.210876 -1.5026532411575317 0.4844963848590851
Pedestrian 0.0 0 -0.540847897529602 561.3507080078125 153.16326904296875 584.0484008789062 194.12681579589844 0.835018 1.8814802 0.6623839 -1.7794405 0.9774308 33.646 -0.5936858057975769 0.3305375874042511
Pedestrian 0.0 0 -1.471714735031128 281.5592346191406 154.93951416015625 302.2188720703125 200.9855194091797 0.71122885 1.944873 0.7447696 -13.670866 1.1885664 30.927286 -1.887923240661621 0.2625481188297272
Cyclist 0.0 0 2.9515018463134766 310.5221252441406 176.742919921875 343.70599365234375 207.1818389892578 1.7822027 1.8017162 0.6272352 -17.137735 2.0412793 43.637035 2.577275037765503 0.37434121966362
Cyclist 0.0 0 0.3202211558818817 333.1207580566406 167.2074737548828 364.1854553222656 199.26576232910156 1.6090878 1.8520279 0.54768217 -15.233281 1.5261822 41.977104 -0.027894901111721992 0.19159245491027832
Car 0.0 0 1.7728159427642822 251.7487030029297 192.88543701171875 367.7381591796875 282.4000244140625 3.6654828 1.5527683 1.5547186 -6.274238 2.0327702 15.329066 1.3843152523040771 0.9456427693367004
Car 0.0 0 1.8791706562042236 0.0 188.17185974121094 273.10699462890625 367.5725402832031 3.8573656 1.5500264 1.6250092 -5.37625 1.778078 8.653643 1.3232580423355103 0.9220654964447021
Car 0.0 0 1.6541467905044556 377.8192138671875 191.10818481445312 418.62420654296875 225.72352600097656 3.385614 1.4719142 1.5923543 -10.089071 2.3889759 34.41401 1.3689700365066528 0.8943811058998108
Car 0.0 0 -0.29279810190200806 334.6261291503906 189.30604553222656 391.3148498535156 210.0576934814453 3.8521771 1.4769431 1.6398262 -19.173424 2.7945318 55.97762 -0.6227932572364807 0.35665157437324524
Car 0.0 0 1.887239694595337 412.6968078613281 188.78887939453125 445.0935974121094 208.64524841308594 3.949226 1.6265465 1.6587079 -16.139174 3.0937066 64.38632 1.6416385173797607 0.2646256685256958
