Pedestrian 0.0 0 -3.159177303314209 681.8846435546875 162.63963317871094 692.7348022460938 188.65420532226562 0.7670765 1.8660113 0.6507348 5.5530367 1.1336977 52.11079 -3.05301570892334 0.536020815372467
Pedestrian 0.0 0 1.3994418382644653 772.76708984375 134.8839569091797 792.6983642578125 182.140625 0.7565837 1.7757765 0.6175494 6.537263 0.34932375 27.507359 1.6327683925628662 0.5119103789329529
Pedestrian 0.0 0 -0.04365319013595581 960.3567504882812 120.53230285644531 1023.85546875 242.76039123535156 0.8468237 1.828112 0.525906 5.8648825 1.045917 11.206821 0.43848490715026855 0.4974898397922516
Pedestrian 0.0 0 0.9809033274650574 1047.2762451171875 103.47992706298828 1122.00146484375 227.69662475585938 0.76276314 1.7281953 0.57242304 6.7837634 0.76336926 10.420848 1.557967185974121 0.4737050533294678
Pedestrian 0.0 0 -3.785696029663086 1161.1356201171875 89.20684051513672 1232.94091796875 203.32217407226562 0.65715545 1.7290411 0.5674713 9.067097 0.46200255 11.224947 -3.1062395572662354 0.4690967798233032
Cyclist 0.0 0 1.4756178855895996 670.179931640625 158.31590270996094 687.538330078125 205.6882781982422 1.7733904 1.8724885 0.5340547 2.7539136 1.2981989 29.404663 1.5690011978149414 0.9007142782211304
Car 0.0 0 1.735252022743225 696.6834106445312 156.32537841796875 731.2098388671875 183.0943145751953 3.5150843 1.5710961 1.5430301 6.377367 0.6013723 44.253677 1.8783760070800781 0.7394381165504456
Car 0.0 0 -1.58076810836792 587.041748046875 177.56594848632812 612.7359008789062 201.16738891601562 3.9809568 1.4770072 1.6372536 -0.72566366 1.8037444 47.96508 -1.5958960056304932 0.6194518208503723
Car 0.0 0 1.6698752641677856 722.9749145507812 154.81236267089844 764.0521240234375 187.88404846191406 3.696553 1.4839877 1.5673467 6.365319 0.67478406 34.367393 1.8530138731002808 0.44877973198890686
Car 0.0 0 -0.21547886729240417 739.878173828125 160.05804443359375 829.4168701171875 195.1668701171875 3.539952 1.4899426 1.5389134 7.5156302 0.9472673 31.42122 0.019299745559692383 0.4105358123779297
Car 0.0 0 0.26670020818710327 90.75012969970703 163.9558563232422 160.1687774658203 185.29100036621094 4.1834598 1.6123027 1.6569805 -37.547455 0.9402251 55.975586 -0.324146568775177 0.3680022358894348
Car 0.0 0 1.9607526063919067 750.8069458007812 156.33291625976562 795.2288818359375 179.980712890625 3.7920039 1.5354979 1.6153555 11.04398 0.46310973 48.863914 2.183032989501953 0.35906922817230225
Car 0.0 0 -2.0207693576812744 642.5164184570312 165.75770568847656 675.6611328125 182.71470642089844 3.895887 1.5777919 1.6384296 4.65927 0.91786283 69.24688 -1.9535857439041138 0.34939059615135193
Car 0.0 0 -3.1562488079071045 1142.8604736328125 151.3160858154297 1226.9716796875 174.54827880859375 4.0651255 1.3959472 1.5672146 35.906723 0.10216123 45.21345 -2.485078811645508 0.34792962670326233
Car 0.0 0 0.17524662613868713 918.6155395507812 155.24948120117188 984.00439453125 176.28807067871094 4.0595913 1.4683466 1.5910048 24.631361 0.24003223 52.17791 0.6162974834442139 0.3358299136161804
