Pedestrian 0.0 0 -0.6004963517189026 141.80799865722656 161.436767578125 164.2982635498047 203.3743133544922 0.59104013 1.9594202 0.7272794 -21.64937 1.426338 34.124058 -1.165848970413208 0.23112311959266663
Car 0.0 0 1.9572540521621704 252.4360809326172 194.0681610107422 330.4419250488281 234.809326171875 3.7131674 1.4277215 1.5953507 -12.796654 2.3394277 29.116201 1.543163776397705 0.9358007907867432
Car 0.0 0 -1.5612624883651733 601.66015625 180.92906188964844 631.421630859375 207.5594482421875 4.0794163 1.4583199 1.6817961 0.3715042 1.9608155 42.810513 -1.5525848865509033 0.841360330581665
Car 0.0 0 1.3955787420272827 770.7584838867188 180.2042694091797 797.444580078125 200.79949951171875 4.2393575 1.6976314 1.5501999 15.183992 2.3636487 63.178898 1.6314388513565063 0.3738996982574463
Car 0.0 0 1.6723121404647827 625.6473999023438 183.6815185546875 653.9984741210938 207.80142211914062 3.824898 1.511361 1.5463403 2.0309508 2.2772794 49.01052 1.7137274742126465 0.34549301862716675
Car 0.0 0 1.5885251760482788 578.2568969726562 185.24179077148438 602.4845581054688 211.3459014892578 4.0186954 1.65869 1.6019543 -1.3497978 2.548298 49.775623 1.561414122581482 0.2624451816082001
Car 0.0 0 2.1619186401367188 47.1539421081543 212.2375030517578 161.07533264160156 261.4748229980469 3.4275105 1.3994651 1.5883075 -17.436073 2.858684 24.99705 1.552855372428894 0.23793081939220428
Car 0.0 0 -0.15664979815483093 695.8584594726562 181.99327087402344 779.1699829101562 212.71444702148438 3.8715694 1.4707319 1.6173086 6.2547774 1.9362106 35.878704 0.01594686508178711 0.2247372269630432
Car 0.0 0 1.823137879371643 229.14273071289062 191.96559143066406 273.2823486328125 218.8622283935547 3.7248237 1.4896191 1.5725824 -22.232174 2.728298 44.763874 1.3621703386306763 0.20031818747520447
Car 0.0 0 1.4752516746520996 671.6548461914062 176.25048828125 699.8287963867188 200.35243225097656 3.7794132 1.5521952 1.5381664 5.0659494 1.7916535 48.895065 1.5784919261932373 0.1779608279466629
