Pedestrian 0.0 0 0.7025942206382751 1207.8173828125 124.70136260986328 1242.0 195.28436279296875 0.77439153 1.866179 0.6371564 16.76745 0.59340554 19.506891 1.412615418434143 0.5122197270393372
Pedestrian 0.0 0 -3.8105859756469727 1210.2371826171875 101.73995971679688 1242.0 175.26551818847656 0.80691814 1.7922146 0.5722454 15.477971 0.05913979 17.888721 -3.0973126888275146 0.36198559403419495
Pedestrian 0.0 0 0.5928351283073425 370.953857421875 165.9584503173828 383.5899353027344 186.478515625 1.0055436 1.8365954 0.44442764 -20.96304 1.2197845 64.92935 0.28054070472717285 0.35529232025146484
Pedestrian 0.0 0 3.32889461517334 375.7441711425781 166.37423706054688 387.2440185546875 187.9334716796875 0.8272895 1.7784699 0.5193361 -18.968126 1.2442968 59.825764 3.021864414215088 0.34252235293388367
Pedestrian 0.0 0 -2.3293304443359375 159.4608612060547 154.2381134033203 186.7865753173828 191.83755493164062 1.0217569 1.8270489 0.6157453 -21.52543 0.9228152 35.49033 -2.8745269775390625 0.32507625222206116
Pedestrian 0.0 0 -2.014604091644287 835.6548461914062 154.96800231933594 860.1591186523438 188.24681091308594 1.6328883 1.786139 0.6346048 13.000422 0.82652056 39.573524 -1.6971980333328247 0.129595085978508
Cyclist 0.0 0 2.3347792625427246 931.2388305664062 138.19851684570312 966.7598266601562 177.03590393066406 1.5673649 1.7771834 0.5705323 15.731184 0.19172025 33.562946 2.773080348968506 0.43380576372146606
Cyclist 0.0 0 -2.110800266265869 835.0784912109375 153.51132202148438 863.4326782226562 186.5332489013672 1.765749 1.7641873 0.65585554 13.04039 0.73116803 39.4785 -1.7917675971984863 0.3431503176689148
Cyclist 0.0 0 1.0471590757369995 948.5131225585938 135.87013244628906 988.1127319335938 179.30018615722656 1.7624592 1.757673 0.6876247 14.884119 0.2612439 30.100393 1.506382942199707 0.3407962918281555
Cyclist 0.0 0 -3.0351641178131104 598.1604614257812 164.64691162109375 619.8809814453125 188.02005004882812 1.6673145 1.84027 0.6061644 -0.09931687 1.1944484 57.195644 -3.036900520324707 0.3368007242679596
Cyclist 0.0 0 0.8758912682533264 1209.6304931640625 101.44364166259766 1242.0 176.45559692382812 0.9911132 1.8033195 0.5847208 15.482343 0.08694199 17.844557 1.5905276536941528 0.16903267800807953
Cyclist 0.0 0 -1.3315303325653076 162.42088317871094 153.95440673828125 182.749755859375 191.9114227294922 1.0135728 1.835725 0.63368475 -21.53567 0.92203677 35.471897 -1.87716805934906 0.14481879770755768
Car 0.0 0 -1.5155391693115234 583.8497924804688 182.35057067871094 618.865234375 212.11380004882812 3.8945274 1.4262329 1.624009 -0.4434093 1.9504362 37.817604 -1.5272635221481323 0.9236841797828674
Car 0.0 0 1.9656994342803955 270.4617919921875 180.0206756591797 329.8276672363281 210.72982788085938 3.7501528 1.4878663 1.5259061 -16.15767 1.8815744 37.71707 1.5609596967697144 0.9035383462905884
Car 0.0 0 -1.5308400392532349 532.6411743164062 179.42723083496094 560.63818359375 204.64674377441406 3.7455876 1.5122367 1.6382416 -4.0489783 1.950608 46.167862 -1.6183174848556519 0.8940547108650208
Car 0.0 0 -1.4736788272857666 485.93170166015625 160.8467559814453 517.10546875 186.41253662109375 3.7678728 1.5781031 1.6289889 -6.9753857 0.8372873 46.4594 -1.622705101966858 0.4629014730453491
Car 0.0 0 0.5083568096160889 881.4361572265625 157.5681610107422 961.2703247070312 185.7750244140625 3.8913937 1.5388616 1.6550854 17.777376 0.7052811 41.407806 0.9138844013214111 0.3911595046520233
Car 0.0 0 -1.2212978601455688 822.0833129882812 154.84661865234375 872.1881713867188 182.21160888671875 4.448048 1.7362136 1.7546555 15.809354 0.59406537 48.066257 -0.9035358428955078 0.33371058106422424
