Pedestrian 0.0 0 0.11521671712398529 700.307861328125 149.2383270263672 716.8640747070312 181.0727996826172 0.9376634 1.8908551 0.44140366 5.8683877 0.48852566 43.183987 0.25028204917907715 0.4804404675960541
Pedestrian 0.0 0 0.40140479803085327 232.02598571777344 162.61288452148438 250.58660888671875 192.731689453125 0.8324882 1.802644 0.5907152 -22.261559 1.19006 43.506416 -0.07154664397239685 0.3931308090686798
Pedestrian 0.0 0 1.814680576324463 106.32251739501953 159.49392700195312 134.8726348876953 210.47569274902344 0.9181326 1.9039757 0.7006783 -18.683779 1.4053854 27.495817 1.217836618423462 0.3202100694179535
Cyclist 0.0 0 0.9559084177017212 944.9213256835938 145.35206604003906 980.8644409179688 181.956787109375 1.9739783 1.8231559 0.6276336 18.017208 0.453736 36.95915 1.409497857093811 0.4848831295967102
Car 0.0 0 2.136721611022949 33.386810302734375 197.1844940185547 161.21597290039062 252.23834228515625 3.6713119 1.4792049 1.5810914 -16.16099 2.3153036 22.909956 1.5223716497421265 0.9607342481613159
Car 0.0 0 -1.2465713024139404 346.0531311035156 155.4591064453125 393.81561279296875 186.1071014404297 4.4729753 2.0205083 1.7968022 -16.527397 0.87408537 49.805447 -1.5669764280319214 0.7511519193649292
Car 0.0 0 -1.600605845451355 599.7275390625 174.44326782226562 630.126708984375 201.22976684570312 4.356147 1.5572952 1.7316521 0.22510165 1.6603103 44.40528 -1.5955365896224976 0.7004159092903137
Car 0.0 0 2.9695188999176025 656.7800903320312 164.3887176513672 699.5946655273438 181.22305297851562 3.8133144 1.5691632 1.5778039 6.407218 0.7804551 68.18907 3.063206434249878 0.46904855966567993
Car 0.0 0 2.8405842781066895 117.0665283203125 162.01368713378906 212.91590881347656 189.71136474609375 4.316368 1.4808743 1.6375449 -25.090218 0.9016478 40.73895 2.28857159614563 0.4592776894569397
Car 0.0 0 1.3661209344863892 738.8495483398438 166.1649932861328 765.4456176757812 184.0342559814453 3.9505668 1.6258026 1.6728156 13.269189 1.0175736 67.629364 1.5598644018173218 0.45739516615867615
Car 0.0 0 1.8194912672042847 401.84771728515625 185.0997772216797 440.818359375 209.43922424316406 4.1426077 1.5265553 1.6130728 -12.896028 2.4009123 49.41782 1.5642250776290894 0.43783703446388245
