Pedestrian 0.0 0 -1.9014331102371216 264.2787780761719 153.75924682617188 287.51531982421875 206.81857299804688 0.57666755 1.9159942 0.61964136 -12.303831 1.2268329 26.474848 -2.3364741802215576 0.24060598015785217
Pedestrian 0.0 0 1.8934197425842285 465.31903076171875 179.93865966796875 478.5381774902344 206.40432739257812 0.9215707 1.6585097 0.56517756 -8.825571 2.115141 45.972237 1.7037512063980103 0.23586657643318176
Pedestrian 0.0 0 -1.9798017740249634 251.1159210205078 159.53424072265625 275.0987548828125 213.37376403808594 0.57003015 1.8814812 0.5891288 -12.362874 1.4163657 25.6214 -2.4293689727783203 0.22128938138484955
Pedestrian 0.0 0 -1.8112943172454834 228.01564025878906 158.7236328125 251.55740356445312 213.31430053710938 0.61103225 1.8755865 0.6032025 -12.98434 1.3904635 25.215778 -2.286813735961914 0.1998908519744873
Pedestrian 0.0 0 -3.5515897274017334 1011.3534545898438 112.25080871582031 1095.0703125 252.98191833496094 0.8077936 1.8197858 0.5313193 5.853957 1.0364873 9.645203 -3.0060906410217285 0.16565276682376862
Pedestrian 0.0 0 -3.3528661727905273 814.4617309570312 149.0775146484375 861.5570678710938 218.72634887695312 1.0921466 1.8204458 0.60207456 6.01064 1.1993461 19.206383 -3.0495712757110596 0.14441490173339844
Pedestrian 0.0 0 2.2778244018554688 1183.8970947265625 186.75851440429688 1242.0 338.6240539550781 0.5002786 1.6755329 0.59201187 7.0845914 1.8432716 8.35092 2.981365919113159 0.13117824494838715
Pedestrian 0.0 0 2.9462037086486816 473.77801513671875 174.75074768066406 488.74298095703125 199.3400115966797 1.0689763 1.8536365 0.362992 -9.805882 1.9990385 54.809296 2.76916766166687 0.1268799901008606
Pedestrian 0.0 0 -1.5068352222442627 217.89077758789062 152.85118103027344 241.6149444580078 210.56857299804688 0.68100536 1.8741933 0.6535633 -12.619574 1.225022 23.871487 -1.9931364059448242 0.11344663053750992
Pedestrian 0.0 0 -2.1359305381774902 716.7990112304688 175.08412170410156 730.908203125 201.989013671875 0.7539718 1.7789974 0.6250564 7.582155 1.9299629 48.254738 -1.9800771474838257 0.10862982273101807
Cyclist 0.0 0 2.007988214492798 479.6839294433594 176.19923400878906 498.8814392089844 204.2343292236328 1.6277078 1.7138388 0.549353 -7.580229 1.927599 45.168613 1.841717004776001 0.354902446269989
Cyclist 0.0 0 1.8830184936523438 465.48736572265625 180.92466735839844 478.9385681152344 207.140380859375 1.0722367 1.6404887 0.5414149 -8.823713 2.1624203 46.061916 1.6937494277954102 0.16147112846374512
Car 0.0 0 1.8321326971054077 360.9583435058594 184.13462829589844 491.1513366699219 267.5344543457031 3.8703547 1.4652821 1.6845028 -3.741248 1.7330915 15.153072 1.5900766849517822 0.9444741606712341
Car 0.0 0 2.21140718460083 0.0 195.7014923095703 95.9247055053711 261.85943603515625 3.7111783 1.3528762 1.5172414 -14.8502245 1.9816091 17.95016 1.5202382802963257 0.1664336621761322
Car 0.0 0 2.1304843425750732 23.386863708496094 192.59568786621094 92.56688690185547 223.68601989746094 3.6198804 1.6516463 1.5588301 -32.52467 2.8684487 42.582767 1.4782103300094604 0.12044181674718857
Car 0.0 0 -2.950693130493164 481.8943176269531 172.26284790039062 541.383544921875 197.5108642578125 3.906064 1.7478949 1.7135428 -6.9387574 1.7073275 50.91226 -3.0861470699310303 0.10140620172023773
