Pedestrian 0.0 0 0.15020149946212769 614.166748046875 148.17042541503906 716.9236450195312 309.3269958496094 1.0738708 1.7180865 0.633088 0.6457329 1.3751113 7.9639707 0.23110628128051758 0.8088600039482117
Pedestrian 0.0 0 -0.3370335102081299 1007.2830810546875 141.8956298828125 1096.3905029296875 283.9353942871094 0.79740816 1.7012987 0.56229836 5.5088487 1.2405912 8.825495 0.22098827362060547 0.7297560572624207
Pedestrian 0.0 0 0.645831823348999 165.0631103515625 173.48751831054688 234.39820861816406 280.4474792480469 0.7959931 1.7360263 0.61723334 -6.8138123 1.6238623 11.826023 0.12311792373657227 0.6874394416809082
Pedestrian 0.0 0 1.7503302097320557 278.3094177246094 177.28298950195312 321.2545166015625 264.16864013671875 0.8538398 1.7161802 0.6668443 -6.2676873 1.6542671 14.452393 1.3411320447921753 0.6180789470672607
Pedestrian 0.0 0 3.590139150619507 0.0 167.3865509033203 21.853927612304688 200.08316040039062 0.87730783 1.918075 0.5043192 -35.159428 1.1501759 41.825542 2.891115427017212 0.2875194549560547
Pedestrian 0.0 0 0.11321476101875305 604.3717041015625 142.68614196777344 682.273193359375 285.74017333984375 0.91713506 1.7123237 0.51621413 0.43744043 1.2613816 8.78732 0.16295456886291504 0.2799772322177887
Cyclist 0.0 0 -0.3833318054676056 815.0052490234375 153.9016571044922 939.8644409179688 261.84637451171875 1.8083268 1.7110821 0.59269285 4.369867 1.2911147 11.517792 -0.020707925781607628 0.9167934656143188
Car 0.0 0 -0.8601371645927429 0.0 202.90567016601562 290.6855163574219 370.0 3.5860174 1.4325266 1.4882336 -3.1536 1.604145 3.552576 -1.5861115455627441 0.8202353119850159
Car 0.0 0 -0.5639649629592896 968.0665283203125 158.4192657470703 1094.1951904296875 197.90548706054688 4.1039205 1.5472269 1.6850426 17.14064 0.68351746 28.591364 -0.023910194635391235 0.7892695665359497
Car 0.0 0 1.4039651155471802 440.4815979003906 173.46273803710938 479.1159362792969 201.39083862304688 4.1612935 1.6570721 1.6898854 -9.124092 1.240895 44.19214 1.2003618478775024 0.33928996324539185
