Pedestrian 0.0 0 0.5248677730560303 634.8239135742188 168.77804565429688 646.1680297851562 188.31138610839844 0.9684912 1.824238 0.45370594 2.8481736 1.4439392 67.83379 0.5668306350708008 0.35012087225914
Pedestrian 0.0 0 2.7509336471557617 646.5504760742188 170.07925415039062 661.542236328125 195.5435333251953 0.953955 1.8084778 0.49520165 3.1227832 1.6117721 51.62989 2.8113441467285156 0.26800721883773804
Car 0.0 0 2.4635398387908936 343.98394775390625 181.78253173828125 410.66827392578125 204.59963989257812 4.1893625 1.4458556 1.7704331 -16.000694 2.0890055 49.70626 2.1521098613739014 0.8689533472061157
Car 0.0 0 2.911712408065796 427.88653564453125 177.99453735351562 479.83087158203125 195.00302124023438 4.165234 1.4149439 1.5198525 -13.552149 1.8722576 62.556866 2.6983718872070312 0.8545112013816833
Car 0.0 0 -3.420891761779785 861.5952758789062 179.71624755859375 926.3983154296875 201.0942840576172 4.2659063 1.5640368 1.6254174 21.358538 2.0918329 54.444763 -3.0470430850982666 0.6733518838882446
Car 0.0 0 2.8886849880218506 481.7218933105469 176.32623291015625 536.7051391601562 196.159912109375 4.102673 1.5409847 1.66565 -8.14741 1.8286891 58.154854 2.7494924068450928 0.4947303235530853
Car 0.0 0 1.95119309425354 202.8400115966797 180.52896118164062 251.98104858398438 205.38055419921875 3.8158753 1.5424135 1.5843275 -25.408037 2.0742893 47.984734 1.464223027229309 0.37063419818878174
Car 0.0 0 1.682349443435669 455.00146484375 175.49452209472656 488.6831359863281 201.1542205810547 4.1233974 1.5437142 1.6597776 -8.783401 1.7200392 45.96156 1.4935230016708374 0.307449072599411
Car 0.0 0 -2.020623207092285 613.2118530273438 170.38015747070312 650.4594116210938 191.3214111328125 3.7500505 1.6814629 1.6212155 1.756238 1.4831855 59.975212 -1.9913487434387207 0.26814213395118713
Car 0.0 0 3.3737964630126953 0.0 208.8041229248047 86.64571380615234 243.40489196777344 3.3829896 1.4582206 1.6259937 -27.57846 3.2687542 34.876102 2.7047181129455566 0.2577229142189026
