Pedestrian 0.0 0 -2.5051591396331787 151.6492462158203 158.6991729736328 177.63186645507812 191.81863403320312 0.9442684 1.7028122 0.6542357 -23.154951 0.9754107 37.459633 -3.0588035583496094 0.5118947625160217
Pedestrian 0.0 0 3.069263458251953 337.224853515625 163.2010498046875 347.3760070800781 185.16639709472656 0.7789205 1.861004 0.4737594 -22.843327 1.0435193 61.506397 2.7136547565460205 0.5010309219360352
Pedestrian 0.0 0 -1.6619716882705688 853.908935546875 147.84756469726562 874.156982421875 194.27752685546875 0.80450004 1.7230157 0.6489024 9.542529 0.7953849 27.242617 -1.3250479698181152 0.4343820810317993
Pedestrian 0.0 0 1.7009849548339844 913.051513671875 122.95641326904297 942.3744506835938 185.1732177734375 0.8417229 1.75376 0.6742517 9.147708 0.3476104 20.870417 2.114074945449829 0.30853867530822754
Pedestrian 0.0 0 -1.6468955278396606 888.3190307617188 124.93368530273438 909.4397583007812 179.54425048828125 1.2828449 1.8144311 0.5714212 9.822231 0.22264138 24.667713 -1.2679576873779297 0.28979119658470154
Pedestrian 0.0 0 -3.353442430496216 878.1482543945312 149.43746948242188 906.5469360351562 198.58822631835938 0.8632094 1.8019029 0.6605039 10.454274 0.94379354 26.84398 -2.982067584991455 0.28730523586273193
Pedestrian 0.0 0 1.9040063619613647 1020.7230224609375 132.4445343017578 1062.7449951171875 201.20518493652344 0.8295537 1.7223194 0.69801927 11.085238 0.7104995 18.604528 2.4413580894470215 0.2677500247955322
Pedestrian 0.0 0 -1.907929539680481 1063.7669677734375 124.84576416015625 1102.9560546875 194.0718994140625 0.7341134 1.7195886 0.6242981 11.980793 0.5274143 18.351374 -1.3295496702194214 0.2602909505367279
Pedestrian 0.0 0 2.6065773963928223 791.912109375 146.98153686523438 815.5103149414062 185.6923370361328 0.8102924 1.7656355 0.69834346 8.911835 0.58592635 33.353004 2.8676750659942627 0.2557584047317505
Cyclist 0.0 0 1.0308783054351807 782.701904296875 140.69476318359375 809.845947265625 178.16787719726562 1.6173724 1.7925451 0.52981585 9.078692 0.2545499 35.363 1.282179594039917 0.393593430519104
Cyclist 0.0 0 1.1337299346923828 896.6300659179688 125.61339569091797 941.2245483398438 188.08457946777344 1.6952878 1.8523524 0.59857124 9.455194 0.4519647 22.249445 1.535569429397583 0.3635745942592621
Cyclist 0.0 0 1.5683917999267578 891.2979736328125 124.33787536621094 910.4707641601562 179.1568145751953 1.4615517 1.7878286 0.5824753 9.75375 0.20591342 24.315683 1.9498718976974487 0.2609635889530182
Car 0.0 0 -2.136183023452759 749.9865112304688 184.67288208007812 947.3930053710938 289.1318359375 3.431357 1.4687816 1.6021798 3.86266 1.7033448 12.430092 -1.8348925113677979 0.9784402847290039
Car 0.0 0 2.1815810203552246 77.62179565429688 181.61070251464844 205.71282958984375 238.8807830810547 4.319677 1.85691 1.739479 -16.898224 2.2025332 26.254553 1.609696626663208 0.6349497437477112
Car 0.0 0 -2.3881301879882812 98.19390869140625 156.53089904785156 189.2317352294922 187.9432830810547 3.9937346 1.615412 1.6729813 -24.748667 0.77633893 38.282703 -2.9620208740234375 0.37152111530303955
Car 0.0 0 1.3745477199554443 696.5750122070312 169.26226806640625 721.1067504882812 187.39962768554688 3.859024 1.6545615 1.5562426 9.236583 1.3272662 67.79199 1.509962797164917 0.36982661485671997
Car 0.0 0 -1.7733101844787598 735.5704345703125 163.221923828125 771.978515625 187.43496704101562 3.5069323 1.4328171 1.5183886 8.781645 0.8631927 44.453648 -1.578275203704834 0.34082725644111633
Car 0.0 0 2.1845619678497314 0.0 146.72377014160156 87.24279022216797 190.21299743652344 3.0902917 1.6742187 1.5402601 -23.14728 0.6686326 29.358898 1.5169191360473633 0.2927292287349701
