Pedestrian 0.0 0 -1.1718361377716064 887.5810546875 147.32545471191406 912.4056396484375 193.97244262695312 0.7157106 1.771684 0.66517866 11.167943 0.8024508 27.890059 -0.7909613251686096 0.7641845345497131
Pedestrian 0.0 0 1.4264277219772339 256.2222595214844 152.1754608154297 276.71234130859375 201.12046813964844 0.5697977 1.7316369 0.5881549 -12.389595 1.0004035 25.925074 0.9806158542633057 0.4644676446914673
Pedestrian 0.0 0 0.4756907820701599 439.2755432128906 156.47726440429688 459.4023742675781 196.72105407714844 0.61717486 1.6719397 0.6075546 -6.795814 0.9919215 30.34562 0.25537872314453125 0.44883373379707336
Pedestrian 0.0 0 1.3350340127944946 1182.8070068359375 134.1732177734375 1221.82568359375 198.97962951660156 0.7242894 1.9145396 0.7621178 17.842392 0.7721731 21.805073 2.020815134048462 0.4318722188472748
Car 0.0 0 1.9968317747116089 140.9164581298828 190.9780731201172 391.60162353515625 339.326416015625 3.9045787 1.5974852 1.6738518 -4.5761504 1.9032761 10.20094 1.5751420259475708 0.9666918516159058
Car 0.0 0 1.8026108741760254 459.5787048339844 185.5322265625 531.405029296875 234.68475341796875 3.8496058 1.4824783 1.5886195 -3.8821344 1.9527401 24.760439 1.6470892429351807 0.9426615834236145
Car 0.0 0 1.8524882793426514 328.0491027832031 185.84202575683594 466.0152282714844 275.95208740234375 4.183421 1.5780537 1.6866316 -4.3769107 1.8921467 15.331787 1.5744056701660156 0.9339765906333923
Car 0.0 0 1.8264094591140747 414.2515869140625 190.84164428710938 505.15826416015625 251.6063232421875 3.835436 1.4456049 1.574253 -4.1540504 2.0003579 20.278585 1.624355673789978 0.8883129358291626
Car 0.0 0 0.4908721446990967 148.30564880371094 182.99476623535156 264.1854553222656 223.25355529785156 3.7706528 1.5536274 1.5998427 -16.258947 1.9747108 29.097773 -0.018678952008485794 0.7860294580459595
Car 0.0 0 -1.669657588005066 707.8400268554688 172.17205810546875 763.7806396484375 218.33372497558594 4.627664 1.7041618 1.7445157 4.923629 1.6793444 29.003119 -1.5014986991882324 0.6715759038925171
Car 0.0 0 1.8046224117279053 573.1063232421875 179.32505798339844 607.7074584960938 202.35398864746094 3.9081798 1.5413706 1.6101729 -1.3860223 2.0225918 51.53673 1.7777349948883057 0.6434451937675476
Car 0.0 0 1.3112263679504395 805.5643920898438 154.53720092773438 859.6320190429688 188.18968200683594 3.34158 1.4364411 1.509551 9.921563 0.65495414 32.493176 1.6075778007507324 0.4242987334728241
