Pedestrian 0.0 0 2.458785057067871 86.58453369140625 137.7646942138672 147.66709899902344 244.3785400390625 0.6274803 1.7731549 0.6007861 -8.50393 1.1899228 12.383342 1.857025384902954 0.48763856291770935
Pedestrian 0.0 0 2.7584493160247803 794.1552124023438 132.32180786132812 864.2262573242188 264.94720458984375 0.77849907 1.8098896 0.5936717 3.0258944 1.2571195 10.175913 3.047481060028076 0.40192508697509766
Pedestrian 0.0 0 0.788547933101654 191.49365234375 157.90093994140625 234.01419067382812 226.8583221435547 0.68474746 1.7902 0.7151934 -10.59549 1.4023623 19.168175 0.2835845947265625 0.3201676905155182
Pedestrian 0.0 0 1.737534761428833 450.1006164550781 168.72854614257812 471.0113220214844 208.15321350097656 1.7506566 1.6888953 0.6228547 -6.613185 1.512525 31.793514 1.5324548482894897 0.15806861221790314
Cyclist 0.0 0 1.7416282892227173 449.96978759765625 169.84950256347656 471.0563049316406 209.51539611816406 1.7438692 1.6981883 0.6242813 -6.610193 1.5699168 31.770073 1.5364915132522583 0.5798237323760986
Cyclist 0.0 0 0.7904894351959229 192.30648803710938 157.99615478515625 236.6881866455078 228.98043823242188 0.76627785 1.8419722 0.6962699 -10.546645 1.4567838 19.162899 0.28736376762390137 0.1011127158999443
Car 0.0 0 1.8406425714492798 324.197021484375 186.8868408203125 470.2597351074219 281.6219787597656 4.0273438 1.5036277 1.6875652 -3.995881 1.8169001 14.067175 1.563875675201416 0.9554480314254761
Car 0.0 0 -1.5872596502304077 625.8191528320312 168.85641479492188 677.7381591796875 218.5830841064453 3.4178395 1.4969515 1.5627351 1.276537 1.3769678 23.455439 -1.5328893661499023 0.925970733165741
Car 0.0 0 1.7041709423065186 479.6977844238281 175.77943420410156 535.0681762695312 214.884521484375 3.9346893 1.4664446 1.7183688 -4.136983 1.5937039 29.323345 1.5640144348144531 0.9078770875930786
Car 0.0 0 2.516789436340332 0.0 200.7926483154297 114.07910919189453 375.0 4.0945797 1.5335114 1.6198543 -3.9097764 1.7117575 2.5023072 1.5153154134750366 0.37969309091567993
Car 0.0 0 -1.4907079935073853 517.2943115234375 177.241455078125 545.6346435546875 200.3656005859375 3.9005148 1.4505813 1.5683125 -5.214401 1.7546914 47.979168 -1.5989636182785034 0.2023608386516571
Car 0.0 0 -0.46347421407699585 583.167236328125 173.78680419921875 636.7692260742188 194.83590698242188 3.6458466 1.521101 1.6511024 -0.02646041 1.5930648 53.830544 -0.4639657735824585 0.1891566514968872
