Pedestrian 0.0 0 0.9630946516990662 1042.98388671875 117.6941909790039 1098.53369140625 202.67897033691406 0.9149456 1.8949374 0.6586245 10.6354265 0.4961455 16.226725 1.543275237083435 0.5100160241127014
Pedestrian 0.0 0 2.10563063621521 533.4835205078125 162.79859924316406 551.6712036132812 197.08409118652344 0.98809415 1.8336172 0.55877346 -3.3948264 0.8883388 38.374874 2.017395496368408 0.41116639971733093
Pedestrian 0.0 0 0.7986992597579956 893.398681640625 138.01866149902344 920.1326904296875 190.8843994140625 0.63417596 1.832989 0.5912693 10.603099 0.36158457 24.912693 1.2010867595672607 0.3354034125804901
Pedestrian 0.0 0 3.3355066776275635 359.1795654296875 179.44485473632812 381.0747985839844 217.3255615234375 0.84115666 1.6486211 0.45659956 -10.330743 1.6041722 31.04664 3.014281988143921 0.3110159635543823
Pedestrian 0.0 0 -1.580804467201233 437.9763488769531 174.7471923828125 460.3851013183594 226.0508270263672 0.569076 1.7345697 0.7427435 -5.3790765 1.5416046 24.26144 -1.7989881038665771 0.239101842045784
Cyclist 0.0 0 -3.0151662826538086 686.0995483398438 163.05667114257812 719.6301879882812 197.97999572753906 1.6874304 1.8167474 0.6237241 5.153072 0.9107445 37.297455 -2.8778738975524902 0.5381758213043213
Cyclist 0.0 0 -0.05529426038265228 625.8766479492188 166.3257293701172 654.9644775390625 198.3612060546875 1.6392474 1.8286911 0.6007731 2.0234876 1.0209599 40.660683 -0.005570069421082735 0.29661425948143005
Cyclist 0.0 0 3.403041124343872 0.0 147.88113403320312 46.170780181884766 192.5663299560547 1.6375642 1.8994706 0.5990409 -25.363592 0.5143926 30.663498 2.7119576930999756 0.2170359045267105
Car 0.0 0 -1.4779845476150513 501.7033996582031 176.95132446289062 543.0762939453125 209.7239990234375 3.8294435 1.4216813 1.5474335 -3.7709043 1.2692122 32.598415 -1.59315025806427 0.9125446677207947
Car 0.0 0 2.487644672393799 1031.028564453125 129.8918914794922 1224.0 188.2541961669922 4.360062 1.4577861 1.6191167 13.772574 0.19528103 18.495596 3.127707004547119 0.8937997221946716
Car 0.0 0 -1.6478464603424072 688.050537109375 165.8708953857422 723.7969360351562 194.63966369628906 4.1696672 1.5096551 1.635809 5.537001 0.7433996 39.230103 -1.5076309442520142 0.4705371856689453
Car 0.0 0 -1.6329468488693237 624.0888061523438 173.0041961669922 654.6866455078125 199.9619598388672 3.640134 1.5386069 1.5920342 2.0069678 1.1121693 42.18116 -1.5854029655456543 0.275221049785614
Car 0.0 0 -2.8504672050476074 935.9622192382812 139.8616943359375 1060.2735595703125 184.574951171875 4.088162 1.6836544 1.7086853 15.847999 0.15495047 28.67689 -2.3455991744995117 0.2694840133190155
