Pedestrian 0.0 0 -1.8854072093963623 904.9417724609375 138.88343811035156 933.3245849609375 191.68026733398438 0.9087411 1.8642186 0.68964905 11.068741 0.66510046 25.957302 -1.4823335409164429 0.793330729007721
Pedestrian 0.0 0 3.591705083847046 220.1381072998047 149.27816772460938 248.15457153320312 199.53042602539062 0.62462634 1.6501261 0.60917044 -12.544634 0.8763281 24.004536 3.1101458072662354 0.587798535823822
Pedestrian 0.0 0 0.7305451035499573 68.92012023925781 129.76976013183594 114.58077239990234 206.33648681640625 0.6256941 1.7244787 0.57847595 -11.944325 0.7544693 16.56883 0.10593533515930176 0.4076601564884186
Cyclist 0.0 0 1.0115164518356323 131.36834716796875 106.08805084228516 200.3611297607422 187.59295654296875 1.7398865 2.0120993 0.6857144 -11.442436 0.3642164 18.501688 0.4576385021209717 0.4369950592517853
Car 0.0 0 2.067880392074585 0.0 192.47462463378906 345.75897216796875 375.0 3.933655 1.5850028 1.6638368 -4.6015162 1.8631135 8.234393 1.558293342590332 0.9511463642120361
Car 0.0 0 1.797521948814392 443.3792419433594 185.45547485351562 521.1649780273438 240.10044860839844 3.8574808 1.5103416 1.5902905 -3.9839482 1.9436194 22.816721 1.6246581077575684 0.9411152005195618
Car 0.0 0 1.891859531402588 275.04010009765625 185.72842407226562 444.4590148925781 291.8150939941406 4.146355 1.5834321 1.6980056 -4.437077 1.8589147 13.34321 1.5708281993865967 0.9400871396064758
Car 0.0 0 1.8673374652862549 386.077880859375 189.6338653564453 494.21185302734375 256.8945007324219 3.9070737 1.432504 1.594622 -4.2316813 1.9067333 18.369219 1.64091956615448 0.9191007614135742
Car 0.0 0 1.862983226776123 569.8893432617188 179.5133056640625 606.7305297851562 202.87889099121094 3.6666815 1.5006272 1.532883 -1.4754949 1.9753845 49.429142 1.8331413269042969 0.6716931462287903
Car 0.0 0 0.4532642364501953 110.65778350830078 185.39431762695312 246.20130920410156 229.40673828125 4.0313807 1.5581757 1.7263422 -16.192547 2.0485015 27.158802 -0.08436916768550873 0.6194167137145996
Car 0.0 0 0.5266512632369995 77.3604507446289 158.34873962402344 174.8306121826172 187.3738250732422 4.6291795 1.7113963 1.7667569 -29.185904 0.85648525 43.569653 -0.06356416642665863 0.42309674620628357
Car 0.0 0 -1.3623712062835693 770.561767578125 162.91273498535156 795.9617309570312 180.10223388671875 3.8206236 1.618259 1.642506 16.817266 0.6827237 70.00232 -1.1266005039215088 0.3709002733230591
Car 0.0 0 2.0967910289764404 557.744140625 164.04856872558594 595.6880493164062 183.46392822265625 4.18855 1.7412426 1.6359128 -3.0681965 0.95189625 66.942764 2.050989866256714 0.36942943930625916
