Pedestrian 0.0 0 -0.1803680658340454 1116.5557861328125 146.37841796875 1158.53076171875 224.8839569091797 0.71287864 1.8606845 0.67862624 12.777528 1.2335362 17.558989 0.4487020969390869 0.4112893342971802
Pedestrian 0.0 0 -3.178896188735962 1099.2158203125 191.06887817382812 1122.164306640625 235.7345733642578 0.7408321 1.7645736 0.7335015 20.371023 2.5206735 29.425655 -2.5733649730682373 0.2780139446258545
Pedestrian 0.0 0 -1.7051479816436768 894.0862426757812 169.34201049804688 911.8340454101562 213.01950073242188 0.55081743 1.7842692 0.6102908 12.060866 1.6411588 29.81514 -1.3207497596740723 0.2537713944911957
Pedestrian 0.0 0 1.2482506036758423 1029.9976806640625 165.07958984375 1055.333984375 212.57034301757812 0.76228213 1.8525623 0.65182465 17.092838 1.5496488 28.585865 1.7871593236923218 0.18017229437828064
Pedestrian 0.0 0 3.5789637565612793 201.745849609375 173.99258422851562 223.03382873535156 207.75408935546875 0.9124826 1.8848209 0.5258684 -22.400589 1.9496993 40.59152 3.0746982097625732 0.17366956174373627
Car 0.0 0 1.7993931770324707 302.275634765625 184.88072204589844 331.6241149902344 202.289794921875 4.042753 1.4638984 1.6038669 -26.671099 2.5951617 65.723625 1.4138909578323364 0.5891748666763306
Car 0.0 0 -1.6304689645767212 571.0371704101562 173.98248291015625 593.2810668945312 192.21737670898438 3.7308419 1.4591005 1.6207571 -2.362339 1.5561876 59.90859 -1.669880986213684 0.457258939743042
Car 0.0 0 1.9495878219604492 410.2971496582031 179.80526733398438 444.8267517089844 196.1318817138672 4.2816567 1.4346092 1.6692514 -17.045965 2.1070797 67.5305 1.702333927154541 0.285374253988266
Car 0.0 0 1.9744621515274048 362.02117919921875 180.11279296875 395.5381164550781 196.072265625 4.0218177 1.4449157 1.6166643 -22.17824 2.1632822 69.290764 1.6646912097930908 0.23995989561080933
Car 0.0 0 1.8913466930389404 245.40040588378906 178.55030822753906 299.931640625 209.4737548828125 4.250349 1.6789149 1.6316347 -19.676315 2.0297735 42.18909 1.4549517631530762 0.22684068977832794
Car 0.0 0 1.7824918031692505 854.4678955078125 177.58255004882812 893.1923217773438 203.15074157714844 3.8761826 1.555572 1.5769533 17.08474 1.8756096 46.717728 2.1330854892730713 0.17925918102264404
