Pedestrian 0.0 0 -0.9430118203163147 333.8301696777344 130.42718505859375 375.5157775878906 200.54660034179688 1.0215758 1.8368698 0.57060593 -6.92664 0.72580194 19.469402 -1.284818172454834 0.6919419169425964
Pedestrian 0.0 0 -2.2167415618896484 1007.4614868164062 124.44690704345703 1046.5040283203125 191.4126434326172 0.7298548 1.7099527 0.5528926 10.819375 0.47424823 18.81788 -1.6949434280395508 0.620078980922699
Pedestrian 0.0 0 -2.023623466491699 931.6441040039062 134.19052124023438 975.26806640625 206.97276306152344 0.8388069 1.7876415 0.6916063 8.575951 0.83836627 18.142574 -1.5820553302764893 0.46710002422332764
Cyclist 0.0 0 1.4836251735687256 360.2695617675781 135.94088745117188 379.1166076660156 181.5913848876953 1.7037061 1.7893796 0.57355565 -9.768396 0.34284014 29.17518 1.1605383157730103 0.7045729756355286
Cyclist 0.0 0 2.244939088821411 287.98773193359375 134.0009765625 330.2923583984375 183.83033752441406 1.605357 1.8161514 0.59993845 -11.344802 0.40041703 27.149643 1.8491299152374268 0.6074895858764648
Car 0.0 0 -1.8695666790008545 744.4130859375 150.9685516357422 946.197509765625 278.8737487792969 4.1427155 1.6126621 1.7323666 3.304171 1.3370825 11.175603 -1.5820969343185425 0.9729160666465759
Car 0.0 0 1.8336105346679688 397.3841552734375 176.13954162597656 507.28912353515625 249.83145141601562 3.7278762 1.511084 1.5821943 -3.5968232 1.5969167 16.865406 1.6234920024871826 0.9535833597183228
Car 0.0 0 -1.3821486234664917 538.6586303710938 170.03628540039062 601.607421875 211.99801635742188 4.4851284 1.4717124 1.5897284 -1.4776555 1.3732455 27.632801 -1.4355723857879639 0.9257771968841553
Car 0.0 0 -1.3328608274459839 701.7459106445312 171.46180725097656 774.324462890625 218.95172119140625 3.6277344 1.4391755 1.5481992 4.252553 1.3973435 23.835379 -1.1563050746917725 0.9098787307739258
Car 0.0 0 1.7526249885559082 460.4421691894531 173.910888671875 520.2448120117188 215.97459411621094 4.001648 1.5265452 1.6146497 -4.653847 1.5713125 28.299747 1.5896353721618652 0.9052149653434753
Car 0.0 0 -3.5080764293670654 1005.259521484375 149.1396942138672 1087.249267578125 175.9676971435547 3.7340293 1.5108925 1.5964199 25.143776 0.17571461 41.744816 -2.965952157974243 0.641606867313385
