Pedestrian 0.0 0 0.7603909373283386 428.94683837890625 134.67843627929688 471.9170837402344 209.5783233642578 0.8307945 1.8397732 0.6637376 -4.076285 0.9024211 18.218721 0.5402746200561523 0.5420118570327759
Pedestrian 0.0 0 -1.1369961500167847 934.40234375 143.6309356689453 953.7940673828125 176.8087921142578 0.6796288 1.7162646 0.7016901 17.47093 0.20493683 37.80923 -0.7041411399841309 0.3457181751728058
Pedestrian 0.0 0 1.5680480003356934 149.80880737304688 124.31182861328125 188.5070343017578 218.12754821777344 0.6766892 1.7168081 0.6118472 -8.39099 0.8288542 13.649919 1.016869306564331 0.3300032615661621
Pedestrian 0.0 0 1.5188014507293701 748.4860229492188 151.99594116210938 765.75390625 196.80172729492188 0.7719709 1.7873133 0.64410317 5.9090085 0.95563805 29.20872 1.7184103727340698 0.3271351754665375
Pedestrian 0.0 0 2.312366485595703 893.6528930664062 151.76576232910156 920.1179809570312 190.5213165283203 0.9775266 1.8442031 0.7084161 14.304332 0.84106576 34.860607 2.7017457485198975 0.29310473799705505
Pedestrian 0.0 0 1.675987958908081 525.6581420898438 134.945556640625 550.5474243164062 199.139404296875 0.7748145 1.783343 0.62534297 -2.07678 0.7305822 20.430618 1.5746855735778809 0.2741706371307373
Pedestrian 0.0 0 1.6937875747680664 652.6671752929688 136.35606384277344 673.411865234375 190.33453369140625 0.7850243 1.8134838 0.61771405 1.7745454 0.58764184 24.683212 1.7655569314956665 0.2647174894809723
Pedestrian 0.0 0 -1.88265061378479 0.0 113.25125122070312 51.214149475097656 223.229248046875 0.654931 1.7880422 0.6210997 -9.985142 0.81936765 12.1664915 -2.5698916912078857 0.2609492242336273
Cyclist 0.0 0 1.9555270671844482 913.1251831054688 146.28408813476562 941.8905639648438 184.72679138183594 1.8525131 1.8557255 0.6573775 15.68505 0.5734874 35.70941 2.3693981170654297 0.37753531336784363
Cyclist 0.0 0 1.802111268043518 800.0101318359375 150.7371063232422 818.25537109375 184.50289916992188 1.513418 1.7787502 0.6173085 10.684632 0.614011 38.819256 2.0707011222839355 0.34599652886390686
Cyclist 0.0 0 1.4404093027114868 897.9006958007812 151.7733612060547 916.5671997070312 190.15267944335938 0.9994758 1.822147 0.70757115 14.302219 0.8216525 34.827663 1.8300687074661255 0.16103258728981018
Car 0.0 0 1.654191493988037 998.5779418945312 177.156982421875 1045.8485107421875 210.0487823486328 4.2890697 1.5402919 1.7337458 20.935495 1.7726117 36.63518 2.1733603477478027 0.6039680242538452
Car 0.0 0 -1.253476858139038 1057.61181640625 177.44297790527344 1183.4515380859375 246.06509399414062 3.390708 1.5477703 1.6084725 12.826451 1.6741054 18.148994 -0.6382479667663574 0.5968894362449646
Car 0.0 0 1.7199751138687134 1173.8616943359375 177.45269775390625 1223.771728515625 207.13648986816406 3.8355165 1.5424086 1.589823 32.59163 1.8093646 39.948868 2.404296398162842 0.3892653286457062
Car 0.0 0 1.606269121170044 916.2346801757812 147.81117248535156 951.61083984375 177.5185089111328 3.9017868 1.5397139 1.6313304 17.734594 0.24211648 39.504707 2.0282275676727295 0.31768810749053955
Car 0.0 0 1.2958528995513916 1226.3475341796875 155.88511657714844 1242.0 189.59666442871094 3.9977298 1.5341442 1.6265801 31.533092 0.76228255 34.98534 2.0293984413146973 0.29048165678977966
