Pedestrian 0.0 0 1.8178929090499878 435.8489074707031 163.44146728515625 493.28399658203125 281.9532165527344 0.8918279 1.8102249 0.7018077 -2.3501644 1.6668096 11.479792 1.6159611940383911 0.5649974942207336
Pedestrian 0.0 0 1.7366161346435547 686.0777587890625 162.6026153564453 700.737548828125 196.6190643310547 1.0040983 1.8643851 0.6541099 4.6062965 1.3028814 40.11644 1.8509386777877808 0.15759766101837158
Pedestrian 0.0 0 2.065868854522705 851.5501098632812 152.12550354003906 876.5574340820312 185.0311279296875 1.6557901 1.716387 0.533675 13.487116 0.6355274 38.387676 2.4037365913391113 0.108147993683815
Cyclist 0.0 0 1.726068377494812 854.134765625 148.06784057617188 869.2232055664062 181.79095458984375 1.7814664 1.7504945 0.48958743 13.349011 0.4642564 38.35181 2.0610203742980957 0.2695365250110626
Cyclist 0.0 0 -2.077151298522949 1014.1431274414062 137.2630157470703 1105.501220703125 267.6917419433594 1.8366168 1.7994505 0.304781 6.6703334 1.30878 10.875995 -1.5270041227340698 0.15460386872291565
Car 0.0 0 -1.9209744930267334 822.1503295898438 179.26690673828125 1066.364501953125 321.6401672363281 3.421804 1.3697433 1.5481452 3.748251 1.4642681 8.844395 -1.5201209783554077 0.9706960916519165
Car 0.0 0 -1.7748892307281494 777.7620849609375 175.77439880371094 912.030029296875 266.5101623535156 4.0409193 1.4762003 1.625233 4.2995462 1.5415193 13.958785 -1.4760935306549072 0.9282733798027039
Car 0.0 0 -1.6765856742858887 767.2427978515625 159.01197814941406 856.6581420898438 235.99171447753906 4.718148 1.8167795 1.7930235 5.256639 1.4904554 19.496613 -1.4132298231124878 0.8925614953041077
Car 0.0 0 1.5466575622558594 788.3297119140625 162.11834716796875 831.9212036132812 203.88543701171875 3.688782 1.5429659 1.5630993 7.840165 1.1467252 28.630705 1.813942790031433 0.1520189344882965
Car 0.0 0 0.06782720983028412 711.6563110351562 182.72195434570312 772.6211547851562 208.42127990722656 3.443068 1.4427509 1.5675864 7.7816777 2.0418813 42.59592 0.2485206127166748 0.1520087718963623
