Pedestrian 0.0 0 2.3263564109802246 578.5806884765625 164.40634155273438 663.1331787109375 293.94549560546875 1.0326021 1.7566792 0.70309114 0.24239074 1.5261962 10.353115 2.349764585494995 0.9010180830955505
Pedestrian 0.0 0 1.4948444366455078 830.6613159179688 128.4990997314453 905.5347900390625 296.5785217285156 0.85749763 1.6414608 0.66305447 2.7155364 1.1252253 7.5144444 1.841617226600647 0.8768548965454102
Pedestrian 0.0 0 -1.5008822679519653 548.06591796875 166.83151245117188 569.3092651367188 221.77745056152344 0.82578945 1.6678176 0.6016786 -1.3436373 1.2236924 22.21731 -1.5612857341766357 0.8147101998329163
Pedestrian 0.0 0 1.9420905113220215 347.72625732421875 152.92173767089844 435.4941711425781 304.3407897949219 0.92430496 1.7295172 0.7374028 -2.561144 1.4044446 8.693973 1.6556057929992676 0.8130884766578674
Pedestrian 0.0 0 -1.7638640403747559 582.2646484375 170.47268676757812 605.0030517578125 225.60333251953125 0.83968353 1.6601777 0.546392 -0.27320355 1.3292286 22.095722 -1.7762279510498047 0.7115976810455322
Pedestrian 0.0 0 -2.406623125076294 13.838932037353516 153.41232299804688 127.71240234375 321.7021789550781 0.79214555 1.7087284 0.57233316 -5.65565 1.4249063 7.6138325 -3.04550838470459 0.6943263411521912
Pedestrian 0.0 0 1.1810939311981201 933.3031005859375 126.85377502441406 1048.8353271484375 318.0162048339844 0.9023703 1.6779562 0.6589953 3.5924351 1.1996734 6.783741 1.6681132316589355 0.6354063749313354
Pedestrian 0.0 0 0.5362653732299805 434.67816162109375 187.19259643554688 475.5502014160156 263.040283203125 0.65778273 1.6798435 0.6855967 -3.3714616 1.8144768 16.403004 0.33354926109313965 0.5754563808441162
Pedestrian 0.0 0 -0.2621036171913147 504.1260681152344 175.81777954101562 516.1980590820312 200.33596801757812 0.7380188 1.7043396 0.48453417 -6.3781652 1.3099909 50.29513 -0.3882450461387634 0.48042649030685425
Pedestrian 0.0 0 -2.178765058517456 623.776123046875 165.36854553222656 643.642333984375 204.2511444091797 0.7019655 1.6607752 0.5585587 1.3820645 0.9727278 31.125206 -2.1343908309936523 0.44813984632492065
Pedestrian 0.0 0 1.22626531124115 570.7493896484375 165.1752471923828 589.44921875 206.6478271484375 0.69362706 1.7058153 0.5787783 -0.9092401 1.0353467 29.972029 1.1959383487701416 0.3972620666027069
Pedestrian 0.0 0 -0.012670442461967468 517.190185546875 168.16188049316406 539.4534912109375 219.50936889648438 0.7285574 1.6855686 0.60607564 -2.463918 1.2488111 23.920887 -0.11531125754117966 0.3768942356109619
Pedestrian 0.0 0 2.421170949935913 591.9299926757812 167.6083526611328 616.925537109375 219.98866271972656 0.5786819 1.7017038 0.5932523 0.0731847 1.2514926 23.748007 2.42425274848938 0.3600881099700928
Pedestrian 0.0 0 -0.43610918521881104 707.2366943359375 147.14523315429688 750.010009765625 208.69293212890625 1.0979961 1.8184425 0.65169734 3.8054109 0.8045512 21.67785 -0.26233598589897156 0.3402823507785797
Pedestrian 0.0 0 -1.4881662130355835 573.1898803710938 169.94187927246094 592.9935302734375 222.1223602294922 0.6915514 1.664275 0.58786637 -0.6156395 1.2967339 23.270124 -1.5146162509918213 0.3202241063117981
Pedestrian 0.0 0 1.3970736265182495 488.8515930175781 164.69772338867188 510.2873229980469 216.2298583984375 0.8152156 1.772294 0.6108488 -3.599214 1.1954998 25.184664 1.2551219463348389 0.31438204646110535
Pedestrian 0.0 0 -2.012241840362549 434.2188415527344 172.34962463378906 470.0287780761719 243.76007080078125 0.6436725 1.7084507 0.64711636 -3.7017229 1.4907311 17.635025 -2.2191452980041504 0.3102647662162781
Pedestrian 0.0 0 -0.9339525103569031 624.6394653320312 169.0357208251953 670.2569580078125 245.69464111328125 0.75167865 1.6780099 0.7251972 1.0061872 1.4063978 16.242243 -0.8720827698707581 0.2899215817451477
Pedestrian 0.0 0 -0.6503084897994995 869.96240234375 143.30821228027344 921.8873291015625 241.26882934570312 0.66484404 1.7708136 0.60084766 5.4302554 1.0816973 13.359392 -0.26423290371894836 0.28831568360328674
Pedestrian 0.0 0 2.3179006576538086 1008.1593017578125 115.18504333496094 1133.4703369140625 307.6102600097656 0.8096513 1.7078786 0.59799045 4.3547034 1.1206784 6.763377 2.88995099067688 0.2811037600040436
Pedestrian 0.0 0 1.0485849380493164 766.65087890625 152.9171905517578 942.1103515625 374.0 1.6611763 1.6346672 0.52922255 1.8664389 1.4433852 5.707159 1.3646559715270996 0.10067439079284668
Cyclist 0.0 0 1.8472223281860352 440.5811462402344 168.55995178222656 514.07373046875 292.2583312988281 1.7687263 1.6573974 0.605097 -1.8213805 1.4853435 10.533385 1.6760003566741943 0.9261303544044495
Cyclist 0.0 0 0.9809095859527588 768.1521606445312 150.02915954589844 955.7390747070312 374.0 1.6926465 1.5974174 0.49792632 1.8942542 1.3905526 5.6333094 1.3052914142608643 0.32441234588623047
Cyclist 0.0 0 -2.988719940185547 796.3541259765625 155.23756408691406 900.0093994140625 240.5577850341797 1.9155983 1.6602918 0.8288225 5.036314 1.1504891 14.786479 -2.6604413986206055 0.31746387481689453
Cyclist 0.0 0 -1.9515109062194824 704.7520751953125 153.18458557128906 736.776611328125 204.26185607910156 1.7829001 1.7013547 0.45830327 4.085719 0.7592674 24.844618 -1.7885189056396484 0.2672998011112213
