Pedestrian 0.0 0 -0.2917480766773224 471.5096740722656 176.93931579589844 484.4303894042969 211.80670166015625 0.4442303 1.7663822 0.79028875 -6.8303723 1.9794326 37.109474 -0.4737708568572998 0.12291133403778076
Car 0.0 0 -1.6221282482147217 584.5889892578125 175.05039978027344 618.0828247070312 204.88037109375 3.8262773 1.4907284 1.57382 -0.53955567 1.6136639 38.304703 -1.6362131834030151 0.8588301539421082
Car 0.0 0 2.105923652648926 95.98908233642578 177.0674591064453 204.15750122070312 223.35528564453125 3.501877 1.481311 1.6215584 -15.967075 1.6391184 25.185463 1.5408929586410522 0.8519015312194824
Car 0.0 0 -1.4712440967559814 532.90380859375 174.41705322265625 565.1004028320312 198.5760040283203 4.2579727 1.4715863 1.6479491 -3.9043353 1.5770323 46.366695 -1.5552514791488647 0.6376259326934814
Car 0.0 0 -1.3615787029266357 337.5582580566406 168.66822814941406 368.3585205078125 188.3563690185547 3.9556217 1.5978642 1.6538194 -21.577168 1.2585102 60.626156 -1.7035046815872192 0.19084212183952332
Car 0.0 0 1.91762113571167 461.16455078125 170.17967224121094 515.8165893554688 202.0426483154297 4.078887 1.6388525 1.6437281 -6.57799 1.5016574 39.263084 1.7516264915466309 0.18038302659988403
Car 0.0 0 -1.4415401220321655 635.0902099609375 173.18304443359375 674.854736328125 205.41920471191406 3.8314543 1.6516905 1.6690559 2.4454265 1.6707869 39.04813 -1.3789958953857422 0.1661844253540039
Car 0.0 0 2.2605581283569336 0.0 175.53733825683594 110.2099609375 224.70835876464844 3.7944915 1.5266306 1.6841364 -19.222626 1.6253415 24.526114 1.5957974195480347 0.13671156764030457
Car 0.0 0 -1.6576353311538696 448.03204345703125 177.43553161621094 472.6055603027344 196.74754333496094 3.9407141 1.406838 1.5146632 -11.60209 1.7740252 55.663513 -1.8631258010864258 0.13630297780036926
Car 0.0 0 -1.5723296403884888 601.1649169921875 165.55186462402344 622.2630004882812 187.22665405273438 4.216333 1.7178383 1.672142 0.111651964 1.1394638 59.29129 -1.570446491241455 0.13449835777282715
