Pedestrian 0.0 0 1.568747878074646 691.5753173828125 167.8983612060547 706.0828247070312 210.85696411132812 0.5684199 1.9194916 0.6440924 3.9670863 1.6984197 32.55776 1.6899977922439575 0.3616258502006531
Pedestrian 0.0 0 -2.0220882892608643 698.1284790039062 153.29037475585938 725.0202026367188 201.1793670654297 1.1199142 1.7412294 0.55634874 3.7284956 1.0302597 26.850578 -1.8841097354888916 0.20249973237514496
Pedestrian 0.0 0 1.9347703456878662 859.8637084960938 125.91900634765625 922.3507690429688 260.7366943359375 0.8845405 1.8113827 0.54721946 3.9290478 1.1811317 10.203574 2.3023364543914795 0.13762517273426056
Cyclist 0.0 0 3.148918390274048 540.9597778320312 192.24130249023438 569.7222900390625 224.79373168945312 1.5885664 1.7786576 0.70295745 -3.0859036 2.8730986 40.31034 3.0725138187408447 0.21921592950820923
Cyclist 0.0 0 -2.003220558166504 696.973388671875 152.32797241210938 725.0492553710938 200.7507781982422 1.2887686 1.7609767 0.5456358 3.7170193 1.0148712 26.933075 -1.8660775423049927 0.11047466099262238
Car 0.0 0 -1.7699702978134155 680.2175903320312 195.3907012939453 787.3851318359375 274.2463684082031 3.9077697 1.4479817 1.6126527 2.61617 2.021611 16.36613 -1.611458659172058 0.9520156979560852
Car 0.0 0 -0.3324911892414093 537.849609375 193.2018280029297 610.4261474609375 221.6812286376953 3.8457983 1.4922645 1.5857766 -2.0900924 2.699413 41.33623 -0.3830113708972931 0.1627873033285141
Car 0.0 0 1.9410185813903809 574.5302124023438 167.7449188232422 610.9932250976562 189.1641845703125 3.7169497 1.6585294 1.6967114 -1.3710306 1.2632815 57.903255 1.9173450469970703 0.15209117531776428
Car 0.0 0 -3.0887389183044434 601.8672485351562 190.1720733642578 652.5277709960938 213.56040954589844 3.4728646 1.5652066 1.6049734 1.200552 2.8024817 50.59901 -3.065016508102417 0.13879860937595367
Car 0.0 0 -0.2553143799304962 606.0718383789062 164.49093627929688 660.4337768554688 185.00564575195312 4.0455008 1.6020912 1.6761118 1.8181885 0.9493381 57.61153 -0.22376538813114166 0.13024607300758362
Car 0.0 0 1.4240437746047974 662.7716064453125 181.133056640625 692.0799560546875 205.03280639648438 3.518812 1.589642 1.5602756 4.705857 2.1962636 51.035004 1.5159921646118164 0.11816564947366714
Car 0.0 0 1.6119093894958496 566.1162109375 197.1620635986328 605.6937866210938 233.72183227539062 3.7195487 1.4178416 1.6219376 -1.0689138 2.570253 32.327484 1.5788562297821045 0.10291840881109238
