Pedestrian 0.0 0 2.0342273712158203 81.17567443847656 129.1992645263672 124.48004913330078 225.3798065185547 0.46040884 1.8089714 0.5302359 -9.770376 0.9882673 13.83556 1.4193668365478516 0.3869727551937103
Pedestrian 0.0 0 1.8312734365463257 298.4464111328125 126.64106750488281 339.0775146484375 202.08883666992188 1.1729279 1.8585298 0.68386924 -7.4572353 0.7205093 18.39556 1.4461357593536377 0.3360099792480469
Car 0.0 0 -2.5702884197235107 48.31467056274414 181.253662109375 308.2164611816406 285.5126953125 3.2567832 1.5322932 1.5570209 -6.8508916 1.6771836 11.574725 -3.1047186851501465 0.9367856383323669
Car 0.0 0 -1.6230101585388184 653.2020263671875 180.864501953125 697.9574584960938 222.6321563720703 3.7196648 1.5766774 1.6376047 2.6127439 1.9293675 29.84579 -1.535691261291504 0.8442494869232178
Car 0.0 0 0.1997314691543579 339.18084716796875 182.35226440429688 484.85821533203125 234.93682861328125 4.0643945 1.5178328 1.6104637 -6.016541 1.8214992 22.100515 -0.06606263667345047 0.6424156427383423
Car 0.0 0 1.9799606800079346 543.85595703125 180.63912963867188 576.2127075195312 200.4275360107422 3.857298 1.7623962 1.644495 -4.6926684 2.5190346 67.99788 1.911057949066162 0.5989540815353394
Car 0.0 0 3.5464730262756348 173.12869262695312 183.3723907470703 397.94482421875 270.24530029296875 3.6755152 1.5758463 1.6113148 -6.2711163 1.7941267 14.116453 3.12841796875 0.5381102561950684
Car 0.0 0 -2.6854255199432373 257.506103515625 185.5768585205078 436.3409118652344 254.64166259765625 3.5660439 1.4680231 1.5304863 -6.046147 1.7785846 16.637213 -3.0339975357055664 0.49236929416656494
Car 0.0 0 0.42309606075286865 0.0 0.0 1242.0 375.0 4.046467 1.5566012 1.5692247 3.1158698 1.4201334 1.9155402 1.4426840543746948 0.3941207528114319
Car 0.0 0 -1.5463597774505615 475.9222106933594 183.9426727294922 514.678466796875 220.87185668945312 3.9770432 1.492384 1.6193192 -5.1524825 2.0239158 32.482395 -1.703673005104065 0.26096275448799133
