Pedestrian 0.0 0 -1.6939613819122314 998.5929565429688 197.23751831054688 1077.6632080078125 375.0 1.7007372 1.8212996 0.57621914 4.9093485 2.1374245 8.445971 -1.1674314737319946 0.13191455602645874
Pedestrian 0.0 0 -0.1631317287683487 739.8640747070312 149.1583709716797 802.73095703125 233.9212188720703 1.2761209 1.8381739 0.60290205 3.5080829 1.3246661 15.979393 0.052977800369262695 0.11248184740543365
Pedestrian 0.0 0 1.1948862075805664 797.589111328125 186.46356201171875 828.9561157226562 246.82212829589844 0.9565448 1.8077738 0.62559605 6.239968 2.2392328 22.344883 1.4672058820724487 0.1071682870388031
Cyclist 0.0 0 -1.7168123722076416 989.3423461914062 187.23553466796875 1077.750732421875 370.578369140625 1.8304158 1.8231678 0.5972632 4.7507133 2.0078502 8.28402 -1.1961218118667603 0.26513463258743286
Cyclist 0.0 0 1.3540329933166504 724.6316528320312 139.590087890625 752.5654907226562 196.39111328125 1.384511 1.7496144 0.58602256 4.027674 0.7253601 22.926607 1.5279353857040405 0.11193371564149857
Car 0.0 0 2.3043620586395264 0.0 192.62173461914062 156.34988403320312 358.51385498046875 4.1265235 1.5079194 1.664493 -7.9492836 1.8153392 9.128071 1.5878809690475464 0.795446515083313
Car 0.0 0 1.675441861152649 494.55474853515625 178.80946350097656 521.7886352539062 198.7254638671875 4.0808845 1.4352758 1.6513275 -7.7919154 1.9091758 55.301266 1.5354639291763306 0.5864217877388
Car 0.0 0 2.3468518257141113 698.593994140625 187.7706756591797 744.3742065429688 206.13095092773438 4.300975 1.6141984 1.8177775 10.618519 3.0770004 68.722496 2.500152587890625 0.2149762660264969
Car 0.0 0 0.4572601616382599 37.3969841003418 190.2487335205078 145.13665771484375 224.1643524169922 3.8837056 1.5196224 1.6064328 -24.817131 2.380461 34.5785 -0.16524919867515564 0.14156946539878845
Car 0.0 0 -0.7401497960090637 190.09947204589844 162.47825622558594 284.2568359375 205.1914825439453 4.1327405 2.0595064 1.8437188 -19.074808 1.5595758 37.045662 -1.2156461477279663 0.12405882775783539
