Pedestrian 0.0 0 -1.4395495653152466 415.2727966308594 144.96763610839844 433.0596008300781 182.74945068359375 0.83576345 1.6790397 0.6761976 -7.9966483 0.056473564 32.373234 -1.6817160844802856 0.6334447264671326
Pedestrian 0.0 0 2.652735948562622 705.369140625 146.29222106933594 730.7159423828125 197.12625122070312 0.67120206 1.743943 0.5932314 4.037215 0.5371545 25.03014 2.812652826309204 0.6019832491874695
Pedestrian 0.0 0 1.5899150371551514 744.61328125 115.96978759765625 777.1054077148438 209.89356994628906 0.74036515 1.7826333 0.6050355 3.0863006 0.5401557 14.061561 1.805974006652832 0.59410160779953
Pedestrian 0.0 0 -0.9343879222869873 765.07861328125 154.82933044433594 778.111083984375 180.4006805419922 0.67118174 1.8590004 0.66136473 12.507851 -0.080830984 52.729237 -0.7014836072921753 0.4146908223628998
Pedestrian 0.0 0 -0.21118319034576416 356.8822937011719 156.2553253173828 371.80548095703125 181.7387237548828 0.8443713 1.7220197 0.67666245 -16.177187 0.01679603 49.043583 -0.5297984480857849 0.4006647765636444
Pedestrian 0.0 0 2.2577929496765137 696.9124145507812 153.65982055664062 716.6940307617188 188.8361053466797 0.74480253 1.7337865 0.65419376 5.2583137 0.36247352 35.895607 2.403247356414795 0.3977699279785156
Cyclist 0.0 0 -1.447519063949585 415.0377502441406 144.25941467285156 432.7315979003906 182.2713623046875 0.86341566 1.6874855 0.6741953 -8.004832 0.035190362 32.355587 -1.6900509595870972 0.1353340744972229
Car 0.0 0 -0.5992270708084106 419.6500244140625 176.2696075439453 535.5311279296875 218.2900390625 3.9161038 1.4020181 1.5656645 -4.42145 1.2285876 25.888418 -0.7683837413787842 0.9025444984436035
Car 0.0 0 0.01057213544845581 100.40047454833984 176.27304077148438 288.5649108886719 234.36244201660156 4.450055 1.4914939 1.6748422 -11.346789 1.3584639 20.243362 -0.5003111958503723 0.764478862285614
Car 0.0 0 1.9916596412658691 328.5584716796875 178.43687438964844 389.5285339355469 206.5929412841797 3.910185 1.4176661 1.6150277 -12.8124275 1.2643116 38.18998 1.667967677116394 0.7044368982315063
Car 0.0 0 -0.5604144930839539 722.4588012695312 159.74417114257812 774.507080078125 179.02914428710938 4.1771064 1.6192578 1.6501111 12.763504 -0.21874276 62.20434 -0.35803672671318054 0.6109448671340942
Car 0.0 0 -1.4768797159194946 566.0969848632812 168.6702117919922 597.462646484375 194.1435546875 3.828558 1.5184789 1.6044428 -1.1794436 0.7544516 44.781776 -1.503211259841919 0.5384042263031006
Car 0.0 0 1.7717634439468384 610.9169311523438 164.17007446289062 644.7545166015625 184.99639892578125 4.4429502 1.5131117 1.7164507 2.0706177 0.25462964 54.54868 1.809704303741455 0.47475579380989075
Car 0.0 0 -1.4231300354003906 606.6948852539062 166.38150024414062 631.9351196289062 185.01914978027344 3.7676442 1.5592697 1.6463381 1.6063493 0.2948888 62.092674 -1.3972656726837158 0.4345340132713318
Car 0.0 0 1.2290534973144531 993.0393676757812 148.28903198242188 1050.1287841796875 176.38812255859375 3.989237 1.5416577 1.6501646 24.655823 -0.3152817 42.292248 1.7568694353103638 0.42241212725639343
Car 0.0 0 -0.3987565338611603 254.74862670898438 160.6599884033203 320.3162841796875 185.46978759765625 3.6206903 1.5642068 1.5667542 -20.55586 0.25100616 47.13827 -0.8099709749221802 0.4109435975551605
Car 0.0 0 3.2532548904418945 0.0 158.82325744628906 27.164697647094727 190.1608428955078 4.0497637 1.5903099 1.6506739 -33.267006 0.44038764 38.28029 2.537811756134033 0.3907436728477478
Car 0.0 0 -0.6577269434928894 976.5057373046875 140.52978515625 1081.2235107421875 179.29022216796875 3.5252109 1.5580359 1.581891 17.786911 -0.09436871 29.986807 -0.12235359847545624 0.38435932993888855
Car 0.0 0 2.4244165420532227 349.04608154296875 159.12905883789062 410.384521484375 182.58135986328125 4.0315447 1.5860765 1.6782789 -15.59177 0.07379627 50.733536 2.126251697540283 0.38434651494026184
