Pedestrian 0.0 0 1.1752392053604126 767.4248046875 159.4636993408203 791.5182495117188 206.71566772460938 0.8572878 1.8198225 0.63626885 6.5897894 1.3044778 28.261395 1.404318928718567 0.4470633864402771
Car 0.0 0 -0.32020485401153564 694.6395874023438 186.97137451171875 850.4100341796875 247.78256225585938 3.6332912 1.4629451 1.6270193 4.123981 1.8510704 18.81751 -0.10445919632911682 0.9611812233924866
Car 0.0 0 -0.6237666010856628 831.240234375 188.99229431152344 1241.387451171875 342.8677673339844 3.6669228 1.4460646 1.6566738 4.5097356 1.6488587 8.020794 -0.11156289279460907 0.948592483997345
Car 0.0 0 3.6586709022521973 0.0 181.03489685058594 281.12371826171875 285.3384094238281 4.042705 1.5450528 1.6727828 -7.8397765 1.6904026 11.81169 3.0727038383483887 0.8893119096755981
Car 0.0 0 3.424635648727417 231.6793975830078 178.5913848876953 397.4468688964844 240.77146911621094 3.888078 1.5961053 1.6508646 -8.009027 1.7614588 19.726974 3.038973093032837 0.8810739517211914
Car 0.0 0 0.5132434368133545 91.2208251953125 182.90538024902344 336.2156982421875 259.5169372558594 4.063629 1.4274703 1.5697869 -7.871989 1.6408072 14.470618 0.015019893646240234 0.8620615601539612
Car 0.0 0 0.6309295296669006 0.0 171.89224243164062 200.03738403320312 326.2684326171875 3.9856157 1.7579674 1.6590626 -7.7510095 1.7473731 9.18109 -0.0702088475227356 0.8351538777351379
Car 0.0 0 -1.8917977809906006 457.96270751953125 178.96414184570312 492.6527404785156 200.2145233154297 3.597981 1.595126 1.6517881 -10.7438545 2.0971725 57.26715 -2.077251434326172 0.8000108599662781
Car 0.0 0 -0.3456462621688843 671.3281860351562 186.83563232421875 806.3870239257812 242.02662658691406 3.5888715 1.4996963 1.5849994 3.7036042 1.9329026 21.245224 -0.17305420339107513 0.728489100933075
Car 0.0 0 0.03676038980484009 305.8554992675781 175.5195770263672 418.4256286621094 222.67288208007812 3.8460743 1.6558889 1.5948774 -9.1772175 1.7601508 26.803778 -0.29311463236808777 0.42184698581695557
Car 0.0 0 3.14827823638916 275.6321716308594 173.6116180419922 401.4691162109375 221.9861297607422 3.849801 1.5333129 1.6201487 -9.138037 1.5607239 24.337097 2.789088726043701 0.4094308018684387
