Pedestrian 0.0 0 0.01717948168516159 504.0747985839844 159.4697723388672 519.4833374023438 192.99078369140625 0.81518596 1.7954502 0.71669334 -5.3476067 1.078923 39.04839 -0.11892207711935043 0.6752108931541443
Pedestrian 0.0 0 1.4885542392730713 483.97821044921875 124.94623565673828 515.1972045898438 203.67294311523438 0.7271535 1.8303037 0.6760729 -2.6884568 0.7168627 17.204998 1.3335474729537964 0.5302942395210266
Pedestrian 0.0 0 3.2997684478759766 243.88531494140625 132.6359405517578 291.11688232421875 208.69955444335938 0.95020306 1.8056767 0.6490046 -8.376641 0.8512966 17.571463 2.854918956756592 0.5179650783538818
Pedestrian 0.0 0 -1.9014286994934082 797.505859375 152.5601806640625 814.5996704101562 185.76609802246094 0.6911762 1.8104994 0.72178257 10.750248 0.704369 39.706657 -1.6370257139205933 0.49627795815467834
Cyclist 0.0 0 0.6228997111320496 396.88507080078125 157.8114776611328 428.3657531738281 184.66055297851562 1.8644928 1.71317 0.77457577 -12.812453 0.753704 46.724075 0.35526323318481445 0.6521968841552734
Car 0.0 0 -1.4897031784057617 566.4705810546875 173.78152465820312 643.7237548828125 240.8903350830078 3.9017966 1.5280395 1.6611489 -0.07351622 1.5547537 18.490993 -1.4936789274215698 0.9650883674621582
Car 0.0 0 -1.8598963022232056 781.78125 168.99234008789062 903.7534790039062 241.0582733154297 3.8917212 1.4579757 1.5782545 5.1247473 1.3802078 16.54936 -1.5595968961715698 0.964061975479126
Car 0.0 0 -2.3171610832214355 0.0 195.27455139160156 210.93553161621094 326.2988586425781 3.7734256 1.4602206 1.6211872 -7.5799665 1.7893889 9.494386 -2.99090313911438 0.913960874080658
Car 0.0 0 -1.683393955230713 762.832763671875 172.81552124023438 830.6969604492188 225.31239318847656 3.8965929 1.5055126 1.6183605 5.7420807 1.5047672 22.729017 -1.4359395503997803 0.913000226020813
Car 0.0 0 -1.657522439956665 747.415771484375 165.7555389404297 791.5865478515625 203.65939331054688 3.8675325 1.6341558 1.638319 7.222163 1.3284762 33.12751 -1.442870020866394 0.8764632940292358
Car 0.0 0 -1.514040470123291 588.4957275390625 169.3496551513672 647.7568359375 223.30824279785156 4.075458 1.6035765 1.7008055 0.30063906 1.4997902 23.53226 -1.501265525817871 0.7770544290542603
Car 0.0 0 -2.1087350845336914 942.0086059570312 153.97633361816406 1242.0 375.0 4.112976 1.5141975 1.6147212 3.3002164 1.4647762 4.0517654 -1.4252070188522339 0.7426816821098328
Car 0.0 0 -1.4394232034683228 625.9508056640625 174.03240966796875 668.8566284179688 209.0824432373047 3.296073 1.4750469 1.4971257 1.6752626 1.5309283 32.237476 -1.3875036239624023 0.6735236644744873
Car 0.0 0 -1.6371835470199585 736.7713623046875 165.2135009765625 767.1099243164062 190.98312377929688 3.6226451 1.4920659 1.5569757 8.518149 1.050038 43.669365 -1.444542407989502 0.5327984094619751
Car 0.0 0 -0.011576786637306213 412.3609619140625 153.1593780517578 489.5017395019531 181.3526611328125 4.6936455 1.7354497 1.730119 -10.109126 0.5234965 45.786774 -0.22887766361236572 0.5104162096977234
