Pedestrian 0.0 0 1.2164803743362427 702.3302612304688 133.72357177734375 795.024658203125 325.2039489746094 0.7962516 1.7673134 0.6540613 1.3431108 1.3372785 6.967042 1.4069247245788574 0.885425329208374
Pedestrian 0.0 0 1.1617546081542969 797.3377075195312 129.93121337890625 881.34521484375 308.9338073730469 0.7201296 1.7416911 0.57608426 2.3375664 1.2513537 7.261009 1.4732109308242798 0.8156125545501709
Pedestrian 0.0 0 1.1977437734603882 766.971435546875 140.2672882080078 819.9124145507812 255.86460876464844 0.7691206 1.800803 0.5836144 2.9878502 1.1757054 11.425666 1.4535194635391235 0.7804592847824097
Pedestrian 0.0 0 1.5215482711791992 680.6748046875 147.29139709472656 701.4722290039062 205.67568969726562 0.7661977 1.8189731 0.6157931 2.6935306 0.78590715 22.427044 1.6410776376724243 0.7267751693725586
Pedestrian 0.0 0 1.2857753038406372 463.6490783691406 138.4544219970703 520.9364624023438 256.5543518066406 0.88442004 1.7245136 0.64223266 -1.7883359 1.1122212 10.857158 1.1225261688232422 0.7021902799606323
Pedestrian 0.0 0 1.4724539518356323 451.9107971191406 143.59869384765625 488.0743713378906 223.2718048095703 1.0000648 1.8030833 0.7350013 -3.2153912 0.96958 16.580482 1.2809052467346191 0.6963266134262085
Pedestrian 0.0 0 -0.35940021276474 1094.8812255859375 184.18145751953125 1156.4505615234375 258.07672119140625 1.0489148 1.7740822 0.69204193 12.826145 1.8692483 17.491861 0.2733032703399658 0.6862272620201111
Pedestrian 0.0 0 1.312795639038086 714.2904663085938 140.96707153320312 767.7667846679688 266.7562561035156 0.7260075 1.9445237 0.6741102 2.1186602 1.3350583 11.311578 1.497950553894043 0.5767408609390259
Pedestrian 0.0 0 1.1276392936706543 564.993896484375 153.28280639648438 614.552490234375 251.9302215576172 0.91770536 1.6196613 0.50151086 -0.31632936 1.1744422 12.126493 1.1015594005584717 0.5754457712173462
Pedestrian 0.0 0 1.6133774518966675 604.9823608398438 134.7916717529297 632.2431030273438 212.03036499023438 0.74568456 1.8469576 0.63787687 0.30186337 0.75556654 17.293526 1.630831003189087 0.517092227935791
Pedestrian 0.0 0 0.8824520707130432 253.9334259033203 133.3363800048828 322.5650329589844 243.520263671875 0.851242 1.7640806 0.65281177 -5.326841 1.0106299 11.796138 0.45828914642333984 0.43571236729621887
Pedestrian 0.0 0 0.16042912006378174 517.8995971679688 141.25485229492188 551.8875732421875 215.7872772216797 0.7299583 1.758477 0.5889447 -1.7171957 0.83415264 16.992477 0.05971479415893555 0.4066205620765686
Pedestrian 0.0 0 1.4236814975738525 553.1744384765625 132.4439239501953 582.4852905273438 208.0171661376953 0.74269366 1.7902973 0.6062041 -0.9472971 0.65347326 17.169369 1.3685637712478638 0.3971521556377411
Pedestrian 0.0 0 0.05615914613008499 623.2142333984375 154.97216796875 670.44091796875 246.9141845703125 0.8288056 1.6227107 0.3959454 0.7136964 1.1738064 12.717069 0.11222147941589355 0.3855634331703186
Pedestrian 0.0 0 2.1020729541778564 353.39361572265625 153.70059204101562 377.0788269042969 192.48410034179688 0.9888846 1.8754154 0.69871885 -11.790616 0.580944 34.74009 1.7748768329620361 0.3707042932510376
Pedestrian 0.0 0 1.0428341627120972 488.4252014160156 138.0348358154297 556.8027954101562 252.40374755859375 0.96450824 1.7671024 0.71608555 -1.3965348 1.1126356 11.52017 0.9221975803375244 0.3638312518596649
Pedestrian 0.0 0 2.232703924179077 383.2402038574219 144.60536193847656 415.7836608886719 198.29818725585938 0.8986902 1.8186185 0.67323864 -7.139428 0.6043752 24.48523 1.9489887952804565 0.34100237488746643
Pedestrian 0.0 0 2.0511341094970703 308.4233703613281 154.40509033203125 331.0220031738281 194.56600952148438 0.84144163 1.9007468 0.6963121 -13.694426 0.6671684 33.91076 1.6673243045806885 0.3264937698841095
Cyclist 0.0 0 1.488631248474121 264.7245788574219 134.72547912597656 312.81475830078125 243.21470642089844 0.79856277 1.7312821 0.6657106 -5.326337 1.0024625 11.788811 1.0642707347869873 0.13862814009189606
Cyclist 0.0 0 2.9415764808654785 384.88470458984375 144.69322204589844 415.94512939453125 197.7995147705078 0.9246421 1.8034387 0.64094913 -7.121893 0.58901083 24.50423 2.6587295532226562 0.13204357028007507
Car 0.0 0 0.4402260184288025 412.4302978515625 175.33737182617188 487.0096740722656 203.1240234375 3.7247436 1.4890275 1.5361121 -8.568591 1.2137792 39.047195 0.22420811653137207 0.33049553632736206
