Pedestrian 0.0 0 -1.2049211263656616 308.6575012207031 118.77581787109375 359.082763671875 217.51930236816406 0.7838181 1.8304785 0.66382575 -5.306784 0.8283507 13.765512 -1.5728766918182373 0.5675473809242249
Pedestrian 0.0 0 -2.024916172027588 354.132568359375 130.11831665039062 398.4587707519531 209.9485626220703 0.8212185 1.8445317 0.7174472 -5.6269746 0.8574527 17.213366 -2.3408617973327637 0.5424644351005554
Car 0.0 0 1.3859097957611084 694.57958984375 166.88134765625 740.7360229492188 199.6407928466797 4.0042267 1.6786134 1.750349 5.7211556 1.3729287 39.004185 1.531551718711853 0.9150755405426025
Car 0.0 0 -2.802889585494995 320.6905517578125 178.14486694335938 430.9848937988281 221.30752563476562 3.4128747 1.4753704 1.5530626 -8.323304 1.6700691 25.680912 -3.116311550140381 0.9149280190467834
Car 0.0 0 -2.2449567317962646 861.3964233398438 195.93841552734375 1242.0 375.0 3.9443526 1.5075219 1.625391 2.591254 1.6758443 3.2715912 -1.5750839710235596 0.8942117691040039
Car 0.0 0 1.500890851020813 662.268310546875 162.66885375976562 683.6964721679688 180.6651153564453 4.041889 1.543447 1.6070311 5.5282016 0.67027676 63.913673 1.587170958518982 0.5049121975898743
Car 0.0 0 1.4981015920639038 555.881103515625 159.05413818359375 583.7872924804688 182.47373962402344 4.2136416 1.6197716 1.7028786 -2.9667125 0.6656895 52.100185 1.4412205219268799 0.41323980689048767
Car 0.0 0 1.6826993227005005 557.5003051757812 177.1315460205078 591.7395629882812 204.8242950439453 3.500728 1.4511441 1.5236725 -1.9641839 1.7002205 40.15634 1.6338248252868652 0.40153762698173523
Car 0.0 0 1.4418514966964722 547.5532836914062 168.92518615722656 572.518310546875 187.2525634765625 4.2104664 1.5333207 1.6267639 -4.38873 1.204983 62.587658 1.37184476852417 0.397333562374115
Car 0.0 0 1.6594233512878418 654.0618286132812 158.3414306640625 684.678955078125 184.141845703125 4.061423 1.658611 1.701079 4.002439 0.7260106 48.52796 1.7417141199111938 0.36704525351524353
