Pedestrian 0.0 0 -2.0634069442749023 854.8033447265625 156.30752563476562 880.9776000976562 207.19387817382812 0.7136795 1.7984971 0.6200583 9.207907 1.2140466 25.89828 -1.7218042612075806 0.23335790634155273
Pedestrian 0.0 0 2.440680742263794 352.7418212890625 176.67198181152344 364.46185302734375 197.62818908691406 0.82704633 1.8291453 0.53422403 -22.19614 2.1689088 63.647305 2.1051318645477295 0.14200936257839203
Pedestrian 0.0 0 -2.8839564323425293 742.23876953125 162.26593017578125 766.4112548828125 191.06260681152344 1.4195383 1.8053741 0.5148192 9.123629 1.1419253 45.776016 -2.6872241497039795 0.12726113200187683
Cyclist 0.0 0 -1.767591953277588 905.6069946289062 160.17654418945312 930.0899658203125 211.6656494140625 1.5985367 1.6879609 0.45647573 10.386878 1.2727154 24.480293 -1.3663182258605957 0.15642942488193512
Cyclist 0.0 0 -1.8733179569244385 804.0647583007812 149.95187377929688 827.1461791992188 191.88150024414062 1.6653638 1.8195149 0.51307386 9.107854 0.82604694 32.147194 -1.597235918045044 0.14929118752479553
Cyclist 0.0 0 -2.103252410888672 745.22705078125 161.4988250732422 763.8516845703125 190.65701293945312 1.4640483 1.8203853 0.48146525 9.13837 1.1118236 45.814304 -1.9063708782196045 0.12019278109073639
Car 0.0 0 -2.0826926231384277 751.55029296875 185.3180694580078 967.937744140625 305.7589111328125 3.4214072 1.4638032 1.5893384 3.521388 1.6856099 10.9816265 -1.7723894119262695 0.9733965396881104
Car 0.0 0 2.2613866329193115 0.0 189.01832580566406 88.80504608154297 258.6249084472656 4.2124004 1.6396013 1.6442969 -16.889072 2.13738 20.08783 1.562280535697937 0.7998338937759399
Car 0.0 0 1.371315836906433 1146.8814697265625 201.62318420410156 1242.0 259.93377685546875 3.3642797 1.4279709 1.6036354 17.179846 2.3546553 21.367271 2.04850697517395 0.15903164446353912
Car 0.0 0 0.7136650681495667 419.8247375488281 191.37808227539062 496.30364990234375 221.86387634277344 3.9090204 1.4815679 1.6193899 -8.20421 2.5187104 38.727276 0.5049057006835938 0.13727739453315735
Car 0.0 0 1.890445351600647 204.06243896484375 199.8592529296875 256.6385803222656 228.27413940429688 3.5637448 1.4470798 1.6902498 -22.193161 3.0995374 42.242744 1.406706690788269 0.11797383427619934
Car 0.0 0 2.058384656906128 390.8858337402344 192.63836669921875 483.68853759765625 237.5673370361328 4.015048 1.3932285 1.6045727 -6.253189 2.176519 26.405901 1.8258577585220337 0.11649952828884125
Car 0.0 0 0.2045939564704895 82.36033630371094 206.39149475097656 178.5018310546875 238.92713928222656 4.138828 1.571833 1.7083498 -26.278927 3.4873424 39.63831 -0.3808435797691345 0.11465084552764893
