Pedestrian 0.0 0 -1.369242548942566 315.68597412109375 150.3455810546875 334.1308288574219 191.48619079589844 0.5430353 1.8401147 0.6808727 -12.916328 0.83372784 32.596653 -1.7465094327926636 0.54627925157547
Pedestrian 0.0 0 1.1105555295944214 908.2261962890625 94.23069763183594 980.6651000976562 233.91708374023438 0.78298175 1.7711235 0.5791233 4.353061 0.7745941 9.546508 1.5383751392364502 0.49955323338508606
Pedestrian 0.0 0 -0.5347013473510742 1049.769775390625 52.56401062011719 1194.2818603515625 267.72784423828125 0.8537041 1.7896246 0.58372533 4.399253 0.7894709 6.3209887 0.0733184814453125 0.45532655715942383
Pedestrian 0.0 0 2.6333723068237305 971.6027221679688 73.67890930175781 1063.3687744140625 237.6669921875 0.7340526 1.7397466 0.47727805 4.3877482 0.6879578 7.8909473 3.1408472061157227 0.44326215982437134
Pedestrian 0.0 0 2.2915139198303223 1009.53662109375 119.49110412597656 1049.519287109375 197.60995483398438 0.6193921 1.7985756 0.5378378 9.810994 0.5703289 16.963514 2.815868616104126 0.4418911039829254
Pedestrian 0.0 0 -3.119633913040161 716.9981689453125 145.23843383789062 741.2874145507812 190.14447021484375 0.90244687 1.6903855 0.675074 4.514489 0.6512185 27.572397 -2.9573416709899902 0.28730857372283936
Cyclist 0.0 0 2.443603038787842 404.4160461425781 151.86386108398438 439.0447998046875 188.5398712158203 1.7198361 1.8082861 0.5848873 -9.534485 0.7737397 36.442776 2.1877098083496094 0.33482927083969116
Cyclist 0.0 0 -1.1838600635528564 0.0 78.9831771850586 82.85702514648438 233.5007781982422 1.8204858 1.7781622 0.48927507 -7.468114 0.6982707 9.242704 -1.863460659980774 0.3143434524536133
Cyclist 0.0 0 -2.0625741481781006 725.9868774414062 129.65664672851562 763.14208984375 182.5261993408203 1.4348373 1.8042165 0.6875144 4.6798654 0.33042967 25.408361 -1.8804295063018799 0.30118125677108765
Cyclist 0.0 0 -1.4872832298278809 697.83056640625 148.96707153320312 710.4571533203125 182.6934814453125 1.6353731 1.7626996 0.5367742 5.0022793 0.5146151 38.564095 -1.3582900762557983 0.2957063317298889
Cyclist 0.0 0 -0.4895865321159363 1056.61962890625 47.99427032470703 1223.7625732421875 270.9918212890625 1.0229586 1.8368791 0.5793804 4.5313673 0.80874056 6.2962523 0.13423418998718262 0.10550219565629959
Car 0.0 0 1.8529115915298462 305.59466552734375 193.02978515625 465.1316223144531 304.6848449707031 3.5770714 1.4447895 1.51951 -3.5217242 1.8247337 11.777333 1.5623489618301392 0.9611774682998657
Car 0.0 0 2.933342218399048 401.5515441894531 184.74105834960938 489.750732421875 219.72010803222656 3.87125 1.5525217 1.6500005 -7.926641 2.1494043 34.644676 2.7084155082702637 0.912283182144165
Car 0.0 0 -0.47235095500946045 581.1754760742188 165.27749633789062 622.9131469726562 182.4717254638672 3.6745336 1.6126839 1.6113497 -0.7769476 0.90242445 69.23935 -0.4835716784000397 0.5737860798835754
Car 0.0 0 -1.9684432744979858 622.9541625976562 162.11502075195312 655.51708984375 180.53372192382812 4.0046034 1.6668543 1.6123724 2.6786046 0.69535595 67.45275 -1.9287532567977905 0.4794958233833313
Car 0.0 0 1.4403140544891357 374.11370849609375 162.9313507080078 408.85101318359375 188.50057983398438 3.8029656 1.5400208 1.6099777 -13.852063 0.942743 45.51927 1.144905924797058 0.4660353362560272
Car 0.0 0 -2.3060684204101562 426.7801818847656 163.73385620117188 480.46221923828125 185.7906951904297 3.678216 1.4750416 1.5686935 -10.873415 0.8654938 49.957993 -2.5203771591186523 0.3250010907649994
