Car 0.0 0 -1.266235589981079 295.3518371582031 185.18301391601562 431.1705017089844 262.3260192871094 3.9284687 1.4704182 1.6812916 -5.1935863 1.4709263 15.675225 -1.586177110671997 0.953975260257721
Car 0.0 0 -1.048335075378418 0.0 194.57162475585938 345.37835693359375 371.0421447753906 3.8715584 1.3774596 1.5396408 -4.375441 1.5048631 7.7557898 -1.5619782209396362 0.9457563161849976
Car 0.0 0 -1.1165351867675781 213.5753936767578 185.40626525878906 316.2090759277344 228.55943298339844 4.1096706 1.3933892 1.6127306 -11.958553 1.4017735 25.290688 -1.558223009109497 0.9245743155479431
Car 0.0 0 -1.5458128452301025 572.3294067382812 178.7050018310547 612.2752685546875 210.38455200195312 3.4849377 1.3562912 1.7105173 -0.69109005 1.0786813 32.51813 -1.5670621395111084 0.9103241562843323
Car 0.0 0 -1.0658726692199707 98.36804962158203 187.4571990966797 275.8437194824219 259.8609619140625 3.9664998 1.3558656 1.5749108 -8.918384 1.4117985 15.576257 -1.5858732461929321 0.6575929522514343
Car 0.0 0 -1.3388794660568237 378.0094909667969 183.22781372070312 432.5110168457031 217.644775390625 3.5044181 1.4393 1.5601709 -8.937982 1.3572989 31.841656 -1.6125379800796509 0.6016268134117126
Car 0.0 0 -1.2942721843719482 314.1720886230469 169.4903106689453 396.03363037109375 223.75698852539062 3.958091 1.7360715 1.6650807 -8.719377 1.2341247 25.018068 -1.6296306848526 0.5954476594924927
Car 0.0 0 1.5457597970962524 677.7308959960938 173.41177368164062 705.34228515625 198.93492126464844 3.98992 1.5530872 1.6395181 5.2745643 0.8359481 45.799046 1.6604222059249878 0.3828854262828827
Car 0.0 0 -2.5481338500976562 352.4576416015625 182.4420166015625 444.84613037109375 211.70416259765625 4.2254643 1.3996555 1.6370989 -10.439065 1.268117 35.80387 -2.831831932067871 0.373671293258667
Car 0.0 0 1.5118107795715332 506.2106018066406 172.48123168945312 537.1605224609375 198.8628692626953 3.856577 1.4932669 1.5936991 -5.180255 0.7735952 42.72492 1.39115309715271 0.35513707995414734
