Pedestrian 0.0 0 -0.14084333181381226 648.4381103515625 159.65330505371094 664.6477661132812 192.4659423828125 0.78482395 1.721518 0.55387926 2.422347 1.0292997 38.159264 -0.07744846493005753 0.680903434753418
Pedestrian 0.0 0 2.8994338512420654 674.5709228515625 129.14649963378906 699.8389892578125 182.04115295410156 0.72477275 1.7162964 0.5052906 2.4883225 0.29845726 23.709278 3.004002571105957 0.5615664124488831
Pedestrian 0.0 0 0.02930903434753418 0.0 101.17327880859375 45.00480651855469 254.07240295410156 0.47533637 1.856681 0.6880173 -7.54598 0.9866072 9.176522 -0.6588904857635498 0.5512914061546326
Pedestrian 0.0 0 1.7194560766220093 905.9937133789062 82.35989379882812 999.0761108398438 297.5913391113281 0.7554567 1.6751608 0.6097993 2.8487225 0.97119695 6.096349 2.1565895080566406 0.543938934803009
Pedestrian 0.0 0 0.3265452980995178 638.596923828125 157.41563415527344 652.5681762695312 181.2489471435547 0.94625515 1.8164725 0.5479349 2.7078598 0.64018494 55.418102 0.3753688335418701 0.48497912287712097
Cyclist 0.0 0 -2.218651533126831 726.8447875976562 136.2568817138672 767.3085327148438 184.54583740234375 1.7905754 1.7427268 0.5030037 5.057864 0.42231122 26.950695 -2.0331382751464844 0.42367854714393616
Cyclist 0.0 0 -1.5988876819610596 783.9307250976562 116.79029846191406 810.4807739257812 182.94924926757812 1.8765043 1.808144 0.67858005 5.307842 0.2762643 20.70713 -1.3479610681533813 0.4231777787208557
Cyclist 0.0 0 0.3265452980995178 638.596923828125 157.41563415527344 652.5681762695312 181.2489471435547 0.94625515 1.8164725 0.5479349 2.7078598 0.64018494 55.418102 0.3753688335418701 0.11912371218204498
Car 0.0 0 -1.7502845525741577 669.2982177734375 174.8944091796875 755.2791137695312 240.13604736328125 3.625652 1.5219783 1.5669699 2.5104198 1.580711 18.792496 -1.617484450340271 0.9644443988800049
Car 0.0 0 1.801140546798706 401.2953796386719 184.5908966064453 483.3924560546875 241.64097595214844 3.8786201 1.5348055 1.6052274 -5.08389 1.9271381 22.151218 1.5755391120910645 0.963856041431427
Car 0.0 0 -1.0689407587051392 0.0 181.015625 356.70159912109375 374.1341552734375 4.1780787 1.6193266 1.7025188 -4.5581093 1.7373847 8.313369 -1.5704675912857056 0.9593492150306702
Car 0.0 0 1.7293990850448608 484.5850524902344 181.03895568847656 528.794921875 211.99383544921875 4.1450005 1.4979451 1.6775707 -5.4295645 1.9542377 38.103287 1.5878560543060303 0.8825746178627014
Car 0.0 0 0.862429678440094 907.17626953125 184.92738342285156 1242.0 375.0 3.7087567 1.4573048 1.5602477 2.550013 1.5350521 2.7369618 1.6124823093414307 0.7136831283569336
Car 0.0 0 -1.4524120092391968 630.421630859375 174.43060302734375 655.7505493164062 194.63832092285156 3.6970344 1.5881181 1.6444523 2.709846 1.7216052 58.966343 -1.4064885377883911 0.6299847960472107
Car 0.0 0 1.8140966892242432 499.2033386230469 165.92791748046875 528.0678100585938 183.65182495117188 4.4566054 1.5786842 1.6148828 -8.867648 0.9621306 66.5692 1.6816668510437012 0.515961229801178
