Pedestrian 0.0 0 3.625741481781006 168.00955200195312 72.80543518066406 266.2337951660156 237.73829650878906 0.85029453 1.8451167 0.5288709 -4.552538 0.5887055 8.309763 3.124547243118286 0.257852166891098
Pedestrian 0.0 0 -3.4234588146209717 1049.684814453125 112.07341003417969 1184.63330078125 314.9503173828125 0.89181817 1.7808212 0.6223857 4.6857114 1.1399212 6.7436333 -2.8162078857421875 0.20770962536334991
Pedestrian 0.0 0 1.8784657716751099 780.1485595703125 160.7908477783203 825.9845581054688 243.49496459960938 0.98631334 1.794128 0.73507977 4.3632984 1.2654023 16.204159 2.1414973735809326 0.17374059557914734
Pedestrian 0.0 0 0.6636653542518616 101.70356750488281 105.60488891601562 223.0374755859375 291.4830627441406 0.78361267 1.7051142 0.615322 -4.332906 0.9759525 6.9376645 0.10539102554321289 0.16390939056873322
Pedestrian 0.0 0 3.212291717529297 448.46038818359375 157.52993774414062 472.48834228515625 217.55328369140625 0.68358344 1.8101192 0.56659806 -4.545627 0.9763336 22.000835 3.008547067642212 0.15526941418647766
Pedestrian 0.0 0 -0.20932751893997192 999.3375244140625 99.21418762207031 1115.492919921875 279.1997375488281 0.9173351 1.7938198 0.7003689 4.690909 0.93781984 7.6441116 0.3410778045654297 0.12796363234519958
Cyclist 0.0 0 -1.5476716756820679 662.1017456054688 180.91311645507812 672.7844848632812 227.91407775878906 1.5864623 1.5899396 0.33882755 2.051532 1.445524 25.120136 -1.4661836624145508 0.4785577356815338
Cyclist 0.0 0 0.12246936559677124 529.4642333984375 165.4241943359375 560.8074951171875 196.82965087890625 1.7483695 1.8012136 0.572473 -3.6408937 0.66723204 41.541836 0.035048723220825195 0.1774720847606659
Car 0.0 0 -1.5571008920669556 581.468994140625 176.3522186279297 618.005859375 210.62225341796875 3.5388026 1.534097 1.6357039 -0.38982868 1.1384544 33.946995 -1.5685838460922241 0.8616335988044739
Car 0.0 0 -0.9223646521568298 0.0 196.55078125 132.32180786132812 357.0298156738281 3.7374973 1.4225761 1.5384746 -7.610702 1.5891187 8.563319 -1.6489328145980835 0.7442667484283447
Car 0.0 0 -0.9867099523544312 0.0 181.32464599609375 182.1009063720703 256.0601806640625 3.7564538 1.4442011 1.594542 -11.25829 1.3701408 15.792648 -1.6060291528701782 0.45240679383277893
Car 0.0 0 1.7857224941253662 629.83642578125 168.44227600097656 668.0339965820312 195.91973876953125 4.025581 1.6961162 1.6489477 2.6877728 0.66186607 46.529877 1.843422770500183 0.3961421847343445
Car 0.0 0 0.4193767309188843 668.0613403320312 167.12298583984375 738.4336547851562 194.99693298339844 3.850902 1.6103394 1.6679991 5.704411 0.5662142 43.244186 0.5505311489105225 0.15746350586414337
