Pedestrian 0.0 0 -3.092940330505371 897.4895629882812 178.62049865722656 917.44580078125 217.5872802734375 0.7772109 1.6770123 0.715395 13.025016 1.9345138 31.683641 -2.7029051780700684 0.6469224095344543
Pedestrian 0.0 0 -1.848987102508545 1217.3265380859375 160.9022674560547 1242.0 208.92083740234375 1.5995052 1.8203187 0.44832245 24.22997 1.3676026 28.169886 -1.1386370658874512 0.19206957519054413
Cyclist 0.0 0 -1.848987102508545 1217.3265380859375 160.9022674560547 1242.0 208.92083740234375 1.5995052 1.8203187 0.44832245 24.22997 1.3676026 28.169886 -1.1386370658874512 0.35190218687057495
Cyclist 0.0 0 -1.7078652381896973 834.2535400390625 159.8430938720703 848.3292846679688 193.86709594726562 1.8794968 1.7899649 0.467687 12.432109 1.1058334 38.922443 -1.3987001180648804 0.30914098024368286
Cyclist 0.0 0 0.08461660146713257 913.7586669921875 172.58261108398438 935.922119140625 214.33743286132812 0.8288619 1.7876701 0.69466734 13.659681 1.7764084 31.39132 0.49504613876342773 0.1142224594950676
Car 0.0 0 1.6994562149047852 402.3363342285156 180.880615234375 427.814208984375 199.26895141601562 4.319636 1.5322497 1.6542892 -17.362566 2.2733986 64.337975 1.4358701705932617 0.5739018321037292
Car 0.0 0 1.563544750213623 571.8014526367188 172.0084991455078 592.009033203125 191.29818725585938 3.86621 1.5494419 1.6231089 -2.3725646 1.4818859 59.923706 1.5239722728729248 0.4909121096134186
Car 0.0 0 1.9367784261703491 281.8878173828125 188.99392700195312 317.3272705078125 207.05886840820312 3.4837708 1.4312361 1.6672366 -26.696505 2.8605752 62.106216 1.530804991722107 0.4789159893989563
Car 0.0 0 0.6656973361968994 842.7989501953125 179.47119140625 913.0950317382812 205.4289093017578 3.990306 1.5240169 1.6535813 16.833626 1.9619688 45.579784 1.0194809436798096 0.43799343705177307
Car 0.0 0 1.8670294284820557 345.0785827636719 183.5063018798828 375.87640380859375 201.093994140625 3.8995397 1.4858145 1.5664918 -22.569359 2.4798114 65.3248 1.5343739986419678 0.3815278112888336
Car 0.0 0 2.218599557876587 0.0 208.2339324951172 45.073421478271484 257.0093688964844 3.5118217 1.4561871 1.7562517 -22.5596 2.819236 25.976963 1.503493309020996 0.3173445761203766
