Pedestrian 0.0 0 1.1315832138061523 1154.8116455078125 138.4895782470703 1191.0191650390625 194.75933837890625 0.76922023 1.8653857 0.70291054 18.957811 0.72653633 24.36932 1.7927260398864746 0.6196409463882446
Pedestrian 0.0 0 -0.735010027885437 1006.1605224609375 108.20541381835938 1058.964111328125 189.83895874023438 0.7973274 1.6958135 0.5633544 8.930147 0.35319468 15.344016 -0.2079344093799591 0.6115556359291077
Pedestrian 0.0 0 1.4761815071105957 923.1651611328125 122.4353256225586 960.202392578125 210.2587127685547 0.8022162 1.7133212 0.60254633 6.627015 0.7300756 14.551041 1.9035438299179077 0.5683756470680237
Pedestrian 0.0 0 2.564014434814453 849.913330078125 128.4506072998047 890.8411865234375 191.9239959716797 0.87365687 1.7880541 0.687363 7.438212 0.5375623 20.758505 2.908082962036133 0.5260291695594788
Pedestrian 0.0 0 -0.22695642709732056 864.6885375976562 129.96566772460938 911.8339233398438 217.64134216308594 0.80744135 1.8151002 0.6432116 5.8421826 0.927565 15.30879 0.13760781288146973 0.48073872923851013
Pedestrian 0.0 0 -2.074676513671875 1173.23486328125 79.1666259765625 1242.0 250.93002319335938 0.75472164 1.7342113 0.53495985 6.4799485 0.7886536 7.704383 -1.3753880262374878 0.4392401874065399
Pedestrian 0.0 0 -3.631622552871704 996.8765869140625 144.46595764160156 1029.5848388671875 186.76490783691406 1.1396852 1.9116515 0.6318133 18.358828 0.629045 32.93272 -3.1230664253234863 0.39752310514450073
Pedestrian 0.0 0 1.0259793996810913 645.8505859375 167.94374084472656 677.0764770507812 205.5482940673828 1.7110335 1.7949971 0.74592316 2.471949 1.5609711 35.37016 1.0957539081573486 0.15634393692016602
Cyclist 0.0 0 1.0992815494537354 647.06201171875 168.2870635986328 676.7017211914062 206.0133819580078 1.7190058 1.8013498 0.7483084 2.4931593 1.5836463 35.38647 1.1696205139160156 0.63985276222229
Cyclist 0.0 0 0.36237025260925293 682.7103271484375 154.08534240722656 711.5712890625 182.35821533203125 1.7855656 1.8270333 0.5881929 5.6785836 0.61453354 47.298386 0.4818570613861084 0.39295968413352966
Cyclist 0.0 0 -1.925210952758789 962.7638549804688 120.03732299804688 1044.7047119140625 244.91229248046875 1.7902052 1.7567531 0.50174046 5.936328 1.0140809 11.069002 -1.4329452514648438 0.38174253702163696
Car 0.0 0 0.1270688772201538 945.1014404296875 154.4304656982422 1005.0807495117188 176.13726806640625 3.79116 1.556206 1.6176552 27.007084 0.23574299 53.457935 0.59486985206604 0.6294755935668945
Car 0.0 0 -1.5621434450149536 582.4988403320312 176.23548889160156 607.5917358398438 200.96786499023438 3.763326 1.5531796 1.5938759 -1.0050988 1.7860445 47.71801 -1.583203673362732 0.5636684894561768
Car 0.0 0 1.239516019821167 735.0438842773438 147.20704650878906 801.5344848632812 186.26629638671875 3.871903 1.5335963 1.5411139 6.531103 0.5269693 30.34111 1.451536774635315 0.5241864919662476
Car 0.0 0 2.53608775138855 0.0 158.14297485351562 40.91948318481445 199.4100799560547 4.203491 1.6610067 1.6750338 -27.483217 1.0692443 31.281206 1.8152304887771606 0.4642905294895172
Car 0.0 0 1.4547700881958008 702.3818359375 161.24549865722656 742.1528930664062 190.5290985107422 4.118045 1.4917727 1.6382449 5.950258 0.90076756 38.84119 1.6067827939987183 0.4514182507991791
Car 0.0 0 -2.8482789993286133 724.584228515625 162.07711791992188 774.4159545898438 179.0552978515625 4.1081047 1.4827689 1.5623269 12.472025 0.54194 64.658875 -2.6577296257019043 0.4026697874069214
