Pedestrian 0.0 0 1.2772094011306763 837.5777587890625 140.70188903808594 861.9727172851562 195.0681915283203 0.75527024 1.8312323 0.5976801 8.153098 0.7486033 24.686077 1.5962014198303223 0.8276003003120422
Pedestrian 0.0 0 -1.2446255683898926 603.0340576171875 133.66087341308594 625.7543334960938 179.38177490234375 0.6856817 1.6925071 0.6712809 0.12542099 0.24200478 27.140577 -1.2400044202804565 0.6417883038520813
Pedestrian 0.0 0 -2.8198485374450684 860.2499389648438 160.7688446044922 873.9192504882812 191.48129272460938 0.5482916 1.7374431 0.684818 14.666188 1.0541278 41.254173 -2.4782752990722656 0.5727452039718628
Pedestrian 0.0 0 -0.25132477283477783 851.360107421875 149.86151123046875 869.9044799804688 188.42396545410156 0.65010256 1.7263438 0.651856 11.297814 0.69738626 32.650078 0.08180642127990723 0.5718951225280762
Pedestrian 0.0 0 0.19277934730052948 426.23583984375 161.41220092773438 445.9659729003906 196.2936248779297 0.89313185 1.811994 0.6795258 -9.152006 1.217982 37.838474 -0.04453339800238609 0.4503171145915985
Cyclist 0.0 0 1.9008616209030151 205.1157684326172 173.70240783691406 345.642822265625 375.0 1.9966118 1.7648872 0.6040988 -3.1741157 1.7746079 6.9365096 1.4717092514038086 0.832214891910553
Car 0.0 0 -1.986833095550537 712.858642578125 185.86727905273438 941.0888671875 332.7157287597656 3.4806862 1.5540029 1.6293728 2.6425974 1.7644827 9.803686 -1.7235393524169922 0.9468148350715637
Car 0.0 0 -1.80370032787323 589.9232788085938 182.704345703125 657.4580688476562 232.4623260498047 3.2361112 1.5129895 1.5625275 0.3516583 1.8700726 24.378412 -1.789276361465454 0.9420560598373413
Car 0.0 0 -0.9332762956619263 649.4190063476562 180.2225341796875 723.87158203125 211.87742614746094 3.9947906 1.4570838 1.663132 3.8535733 1.8478084 36.189434 -0.8271926641464233 0.7852815389633179
Car 0.0 0 2.3552513122558594 533.1937866210938 180.667236328125 600.9072875976562 210.22271728515625 3.6737874 1.5060284 1.5853318 -2.3572476 1.9565572 39.669228 2.2958984375 0.7484458684921265
Car 0.0 0 -1.0477615594863892 710.2708740234375 178.34373474121094 773.892822265625 207.21363830566406 4.0169616 1.4556468 1.6105169 7.186764 1.769964 39.210224 -0.866485595703125 0.7278715968132019
Car 0.0 0 -1.0185288190841675 768.1890258789062 179.17877197265625 821.6444702148438 206.62547302246094 3.2614686 1.5128669 1.5525217 10.813047 1.898329 42.239174 -0.7679151296615601 0.710734486579895
Car 0.0 0 -3.116544723510742 906.2745361328125 173.4346160888672 987.9645385742188 204.90719604492188 3.7248833 1.5453068 1.6345242 17.24524 1.5767301 37.042522 -2.680832862854004 0.46080416440963745
Car 0.0 0 -1.0850169658660889 809.560546875 175.9002227783203 861.005615234375 201.8888702392578 3.5650504 1.537431 1.5766525 14.019578 1.7351254 44.92335 -0.7825167775154114 0.44754165410995483
Car 0.0 0 -1.136157751083374 890.0369873046875 176.35067749023438 938.0859985351562 198.5250701904297 4.0599217 1.5230979 1.6449627 21.976355 1.7857791 52.153824 -0.7373608946800232 0.3904159665107727
Car 0.0 0 2.053403377532959 157.5393524169922 160.88082885742188 216.1863555908203 185.185791015625 3.6607168 1.4228429 1.5733703 -25.821991 0.72227573 44.102318 1.5237125158309937 0.3854351043701172
