Pedestrian 0.0 0 -0.3777424991130829 781.9554443359375 147.06773376464844 908.0931396484375 321.1378479003906 1.088466 1.7424041 0.65645266 2.4476902 1.4094483 7.4324927 -0.05960565432906151 0.5541554093360901
Pedestrian 0.0 0 1.090186357498169 821.1990356445312 97.89460754394531 881.7216796875 201.17987060546875 0.8085169 1.7598209 0.71516234 4.298135 0.35400048 12.494995 1.4214956760406494 0.4924333393573761
Pedestrian 0.0 0 -0.25743287801742554 950.1630859375 95.96875 1014.1766967773438 208.09750366210938 0.8232633 1.8062432 0.551912 6.2072663 0.4462124 11.746721 0.22869563102722168 0.43794339895248413
Pedestrian 0.0 0 -0.10720908641815186 706.163330078125 116.13165283203125 742.0140991210938 184.0977020263672 0.8479466 1.7162673 0.59543175 3.0163581 0.09244151 18.170815 0.05729103088378906 0.4166660010814667
Pedestrian 0.0 0 -0.3005761504173279 895.7115478515625 91.41986846923828 958.611083984375 205.12454223632812 0.82534593 1.8418399 0.55108094 5.306594 0.4005326 11.772183 0.12292122840881348 0.37633588910102844
Pedestrian 0.0 0 -3.2682926654815674 756.6911010742188 91.92609405517578 823.0643310546875 200.9642791748047 1.0476816 1.8525662 0.6664248 3.181624 0.3493372 12.40347 -3.017195701599121 0.3090575039386749
Pedestrian 0.0 0 1.521695613861084 625.2804565429688 117.0342788696289 649.177490234375 185.8645477294922 0.6427046 1.7291393 0.57751703 0.78200614 0.13636106 18.080408 1.5649203062057495 0.29498475790023804
Pedestrian 0.0 0 1.4830732345581055 520.7802734375 110.26823425292969 555.004150390625 199.48098754882812 0.8318427 1.8226075 0.64476323 -1.4649909 0.3894049 14.908253 1.3851206302642822 0.28996506333351135
Pedestrian 0.0 0 0.6504420042037964 178.26187133789062 115.475830078125 277.7003479003906 205.30653381347656 1.776166 1.7258372 0.5302516 -7.491432 0.47821924 13.980937 0.15854144096374512 0.11919081956148148
Cyclist 0.0 0 -3.3180630207061768 759.6534423828125 90.70609283447266 851.7954711914062 200.26927185058594 1.452161 1.853811 0.6691954 3.4397788 0.3361445 12.36024 -3.0466370582580566 0.3256053626537323
Cyclist 0.0 0 0.6504420042037964 178.26187133789062 115.475830078125 277.7003479003906 205.30653381347656 1.776166 1.7258372 0.5302516 -7.491432 0.47821924 13.980937 0.15854144096374512 0.29984384775161743
Car 0.0 0 -1.8018498420715332 653.241943359375 131.20213317871094 742.2189331054688 193.0225372314453 3.670009 1.5339649 1.6018273 2.4069712 0.31232083 19.449804 -1.678722858428955 0.4140784442424774
Car 0.0 0 -1.7486083507537842 719.0556640625 130.07901000976562 805.3436279296875 194.257568359375 3.9776514 1.6095879 1.6424166 4.2327995 0.3466317 19.742832 -1.5374088287353516 0.4041490852832794
Car 0.0 0 2.0423521995544434 580.282958984375 155.24166870117188 622.065185546875 177.4969482421875 3.6624415 1.5741391 1.6195118 -0.2390066 -0.23044267 52.545948 2.0378036499023438 0.31174108386039734
Car 0.0 0 -1.27434241771698 496.81512451171875 138.99305725097656 583.1360473632812 193.5996551513672 3.7874007 1.5097356 1.5781952 -1.912437 0.36374947 21.55899 -1.3628180027008057 0.294925719499588
