Pedestrian 0.0 0 2.3425021171569824 851.6865844726562 139.26414489746094 928.834228515625 268.26055908203125 0.7098947 1.69811 0.69462776 3.8070896 1.2562906 9.959953 2.7076046466827393 0.6756069660186768
Pedestrian 0.0 0 -0.01868036389350891 894.0895385742188 159.8740997314453 937.0870361328125 250.25616455078125 0.7930981 1.7920495 0.4945368 6.157078 1.5350482 14.679827 0.37845826148986816 0.39232945442199707
Pedestrian 0.0 0 -1.306700348854065 518.3048706054688 156.9613494873047 538.6039428710938 198.9988555908203 1.1965075 1.8331414 0.6078092 -3.6605453 1.1404636 32.09862 -1.420250415802002 0.3056376874446869
Pedestrian 0.0 0 2.8455073833465576 582.90771484375 175.44137573242188 596.1657104492188 200.65054321289062 0.8168921 1.7646571 0.52945584 -1.4753032 1.9491469 50.964863 2.816567897796631 0.28916096687316895
Cyclist 0.0 0 -1.306700348854065 518.3048706054688 156.9613494873047 538.6039428710938 198.9988555908203 1.1965075 1.8331414 0.6078092 -3.6605453 1.1404636 32.09862 -1.420250415802002 0.1269863098859787
Car 0.0 0 -1.41179358959198 477.4059753417969 187.095703125 570.5072631835938 257.095703125 4.46871 1.4413345 1.6068186 -2.0594432 1.8427067 18.045633 -1.5254261493682861 0.9455858469009399
Car 0.0 0 -1.5017294883728027 534.734130859375 180.95518493652344 586.7183837890625 224.4085693359375 4.329769 1.4392844 1.6340364 -1.8007123 1.7656966 26.8709 -1.5686429738998413 0.941440761089325
Car 0.0 0 -2.295260190963745 955.5122680664062 184.44198608398438 1242.0 375.0 3.8032985 1.4808915 1.5929667 3.3089855 1.5691048 3.5456293 -1.5443716049194336 0.8463311791419983
Car 0.0 0 -1.6497907638549805 681.4071044921875 174.47352600097656 724.5774536132812 209.7495574951172 3.8421476 1.4305723 1.5508021 3.9470894 1.5057858 31.392498 -1.5247136354446411 0.7834968566894531
Car 0.0 0 -1.809114933013916 656.609130859375 174.27789306640625 692.618408203125 197.28578186035156 3.8188 1.4845626 1.5616568 4.2966776 1.585198 48.806824 -1.7213069200515747 0.7270223498344421
Car 0.0 0 -1.729740858078003 705.6028442382812 177.8184356689453 791.1795043945312 239.4383087158203 3.7756445 1.435182 1.6072654 3.486361 1.5794976 19.014866 -1.548405647277832 0.6814456582069397
