Pedestrian 0.0 0 0.898511528968811 831.9545288085938 132.7042694091797 873.8754272460938 208.5533905029297 0.8044123 1.8276018 0.6159893 5.9590254 0.86054283 17.866358 1.2204420566558838 0.6000270247459412
Pedestrian 0.0 0 0.09655061364173889 762.7409057617188 143.26846313476562 783.1178588867188 189.6593017578125 0.713272 1.7638668 0.5974873 6.2436843 0.6393272 27.826576 0.3172733783721924 0.5913219451904297
Pedestrian 0.0 0 1.9377131462097168 781.8746337890625 137.00344848632812 812.1038818359375 197.46673583984375 0.69169056 1.7624118 0.6695768 5.5289044 0.71778154 21.504871 2.1893630027770996 0.3577251136302948
Car 0.0 0 -1.5069692134857178 572.3841552734375 177.79510498046875 603.41015625 203.2369842529297 4.2539225 1.5229903 1.7184962 -1.401304 1.85437 46.18103 -1.5373035669326782 0.7269511818885803
Car 0.0 0 1.3280425071716309 661.4056396484375 166.522216796875 698.1974487304688 191.52294921875 4.1813154 1.737136 1.6926588 4.9847174 1.2975398 52.32464 1.4230210781097412 0.6033415794372559
Car 0.0 0 -3.0342440605163574 976.5030517578125 159.73312377929688 1030.6929931640625 177.80911254882812 4.0163736 1.5368198 1.583698 34.40301 0.42164135 63.13731 -2.5353310108184814 0.5382584929466248
Car 0.0 0 -3.4781434535980225 854.7874145507812 158.49961853027344 913.7122192382812 178.72305297851562 3.8744535 1.5111344 1.5792317 20.75078 0.43890515 54.75116 -3.1158690452575684 0.5283972024917603
Car 0.0 0 -1.8304439783096313 640.224609375 163.10169982910156 667.4285278320312 180.53622436523438 3.952167 1.591877 1.5920798 4.0770016 0.70179045 67.972755 -1.7705358266830444 0.3969656527042389
Car 0.0 0 -1.6120144128799438 911.532958984375 158.73690795898438 933.3836059570312 178.20986938476562 3.5563135 1.6824354 1.6371098 27.791704 0.4630965 64.29049 -1.2039909362792969 0.396016925573349
Car 0.0 0 1.6565887928009033 684.3790283203125 158.9992218017578 717.6072387695312 184.5115203857422 4.4828806 1.5626941 1.7512149 5.8879385 0.7144104 46.56862 1.7823572158813477 0.38576236367225647
Car 0.0 0 -1.5105435848236084 657.2588500976562 164.8376007080078 678.5878295898438 183.67042541503906 3.794504 1.5518862 1.5868677 4.936602 0.8916669 61.44397 -1.4303725957870483 0.36132997274398804
Car 0.0 0 1.24489426612854 1002.3351440429688 152.86734008789062 1048.749267578125 175.79989624023438 4.020074 1.5734035 1.6726812 29.642473 0.20247558 51.63609 1.7660255432128906 0.35808566212654114
Car 0.0 0 -3.3303189277648926 865.269775390625 158.1820831298828 935.9668579101562 184.4849090576172 3.9734452 1.6468058 1.6410187 18.583328 0.72856265 46.357815 -2.9490652084350586 0.34712398052215576
