Pedestrian 0.0 0 -0.48316460847854614 924.6005859375 106.87549591064453 1023.3425903320312 252.2504425048828 0.9827698 1.8541958 0.6308886 4.7320094 1.0130259 9.526407 -0.02214002050459385 0.3031398057937622
Pedestrian 0.0 0 -0.4607492685317993 961.3929443359375 176.06651306152344 1030.238525390625 287.7037048339844 0.88953453 1.8766139 0.5600005 6.5842524 1.9336448 12.434605 0.02622699737548828 0.3001587986946106
Cyclist 0.0 0 -1.8772727251052856 725.7753295898438 158.88319396972656 741.5474853515625 189.06336975097656 1.6242023 1.7409831 0.44308048 7.2342725 0.9354169 42.454933 -1.7084949016571045 0.27560535073280334
Car 0.0 0 0.306315153837204 263.36016845703125 178.85000610351562 472.947265625 245.62339782714844 4.2619934 1.436491 1.5873914 -5.4582334 1.5807306 16.489353 -0.013348020613193512 0.9659754633903503
Car 0.0 0 1.7263762950897217 493.6827697753906 163.61483764648438 576.5343017578125 240.1306915283203 4.2563906 1.9503233 1.6985188 -2.0623739 1.715183 20.560736 1.6264042854309082 0.9386981129646301
Car 0.0 0 -1.7194786071777344 703.478271484375 169.623046875 782.3431396484375 243.0722198486328 3.8643427 1.8496186 1.5791134 3.5523403 1.7686136 20.119333 -1.544716238975525 0.9325660467147827
Car 0.0 0 1.6540902853012085 557.6512451171875 176.5618896484375 605.0887451171875 217.16448974609375 3.9633007 1.5010546 1.5841768 -1.1311631 1.66109 29.054924 1.6151779890060425 0.8380528092384338
Car 0.0 0 1.6788840293884277 588.1976928710938 169.8592071533203 625.5044555664062 198.37957763671875 4.1061697 1.5108801 1.6539418 -0.16073853 1.3525872 40.348957 1.6749002933502197 0.5962232947349548
Car 0.0 0 0.6240586042404175 985.6131591796875 220.06451416015625 1242.0 375.0 3.6518302 1.4774245 1.5873076 2.7692926 1.7318308 2.044715 1.558849811553955 0.5722243189811707
Car 0.0 0 1.6282857656478882 574.6256713867188 171.79421997070312 611.3662109375 203.98550415039062 3.974587 1.4817529 1.5685055 -0.8185812 1.433329 35.222355 1.6050496101379395 0.46285480260849
Car 0.0 0 1.8022691011428833 383.55877685546875 175.36532592773438 472.96868896484375 234.6812286376953 3.6912835 1.460742 1.5638044 -4.915144 1.5364043 19.778236 1.5586906671524048 0.27721041440963745
