Pedestrian 0.0 0 -2.7304389476776123 291.9479675292969 137.4739532470703 381.4322204589844 283.24249267578125 0.9196293 1.8160112 0.596089 -3.4946234 1.2816626 9.122134 -3.096285581588745 0.7808986902236938
Pedestrian 0.0 0 1.2352371215820312 848.162353515625 91.38154602050781 907.4861450195312 202.6873321533203 0.8691911 1.8288239 0.6928659 4.5906496 0.3662034 12.056492 1.5990495681762695 0.5624351501464844
Pedestrian 0.0 0 -0.10257528722286224 752.9208374023438 94.77542114257812 810.4378662109375 204.84107971191406 0.9067001 1.8669872 0.72043794 3.0402536 0.41453332 12.407382 0.137725830078125 0.5271843075752258
Pedestrian 0.0 0 0.020297110080718994 708.4783325195312 119.54490661621094 739.6920166015625 188.62181091308594 0.77755207 1.738095 0.60586894 3.025473 0.20595261 18.155027 0.1854262351989746 0.4765499532222748
Pedestrian 0.0 0 1.540500521659851 520.171875 109.96247863769531 551.5472412109375 198.57815551757812 0.8595166 1.8146459 0.6305576 -1.5111148 0.37182415 14.941049 1.4397047758102417 0.37631866335868835
Pedestrian 0.0 0 -0.589134931564331 1099.1541748046875 93.1455078125 1193.6905517578125 206.49298095703125 1.0764573 1.7964296 0.5923808 8.764968 0.41361487 11.529344 0.0608820915222168 0.358858197927475
Pedestrian 0.0 0 0.6693605184555054 95.43234252929688 120.67736053466797 149.72584533691406 212.96121215820312 0.6794554 1.782431 0.5697315 -9.559956 0.62860966 13.959003 0.06886839866638184 0.33087751269340515
Pedestrian 0.0 0 -3.49292254447937 910.5651245117188 95.8230209350586 971.4506225585938 208.02330017089844 0.7698802 1.8182343 0.55409956 5.533871 0.4476755 11.762886 -3.053191661834717 0.3255125880241394
Pedestrian 0.0 0 1.7187187671661377 622.8845825195312 127.66744995117188 649.9368896484375 197.45846557617188 0.71211624 1.7446072 0.5944516 0.77186245 0.42551586 18.075464 1.7613950967788696 0.2983871400356293
Pedestrian 0.0 0 0.14684683084487915 564.2605590820312 123.34998321533203 604.6665649414062 213.158935546875 0.7643439 1.8258804 0.58733773 -0.461546 0.6656054 14.705584 0.11547136306762695 0.2941926419734955
Pedestrian 0.0 0 0.5793907642364502 174.8576202392578 114.73295593261719 271.4181213378906 206.2395477294922 1.6587172 1.7675285 0.5351458 -7.585647 0.49881393 13.987259 0.0824587345123291 0.13664402067661285
Cyclist 0.0 0 0.5793907642364502 174.8576202392578 114.73295593261719 271.4181213378906 206.2395477294922 1.6587172 1.7675285 0.5351458 -7.585647 0.49881393 13.987259 0.0824587345123291 0.336490660905838
Cyclist 0.0 0 -0.589134931564331 1099.1541748046875 93.1455078125 1193.6905517578125 206.49298095703125 1.0764573 1.7964296 0.5923808 8.764968 0.41361487 11.529344 0.0608820915222168 0.19837437570095062
Cyclist 0.0 0 2.750157356262207 802.9644165039062 94.57112884521484 872.1993408203125 201.71363830566406 0.95568794 1.8235587 0.7084198 4.027129 0.36270258 12.419263 3.0637240409851074 0.13485530018806458
Cyclist 0.0 0 1.540500521659851 520.171875 109.96247863769531 551.5472412109375 198.57815551757812 0.8595166 1.8146459 0.6305576 -1.5111148 0.37182415 14.941049 1.4397047758102417 0.11048518866300583
Cyclist 0.0 0 1.2229571342468262 751.1727294921875 94.57337188720703 811.0426635742188 205.27169799804688 0.9483009 1.8621061 0.7360096 3.0270905 0.41834486 12.399793 1.4623980522155762 0.10270407795906067
Car 0.0 0 -1.237840175628662 490.009521484375 138.5219268798828 579.9795532226562 195.3832550048828 3.6747975 1.5476129 1.5659035 -2.031413 0.40666232 21.209026 -1.333329439163208 0.41849949955940247
Car 0.0 0 -1.8898859024047852 647.2440795898438 136.2181396484375 746.9868774414062 198.26930236816406 3.7314417 1.5304009 1.5996939 2.377456 0.43985093 19.419655 -1.7680668830871582 0.3846522867679596
Car 0.0 0 -3.4327616691589355 1175.81494140625 109.29164123535156 1224.0 174.80764770507812 3.778826 1.5215697 1.6219975 17.30829 -0.15819749 18.265104 -2.6742539405822754 0.3290066421031952
Car 0.0 0 -1.742932677268982 721.544189453125 133.82424926757812 806.618408203125 196.00193786621094 3.8774228 1.5602642 1.6432911 4.282019 0.39059418 19.708815 -1.5289933681488037 0.31160667538642883
