Pedestrian 0.0 0 1.4767212867736816 851.229248046875 156.2944793701172 870.2974243164062 202.4735107421875 0.7006383 1.9155132 0.69357306 10.50163 1.2289801 30.349207 1.809851884841919 0.4183502495288849
Car 0.0 0 -1.866420030593872 765.9228515625 185.8297882080078 977.17822265625 325.0534362792969 3.7134774 1.4795735 1.6191896 3.2575192 1.691535 9.889232 -1.548213005065918 0.9649835824966431
Car 0.0 0 -1.7667031288146973 721.5198364257812 177.03982543945312 838.8482666015625 262.4815368652344 3.7087975 1.5329691 1.639127 3.335421 1.6312203 14.99904 -1.547887921333313 0.9607100486755371
Car 0.0 0 3.564422130584717 126.4512939453125 180.12937927246094 396.1521911621094 265.0230407714844 4.2175164 1.4603138 1.6450144 -6.3782735 1.604783 13.423445 3.1208438873291016 0.9555259346961975
Car 0.0 0 3.4423046112060547 285.6125183105469 178.3683319091797 449.7938537597656 241.26136779785156 3.7513776 1.5592377 1.6836627 -6.302705 1.710949 18.920717 3.1207540035247803 0.8959687948226929
Car 0.0 0 -1.770747184753418 674.7872314453125 181.54080200195312 729.219970703125 221.80967712402344 3.343294 1.4432766 1.4725137 3.508727 1.8054194 28.324467 -1.6474988460540771 0.861251950263977
Car 0.0 0 0.798759937286377 0.0 173.61212158203125 259.8922424316406 375.0 4.312122 1.6022601 1.6470003 -5.766051 1.61054 6.5501757 0.07694196701049805 0.8245007395744324
Car 0.0 0 -2.8404359817504883 362.88824462890625 178.93499755859375 492.68829345703125 227.39927673339844 3.7999575 1.5040065 1.596773 -5.9222145 1.7101629 23.515553 -3.0871479511260986 0.6395369172096252
Car 0.0 0 0.24166718125343323 422.8460998535156 170.7808380126953 523.896240234375 213.66778564453125 3.6281948 1.6347079 1.6178192 -5.3724704 1.556044 28.406845 0.0547490119934082 0.5001246929168701
Car 0.0 0 0.16818080842494965 471.8399658203125 164.29981994628906 542.0254516601562 194.4564666748047 3.8742816 1.7419947 1.6743122 -6.076146 1.2482216 42.56477 0.026388168334960938 0.48798564076423645
