Car 0.0 0 -0.45576825737953186 794.69873046875 182.76658630371094 1030.8740234375 268.81304931640625 3.7924519 1.4957556 1.685944 5.597141 1.6981887 13.734968 -0.06880432367324829 0.9690759181976318
Car 0.0 0 3.7017269134521484 0.0 171.03932189941406 266.74676513671875 325.08758544921875 4.282867 1.5849267 1.6920732 -6.6396437 1.5666144 8.484351 3.0377016067504883 0.9401707649230957
Car 0.0 0 -1.7184982299804688 639.6463623046875 183.14796447753906 693.49853515625 222.4152069091797 3.85558 1.3733081 1.5349749 2.1027913 1.8049471 28.24828 -1.6441956758499146 0.9176712036132812
Car 0.0 0 3.5788075923919678 126.46990966796875 190.19882202148438 380.73553466796875 272.76373291015625 4.0101647 1.4190571 1.5198041 -6.5934305 1.7636402 13.524191 3.1251866817474365 0.9019461870193481
Car 0.0 0 -2.8465147018432617 313.3488464355469 185.97410583496094 473.2138671875 236.26641845703125 4.3614817 1.4374212 1.6005179 -6.5238895 1.8499621 21.854067 -3.136613607406616 0.8645678758621216
Car 0.0 0 -2.58640718460083 9.049983024597168 186.5985870361328 332.1785888671875 291.85247802734375 4.0272627 1.4667116 1.558076 -6.6309986 1.6935095 11.074012 -3.1259360313415527 0.8085098266601562
Car 0.0 0 0.7799332141876221 0.0 216.32925415039062 187.6499786376953 375.0 4.0776215 1.4518158 1.6436462 -6.086358 1.8642632 5.986804 -0.013710696250200272 0.7632879614830017
Car 0.0 0 0.23445437848567963 383.8079528808594 174.48435974121094 498.22314453125 215.86903381347656 4.2315426 1.6212025 1.6811703 -6.811164 1.6894279 29.181316 0.005151271820068359 0.6572527885437012
Car 0.0 0 -1.5629689693450928 551.4752807617188 181.2303466796875 574.3595581054688 203.7025146484375 3.7328258 1.5299455 1.6013082 -3.4370272 2.161437 52.453655 -1.628400444984436 0.6515344381332397
Car 0.0 0 0.4327942430973053 183.9405517578125 187.59286499023438 389.68231201171875 261.5887451171875 3.79719 1.4999348 1.5602572 -7.0001526 1.8386334 15.752826 0.014628410339355469 0.6248690485954285
