Pedestrian 0.0 0 -1.9761534929275513 538.9525146484375 191.9298858642578 554.3267211914062 220.41053771972656 0.90491515 1.8333749 0.71446663 -4.2284184 3.1118214 47.772743 -2.06443452835083 0.522854745388031
Pedestrian 0.0 0 1.3616129159927368 739.8699951171875 184.86343383789062 774.7875366210938 251.13145446777344 0.72488415 1.6480292 0.7379719 3.7086065 1.9614578 18.440454 1.5600780248641968 0.4265822172164917
Pedestrian 0.0 0 1.0770138502120972 1027.110595703125 164.5978546142578 1160.871337890625 375.0 0.68256575 1.7463804 0.6107858 3.6786878 1.6866353 5.6161947 1.656906008720398 0.3736324608325958
Pedestrian 0.0 0 -1.8738932609558105 533.134033203125 186.60289001464844 547.7916259765625 218.12228393554688 0.7855735 1.8775206 0.6837969 -4.2667947 2.7239494 43.903896 -1.9707739353179932 0.34092283248901367
Pedestrian 0.0 0 1.3339534997940063 1160.9315185546875 170.49217224121094 1186.472900390625 219.2377471923828 0.66298956 1.9552863 0.6822615 22.907408 1.860906 29.382349 1.9961507320404053 0.3113149404525757
Pedestrian 0.0 0 -1.5200070142745972 1000.1318969726562 176.14337158203125 1020.6837768554688 237.41688537597656 1.6470333 1.6775695 0.43426722 11.423877 1.775806 20.653263 -1.0147662162780762 0.15874136984348297
Pedestrian 0.0 0 1.4299845695495605 688.6336059570312 167.61668395996094 707.66845703125 212.1358642578125 1.802208 1.8303598 0.5490822 3.6820223 1.6153913 30.569191 1.5498559474945068 0.10805648565292358
Cyclist 0.0 0 1.4198585748672485 687.9014892578125 165.77464294433594 707.6455688476562 210.70509338378906 1.8536457 1.8460056 0.55412096 3.6662788 1.555502 30.57736 1.539190649986267 0.5163143873214722
Cyclist 0.0 0 -1.5200070142745972 1000.1318969726562 176.14337158203125 1020.6837768554688 237.41688537597656 1.6470333 1.6775695 0.43426722 11.423877 1.775806 20.653263 -1.0147662162780762 0.38119497895240784
Cyclist 0.0 0 -1.360551357269287 950.8095092773438 146.47042846679688 982.1329345703125 207.226806640625 2.0155005 1.7614248 0.44226143 10.760901 0.99688053 21.843918 -0.9028196334838867 0.29690858721733093
Car 0.0 0 1.704232096672058 462.56976318359375 191.28262329101562 529.261962890625 244.85919189453125 3.7699692 1.5242622 1.6768929 -3.7109272 2.179541 23.736748 1.5491505861282349 0.9742224812507629
Car 0.0 0 1.6287312507629395 630.26318359375 191.3584442138672 650.4240112304688 210.1492462158203 3.8204856 1.6140597 1.6781563 2.8612206 3.4059086 67.86774 1.6708650588989258 0.5802315473556519
Car 0.0 0 -1.4777809381484985 644.8731689453125 189.962890625 676.6510009765625 219.7325439453125 3.2999616 1.6000804 1.5717648 2.9930778 2.6511362 42.55284 -1.4075586795806885 0.3959481120109558
Car 0.0 0 1.3579394817352295 697.9989624023438 177.8238525390625 767.8277587890625 225.89195251464844 4.140201 1.5906595 1.6619514 4.359109 1.787528 26.418789 1.5214663743972778 0.3888954818248749
Car 0.0 0 1.7331581115722656 1120.9896240234375 182.51539611816406 1163.2216796875 209.4171142578125 3.3665059 1.6396124 1.6950072 34.674717 2.293682 47.035946 2.3684141635894775 0.2893403172492981
Car 0.0 0 1.7290282249450684 520.9683837890625 199.85789489746094 573.1449584960938 237.5896759033203 4.0726423 1.4524976 1.7466822 -2.835774 2.761289 32.864307 1.6429541110992432 0.26509687304496765
