Pedestrian 0.0 0 2.2151002883911133 1090.17626953125 103.92666625976562 1174.927490234375 246.92816162109375 0.5838236 1.7605063 0.6667066 6.6591525 0.91229254 9.285691 2.837238073348999 0.30359143018722534
Pedestrian 0.0 0 -2.504533290863037 972.6881103515625 130.22958374023438 1014.3424682617188 196.0435028076172 0.91836065 1.8694162 0.56035167 11.122594 0.65904576 21.02741 -2.01798939704895 0.17541350424289703
Cyclist 0.0 0 -1.7739156484603882 712.0210571289062 168.588134765625 728.1346435546875 203.22640991210938 1.7031008 1.6222142 0.4271269 5.2386804 1.4227884 34.650707 -1.6238665580749512 0.1654118150472641
Car 0.0 0 1.8544524908065796 370.69976806640625 180.32666015625 436.6078186035156 216.42225646972656 4.2167706 1.4365159 1.667656 -9.0113735 1.7871176 31.701876 1.5775038003921509 0.8837442994117737
Car 0.0 0 1.906790018081665 363.5292053222656 172.47030639648438 416.6309814453125 207.07276916503906 4.036211 1.8851109 1.674069 -12.567732 1.8645654 41.35668 1.611771583557129 0.7040807604789734
Car 0.0 0 -1.721303105354309 578.4905395507812 175.9481201171875 610.9911499023438 200.14517211914062 3.9756355 1.5418317 1.6034087 -1.0991293 1.7596233 48.605793 -1.7439123392105103 0.6637487411499023
Car 0.0 0 1.85703444480896 373.23382568359375 168.093017578125 451.69171142578125 216.02529907226562 4.185553 1.6284728 1.6725197 -7.219736 1.4670788 26.621286 1.5922030210494995 0.30469682812690735
Car 0.0 0 1.961672306060791 35.95351028442383 184.912109375 98.64969635009766 210.45843505859375 4.5417438 1.4887043 1.6362076 -35.06664 2.30999 46.716846 1.3177740573883057 0.14705465734004974
Car 0.0 0 -0.34521347284317017 823.463623046875 156.80780029296875 1007.668701171875 222.49745178222656 3.807224 1.5157173 1.5841023 7.2623153 1.1458263 17.527662 0.04758882522583008 0.13739685714244843
Car 0.0 0 1.7185478210449219 441.3817443847656 175.4539794921875 484.4481506347656 208.77304077148438 3.9151142 1.6112251 1.6172613 -7.560911 1.7528303 37.19821 1.5180195569992065 0.12249819934368134
