Pedestrian 0.0 0 -2.1233952045440674 1008.7581787109375 106.95872497558594 1064.0831298828125 202.70884704589844 0.71164143 1.784501 0.6306359 8.096819 0.55676436 13.807338 -1.5930250883102417 0.6415337324142456
Pedestrian 0.0 0 1.6543951034545898 64.77920532226562 124.13839721679688 99.44071197509766 191.91180419921875 0.8477084 1.8192137 0.7052071 -14.603678 0.5119189 19.91078 1.02156662940979 0.5706656575202942
Pedestrian 0.0 0 -1.102085828781128 907.2294921875 108.76895141601562 962.131591796875 205.47256469726562 0.7873538 1.8205289 0.69951314 6.294126 0.6144304 14.100519 -0.6822502017021179 0.5594741106033325
Pedestrian 0.0 0 -0.29361599683761597 894.2654418945312 144.02845764160156 920.2590942382812 196.4008026123047 0.6426108 1.7167828 0.63264257 9.835276 0.77223027 23.994986 0.09538602828979492 0.5366024971008301
Pedestrian 0.0 0 1.5744013786315918 737.9825439453125 147.07281494140625 752.7213134765625 185.498291015625 0.7855496 1.8568342 0.701249 6.587131 0.6113675 35.315502 1.7588046789169312 0.41999226808547974
Pedestrian 0.0 0 1.096713900566101 969.7401733398438 110.8277816772461 1028.7384033203125 211.090576171875 0.8410055 1.8100954 0.654065 7.187852 0.69066215 13.449459 1.5875279903411865 0.41901376843452454
Cyclist 0.0 0 1.0222032070159912 890.4462280273438 99.84494018554688 954.5186767578125 186.79061889648438 1.5275433 1.9345404 0.6709907 7.2199426 0.3104477 16.855446 1.426903486251831 0.4524063467979431
Car 0.0 0 2.1969170570373535 0.0 197.89712524414062 208.98361206054688 326.2393798828125 4.062871 1.5095619 1.6753836 -8.29863 1.973465 11.315874 1.5641497373580933 0.9324662089347839
Car 0.0 0 -1.6020152568817139 568.4440307617188 181.07861328125 610.0888671875 222.53211975097656 4.515482 1.6528677 1.6884164 -1.0230823 2.0441804 31.988804 -1.6339868307113647 0.9193140864372253
Car 0.0 0 1.8225141763687134 372.9561767578125 183.40792846679688 436.4547119140625 224.87142944335938 4.0298824 1.6169267 1.6885226 -8.8306265 2.103523 31.20509 1.5467380285263062 0.8409679532051086
Car 0.0 0 1.9433454275131226 244.56002807617188 189.03659057617188 362.74676513671875 254.2567596435547 4.0672655 1.5555413 1.6790009 -8.490175 2.0568118 20.278412 1.5468395948410034 0.8063804507255554
Car 0.0 0 -1.5798667669296265 634.9923095703125 160.589599609375 658.0180053710938 182.68316650390625 3.6772072 1.5921526 1.6583229 2.6784663 0.7086876 53.86501 -1.530182123184204 0.6210142970085144
Car 0.0 0 1.2425693273544312 670.0200805664062 166.3304901123047 714.5244140625 191.13475036621094 3.9920032 1.5238644 1.6393626 5.2106376 1.1234465 46.450874 1.3542776107788086 0.6146076321601868
Car 0.0 0 -1.8740243911743164 656.0929565429688 170.57608032226562 691.2421264648438 191.96221923828125 3.569572 1.5249958 1.5908009 4.6433167 1.3629193 53.36237 -1.7872282266616821 0.5759137868881226
Car 0.0 0 1.7914140224456787 432.4461364746094 187.6282958984375 475.07855224609375 216.7589874267578 3.8317964 1.5507323 1.643617 -9.133178 2.4562287 42.279522 1.5786641836166382 0.5101205110549927
Car 0.0 0 2.4430413246154785 152.8317413330078 162.80874633789062 231.23199462890625 187.29263305664062 4.3104286 1.494265 1.643054 -26.781452 0.88155514 46.339287 1.9189982414245605 0.45425277948379517
