Pedestrian 0.0 0 1.5449522733688354 734.0542602539062 142.46697998046875 751.4044799804688 192.4292755126953 0.89491063 1.8749374 0.6269578 5.0222325 0.7349607 27.564768 1.725172996520996 0.5086928606033325
Pedestrian 0.0 0 -1.6698009967803955 809.7817993164062 130.59231567382812 842.1950073242188 208.4716033935547 0.7566616 1.7877831 0.65721846 5.0286846 0.81798947 16.994 -1.38210129737854 0.44827473163604736
Pedestrian 0.0 0 1.4078950881958008 752.172119140625 137.31797790527344 775.9407348632812 193.95053100585938 0.83730024 1.825249 0.63366544 5.0050426 0.68029237 23.684763 1.6161502599716187 0.40020549297332764
Pedestrian 0.0 0 -2.7044684886932373 700.4872436523438 150.09645080566406 739.4620361328125 189.65525817871094 1.6225873 1.7487257 0.6403622 4.925765 0.7430699 32.609306 -2.5545480251312256 0.1968822181224823
Cyclist 0.0 0 0.23445194959640503 701.3470458984375 148.3753662109375 741.1707763671875 189.08984375 1.6671208 1.8042692 0.67675817 4.9872584 0.71985215 32.59979 0.3862593173980713 0.510837197303772
Car 0.0 0 1.9463527202606201 167.87026977539062 200.06080627441406 472.779052734375 375.0 4.1273427 1.4270301 1.6631069 -2.8869884 1.8125877 8.122167 1.6048349142074585 0.9108284711837769
Car 0.0 0 1.6660410165786743 511.0591735839844 186.34930419921875 559.1221313476562 226.24099731445312 3.7407315 1.4535732 1.6017373 -3.035522 2.039605 29.434483 1.5632761716842651 0.8977367281913757
Car 0.0 0 -1.677715539932251 643.7224731445312 179.8927459716797 685.9414672851562 214.41148376464844 3.990701 1.5365123 1.6104937 2.5609233 1.8976626 34.96044 -1.604594111442566 0.8773319721221924
Car 0.0 0 -2.152432918548584 794.3594970703125 222.290283203125 1242.0 375.0 3.9817574 1.4680783 1.5970907 2.409629 1.8922328 4.150497 -1.626427173614502 0.8374831676483154
Car 0.0 0 1.4974112510681152 552.6754760742188 182.40773010253906 580.3572387695312 206.66574096679688 3.7282493 1.483715 1.547474 -2.9340513 2.1404393 47.61755 1.4358720779418945 0.5668798089027405
Car 0.0 0 1.6488122940063477 665.7635498046875 160.72381591796875 689.2260131835938 181.64035034179688 3.937775 1.664016 1.6256008 5.569765 0.6993556 59.477867 1.7421842813491821 0.44336098432540894
Car 0.0 0 2.532557964324951 0.0 205.7435302734375 269.0834655761719 375.0 4.2203226 1.4802063 1.5906723 -3.3285637 1.7077836 2.807904 1.662515640258789 0.4223753809928894
Car 0.0 0 1.3700166940689087 669.2792358398438 154.85977172851562 705.680908203125 179.9434051513672 4.4185433 1.7541244 1.7918749 5.582616 0.49612662 52.739643 1.4754763841629028 0.3930039405822754
