Pedestrian 0.0 0 3.3767807483673096 301.8584899902344 172.9078369140625 319.6777648925781 199.68240356445312 1.0545154 1.8397396 0.485869 -20.344755 1.3193713 48.901352 2.9825265407562256 0.45096659660339355
Pedestrian 0.0 0 -0.4803466200828552 832.7220458984375 170.9514923095703 905.7915649414062 310.6036682128906 0.69094986 1.7583473 0.6072508 3.3945847 1.6398001 9.2427635 -0.12837056815624237 0.3704925775527954
Pedestrian 0.0 0 3.1836166381835938 315.4464111328125 169.3765411376953 331.139892578125 196.4521026611328 1.0097214 1.8963604 0.51573163 -19.88514 1.1185756 49.92675 2.804588556289673 0.2951318025588989
Pedestrian 0.0 0 1.042040467262268 845.8925170898438 106.54810333251953 966.1621704101562 351.4244384765625 0.8232751 1.8347846 0.5530353 2.3609045 1.282396 5.7385874 1.4323430061340332 0.2830466628074646
Pedestrian 0.0 0 -1.413357138633728 0.0 156.80274963378906 16.532548904418945 207.52993774414062 0.5245054 1.8474892 0.6477337 -22.25135 0.9859522 26.138376 -2.1185998916625977 0.23600073158740997
Cyclist 0.0 0 -1.9946351051330566 888.6618041992188 143.7577667236328 922.9049072265625 194.8729248046875 1.72274 1.7440196 0.43990487 10.582335 0.49193048 24.985376 -1.5940008163452148 0.6323687434196472
Cyclist 0.0 0 -0.9131218194961548 425.1238098144531 172.01950073242188 444.345458984375 195.77297973632812 1.620838 1.7474687 0.5150934 -12.712502 1.1248583 52.855247 -1.1491540670394897 0.3128213882446289
Car 0.0 0 2.2395994663238525 28.28170394897461 148.4092254638672 192.26271057128906 210.1272430419922 4.2185493 1.6135572 1.6525605 -14.240177 0.7761624 20.63851 1.635629415512085 0.47672340273857117
Car 0.0 0 -1.4273492097854614 558.021240234375 165.9261932373047 581.1702880859375 182.49591064453125 3.8972678 1.4967817 1.6156712 -3.243447 0.18145885 65.8805 -1.4765417575836182 0.34612756967544556
Car 0.0 0 2.0286014080047607 41.15150833129883 188.6747589111328 137.81163024902344 229.57347106933594 3.7831447 1.4385451 1.5391594 -20.055634 1.7828878 27.655266 1.4011613130569458 0.32788553833961487
Car 0.0 0 -2.3216497898101807 792.2406005859375 160.35458374023438 858.4400024414062 188.27609252929688 3.5924518 1.523014 1.5956446 12.563659 0.42555723 40.526325 -2.0210328102111816 0.256977379322052
