Pedestrian 0.0 0 1.0467607975006104 724.385986328125 162.54197692871094 750.5487670898438 216.10134887695312 0.7751498 1.6781651 0.501541 4.022641 1.3554186 23.055246 1.2195003032684326 0.6396783590316772
Pedestrian 0.0 0 -2.4093430042266846 1032.484130859375 135.61424255371094 1079.3695068359375 206.3767547607422 0.90512514 1.8552184 0.5990683 11.952449 0.8792417 19.43306 -1.857925295829773 0.29729312658309937
Pedestrian 0.0 0 1.3450931310653687 709.5042724609375 133.8230438232422 744.3161010742188 222.99441528320312 0.72914654 1.8518298 0.58090615 2.4312935 1.0416281 15.365161 1.5020262002944946 0.2581161856651306
Pedestrian 0.0 0 2.011976957321167 0.0 150.3338165283203 247.79266357421875 375.0 1.8283848 1.7619869 0.6128296 -2.9439747 1.6527995 4.455522 1.4280834197998047 0.10827182233333588
Cyclist 0.0 0 1.6430729627609253 455.24468994140625 174.0562286376953 483.0013732910156 249.44435119628906 1.7767601 1.7766653 0.55488604 -3.5357766 1.8084558 17.946459 1.448546290397644 0.8346717357635498
Cyclist 0.0 0 1.9767011404037476 0.0 136.12525939941406 243.29164123535156 375.0 1.8222029 1.7415346 0.6358064 -2.929515 1.5661006 4.4041486 1.3897342681884766 0.7016155123710632
Car 0.0 0 1.8802341222763062 276.3968505859375 187.36502075195312 423.2956237792969 279.5138854980469 4.3214164 1.6108149 1.6973723 -5.4106746 1.966452 15.48026 1.543986201286316 0.8984501361846924
Car 0.0 0 1.7549729347229004 474.1067810058594 180.74746704101562 522.7039184570312 216.1141357421875 3.8664026 1.523766 1.5759845 -5.220718 1.9165884 33.91517 1.6022372245788574 0.8911306262016296
Car 0.0 0 -1.4903063774108887 643.4492797851562 177.45840454101562 684.3096923828125 210.4005584716797 4.398458 1.534327 1.716482 2.7500424 1.7826812 36.55408 -1.4152157306671143 0.8405531644821167
Car 0.0 0 1.561861276626587 657.7324829101562 172.78433227539062 683.7960815429688 197.05152893066406 4.1101165 1.4910954 1.5979613 3.856594 1.4871721 46.440536 1.6447148323059082 0.33441421389579773
