Cyclist 0.0 0 -2.220297336578369 938.2948608398438 85.70893096923828 1030.24462890625 197.98329162597656 1.7028695 1.7494061 0.41448304 6.2228312 0.20006967 12.071526 -1.7443293333053589 0.5016549825668335
Car 0.0 0 -1.2041022777557373 167.3390350341797 191.17315673828125 451.2029724121094 361.1886291503906 4.260454 1.520559 1.6431912 -3.2534592 1.6116467 8.713032 -1.561470866203308 0.9406176805496216
Car 0.0 0 -1.6137163639068604 560.179443359375 177.3420867919922 622.7293090820312 235.82046508789062 3.4485364 1.6294471 1.7306719 -0.60963506 1.4111874 21.807709 -1.6416641473770142 0.9372324347496033
Car 0.0 0 -1.2382084131240845 309.148193359375 182.6646728515625 371.0035095214844 215.3337860107422 3.6613684 1.4517322 1.6175178 -12.53731 1.3395028 33.788933 -1.5935096740722656 0.8981597423553467
Car 0.0 0 -1.1119186878204346 145.49681091308594 184.0369415283203 312.165283203125 261.3415832519531 3.6763 1.4187297 1.6036704 -7.763888 1.3982277 15.04099 -1.5884279012680054 0.8981205224990845
Car 0.0 0 -1.3381903171539307 398.5118103027344 174.24073791503906 514.7054443359375 256.56744384765625 3.9743266 1.6081274 1.6477587 -3.2645485 1.3948793 16.050453 -1.5388461351394653 0.8159710764884949
Car 0.0 0 1.7486522197723389 358.3963928222656 172.60971069335938 422.9168701171875 216.38027954101562 3.7464545 1.5167358 1.6692584 -8.064724 1.081045 26.861877 1.4569849967956543 0.6685845851898193
Car 0.0 0 -0.4518328905105591 0.0 218.02462768554688 220.773681640625 376.0 3.7327259 1.4424204 1.5389017 -3.3805168 1.6457175 2.4535027 -1.3948116302490234 0.5469369292259216
Car 0.0 0 -2.65756893157959 251.78778076171875 157.54640197753906 335.3417663574219 185.46047973632812 4.0936995 1.565064 1.6638125 -18.030945 0.014855355 41.27781 -3.0694079399108887 0.45590490102767944
Car 0.0 0 -1.948839783668518 520.1497192382812 157.00474548339844 558.322998046875 180.26123046875 3.7503443 1.6737258 1.6133006 -5.2597175 -0.38948587 54.635258 -2.044813632965088 0.4049651324748993
Car 0.0 0 -0.5205796957015991 714.22705078125 141.02964782714844 815.8953247070312 183.30947875976562 3.4686983 1.5329082 1.5765551 5.953089 -0.07505071 27.449818 -0.30701521039009094 0.3906361758708954
Car 0.0 0 1.4685789346694946 680.7706298828125 153.0179901123047 716.9432983398438 182.02334594726562 4.1082673 1.5910769 1.6737818 5.2385035 -0.19441333 41.956932 1.5927904844284058 0.3811868727207184
