Pedestrian 0.0 0 1.5739459991455078 589.1759033203125 159.21286010742188 601.49853515625 194.1793670654297 0.87885046 1.7411058 0.6135631 -0.77606976 1.0622236 36.370094 1.5526111125946045 0.7341660261154175
Pedestrian 0.0 0 2.2440996170043945 1060.90576171875 129.84786987304688 1106.3712158203125 197.23887634277344 0.7650226 1.5797493 0.5558171 11.300914 0.57197714 17.294985 2.822876453399658 0.6939101815223694
Pedestrian 0.0 0 -1.8577637672424316 1003.630615234375 116.02339172363281 1054.8507080078125 214.86988830566406 0.73813325 1.8162231 0.65604913 7.8892946 0.7723651 13.690406 -1.3349796533584595 0.6788108348846436
Pedestrian 0.0 0 1.7508546113967896 1023.7571411132812 134.2828369140625 1051.2601318359375 195.93515014648438 0.68047637 1.618573 0.52290744 11.430921 0.606313 19.368328 2.284026861190796 0.6504985690116882
Pedestrian 0.0 0 -1.6251137256622314 881.9830932617188 139.8322296142578 902.57421875 192.81527709960938 0.94149 1.7274786 0.5869779 9.361443 0.65118283 24.061274 -1.2540678977966309 0.5973336100578308
Pedestrian 0.0 0 1.27415132522583 1049.9884033203125 133.773681640625 1075.79833984375 186.1838836669922 0.4330535 1.9629123 0.732811 17.104511 0.4996005 27.325134 1.8334424495697021 0.507282018661499
Pedestrian 0.0 0 -1.97273850440979 1177.93994140625 97.47478485107422 1242.0 217.9304962158203 0.56498414 1.8297607 0.6387944 9.369684 0.6850842 11.319556 -1.2813085317611694 0.47904670238494873
Pedestrian 0.0 0 1.8370904922485352 450.52166748046875 155.0824737548828 464.3401794433594 183.8118133544922 0.74083394 1.7966769 0.682637 -9.652393 0.6856387 45.51014 1.6280943155288696 0.4717196822166443
Pedestrian 0.0 0 0.7907819747924805 441.25372314453125 150.86895751953125 460.7117919921875 191.6810760498047 0.5965868 1.7542434 0.57374465 -6.963451 0.80960983 31.414143 0.5726430416107178 0.44562238454818726
Pedestrian 0.0 0 -3.23258638381958 790.3286743164062 140.5729217529297 816.9022216796875 201.7572784423828 0.6955554 1.774793 0.707794 5.671239 0.8387641 21.334421 -2.972769260406494 0.4136742055416107
Pedestrian 0.0 0 0.42788073420524597 524.9570922851562 141.84368896484375 545.8763427734375 183.2486572265625 0.74992293 1.8669057 0.6476651 -3.443943 0.46904206 32.956913 0.3237602710723877 0.38267800211906433
Pedestrian 0.0 0 1.512497901916504 1012.31396484375 151.1984405517578 1033.707763671875 200.17176818847656 0.5330633 1.8636777 0.6857033 15.892332 1.0399342 27.846428 2.031104803085327 0.34063461422920227
Pedestrian 0.0 0 -1.4466606378555298 0.0 74.93760681152344 96.20791625976562 274.6960144042969 0.44327545 1.8417592 0.7703382 -5.5612392 0.9393346 7.038888 -2.1153194904327393 0.3169180154800415
Pedestrian 0.0 0 0.30167338252067566 793.7731323242188 123.69849395751953 844.5223388671875 182.4439697265625 1.4701194 1.8455778 0.57615304 6.706192 0.30164117 23.310074 0.5818033218383789 0.1328521966934204
Cyclist 0.0 0 -1.8493578433990479 965.0972900390625 128.73883056640625 1009.8081665039062 202.47232055664062 1.7726688 1.7549182 0.5199271 9.387816 0.70529884 18.09077 -1.3706823587417603 0.4819904565811157
Cyclist 0.0 0 -2.9744253158569336 535.311279296875 147.25955200195312 570.3626708984375 185.14634704589844 1.6592664 1.8642746 0.6137111 -2.8749971 0.6052203 35.879517 -3.0543837547302246 0.37089046835899353
Cyclist 0.0 0 0.30167338252067566 793.7731323242188 123.69849395751953 844.5223388671875 182.4439697265625 1.4701194 1.8455778 0.57615304 6.706192 0.30164117 23.310074 0.5818033218383789 0.3218470811843872
Car 0.0 0 -1.7810519933700562 673.681884765625 180.7266082763672 774.4801635742188 250.41958618164062 4.1656985 1.5146823 1.6511468 2.7022598 1.7378982 18.291456 -1.634379506111145 0.9512386918067932
Car 0.0 0 -1.39899742603302 622.7725830078125 161.50949096679688 656.342529296875 186.08795166015625 3.9394455 1.6392676 1.6875486 2.0689864 0.8829995 50.22399 -1.357825517654419 0.5221254825592041
Car 0.0 0 1.4033573865890503 637.0001831054688 164.46299743652344 675.8561401367188 191.1730194091797 4.1039577 1.5367929 1.6751311 2.7224896 1.0543652 43.64033 1.4656614065170288 0.5204426646232605
