Pedestrian 0.0 0 -1.531352162361145 440.4516906738281 170.06581115722656 454.6285705566406 203.02883911132812 1.0253845 1.6089091 0.64747983 -8.088819 1.4731766 35.778175 -1.7536966800689697 0.35731080174446106
Pedestrian 0.0 0 -2.0686113834381104 990.0546875 110.14768981933594 1059.23828125 197.8266143798828 1.5872898 1.7213036 0.5465811 8.510332 0.49061766 14.9612 -1.5514287948608398 0.3374429941177368
Pedestrian 0.0 0 1.471641182899475 751.4540405273438 155.56393432617188 765.1724243164062 188.45384216308594 0.8578876 1.8100904 0.6651622 8.217411 0.85889244 40.16773 1.6734342575073242 0.3256846070289612
Pedestrian 0.0 0 -0.17499089241027832 1192.7657470703125 96.36480712890625 1242.0 179.8888702392578 0.79197866 1.8692216 0.66155875 13.952781 0.15779454 16.62923 0.5231125354766846 0.30981263518333435
Cyclist 0.0 0 -1.1434649229049683 1167.1295166015625 88.80842590332031 1242.0 197.96310424804688 1.5708783 1.694706 0.4794431 9.741501 0.39019486 11.758108 -0.45159050822257996 0.3625538945198059
Cyclist 0.0 0 -1.9979090690612793 989.3745727539062 113.38594818115234 1054.252685546875 202.16136169433594 1.6265777 1.7506102 0.5450899 8.5085945 0.5782854 15.059577 -1.483625888824463 0.3376810848712921
Cyclist 0.0 0 1.471641182899475 751.4540405273438 155.56393432617188 765.1724243164062 188.45384216308594 0.8578876 1.8100904 0.6651622 8.217411 0.85889244 40.16773 1.6734342575073242 0.10842741280794144
Car 0.0 0 -2.8490078449249268 406.5038146972656 161.1595916748047 484.8476257324219 191.37948608398438 3.728536 1.5538472 1.5787042 -8.658509 0.95290184 38.012634 -3.0729665756225586 0.623720109462738
Car 0.0 0 1.8647178411483765 360.6486511230469 161.64169311523438 402.4533386230469 186.16162109375 4.261636 1.7054241 1.7302716 -16.533 0.925937 52.32322 1.5586673021316528 0.46639004349708557
Car 0.0 0 1.2142302989959717 734.544189453125 160.8685760498047 781.037841796875 185.34165954589844 3.7050095 1.4397959 1.6031212 9.007543 0.7350293 44.401382 1.4143803119659424 0.45952194929122925
Car 0.0 0 -2.476154327392578 372.7557678222656 172.0692596435547 421.6328430175781 191.3290252685547 3.7891269 1.5918056 1.5992508 -18.034853 1.5273055 61.07465 -2.7632861137390137 0.4320012032985687
Car 0.0 0 2.0466256141662598 224.23880004882812 169.68663024902344 265.30517578125 188.93545532226562 4.0943494 1.7041606 1.6576761 -33.33574 1.4241 65.93077 1.5784943103790283 0.41138365864753723
Car 0.0 0 2.3671998977661133 389.08184814453125 169.5513916015625 435.2502136230469 189.29286193847656 3.924599 1.7284431 1.7528743 -17.886808 1.4396454 65.30705 2.099868059158325 0.3794725835323334
Car 0.0 0 -1.1420232057571411 442.8700256347656 157.88681030273438 489.0569152832031 185.86907958984375 3.8298628 1.8840075 1.7456013 -10.085578 0.8766452 50.64175 -1.3386064767837524 0.3272497355937958
Car 0.0 0 1.357412576675415 752.6864624023438 155.47837829589844 802.4835815429688 188.5126495361328 4.4874434 1.6820644 1.6957711 8.942885 0.7976769 38.990864 1.5828715562820435 0.30457985401153564
