Pedestrian 0.0 0 -2.751314640045166 779.1131591796875 160.09634399414062 795.849609375 200.95147705078125 0.5090347 1.7492411 0.6167363 7.657579 1.2033713 31.289524 -2.5112993717193604 0.3291698396205902
Car 0.0 0 -1.786331295967102 626.0381469726562 177.13829040527344 676.1548461914062 212.2832794189453 3.396299 1.486483 1.5713792 1.7722313 1.6920617 32.75705 -1.7322816848754883 0.9508088231086731
Car 0.0 0 -2.414736270904541 764.4463500976562 178.4307861328125 900.3062744140625 234.957763671875 3.4980488 1.4227334 1.5887321 6.151897 1.5958225 20.43969 -2.122382402420044 0.9497295618057251
Car 0.0 0 -2.57015323638916 26.732101440429688 175.34780883789062 301.4518737792969 279.0816345214844 3.4507737 1.5476224 1.6208137 -7.1099963 1.5912093 11.653853 -3.11796498298645 0.9325591325759888
Car 0.0 0 -1.6499741077423096 610.0386962890625 177.13059997558594 642.2103881835938 204.30172729492188 3.9383743 1.4951569 1.5719894 0.8696237 1.7584482 42.346825 -1.629441261291504 0.8416955471038818
Car 0.0 0 -2.6405375003814697 102.74625396728516 181.84193420410156 365.4805603027344 274.0096435546875 4.1460495 1.6211036 1.6918617 -7.0786614 1.8041437 13.763133 -3.1155757904052734 0.5970816016197205
Car 0.0 0 3.3035364151000977 357.0450439453125 181.54600524902344 477.7658386230469 222.05209350585938 4.3401885 1.4972826 1.6574191 -7.4703217 1.8492502 28.148989 3.044130802154541 0.5780689120292664
Car 0.0 0 1.7209751605987549 491.4249267578125 176.086181640625 525.6265869140625 200.87734985351562 4.360998 1.5179675 1.569427 -6.581105 1.7384 46.93682 1.5816713571548462 0.5304545760154724
Car 0.0 0 -2.678675413131714 304.256103515625 180.2292938232422 445.4468078613281 231.48068237304688 4.0573235 1.5711834 1.6992998 -7.6796713 1.8242942 23.584776 -2.9934678077697754 0.4954359829425812
Car 0.0 0 -2.859734535217285 410.2464294433594 181.52700805664062 491.41876220703125 213.2298583984375 3.5709884 1.4850777 1.5698113 -7.7635 1.9192275 35.187164 -3.076889991760254 0.47597262263298035
