Pedestrian 0.0 0 1.9688136577606201 397.4239501953125 148.42236328125 425.5361633300781 197.838623046875 1.1449684 1.8198644 0.6279001 -7.5111847 0.9204729 27.177456 1.6991690397262573 0.15246257185935974
Car 0.0 0 1.7359434366226196 508.17626953125 178.2835235595703 566.5859985351562 221.46705627441406 4.057839 1.5937375 1.708421 -2.9045177 1.829733 29.230621 1.636902928352356 0.9527190923690796
Car 0.0 0 -1.5723081827163696 558.7442016601562 174.25595092773438 578.2181396484375 192.93324279785156 3.5769942 1.4939145 1.5637891 -3.4694438 1.614062 59.81672 -1.630244493484497 0.43739163875579834
Car 0.0 0 1.706026315689087 412.0780029296875 159.89149475097656 448.5238342285156 187.58493041992188 3.866862 1.5586023 1.5830157 -10.596715 0.82942295 42.61358 1.4622999429702759 0.3720720410346985
Car 0.0 0 -3.091081380844116 651.3817138671875 164.18113708496094 702.069091796875 184.34242248535156 4.0418706 1.6147714 1.6759396 5.442668 0.92049634 58.90393 -2.998944044113159 0.3322656452655792
Car 0.0 0 -1.6588377952575684 490.7489013671875 179.6806640625 517.2295532226562 201.989990234375 3.649712 1.583711 1.6550848 -8.047178 2.1173034 54.38967 -1.8057262897491455 0.31628355383872986
Car 0.0 0 -1.7284601926803589 670.64892578125 170.8540496826172 701.7488403320312 193.22776794433594 3.6629677 1.4809157 1.5648708 5.173137 1.3488969 49.626698 -1.6245943307876587 0.2998780608177185
Car 0.0 0 -2.97259783744812 497.1388854980469 165.85743713378906 548.5968017578125 183.89691162109375 4.3806586 1.6005101 1.6764891 -7.8387737 0.9801146 64.95836 -3.092690944671631 0.2325054258108139
Car 0.0 0 -1.5109690427780151 692.6878662109375 170.8725128173828 727.571533203125 201.2384796142578 3.6157374 1.5217612 1.6124309 5.288316 1.4228187 38.087463 -1.37300443649292 0.20631322264671326
Car 0.0 0 1.9400445222854614 477.55767822265625 183.42367553710938 523.7301635742188 209.6171112060547 3.4467878 1.4255221 1.5581483 -6.443985 2.0772479 42.61124 1.789954423904419 0.20618003606796265
