Pedestrian 0.0 0 1.1090576648712158 845.1402587890625 143.83665466308594 871.74169921875 191.3610076904297 0.72957706 1.8074794 0.7204008 9.541047 0.7042294 27.848196 1.4391330480575562 0.5943335890769958
Pedestrian 0.0 0 1.6257226467132568 789.30419921875 137.95175170898438 813.38671875 197.49411010742188 0.83501214 1.894435 0.71382374 6.1816983 0.7843223 23.461147 1.8833537101745605 0.41330280900001526
Pedestrian 0.0 0 -0.5918993353843689 1186.037353515625 88.92404174804688 1242.0 223.17066955566406 0.8499263 1.8465325 0.57566786 8.793947 0.6924525 10.257256 0.11684012413024902 0.2962990701198578
Pedestrian 0.0 0 -1.5602874755859375 905.9937133789062 151.42941284179688 923.0969848632812 196.08367919921875 0.6977686 1.7760918 0.6293503 12.260813 0.9243015 29.141119 -1.1620311737060547 0.2912869155406952
Pedestrian 0.0 0 -1.0315996408462524 39.878173828125 91.77983093261719 159.77716064453125 296.7960510253906 0.6361785 1.7330176 0.6390347 -4.5820885 1.0480494 6.4388647 -1.6500883102416992 0.2904534339904785
Car 0.0 0 -1.322231411933899 883.6534423828125 176.96255493164062 1067.69677734375 288.840087890625 3.556418 1.3286631 1.5637977 5.4010296 1.3996743 10.553775 -0.8492178916931152 0.9163842797279358
Car 0.0 0 -1.2091891765594482 871.3364868164062 169.73165893554688 962.4933471679688 214.80215454101562 4.069715 1.4578463 1.6129557 10.802849 1.3572094 25.363089 -0.8065328598022461 0.8093191981315613
Car 0.0 0 -2.2021334171295166 919.1265869140625 174.7709197998047 1242.0 375.0 4.0128922 1.5190699 1.6139402 3.022133 1.5344018 3.5752783 -1.500382423400879 0.770654559135437
Car 0.0 0 -1.2763391733169556 1013.633056640625 160.73806762695312 1135.8663330078125 225.3629150390625 4.1467047 1.6288939 1.7471068 13.01702 1.3238652 20.191498 -0.70371413230896 0.6624398827552795
Car 0.0 0 -2.2773139476776123 914.0679321289062 155.96112060546875 967.3931884765625 177.37612915039062 3.7644408 1.566966 1.6246141 25.046843 0.33124778 54.826107 -1.848785161972046 0.3682655096054077
Car 0.0 0 -1.521276831626892 1052.9693603515625 149.4596405029297 1107.4285888671875 191.22276306152344 3.9609642 1.5430957 1.6242688 18.729113 0.67906094 28.737404 -0.9436843395233154 0.30978360772132874
Car 0.0 0 -1.2671401500701904 950.4695434570312 165.66427612304688 1011.9739379882812 199.74354553222656 3.4249246 1.4913087 1.5770717 17.145664 1.1770444 33.34463 -0.7922005653381348 0.292462557554245
