Pedestrian 0.0 0 -2.6482045650482178 468.8943176269531 176.27369689941406 510.78936767578125 256.947021484375 0.5305876 1.5772694 0.78244764 -2.4741719 1.6489875 14.598399 -2.816091537475586 0.5688694715499878
Pedestrian 0.0 0 1.804443359375 374.4735107421875 134.87335205078125 457.4903564453125 303.4007568359375 0.98179924 1.7370969 0.6762455 -2.1608496 1.3459692 7.9360356 1.5386046171188354 0.2854551076889038
Pedestrian 0.0 0 2.496382236480713 604.4100341796875 160.4671173095703 622.9285278320312 193.98582458496094 0.8822791 1.7936412 0.49568918 0.1635501 1.1311563 39.070366 2.500568151473999 0.15691044926643372
Car 0.0 0 -0.5617420077323914 919.4625244140625 158.7753448486328 1128.8948974609375 237.3821563720703 4.190296 1.826271 1.7275902 10.015014 1.4995399 17.722795 -0.04738558828830719 0.9350553750991821
Car 0.0 0 2.125708818435669 253.46144104003906 185.1031951904297 409.8386535644531 255.17129516601562 4.0603924 1.4440517 1.6934048 -6.709584 1.7828306 17.776552 1.7648006677627563 0.9307479858398438
Car 0.0 0 2.4567275047302246 522.5789184570312 175.88507080078125 659.3556518554688 223.24977111816406 4.738245 1.4873073 1.7263898 -0.6233118 1.6024975 25.134235 2.4319331645965576 0.8771020770072937
Car 0.0 0 -0.3542048931121826 670.4874877929688 179.626220703125 745.790771484375 206.45361328125 3.8262742 1.4276541 1.6476439 5.4173365 1.8171359 40.233887 -0.22036373615264893 0.2813391089439392
Car 0.0 0 -0.9092651605606079 716.4151611328125 160.5275115966797 774.6502685546875 184.09800720214844 4.111711 1.5025476 1.6217349 9.009467 0.7171292 47.9619 -0.7235826253890991 0.18821419775485992
Car 0.0 0 0.7229498028755188 129.0149383544922 188.84353637695312 205.36280822753906 214.04180908203125 4.1077094 1.5094591 1.5870934 -28.11416 2.5497952 45.792904 0.17234230041503906 0.17325258255004883
Car 0.0 0 0.06493622064590454 1094.052978515625 176.26194763183594 1207.0782470703125 210.42747497558594 4.1207347 1.481118 1.5595269 25.071222 1.6492674 33.592117 0.706092357635498 0.142872154712677
