Pedestrian 0.0 0 -0.8225765824317932 1073.261962890625 153.32382202148438 1184.1561279296875 328.7068786621094 0.6598032 1.7415739 0.67511946 5.361394 1.547995 7.5600376 -0.20571903884410858 0.6631789803504944
Pedestrian 0.0 0 -1.115673542022705 781.9765625 172.0166015625 809.239013671875 211.5379180908203 0.9134502 1.5606759 0.7385267 7.4405427 1.5279658 29.077528 -0.8651624321937561 0.5241138339042664
Pedestrian 0.0 0 1.0307010412216187 966.97900390625 170.28733825683594 1003.5413818359375 235.97779846191406 0.743643 1.641241 0.5179016 9.5195465 1.5774723 18.411854 1.5078824758529663 0.38481876254081726
Pedestrian 0.0 0 1.4869518280029297 897.166259765625 141.00904846191406 919.3779296875 194.97181701660156 0.7135327 1.8494391 0.6569444 10.352867 0.7583908 25.165394 1.8772410154342651 0.3600042164325714
Pedestrian 0.0 0 0.07738769054412842 72.06370544433594 191.8714141845703 89.64867401123047 220.72557067871094 0.8566734 1.7786316 0.5336978 -33.413628 2.9908516 45.523727 -0.5557832717895508 0.21626093983650208
Pedestrian 0.0 0 -2.1734635829925537 1014.2893676757812 144.70323181152344 1037.3349609375 183.5772247314453 0.795412 1.8258231 0.6043759 19.727427 0.50400376 34.30705 -1.6516101360321045 0.2023800015449524
Car 0.0 0 -1.5973361730575562 598.7959594726562 180.41331481933594 627.5255737304688 206.6588897705078 4.270631 1.5449973 1.7043241 0.1270118 2.0485084 45.86831 -1.5945671796798706 0.7394095063209534
Car 0.0 0 2.0038931369781494 413.9762268066406 189.350341796875 466.0523681640625 213.24497985839844 4.5019107 1.4633603 1.7773498 -11.703552 2.6582365 49.860874 1.7733426094055176 0.606839120388031
Car 0.0 0 1.3126158714294434 732.7366333007812 171.06890869140625 772.74853515625 195.71505737304688 3.6204 1.5810344 1.7458781 9.446366 1.46688 48.146088 1.5063570737838745 0.26743462681770325
Car 0.0 0 1.9015798568725586 328.98968505859375 173.6439971923828 432.6142883300781 233.28492736816406 4.2830086 1.618869 1.6714964 -6.821248 1.6454717 21.803436 1.598374366760254 0.1693725883960724
