Pedestrian 0.0 0 0.016233013942837715 590.598876953125 176.81756591796875 606.000244140625 207.78887939453125 0.8495111 1.7100984 0.6212988 -0.6843385 1.9331603 40.22793 -0.0007768722716718912 0.21919183433055878
Pedestrian 0.0 0 2.1881134510040283 146.62384033203125 180.61460876464844 175.2316131591797 214.0801544189453 1.5916204 1.8181263 0.5387698 -25.15556 2.2615848 40.38369 1.6310157775878906 0.1458187848329544
Pedestrian 0.0 0 -0.4752647280693054 865.7518920898438 134.7676239013672 939.9924926757812 263.5894470214844 0.8485307 1.7820807 0.48888347 4.102573 1.2555634 10.26235 -0.09495721012353897 0.1169905737042427
Cyclist 0.0 0 2.1881134510040283 146.62384033203125 180.61460876464844 175.2316131591797 214.0801544189453 1.5916204 1.8181263 0.5387698 -25.15556 2.2615848 40.38369 1.6310157775878906 0.18197152018547058
Cyclist 0.0 0 2.2264623641967773 129.36073303222656 177.90420532226562 165.27639770507812 216.9394073486328 1.5586032 1.7879021 0.6030323 -21.85966 2.032252 34.05498 1.6558072566986084 0.17201866209506989
Cyclist 0.0 0 -0.020955273881554604 589.7494506835938 175.6817169189453 609.540283203125 206.7446746826172 1.0904235 1.7163334 0.6152942 -0.616917 1.8757303 40.251446 -0.03628065437078476 0.1411186158657074
Cyclist 0.0 0 1.1912163496017456 734.2501831054688 174.9614715576172 758.1774291992188 214.07997131347656 1.4757355 1.6953206 0.53569275 6.014101 1.7917883 32.126644 1.3762742280960083 0.12816570699214935
Car 0.0 0 -0.17860755324363708 579.453125 178.21014404296875 645.0172729492188 205.7146759033203 3.4845726 1.5013196 1.6135954 0.06973071 1.8135655 40.911545 -0.1769031286239624 0.3762275278568268
Car 0.0 0 1.742997646331787 426.7613525390625 175.79666137695312 492.6487121582031 221.06625366210938 4.022038 1.4671903 1.6268581 -5.3014126 1.5806025 25.6825 1.5394355058670044 0.24686044454574585
Car 0.0 0 3.470254898071289 240.13272094726562 165.80784606933594 298.9625549316406 185.03672790527344 4.608274 1.7478086 1.7284335 -31.445635 1.1077057 66.69749 3.029693365097046 0.2062029093503952
Car 0.0 0 1.3343249559402466 647.0830078125 166.934814453125 672.4220581054688 184.40350341796875 3.470959 1.6000339 1.6077315 4.638277 1.0582277 67.93162 1.4024977684020996 0.11454010754823685
