Car 0.0 0 3.5052545070648193 100.0377197265625 174.96624755859375 359.2220153808594 270.2532043457031 3.8853478 1.61434 1.7060635 -6.8917575 1.6568701 13.336003 3.0282745361328125 0.9253316521644592
Car 0.0 0 -1.7111417055130005 631.7535400390625 178.6559600830078 679.4877319335938 213.54124450683594 4.10641 1.4593649 1.6054049 1.9810712 1.7420341 32.994743 -1.6511716842651367 0.8945494294166565
Car 0.0 0 -0.785752534866333 1024.367431640625 182.8293914794922 1242.0 375.0 3.8875568 1.5552645 1.6700147 6.1942987 1.6605988 6.6817513 -0.038193587213754654 0.8462235927581787
Car 0.0 0 -0.5111503005027771 910.768310546875 184.54153442382812 1242.0 321.5622863769531 3.4739244 1.5807601 1.5940137 5.911424 1.7471231 9.359161 0.05219459533691406 0.8422225117683411
Car 0.0 0 0.7167982459068298 0.0 181.54449462890625 170.6349334716797 375.0 4.2121463 1.4457699 1.5961783 -6.532929 1.5340785 6.3260846 -0.08468408137559891 0.7619827389717102
Car 0.0 0 -0.535809338092804 863.5518798828125 182.1002655029297 1127.4166259765625 281.9039611816406 3.5745723 1.5151987 1.5743415 6.23635 1.6807728 12.002921 -0.05662906914949417 0.746807336807251
Car 0.0 0 -0.3828425407409668 747.638671875 183.7186737060547 922.69384765625 251.14935302734375 3.711381 1.5116271 1.5904236 5.3152432 1.7888774 17.43278 -0.08689701557159424 0.7178457379341125
Car 0.0 0 -2.4504480361938477 0.0 183.5264129638672 262.78253173828125 326.26678466796875 3.8566477 1.5472782 1.6207598 -6.6273274 1.6920463 8.85709 -3.0928289890289307 0.7120823860168457
Car 0.0 0 -2.7502148151397705 400.2415771484375 180.66156005859375 502.2683410644531 220.03765869140625 3.7981417 1.5473017 1.6362988 -6.5947695 1.8839082 29.936228 -2.967045545578003 0.6215498447418213
Car 0.0 0 2.6655077934265137 791.2800903320312 185.13697814941406 1015.9248657226562 271.5111389160156 3.900745 1.5971487 1.6560154 5.810406 1.8641235 14.64359 3.0432424545288086 0.61861252784729
Car 0.0 0 0.4034057855606079 165.2318878173828 148.19464111328125 391.49969482421875 236.15631103515625 4.230202 1.8403243 1.7029253 -7.2608633 1.3247617 15.99261 -0.022780898958444595 0.5381615161895752
Car 0.0 0 2.842095136642456 743.7227172851562 162.15188598632812 895.4165649414062 219.689208984375 3.70077 1.51194 1.5322062 5.6176734 1.2310727 19.765184 3.1190133094787598 0.5194327235221863
