Pedestrian 0.0 0 0.4632156491279602 66.02825164794922 170.93028259277344 167.359375 332.5982971191406 0.7204877 1.7212245 0.6493417 -5.534883 1.7011014 8.050697 -0.13907408714294434 0.6918916702270508
Pedestrian 0.0 0 -1.336478590965271 747.7670288085938 159.13182067871094 804.4122314453125 280.1431579589844 0.7408351 1.6292815 0.6270392 2.2985532 1.4448855 10.182619 -1.1144665479660034 0.5661627650260925
Pedestrian 0.0 0 -0.3927061855792999 792.6292724609375 136.33935546875 871.8466186523438 288.7530212402344 0.6723403 1.6658579 0.6266766 2.4654813 1.2671163 8.229375 -0.10162080079317093 0.5287261009216309
Pedestrian 0.0 0 -1.419420599937439 176.3924102783203 183.71934509277344 200.84808349609375 230.96237182617188 0.7336472 1.6855054 0.6714997 -15.465919 2.0907311 26.418522 -1.9490501880645752 0.2237832248210907
Cyclist 0.0 0 -2.708286762237549 820.6126708984375 126.88976287841797 1036.795654296875 331.47344970703125 1.7183188 1.6482544 0.62709296 2.8222616 1.2782958 6.6574974 -2.3073291778564453 0.6656786799430847
Cyclist 0.0 0 -2.586007595062256 781.6657104492188 141.05560302734375 931.04345703125 285.6323547363281 1.7654842 1.6847172 0.59248275 3.0621977 1.3145365 9.272436 -2.2670369148254395 0.5726110339164734
Cyclist 0.0 0 -3.4316158294677734 788.06689453125 136.09901428222656 879.0457763671875 289.97216796875 0.8444064 1.6888213 0.6267545 2.4763715 1.285778 8.230746 -3.1393625736236572 0.18058454990386963
Cyclist 0.0 0 1.7055641412734985 741.5399780273438 157.6334228515625 796.9840698242188 288.38397216796875 1.2556621 1.713379 0.6025663 2.2050219 1.5142835 10.145409 1.9195775985717773 0.17490103840827942
Car 0.0 0 2.190654754638672 0.0 202.03460693359375 191.62066650390625 303.0641784667969 3.7153227 1.4589839 1.5770437 -9.653352 2.0748892 13.35529 1.564782977104187 0.8111031651496887
Car 0.0 0 -1.612801194190979 600.1314697265625 173.99427795410156 627.9373779296875 198.86900329589844 4.0515056 1.529115 1.6186285 0.19074953 1.6063622 46.59548 -1.6087074279785156 0.5542925596237183
Car 0.0 0 0.16702008247375488 1032.2633056640625 154.78341674804688 1106.0079345703125 185.54928588867188 3.7328563 1.8897477 1.8540789 29.374514 0.78014725 46.25428 0.7328250408172607 0.420190691947937
