Pedestrian 0.0 0 1.1960912942886353 369.4696960449219 149.13011169433594 396.5713806152344 201.61309814453125 0.62328357 1.774421 0.7114513 -7.8656793 0.9726871 24.858143 0.889636754989624 0.7214029431343079
Pedestrian 0.0 0 2.676577568054199 241.33766174316406 132.0802764892578 280.86529541015625 209.85874938964844 0.6132783 1.7536243 0.6127405 -8.122259 0.83468187 16.69502 2.2237818241119385 0.7140071392059326
Pedestrian 0.0 0 -1.5243432521820068 77.02529907226562 131.1895294189453 111.6006851196289 203.8179931640625 1.138254 1.8423536 0.6893554 -13.588987 0.78581625 18.965425 -2.146066427230835 0.6923879384994507
Pedestrian 0.0 0 1.6689904928207397 442.9046325683594 156.8844757080078 457.7731018066406 196.15345764160156 0.7651622 1.7427177 0.5816449 -7.213149 1.0343646 32.43316 1.4501516819000244 0.5617213845252991
Pedestrian 0.0 0 0.9532337784767151 931.7978515625 103.22025299072266 983.1807250976562 203.8678436279297 0.80049914 1.8658606 0.5165719 6.589317 0.5753095 13.812149 1.3983670473098755 0.5010801553726196
Pedestrian 0.0 0 2.2927498817443848 388.6693115234375 163.87770080566406 410.67669677734375 203.8193359375 0.6822529 1.7529739 0.6526079 -9.398895 1.3593765 32.111565 2.0080082416534424 0.42161622643470764
Pedestrian 0.0 0 -1.5413933992385864 488.3909912109375 158.3311309814453 502.0411682128906 190.1177978515625 0.73067296 1.6994905 0.70826656 -6.2340536 0.92337584 38.982548 -1.69996976852417 0.3824837803840637
Pedestrian 0.0 0 3.3277065753936768 398.397216796875 155.07363891601562 413.7150573730469 182.51649475097656 0.8866413 1.8490041 0.70545626 -13.877337 0.6513835 49.003044 3.05173921585083 0.34130024909973145
Pedestrian 0.0 0 -1.444732666015625 1099.9991455078125 120.95944213867188 1151.7772216796875 244.8986053466797 0.47202778 1.759235 0.56559575 7.5297623 1.0229838 10.604157 -0.8272759318351746 0.3402760922908783
Pedestrian 0.0 0 -0.3681896924972534 704.5521850585938 134.66607666015625 751.8497314453125 191.3034210205078 1.3800625 1.7807647 0.5755475 3.7355835 0.5804363 23.10751 -0.2079152762889862 0.20058247447013855
Cyclist 0.0 0 3.5388894081115723 119.1483383178711 115.30651092529297 193.14230346679688 192.5152130126953 1.4349109 1.8707831 0.5961689 -11.284008 0.47675332 17.892382 2.9762303829193115 0.5946545004844666
Cyclist 0.0 0 -0.3681896924972534 704.5521850585938 134.66607666015625 751.8497314453125 191.3034210205078 1.3800625 1.7807647 0.5755475 3.7355835 0.5804363 23.10751 -0.2079152762889862 0.35112464427948
Cyclist 0.0 0 -2.165109872817993 846.8630981445312 127.72953033447266 897.1055908203125 183.54249572753906 1.6498991 1.8111792 0.8018754 8.75835 0.34720853 24.31 -1.8193085193634033 0.32816556096076965
Cyclist 0.0 0 0.04040592908859253 388.07373046875 163.64048767089844 410.2770080566406 203.84352111816406 0.924257 1.7654982 0.6452175 -9.416149 1.3612486 32.108265 -0.24485823512077332 0.17572534084320068
Car 0.0 0 1.6362000703811646 584.15869140625 174.69715881347656 609.1646728515625 194.47634887695312 4.3671856 1.4724921 1.6724646 -1.0300113 1.6224684 56.34767 1.6179225444793701 0.6303567886352539
Car 0.0 0 1.4281474351882935 716.8763427734375 160.21348571777344 744.4970092773438 182.344482421875 4.1131315 1.7509816 1.6593312 9.832152 0.75123507 59.15894 1.5928410291671753 0.5083069205284119
Car 0.0 0 2.59671950340271 38.852901458740234 158.69676208496094 163.7554931640625 195.95706176757812 4.0731297 1.4683149 1.6401176 -21.501541 0.91077924 30.625275 1.9845956563949585 0.3842664062976837
