Pedestrian 0.0 0 -3.8348984718322754 1208.111083984375 140.0615997314453 1242.0 229.66929626464844 0.6248214 1.7901071 0.5322682 12.655901 1.135366 14.683263 -3.123520851135254 0.23256994783878326
Pedestrian 0.0 0 1.492624282836914 759.7752685546875 155.12255859375 782.5164794921875 211.89578247070312 0.926542 1.8532202 0.6672862 5.3199096 1.2747792 24.05521 1.7102751731872559 0.17566820979118347
Pedestrian 0.0 0 2.205843925476074 163.62425231933594 180.78993225097656 195.05372619628906 212.09669494628906 1.9523095 1.758442 0.51576626 -25.099298 2.2320232 42.02638 1.6674658060073853 0.12452932447195053
Pedestrian 0.0 0 2.171983480453491 144.56410217285156 182.44236755371094 175.7040557861328 218.29367065429688 1.4272534 1.6854744 0.57836455 -21.86707 2.1610463 35.03231 1.6139616966247559 0.12172317504882812
Cyclist 0.0 0 2.275514841079712 141.75921630859375 183.208740234375 176.1842498779297 218.90403747558594 1.5290929 1.6674174 0.55800724 -21.877254 2.1809795 34.961388 1.7163729667663574 0.3321762979030609
Cyclist 0.0 0 2.181309938430786 163.38449096679688 179.9529266357422 194.10955810546875 211.23536682128906 1.9513483 1.7569203 0.5084103 -25.095835 2.1799102 41.96235 1.642320990562439 0.28827807307243347
Cyclist 0.0 0 -1.7433288097381592 861.1648559570312 159.2509002685547 902.7666625976562 279.7345275878906 1.0395781 1.8556439 0.45215604 4.32822 1.6464919 11.662342 -1.387957215309143 0.12494682520627975
Car 0.0 0 -1.6146650314331055 586.3009643554688 180.47134399414062 617.305908203125 207.8517303466797 3.750097 1.4573704 1.6067399 -0.5439909 1.9149328 41.387245 -1.6278082132339478 0.7295711636543274
Car 0.0 0 1.7849818468093872 425.8187561035156 180.67044067382812 480.92822265625 217.02029418945312 3.9477916 1.4559935 1.5633181 -6.8519177 1.8214312 31.722874 1.5722568035125732 0.46486592292785645
Car 0.0 0 1.9876388311386108 135.64300537109375 178.78306579589844 202.2091064453125 209.16615295410156 4.4159775 1.681522 1.7562183 -26.295801 2.0552638 43.132668 1.4401544332504272 0.18252402544021606
