Pedestrian 0.0 0 1.3662607669830322 767.99072265625 152.14076232910156 789.33447265625 198.6937713623047 0.87683517 1.8756078 0.68476146 6.8512836 1.0414352 29.51417 1.5943562984466553 0.8194641470909119
Pedestrian 0.0 0 0.46362704038619995 535.9797973632812 166.53118896484375 548.3463134765625 188.24986267089844 0.7690228 1.7875642 0.74735886 -5.65065 1.267521 59.871048 0.3695254325866699 0.3404296636581421
Pedestrian 0.0 0 3.212186574935913 430.9770812988281 134.267333984375 492.7790832519531 198.92245483398438 1.7575358 1.8800087 0.6262446 -4.4231644 0.7583635 21.404797 3.008411169052124 0.16753947734832764
Pedestrian 0.0 0 -2.1336593627929688 1009.068359375 80.74030303955078 1130.323486328125 221.99395751953125 1.7569565 1.7966262 0.5633283 6.2800207 0.6253762 10.054349 -1.5753425359725952 0.1521294265985489
Cyclist 0.0 0 -2.1336593627929688 1009.068359375 80.74030303955078 1130.323486328125 221.99395751953125 1.7569565 1.7966262 0.5633283 6.2800207 0.6253762 10.054349 -1.5753425359725952 0.5621286630630493
Cyclist 0.0 0 3.168257713317871 432.8136901855469 135.2873077392578 497.06622314453125 199.70260620117188 1.8432161 1.8698889 0.64892143 -4.3386197 0.7797363 21.420929 2.9684200286865234 0.5597521066665649
Car 0.0 0 1.6972202062606812 483.98614501953125 197.85047912597656 578.5498657226562 283.7297668457031 3.7374053 1.5148407 1.5748608 -1.6432873 2.1248004 15.708041 1.592984914779663 0.9632599353790283
Car 0.0 0 -1.6957179307937622 683.7901611328125 188.01272583007812 732.6052856445312 227.00965881347656 4.426572 1.5601541 1.6437424 4.350491 2.2964442 32.807854 -1.5638818740844727 0.9568996429443359
Car 0.0 0 -1.4908453226089478 571.410888671875 194.50416564941406 615.2586059570312 233.05783081054688 4.1075716 1.5077137 1.6620913 -0.7336584 2.551362 32.66896 -1.5132988691329956 0.9295166730880737
Car 0.0 0 -1.901082992553711 789.7896728515625 176.5762481689453 1025.9404296875 329.966552734375 4.3126955 1.7619301 1.778256 3.954983 1.8280833 10.571226 -1.5430777072906494 0.8727039098739624
Car 0.0 0 1.5058256387710571 694.544189453125 169.37705993652344 716.9093017578125 189.2594451904297 4.4703946 1.714813 1.689311 8.503652 1.4152924 64.51444 1.6368801593780518 0.4778846800327301
Car 0.0 0 1.438210129737854 671.3432006835938 193.2269287109375 707.75634765625 221.43975830078125 3.965083 1.4771243 1.6209717 4.621134 2.7388263 42.667667 1.5460948944091797 0.3592408001422882
Car 0.0 0 -0.27762383222579956 1182.9473876953125 114.57418823242188 1242.0 183.0711669921875 4.0479984 1.5431637 1.6270767 16.90939 0.23053992 17.907705 0.4791090488433838 0.32364338636398315
Car 0.0 0 0.023053433746099472 533.0653686523438 166.294189453125 583.6780395507812 184.79891967773438 4.193775 1.5341679 1.6592106 -4.3474154 0.99067336 60.747696 -0.048389870673418045 0.29132550954818726
