Pedestrian 0.0 0 -2.0166821479797363 1079.2457275390625 120.6007308959961 1112.1881103515625 184.2582244873047 0.56716317 1.8918396 0.64198434 14.601132 0.33928078 21.767635 -1.425842523574829 0.33093512058258057
Car 0.0 0 2.1494359970092773 0.0 197.38453674316406 207.9567413330078 317.3522033691406 4.3091 1.4916373 1.692282 -8.734663 1.9765916 12.058247 1.5225392580032349 0.9177770614624023
Car 0.0 0 -1.516107439994812 588.4713134765625 175.6743621826172 616.6373901367188 199.52584838867188 4.1821504 1.4748905 1.6197062 -0.4784539 1.6682266 47.24223 -1.526234745979309 0.7990074753761292
Car 0.0 0 1.7943683862686157 389.6296691894531 178.0557861328125 444.90838623046875 214.17599487304688 4.350935 1.6641607 1.747719 -9.591846 1.940563 36.081554 1.534539818763733 0.7480758428573608
Car 0.0 0 -1.538390040397644 549.82373046875 179.54441833496094 571.9707641601562 198.69422912597656 4.290367 1.4623622 1.6642525 -3.99153 2.0280137 58.788857 -1.6061819791793823 0.6099132895469666
Car 0.0 0 1.8094156980514526 410.7508850097656 174.8309783935547 469.86474609375 213.48158264160156 4.0499134 1.5893797 1.6319548 -7.4625516 1.6827396 31.908127 1.5796689987182617 0.45975345373153687
Car 0.0 0 1.7830030918121338 379.28082275390625 169.3787078857422 450.13494873046875 216.0608673095703 4.3862195 1.6087906 1.6761421 -7.2681413 1.4893808 27.095509 1.5209308862686157 0.3936333656311035
Car 0.0 0 2.2768774032592773 0.0 204.5390167236328 22.46927261352539 255.0950164794922 3.923012 1.4466912 1.637854 -22.874802 2.637632 25.122349 1.5382717847824097 0.26037776470184326
Car 0.0 0 1.8336938619613647 461.69061279296875 174.79412841796875 492.698486328125 194.7917022705078 3.7434163 1.6040571 1.6280966 -11.061587 1.7714326 60.179947 1.651914358139038 0.2039250284433365
Car 0.0 0 1.0492223501205444 501.84014892578125 177.34754943847656 537.8117065429688 196.2343292236328 3.4895089 1.5522571 1.53113 -7.7982755 1.9505122 62.03456 0.9241697788238525 0.20177611708641052
