Pedestrian 0.0 0 2.4622106552124023 934.7435302734375 161.7409210205078 1044.61572265625 351.3170166015625 0.6306968 1.6796635 0.6723413 3.4948823 1.5815583 6.783148 2.9379680156707764 0.17252427339553833
Pedestrian 0.0 0 1.1598117351531982 1104.0157470703125 119.89616394042969 1242.0 375.0 1.1548873 1.794311 0.57215077 3.6420543 1.5045714 4.5814285 1.8314721584320068 0.16760338842868805
Pedestrian 0.0 0 2.031486749649048 0.0 142.29339599609375 103.77396392822266 353.1783142089844 0.94347614 1.8701257 0.7314422 -5.5573487 1.5994725 6.9347196 1.3559045791625977 0.15650717914104462
Pedestrian 0.0 0 1.361701488494873 750.8941650390625 152.65591430664062 794.22900390625 235.38706970214844 1.9104238 1.8173426 0.59227777 3.7083673 1.3740121 16.804743 1.5788944959640503 0.11354084312915802
Pedestrian 0.0 0 0.21449120342731476 483.5686950683594 175.43606567382812 507.42071533203125 221.12171936035156 0.8030841 1.7964556 0.73729813 -4.608105 1.9012991 28.80427 0.055855512619018555 0.1085684597492218
Cyclist 0.0 0 1.1293178796768188 1106.5076904296875 137.3662109375 1242.0 375.0 1.3619013 1.7636065 0.58496463 3.6489506 1.5796454 4.4760838 1.8132649660110474 0.24626247584819794
Cyclist 0.0 0 1.361701488494873 750.8941650390625 152.65591430664062 794.22900390625 235.38706970214844 1.9104238 1.8173426 0.59227777 3.7083673 1.3740121 16.804743 1.5788944959640503 0.1882455050945282
Car 0.0 0 1.8219832181930542 307.6478576660156 175.71316528320312 462.16790771484375 287.1579895019531 3.5569196 1.602641 1.6484951 -3.6892405 1.6588323 12.276834 1.5300638675689697 0.9522647857666016
Car 0.0 0 -1.6085412502288818 660.30517578125 179.22315979003906 698.4823608398438 220.67010498046875 2.8750699 1.675614 1.5217257 2.9112842 1.9635582 31.099232 -1.5152004957199097 0.32377299666404724
Car 0.0 0 1.7878260612487793 358.6580505371094 185.2435302734375 467.6890869140625 262.46044921875 3.9570012 1.5535114 1.6741444 -4.5825734 1.8833627 17.172977 1.5270544290542603 0.16414791345596313
Car 0.0 0 -2.689032554626465 348.6607666015625 173.79002380371094 472.1888732910156 226.49180603027344 3.5344512 1.6401474 1.6474475 -6.5384755 1.6726216 23.62345 -2.959052085876465 0.10737918317317963
