Pedestrian 0.0 0 -2.2269296646118164 73.27466583251953 173.59210205078125 138.75621032714844 275.42388916015625 0.7736174 1.7115216 0.57980585 -8.793262 1.725093 12.522031 -2.839146137237549 0.44010812044143677
Pedestrian 0.0 0 0.8058438301086426 460.06915283203125 151.99737548828125 512.6968383789062 242.68544006347656 0.74853855 1.6647469 0.64913785 -2.4019651 1.2822428 13.725458 0.6325974464416504 0.27246636152267456
Pedestrian 0.0 0 0.1653977930545807 494.2618103027344 122.1776123046875 572.31005859375 255.3361053466797 0.97673386 1.7643694 0.63096744 -1.0910838 1.0932577 9.899883 0.05562901496887207 0.24271176755428314
Pedestrian 0.0 0 -3.5626797676086426 1098.7296142578125 132.35044860839844 1126.626953125 197.74539184570312 0.43959332 1.9370333 0.7044831 15.105028 0.7376543 21.75637 -2.9558024406433105 0.2166430801153183
Pedestrian 0.0 0 0.5776399970054626 135.23231506347656 130.79783630371094 229.3712921142578 274.9788513183594 0.8297844 1.7187063 0.55580074 -5.3100004 1.2177345 8.892323 0.039322853088378906 0.166102334856987
Pedestrian 0.0 0 -2.477592706680298 406.2558288574219 143.87208557128906 458.8649597167969 239.98348999023438 0.6408278 1.7317573 0.7293137 -3.355396 1.2099123 13.461664 -2.7218706607818604 0.14236590266227722
Pedestrian 0.0 0 0.4192946255207062 350.3968811035156 153.47064208984375 453.79058837890625 309.8197326660156 0.9660274 1.6957738 0.605275 -2.3980253 1.4858984 8.187727 0.1343822479248047 0.13900093734264374
Pedestrian 0.0 0 1.1153533458709717 174.88607788085938 123.68389129638672 257.8588562011719 241.5941925048828 1.3905534 1.6166703 0.49269614 -5.789508 0.9428559 10.490955 0.6110854148864746 0.10839450359344482
Cyclist 0.0 0 1.1298271417617798 171.8978271484375 123.206298828125 258.5262756347656 244.69190979003906 1.5520916 1.6538072 0.47980362 -5.797935 0.9783013 10.467816 0.6240084171295166 0.21177907288074493
Cyclist 0.0 0 2.0896377563476562 398.5114440917969 149.4317626953125 487.3304748535156 274.9395751953125 1.7195661 1.7191705 0.50878704 -2.5032766 1.3986969 10.777299 1.861411452293396 0.1221734955906868
Car 0.0 0 -0.8666450381278992 744.8931274414062 162.25967407226562 1057.1278076171875 315.35882568359375 3.3073459 1.4437217 1.548458 3.2967834 1.3441755 8.259286 -0.48686230182647705 0.9542958736419678
Car 0.0 0 2.0185446739196777 1017.6847534179688 167.6150665283203 1242.0 294.4732360839844 3.6846879 1.5090884 1.5550996 7.5679793 1.4471245 10.122353 2.6605403423309326 0.9006351828575134
