Pedestrian 0.0 0 -0.4320463538169861 1061.4002685546875 122.29966735839844 1129.782470703125 227.96206665039062 0.78581905 1.7650411 0.6254389 8.290887 0.9209126 12.420361 0.15654945373535156 0.5809483528137207
Pedestrian 0.0 0 -0.7167905569076538 782.0416870117188 143.1333770751953 807.4194946289062 187.35653686523438 0.7530691 1.7978805 0.68146527 7.5874834 0.5899549 29.805038 -0.46751490235328674 0.43744418025016785
Pedestrian 0.0 0 3.3215115070343018 320.9061279296875 89.19393920898438 400.07098388671875 230.3203125 0.9269066 1.8231472 0.4977197 -3.369821 0.7427388 9.636517 2.985110282897949 0.42365390062332153
Pedestrian 0.0 0 0.6914664506912231 0.0 81.87287139892578 90.24528503417969 247.52622985839844 0.7284331 1.8227211 0.6447638 -6.607628 0.8219933 8.26504 0.017050504684448242 0.4060386121273041
Pedestrian 0.0 0 0.8139160871505737 1143.54150390625 108.35523223876953 1224.6151123046875 221.3925018310547 0.8365415 1.7368351 0.60284275 9.098805 0.74615943 11.527112 1.4821228981018066 0.36984217166900635
Pedestrian 0.0 0 1.4422948360443115 1215.0228271484375 126.03642272949219 1242.0 179.70835876464844 0.9721262 1.861574 0.6692047 21.94388 0.2380969 25.613232 2.150688886642456 0.36612188816070557
Pedestrian 0.0 0 2.2035515308380127 564.3070678710938 136.8188018798828 678.5321655273438 279.8554992675781 1.6408476 1.718181 0.66894346 0.13256907 1.2856778 9.520791 2.2174746990203857 0.3583538830280304
Pedestrian 0.0 0 3.5019583702087402 239.58248901367188 75.2863998413086 321.67474365234375 221.66226196289062 0.8493003 1.8376932 0.48778322 -4.298598 0.6131269 9.32945 3.0701961517333984 0.3253136873245239
Pedestrian 0.0 0 2.210531711578369 1015.1470947265625 111.27713775634766 1070.4136962890625 192.1560821533203 0.93637145 1.8428469 0.69091237 10.105123 0.44016093 16.936115 2.74849271774292 0.275679349899292
Pedestrian 0.0 0 1.6554222106933594 80.40792083740234 77.32783508300781 144.92027282714844 234.1551971435547 0.5799009 1.7815027 0.5877789 -5.9606085 0.6967175 8.591528 1.048884630203247 0.22559785842895508
Pedestrian 0.0 0 1.1773595809936523 1046.477294921875 104.33458709716797 1099.256591796875 199.6642608642578 0.777951 1.7670916 0.59538454 8.791446 0.49732983 13.80668 1.744365930557251 0.2121768742799759
Pedestrian 0.0 0 -1.3078038692474365 194.34033203125 77.49943542480469 251.79847717285156 223.72662353515625 0.55873275 1.7970625 0.5200238 -4.9741526 0.62555826 9.196428 -1.803617238998413 0.19973690807819366
Pedestrian 0.0 0 -0.5478598475456238 1036.440185546875 102.8505630493164 1101.5196533203125 193.95223999023438 0.9519565 1.8257227 0.59658045 9.328029 0.42317703 14.762931 0.015653610229492188 0.1862126588821411
Cyclist 0.0 0 2.2193353176116943 561.3186645507812 139.25045776367188 676.9884033203125 286.0783386230469 1.6874466 1.7505043 0.6268065 0.10400583 1.3502355 9.458348 2.2303311824798584 0.45179039239883423
Cyclist 0.0 0 -2.1477291584014893 1088.4132080078125 93.15401458740234 1174.73388671875 199.871826171875 1.5336207 1.8307577 0.5170753 9.411348 0.4638518 13.152802 -1.5266499519348145 0.26020103693008423
Cyclist 0.0 0 -1.3760383129119873 696.3201293945312 112.77337646484375 732.254150390625 193.61151123046875 1.5388563 1.7749656 0.53693056 2.3738246 0.45613128 16.654999 -1.2344626188278198 0.2597289979457855
Cyclist 0.0 0 -1.4473845958709717 651.2426147460938 119.63800811767578 689.0722045898438 221.89756774902344 1.0084075 1.7884433 0.5717078 1.0577198 0.85809326 13.167993 -1.3672316074371338 0.19650481641292572
Cyclist 0.0 0 3.455944538116455 291.1907043457031 72.6941909790039 381.286376953125 218.29730224609375 1.0318812 1.8886577 0.45902887 -3.6861384 0.5898153 9.6124525 3.089764356613159 0.16646933555603027
Cyclist 0.0 0 0.8326377272605896 1140.9130859375 107.5660400390625 1227.845947265625 222.27725219726562 0.9391299 1.7537528 0.61165035 9.091513 0.755961 11.518221 1.500829815864563 0.15705028176307678
Cyclist 0.0 0 -2.428464412689209 205.6802520751953 55.21818923950195 299.66796875 219.7541961669922 1.0290058 2.0347853 0.4633077 -4.640789 0.58036363 9.271697 -2.89253830909729 0.11630535125732422
Cyclist 0.0 0 1.2389416694641113 1040.8807373046875 107.45684051513672 1092.6749267578125 203.1980438232422 0.8694582 1.7897626 0.5943458 8.780705 0.5676019 13.97636 1.799877643585205 0.10050105303525925
Car 0.0 0 1.887993574142456 764.7752685546875 140.36378479003906 828.8904418945312 177.27122497558594 3.8279614 1.5040118 1.5904425 8.153693 0.18036366 31.440735 2.1417388916015625 0.3253953754901886
Car 0.0 0 2.602240800857544 361.1438903808594 115.46263122558594 622.5446166992188 229.09194946289062 3.9238791 1.5526619 1.6084889 -1.8581039 0.76880854 11.732055 2.445167064666748 0.2677576541900635
Car 0.0 0 0.9768505692481995 1191.8773193359375 140.1826171875 1242.0 184.0189971923828 3.174206 1.3910947 1.3702275 21.579054 0.35466555 24.555502 1.6978213787078857 0.1880767047405243
