Pedestrian 0.0 0 3.678704261779785 130.9694061279297 155.34251403808594 153.97943115234375 187.30743408203125 1.0481329 1.8730063 0.46498987 -27.588388 0.8472665 42.52867 3.103242874145508 0.5491416454315186
Pedestrian 0.0 0 0.12728896737098694 428.08831787109375 155.19943237304688 445.229736328125 184.99656677246094 0.96451396 1.8196132 0.5452745 -10.69199 0.74186444 44.38274 -0.10911082476377487 0.5289657115936279
Pedestrian 0.0 0 -1.4741594791412354 382.5059814453125 149.9088592529297 400.34649658203125 187.9458770751953 0.6520127 1.7143055 0.7202538 -10.004237 0.68053997 32.907143 -1.7692949771881104 0.4701821506023407
Pedestrian 0.0 0 3.2927629947662354 458.5957946777344 160.37933349609375 471.3729553222656 183.572021484375 0.9178526 1.79466 0.44197795 -11.293579 0.8297224 56.07273 3.094012498855591 0.4082910716533661
Pedestrian 0.0 0 0.5324521064758301 295.3456115722656 165.6821746826172 308.7191162109375 186.07386779785156 1.0130845 1.8567282 0.49762067 -28.192358 1.2040684 66.00734 0.12879610061645508 0.37970104813575745
Cyclist 0.0 0 0.18376950919628143 569.7064208984375 166.914306640625 591.22412109375 189.45140075683594 1.7051582 1.8536361 0.5700132 -2.4666357 1.3654647 59.745632 0.14250731468200684 0.29848989844322205
Cyclist 0.0 0 -1.2959542274475098 429.7967224121094 155.40455627441406 442.9627685546875 185.2364044189453 0.9413784 1.814402 0.55338085 -10.70402 0.7534683 44.362755 -1.5327128171920776 0.17367348074913025
Cyclist 0.0 0 2.0328288078308105 296.49676513671875 165.65863037109375 307.19219970703125 186.29925537109375 0.99444324 1.8739446 0.51093096 -28.211489 1.2210418 66.01632 1.6289769411087036 0.16192016005516052
Cyclist 0.0 0 2.25972843170166 131.552490234375 154.9207305908203 152.06256103515625 187.47662353515625 1.015772 1.8933835 0.47709468 -27.60111 0.85077935 42.491924 1.683661699295044 0.13867011666297913
Cyclist 0.0 0 2.1674444675445557 459.3390808105469 159.96261596679688 470.77044677734375 183.56610107421875 0.8725454 1.8180422 0.46080044 -11.286158 0.8254504 56.064648 1.9687933921813965 0.13364732265472412
Car 0.0 0 -1.386086344718933 398.86785888671875 181.88748168945312 499.957763671875 255.7451629638672 3.886493 1.5282084 1.6766776 -3.7790854 1.7707602 17.375065 -1.600251317024231 0.9570625424385071
Car 0.0 0 2.1784985065460205 37.81449890136719 183.29605102539062 151.7167510986328 231.2698974609375 3.1521468 1.3950763 1.4439155 -16.526485 1.7548916 23.252148 1.5605934858322144 0.9305912256240845
Car 0.0 0 -1.579405665397644 531.634765625 178.74998474121094 556.83251953125 203.1512908935547 4.1906643 1.5607564 1.6445134 -4.5493093 1.9822104 49.362835 -1.6713067293167114 0.7507779002189636
Car 0.0 0 -1.3356348276138306 405.94757080078125 183.76519775390625 465.3809509277344 222.58157348632812 3.5908763 1.4723356 1.622983 -7.2581077 1.9561584 30.171726 -1.571709156036377 0.6625367999076843
Car 0.0 0 -0.44945281744003296 0.0 165.02151489257812 73.03369903564453 206.3071746826172 3.525755 1.7442611 1.7189398 -26.627052 1.4137077 32.442074 -1.1367228031158447 0.5386916995048523
Car 0.0 0 -2.5649561882019043 199.39418029785156 160.139404296875 280.41192626953125 187.69342041015625 4.081926 1.6129671 1.6540152 -22.193142 0.86903334 43.26679 -3.0388998985290527 0.2958627939224243
Car 0.0 0 -2.3260819911956787 208.8137969970703 169.45448303222656 260.5577392578125 191.68536376953125 3.427033 1.6473906 1.5588783 -28.508732 1.3958317 54.76608 -2.806037664413452 0.29143205285072327
