Pedestrian 0.0 0 -1.0326060056686401 663.9622802734375 156.99403381347656 688.4910888671875 192.44082641601562 1.5378973 1.7790787 0.5421086 3.366238 0.98342353 36.99258 -0.9418582916259766 0.19717979431152344
Cyclist 0.0 0 -1.0326060056686401 663.9622802734375 156.99403381347656 688.4910888671875 192.44082641601562 1.5378973 1.7790787 0.5421086 3.366238 0.98342353 36.99258 -0.9418582916259766 0.2603236436843872
Cyclist 0.0 0 -1.7470414638519287 945.906982421875 155.61305236816406 966.7280883789062 195.88478088378906 1.8935908 1.7653515 0.52102894 15.598397 1.0099349 32.60856 -1.3008610010147095 0.22353670001029968
Cyclist 0.0 0 1.4216641187667847 959.6525268554688 158.74407958984375 981.2476196289062 200.059814453125 1.7771239 1.6993451 0.5583076 15.235736 1.1193517 30.605955 1.8835525512695312 0.1907953917980194
Cyclist 0.0 0 -1.219347357749939 519.6875 163.44985961914062 543.2841186523438 203.00198364257812 1.8324631 1.7441642 0.46502876 -3.591373 1.3298191 32.760777 -1.328535556793213 0.17832961678504944
Car 0.0 0 1.878240942955017 725.3217163085938 176.765869140625 784.7469482421875 209.42674255371094 4.163192 1.4458979 1.616206 6.992041 1.6462957 34.681995 2.077178716659546 0.8050968050956726
Car 0.0 0 -1.5069831609725952 860.0274047851562 176.0818634033203 958.0821533203125 260.4049072265625 3.3839715 1.4582549 1.602664 6.035001 1.5318236 14.490508 -1.112351417541504 0.7693597674369812
Car 0.0 0 1.8580665588378906 773.912109375 177.41583251953125 815.6676635742188 200.24789428710938 4.332242 1.4997784 1.678872 12.971701 1.8345369 50.598545 2.1090269088745117 0.48933789134025574
Car 0.0 0 1.3916451930999756 1092.7384033203125 152.4808807373047 1171.3211669921875 200.9531707763672 3.3555737 1.448277 1.4755397 16.777609 0.8399177 23.387753 2.013932228088379 0.37146544456481934
Car 0.0 0 1.3749767541885376 791.9656982421875 174.20034790039062 817.79541015625 191.89952087402344 3.6198182 1.5398628 1.5644375 17.47981 1.6648184 64.91353 1.638015866279602 0.2706543505191803
Car 0.0 0 -1.5728145837783813 873.7291870117188 190.18869018554688 939.83154296875 253.92990112304688 3.2886794 1.4771953 1.524124 7.9563637 1.9899144 19.513561 -1.1856578588485718 0.23106561601161957
