Pedestrian 0.0 0 -2.1682145595550537 517.9063110351562 156.77589416503906 531.8170166015625 188.2618408203125 0.507326 2.0229628 0.73850214 -5.5520644 0.9903075 46.789513 -2.286322832107544 0.46991613507270813
Pedestrian 0.0 0 2.044339179992676 583.4860229492188 172.82168579101562 615.6516723632812 228.04859924316406 0.8967827 1.7121817 0.68994886 -0.37168664 1.711538 22.92148 2.028125047683716 0.44904443621635437
Pedestrian 0.0 0 -1.3288168907165527 541.9088134765625 179.77557373046875 562.3893432617188 227.5390625 0.6583119 1.6435639 0.576206 -2.069472 1.8902445 25.304152 -1.410419225692749 0.37340474128723145
Pedestrian 0.0 0 -0.8756487369537354 1195.0107421875 106.65626525878906 1242.0 225.537109375 0.58925533 1.7379649 0.53283507 9.260578 0.7705526 10.857988 -0.16948412358760834 0.2877390682697296
Car 0.0 0 -1.7822608947753906 377.71728515625 186.8180694580078 468.59613037109375 253.54058837890625 3.6530912 1.5719447 1.6694279 -5.2653685 1.9952046 19.84257 -2.041640281677246 0.9621723294258118
Car 0.0 0 -1.752105951309204 328.16058349609375 188.68798828125 388.2889099121094 232.56008911132812 3.8817887 1.5842075 1.6491766 -10.44454 2.2814057 29.657406 -2.0907154083251953 0.8907486796379089
Car 0.0 0 -1.7222408056259155 355.6953430175781 187.65103149414062 417.8295593261719 237.46688842773438 3.4343793 1.5462584 1.5777822 -7.9567237 2.1064093 25.404886 -2.0257601737976074 0.8601934313774109
Car 0.0 0 -1.644652009010315 305.9488830566406 185.51327514648438 341.4143981933594 212.1709747314453 3.9269154 1.3735167 1.5942086 -16.457571 2.1355536 41.296238 -2.02388596534729 0.810691773891449
Car 0.0 0 -1.4554247856140137 147.40182495117188 190.91456604003906 211.19281005859375 240.52720642089844 3.401273 1.5438205 1.5675282 -15.295241 2.2340379 25.6854 -1.9925169944763184 0.6053823232650757
Car 0.0 0 1.7009601593017578 0.0 159.82406616210938 169.35101318359375 353.0925598144531 4.2954354 1.7656072 1.7190756 -6.587738 1.64693 8.883504 1.0628762245178223 0.5742838382720947
