Pedestrian 0.0 0 0.4380955398082733 334.9710998535156 160.4101104736328 349.7368469238281 184.14404296875 0.9820553 1.852818 0.46407986 -21.01823 0.8817287 56.596684 0.08251237869262695 0.43662554025650024
Pedestrian 0.0 0 0.10253003984689713 496.6914978027344 162.62083435058594 509.7569885253906 189.46917724609375 0.8242764 1.8109818 0.565474 -7.2740154 1.1210892 48.96754 -0.04493925720453262 0.344471275806427
Car 0.0 0 -1.4295272827148438 506.2032470703125 176.59141540527344 552.9308471679688 211.7484893798828 3.6684446 1.4791119 1.5985225 -3.6164558 1.6580027 32.60645 -1.5399880409240723 0.966535747051239
Car 0.0 0 -1.5873029232025146 567.1343994140625 179.2801971435547 620.123046875 223.54403686523438 3.3378222 1.3411877 1.644349 -0.62373567 1.5709825 24.056297 -1.6132253408432007 0.9415560364723206
Car 0.0 0 1.9209294319152832 254.42991638183594 185.35658264160156 332.0233459472656 223.73233032226562 4.044701 1.3668778 1.5705334 -12.712504 1.9075196 29.110764 1.5091954469680786 0.919870913028717
Car 0.0 0 2.2384419441223145 743.3727416992188 180.37078857421875 784.0430297851562 199.26573181152344 3.623603 1.5734237 1.5849445 13.469934 2.2511983 63.255024 2.4482545852661133 0.6201090216636658
Car 0.0 0 1.8269126415252686 325.96063232421875 165.1720733642578 360.4445495605469 185.1243133544922 4.0821795 1.5552065 1.6360257 -21.550295 0.956785 58.3497 1.473122239112854 0.48433586955070496
Car 0.0 0 0.9954168200492859 1042.181884765625 155.98782348632812 1127.884765625 188.98818969726562 3.6908584 1.4466758 1.5545213 21.89231 0.70765126 33.476505 1.574571132659912 0.4382001757621765
Car 0.0 0 1.25307035446167 765.17333984375 164.45225524902344 820.88525390625 194.9058074951172 4.011438 1.5079404 1.645888 9.473663 1.0922767 37.784718 1.4987335205078125 0.37635675072669983
Car 0.0 0 1.5631463527679443 491.1202087402344 159.2530517578125 516.3150024414062 185.1092071533203 4.16888 1.7481121 1.6899353 -7.553903 0.82892114 50.969597 1.416013240814209 0.3651551902294159
Car 0.0 0 1.5799880027770996 685.4741821289062 157.4158172607422 709.0199584960938 180.88987731933594 3.9241724 1.6300744 1.6265662 6.2933154 0.5583812 52.152504 1.7000787258148193 0.36353275179862976
Car 0.0 0 -2.513963222503662 301.4237976074219 161.9013671875 364.906982421875 186.1532745361328 3.8174667 1.6136513 1.6331872 -18.92812 0.8852528 49.287697 -2.8806300163269043 0.33955109119415283
Car 0.0 0 1.8487269878387451 419.6685791015625 172.95362854003906 449.3642272949219 190.65017700195312 3.810533 1.5040841 1.5459222 -15.3733 1.5134473 63.279137 1.6103999614715576 0.3300541341304779
