Pedestrian 0.0 0 -1.934513807296753 892.3377075195312 137.2579345703125 1051.766845703125 374.0 0.79786813 1.6145672 0.7562031 2.512712 1.3307364 5.0623803 -1.4737905263900757 0.8833116888999939
Pedestrian 0.0 0 1.7656497955322266 537.87841796875 156.9680633544922 587.811767578125 268.4306335449219 0.70966226 1.7253999 0.67736715 -0.65115386 1.346955 11.515102 1.7091621160507202 0.8506636023521423
Pedestrian 0.0 0 3.110839605331421 561.953369140625 160.87588500976562 602.7318115234375 246.2952423095703 0.84959376 1.7845348 0.59152305 -0.45249918 1.3549014 15.325262 3.0813217163085938 0.7464867234230042
Pedestrian 0.0 0 2.0138485431671143 568.8761596679688 158.64137268066406 605.3779296875 239.56808471679688 0.6728012 1.7777287 0.5935517 -0.3542866 1.2768114 16.20549 1.9919898509979248 0.49205344915390015
Pedestrian 0.0 0 2.3591721057891846 704.7302856445312 160.40567016601562 733.2913818359375 215.00254821777344 0.6695749 1.8797098 0.72978723 4.103398 1.1545244 25.220432 2.5204601287841797 0.4479921758174896
Pedestrian 0.0 0 -1.697338581085205 754.5543823242188 152.84799194335938 777.0628662109375 203.4174346923828 0.92897475 1.9367 0.7420703 6.3824086 0.8404124 28.00647 -1.4732745885849 0.4143145978450775
Pedestrian 0.0 0 1.0829951763153076 880.7003173828125 171.87777709960938 935.6044921875 280.57781982421875 0.65913004 1.6525862 0.5449329 4.7585287 1.5076017 11.27067 1.4824957847595215 0.27877095341682434
Pedestrian 0.0 0 -3.1770684719085693 831.2882690429688 159.6277618408203 903.6547241210938 313.7051086425781 0.743825 1.6635028 0.7076247 2.9689972 1.4287161 8.203756 -2.8298256397247314 0.2469988316297531
Pedestrian 0.0 0 -1.7274796962738037 700.0284423828125 154.4136199951172 718.27587890625 199.47024536132812 0.6515946 1.8196281 0.64191663 4.378308 0.72673136 29.33613 -1.5793269872665405 0.21283549070358276
Pedestrian 0.0 0 2.2231693267822266 0.0 122.04154205322266 62.35776901245117 229.76144409179688 0.8085176 1.8880464 0.62222993 -10.407904 0.8471716 12.9991455 1.5480257272720337 0.20643310248851776
Pedestrian 0.0 0 1.7856128215789795 0.0 195.3931884765625 53.15386199951172 320.0198974609375 1.748096 1.661026 0.48619887 -8.681763 1.8857317 10.659133 1.1020984649658203 0.10842957347631454
Cyclist 0.0 0 1.7856128215789795 0.0 195.3931884765625 53.15386199951172 320.0198974609375 1.748096 1.661026 0.48619887 -8.681763 1.8857317 10.659133 1.1020984649658203 0.5021252036094666
Cyclist 0.0 0 1.2910587787628174 3.1578898429870605 134.16665649414062 120.50575256347656 310.0801696777344 1.8449445 1.8776774 0.61010057 -6.4303236 1.373807 8.461038 0.641193151473999 0.24209731817245483
Car 0.0 0 1.8651870489120483 359.847900390625 140.86256408691406 543.4679565429688 278.2215270996094 4.3308372 1.8847758 1.7924671 -2.3030608 1.3284897 12.102356 1.677137017250061 0.4044342637062073
Car 0.0 0 -1.4758567810058594 519.6665649414062 143.97921752929688 587.5869140625 204.56578063964844 3.7696257 1.5824872 1.595385 -1.3175517 0.6036361 20.668736 -1.539516806602478 0.3232311010360718
