Pedestrian 0.0 0 1.508910894393921 431.39874267578125 151.3509979248047 449.56915283203125 197.65573120117188 0.56115264 1.7466215 0.64158255 -6.5243287 0.93588287 27.575315 1.276582956314087 0.7009201049804688
Pedestrian 0.0 0 1.1159225702285767 664.3338012695312 140.2788543701172 682.5883178710938 181.8638458251953 0.79766923 1.838082 0.516563 2.8023078 0.39859855 32.35475 1.2023189067840576 0.6406317949295044
Pedestrian 0.0 0 -2.750439167022705 636.0908813476562 160.5519256591797 648.2034912109375 181.12535095214844 0.9258958 1.785533 0.5288505 2.7884214 0.7182146 63.053307 -2.706244707107544 0.5469585657119751
Pedestrian 0.0 0 -3.406615972518921 892.4419555664062 114.55522155761719 957.5953369140625 189.75247192382812 1.3061386 1.7615135 0.65400803 7.4933333 0.39620876 17.316412 -2.998216152191162 0.28550928831100464
Cyclist 0.0 0 -3.406615972518921 892.4419555664062 114.55522155761719 957.5953369140625 189.75247192382812 1.3061386 1.7615135 0.65400803 7.4933333 0.39620876 17.316412 -2.998216152191162 0.4751424789428711
Car 0.0 0 -1.7361963987350464 642.6859130859375 175.11085510253906 687.29248046875 208.60304260253906 3.8873045 1.602237 1.6393799 2.709649 1.7239869 36.79665 -1.6626906394958496 0.9471216201782227
Car 0.0 0 -1.9423201084136963 832.0714721679688 185.36386108398438 1223.7003173828125 375.0 3.4133325 1.4532914 1.5329078 2.9702365 1.5892003 6.0500097 -1.4859408140182495 0.9328497052192688
Car 0.0 0 2.115755319595337 30.507543563842773 202.29380798339844 308.7616271972656 350.2543640136719 3.8484504 1.5904475 1.6365407 -6.073777 2.0970151 10.464429 1.5898563861846924 0.9160693287849426
Car 0.0 0 1.802923321723938 447.0367126464844 186.29360961914062 499.7169189453125 222.0534210205078 3.6265943 1.4819573 1.585309 -6.249556 2.1339765 33.13562 1.6165077686309814 0.8944964408874512
Car 0.0 0 -1.1552379131317139 198.93251037597656 195.96395874023438 262.97454833984375 226.4318084716797 4.035 1.4685432 1.6524343 -20.948477 2.8157845 39.981224 -1.6378675699234009 0.8203851580619812
Car 0.0 0 1.792657732963562 472.5909729003906 186.21421813964844 515.2672119140625 215.3286895751953 3.4977326 1.4134094 1.5147446 -6.1741076 2.1592245 38.463837 1.633498191833496 0.7893832921981812
Car 0.0 0 1.952712893486023 248.0531005859375 192.94834899902344 312.9823913574219 223.6793975830078 4.368975 1.4916393 1.7849951 -18.270033 2.6720836 40.148678 1.5256595611572266 0.6865734457969666
Car 0.0 0 -1.0605988502502441 158.7634735107422 198.50460815429688 225.56275939941406 229.07583618164062 3.7886744 1.5085726 1.6166067 -23.520245 3.0238144 40.70485 -1.5845528841018677 0.5198588967323303
Car 0.0 0 -1.6941784620285034 643.4117431640625 159.3569793701172 677.3260498046875 186.85801696777344 3.9204485 1.6380614 1.630324 3.0626175 0.83448774 44.976986 -1.626190423965454 0.4870881140232086
Car 0.0 0 1.541054129600525 828.7420654296875 146.81298828125 873.0848999023438 184.6477813720703 3.8338778 1.4376044 1.5907296 9.737899 0.44848493 29.477623 1.8601162433624268 0.42876315116882324
