Pedestrian 0.0 0 -0.9364959001541138 1153.05078125 63.03681564331055 1241.0 223.80813598632812 0.7117052 1.7780632 0.59854907 6.8361325 0.42794728 8.324188 -0.24893897771835327 0.3975594937801361
Pedestrian 0.0 0 -3.0754125118255615 869.3544921875 65.95735168457031 948.457275390625 241.49842834472656 0.78863865 1.87806 0.70701945 3.382124 0.6032828 8.178526 -2.683290958404541 0.31653231382369995
Cyclist 0.0 0 1.0321643352508545 775.0861206054688 133.0088348388672 818.0621337890625 184.29635620117188 1.8670566 1.7464536 0.5965962 6.6319823 -0.03272491 25.489687 1.2867037057876587 0.35302409529685974
Cyclist 0.0 0 -1.7209699153900146 805.5072021484375 120.98448944091797 839.4146728515625 183.0160675048828 1.3861918 1.7562156 0.7522593 6.2539525 -0.06582061 21.13865 -1.433321237564087 0.3106788992881775
Cyclist 0.0 0 -1.9320344924926758 837.6840209960938 113.5827865600586 884.9169921875 183.55926513671875 1.8802392 1.8222183 0.5883003 6.8772264 -0.046471894 19.707708 -1.596285343170166 0.2775445580482483
Car 0.0 0 -1.5850740671157837 572.326904296875 174.96334838867188 616.3683471679688 214.72271728515625 3.2681804 1.5259818 1.6921301 -0.6099538 1.1336235 29.249016 -1.6059248447418213 0.9321120977401733
Car 0.0 0 -1.365627646446228 442.476806640625 168.75003051757812 510.94488525390625 217.429443359375 4.2255144 1.6883069 1.7061678 -4.873384 1.1183738 27.062706 -1.5437955856323242 0.8971176743507385
Car 0.0 0 -1.6121292114257812 490.3752746582031 178.55662536621094 522.1490478515625 206.47531127929688 3.5209937 1.4407326 1.5532454 -5.5664635 1.0982252 38.96502 -1.7540271282196045 0.5936365127563477
Car 0.0 0 2.3334438800811768 0.0 208.03045654296875 53.25857162475586 376.0 4.0913134 1.4544994 1.6164001 -8.078306 1.7580814 7.4325633 1.506438136100769 0.39940333366394043
Car 0.0 0 -1.5580965280532837 411.1699523925781 174.10418701171875 444.3373107910156 205.3520965576172 3.5479803 1.5098526 1.5630682 -9.180324 0.9740922 36.63671 -1.803618311882019 0.3670356571674347
Car 0.0 0 1.552585244178772 675.6832885742188 167.16307067871094 699.6409301757812 190.1060333251953 4.309898 1.6308392 1.6801529 5.8717694 0.34874767 53.3168 1.6622730493545532 0.30461081862449646
