Pedestrian 0.0 0 -0.3602549433708191 1123.406005859375 107.86087036132812 1242.0 341.3771667480469 1.1000973 1.8235288 0.6266103 5.0477185 1.3163553 6.10659 0.33049750328063965 0.2882920503616333
Pedestrian 0.0 0 0.047751158475875854 730.356689453125 166.7261199951172 761.2979736328125 221.64724731445312 0.9961742 1.8177512 0.6380633 4.534761 1.6152921 24.303432 0.23221921920776367 0.155618816614151
Pedestrian 0.0 0 -1.2031770944595337 240.7036895751953 154.33506774902344 269.0315856933594 208.14340209960938 0.7553391 1.9328651 0.7038781 -12.993415 1.2679993 26.32388 -1.6616899967193604 0.13954925537109375
Pedestrian 0.0 0 1.470209002494812 325.00689697265625 186.7649383544922 356.7156982421875 251.6539764404297 1.5193052 1.7632556 0.70329446 -7.818042 2.1808045 20.799467 1.1106696128845215 0.12981152534484863
Cyclist 0.0 0 0.7072172164916992 307.73797607421875 186.5396270751953 371.99609375 251.49227905273438 1.7345839 1.7942681 0.6355115 -7.825163 2.19995 20.773127 0.34696006774902344 0.1752554178237915
Car 0.0 0 1.7926207780838013 332.5244140625 187.8334503173828 469.4442443847656 289.14044189453125 3.8570013 1.5485657 1.6378298 -3.7984245 1.8716804 13.576223 1.5198113918304443 0.9507904052734375
Car 0.0 0 1.7515491247177124 418.2727966308594 174.75987243652344 509.6971740722656 246.96400451660156 4.1304793 1.7370161 1.6996278 -3.8716078 1.794489 19.542593 1.555970311164856 0.8897495865821838
Car 0.0 0 1.61384916305542 524.6156005859375 177.83819580078125 560.720458984375 209.17274475097656 4.275074 1.4943943 1.6756718 -3.4615042 1.767307 37.277313 1.521256446838379 0.6393505334854126
Car 0.0 0 -0.13128860294818878 650.291015625 171.72535705566406 724.69970703125 200.6324005126953 3.8782482 1.5525205 1.6412382 4.180294 1.4922619 39.620205 -0.026168372482061386 0.20043808221817017
Car 0.0 0 1.3740755319595337 801.9120483398438 178.93850708007812 925.01318359375 261.9186706542969 4.2245727 1.5012523 1.6594042 5.233917 1.651525 15.574452 1.698276162147522 0.1586887240409851
Car 0.0 0 1.2487168312072754 485.32794189453125 174.0748748779297 523.8104248046875 195.80624389648438 4.194802 1.5808228 1.6529877 -8.100505 1.6780149 54.981518 1.1024377346038818 0.15221121907234192
