Pedestrian 0.0 0 -1.6835694313049316 827.3485107421875 142.57994079589844 874.1581420898438 253.75318908691406 0.88862485 1.6456163 0.5836422 3.803105 1.0708199 11.127013 -1.3542269468307495 0.8626530170440674
Pedestrian 0.0 0 -1.156935453414917 1128.0338134765625 127.91325378417969 1238.0 353.2886047363281 0.85529375 1.6604615 0.57993054 4.720209 1.2670587 5.74166 -0.468864381313324 0.8297947645187378
Pedestrian 0.0 0 1.7546167373657227 525.6652221679688 163.40890502929688 561.4800415039062 236.15475463867188 0.97780716 1.7529293 0.7220236 -1.4590261 1.3181903 17.83001 1.672968864440918 0.7180176973342896
Pedestrian 0.0 0 2.1164419651031494 564.4061279296875 161.15176391601562 611.1058959960938 243.16844177246094 0.8475742 1.6801494 0.64621115 -0.3211966 1.264546 15.241439 2.0953712463378906 0.6965331435203552
Pedestrian 0.0 0 2.7410149574279785 442.0376892089844 154.1453399658203 482.6396179199219 239.313232421875 0.70100737 1.7627084 0.5173393 -2.9963944 1.1977894 15.275242 2.547314167022705 0.6934248805046082
Pedestrian 0.0 0 1.4307969808578491 719.1629028320312 147.85813903808594 752.1419677734375 223.72010803222656 0.79478097 1.7251126 0.6482074 3.0840495 0.9613037 16.74313 1.6129530668258667 0.6797776222229004
Pedestrian 0.0 0 1.5634198188781738 563.070068359375 157.70155334472656 579.5220947265625 205.89801025390625 0.9291747 1.8536885 0.63263613 -1.2024596 0.93939394 28.105183 1.5206615924835205 0.6023669838905334
Pedestrian 0.0 0 -1.2194756269454956 401.5504455566406 180.50335693359375 466.3957214355469 291.2747497558594 0.7941731 1.6911894 0.77932173 -2.6869502 1.6772765 11.405345 -1.4508436918258667 0.5667690634727478
Pedestrian 0.0 0 1.460233449935913 597.7760009765625 161.0261993408203 616.9644165039062 205.8936004638672 0.816109 1.6952116 0.64886844 0.203293 0.92268497 27.577326 1.4676051139831543 0.4858238697052002
Pedestrian 0.0 0 -1.6544651985168457 612.5413818359375 162.05633544921875 629.0513916015625 206.6182098388672 0.7328231 1.6170233 0.5466504 0.6875719 0.9125153 26.445272 -1.6284712553024292 0.37050172686576843
Pedestrian 0.0 0 2.0454351902008057 281.7010192871094 163.462646484375 392.0040283203125 350.89813232421875 0.9044545 1.601824 0.611184 -2.4583259 1.449062 6.621623 1.6899497509002686 0.36922886967658997
Pedestrian 0.0 0 1.9577200412750244 516.8055419921875 157.71826171875 536.1608276367188 198.82550048828125 0.7143268 1.9029145 0.6847865 -3.5227623 0.8029473 33.68867 1.8535305261611938 0.3636191785335541
Pedestrian 0.0 0 2.428936719894409 835.4335327148438 135.34954833984375 900.515625 232.65513610839844 0.890016 1.7152224 0.6762238 4.8261127 0.90299463 13.13295 2.781099319458008 0.34977784752845764
Pedestrian 0.0 0 1.4154084920883179 660.9713134765625 159.47836303710938 680.4702758789062 203.5404510498047 1.0419906 1.8191872 0.6604835 2.8900766 0.91096765 30.195055 1.510831356048584 0.3303873538970947
Pedestrian 0.0 0 1.4613325595855713 584.8402099609375 160.28579711914062 602.55078125 205.51312255859375 0.85723495 1.6372899 0.5602186 -0.31119153 0.8703553 26.461428 1.4495729207992554 0.2967645823955536
Pedestrian 0.0 0 2.4111287593841553 457.35845947265625 182.1195068359375 499.1604919433594 259.46795654296875 0.71299726 1.7151216 0.6147755 -2.846481 1.7308787 16.403393 2.239309787750244 0.2659880220890045
Cyclist 0.0 0 1.5797007083892822 549.3668823242188 163.2268829345703 566.8583374023438 216.44143676757812 1.7160534 1.6094515 0.5284534 -1.3838739 1.0579095 22.59378 1.5185269117355347 0.7688992619514465
Cyclist 0.0 0 2.041308641433716 274.8814392089844 157.39553833007812 391.3704833984375 355.0435791015625 0.972269 1.6567746 0.62265253 -2.456304 1.4561075 6.536434 1.6818486452102661 0.18666501343250275
Cyclist 0.0 0 0.384579598903656 580.1256103515625 159.68495178222656 607.1378173828125 205.0201416015625 0.8457748 1.64526 0.56620646 -0.30687028 0.85461664 26.48424 0.37299323081970215 0.11932079493999481
