Pedestrian 0.0 0 -2.055835247039795 890.3228149414062 164.34054565429688 925.8665161132812 233.6161346435547 0.7427193 1.7475433 0.56413275 7.626662 1.533141 18.595375 -1.6666203737258911 0.7485706806182861
Pedestrian 0.0 0 -1.7501232624053955 761.56005859375 172.08175659179688 779.4116821289062 210.67726135253906 0.95560807 1.6634753 0.60030067 6.979116 1.630549 31.584602 -1.5326520204544067 0.6214263439178467
Pedestrian 0.0 0 -2.0217537879943848 916.904052734375 161.678955078125 959.991455078125 230.61940002441406 1.2713577 1.7154772 0.503548 8.397978 1.4377613 18.59379 -1.5975245237350464 0.17122799158096313
Pedestrian 0.0 0 -0.034846484661102295 668.2477416992188 174.3012237548828 679.1116943359375 197.16311645507812 0.8348116 1.7925934 0.53123033 4.9944077 1.9076533 56.8964 0.05270981788635254 0.1669052541255951
Pedestrian 0.0 0 -3.488481044769287 1046.79296875 158.3369598388672 1140.0447998046875 241.5995635986328 1.5799849 1.7312891 0.503595 10.263092 1.4297926 15.432622 -2.9016153812408447 0.15802237391471863
Cyclist 0.0 0 -1.8725650310516357 860.77685546875 160.9441375732422 916.7184448242188 249.66201782226562 1.6730616 1.7698667 0.626228 5.8072505 1.5326301 15.245853 -1.5086257457733154 0.951779305934906
Cyclist 0.0 0 -3.3630709648132324 1026.5787353515625 154.35459899902344 1136.1875 239.16519165039062 1.9213829 1.7653406 0.48174417 10.083845 1.3806314 15.574367 -2.788480281829834 0.48482057452201843
Cyclist 0.0 0 -2.015748977661133 912.176513671875 164.65447998046875 958.9241333007812 234.31202697753906 1.5331955 1.7358127 0.49074402 8.387907 1.5318447 18.74976 -1.5950920581817627 0.18885625898838043
Car 0.0 0 -0.24541762471199036 753.2864990234375 179.4613494873047 823.1165161132812 203.41778564453125 4.290772 1.5663823 1.5891879 11.891665 2.0175562 48.422905 -0.0046038758009672165 0.7076761722564697
Car 0.0 0 -3.6927194595336914 1138.05126953125 181.81362915039062 1218.7833251953125 205.576904296875 3.9783556 1.539623 1.6873963 38.211548 2.1569438 48.61624 -3.0265839099884033 0.27741339802742004
Car 0.0 0 -2.140124797821045 803.369384765625 187.0186309814453 855.3588256835938 208.53997802734375 4.367707 1.4751581 1.6867971 16.583809 2.598168 54.85356 -1.846532940864563 0.26300787925720215
Car 0.0 0 1.6167820692062378 172.58795166015625 197.74838256835938 211.8285675048828 230.0605010986328 3.4487562 1.4765414 1.6238302 -21.878508 2.8471498 37.807995 1.0921909809112549 0.1994863748550415
Car 0.0 0 2.4324746131896973 0.0 208.0682830810547 27.325790405273438 255.1800994873047 3.8721027 1.4604847 1.7756739 -24.786875 2.899248 27.43715 1.6977812051773071 0.19658347964286804
