Pedestrian 0.0 0 1.4100005626678467 844.3479614257812 152.09640502929688 860.8536987304688 191.19105529785156 0.64108914 1.9268246 0.6843613 12.0396805 0.9041208 35.930763 1.733322262763977 0.7680562734603882
Pedestrian 0.0 0 1.2281544208526611 1092.791259765625 135.87445068359375 1120.96630859375 187.89437866210938 0.5674748 1.8701271 0.6949031 18.062193 0.5410627 26.299974 1.829949975013733 0.695985734462738
Pedestrian 0.0 0 2.41871976852417 1029.9141845703125 126.97322845458984 1074.154541015625 205.64605712890625 0.66734797 1.7857174 0.56413263 10.182793 0.7446729 16.710752 2.9659900665283203 0.5813424587249756
Pedestrian 0.0 0 2.6385233402252197 824.1090698242188 143.0502471923828 846.03662109375 189.09408569335938 0.58392805 1.7138382 0.5742154 8.437041 0.6048447 27.194147 2.939358949661255 0.5322470664978027
Pedestrian 0.0 0 -2.2533392906188965 765.1480712890625 115.1011962890625 824.4420166015625 220.60389709472656 0.73441297 1.8877032 0.77780765 3.3751519 0.854721 13.40441 -2.0066726207733154 0.5035641193389893
Pedestrian 0.0 0 -3.365055561065674 902.867919921875 151.05628967285156 921.9541625976562 185.49456787109375 0.7962984 1.7965392 0.68014526 15.90297 0.6597769 38.041035 -2.969088077545166 0.4501766562461853
Pedestrian 0.0 0 -1.8241714239120483 1048.619384765625 144.436767578125 1064.7222900390625 176.66737365722656 0.6196167 1.8890479 0.6755595 26.386414 0.22386119 42.682716 -1.2704776525497437 0.40106216073036194
Pedestrian 0.0 0 2.359971284866333 775.5177612304688 145.01287841796875 800.7589111328125 190.8618927001953 0.7159824 1.7621205 0.6376031 6.9152093 0.6924577 28.185833 2.600562572479248 0.3604606091976166
Cyclist 0.0 0 0.09695523977279663 1113.364990234375 145.78665161132812 1154.698974609375 177.3691864013672 1.847028 1.7661737 0.7597102 29.91222 0.25285804 41.24391 0.7244284152984619 0.37224850058555603
Car 0.0 0 -1.6077797412872314 573.29931640625 185.4058074951172 612.5515747070312 223.9996337890625 4.596451 1.6349086 1.68837 -0.91472805 2.2752068 34.436905 -1.6343358755111694 0.9006396532058716
Car 0.0 0 1.9156990051269531 261.7238464355469 185.17921447753906 367.16607666015625 250.83294677734375 3.702706 1.6435443 1.6280254 -8.369121 2.0288346 20.649258 1.5306329727172852 0.8829569816589355
Car 0.0 0 2.310454845428467 0.0 188.7556915283203 148.85379028320312 345.21380615234375 4.011054 1.534859 1.6425517 -8.271447 1.7895199 9.511668 1.5946855545043945 0.8295708298683167
Car 0.0 0 1.8082078695297241 397.37603759765625 189.13330078125 454.27886962890625 225.4161376953125 3.9075978 1.505817 1.7003387 -8.556306 2.310149 33.667927 1.5593382120132446 0.798493504524231
Car 0.0 0 -0.967385470867157 0.0 150.2217254638672 69.75284576416016 187.03907775878906 2.9942856 1.6310271 1.5741525 -26.968739 0.62876374 33.513115 -1.6449990272521973 0.565813422203064
Car 0.0 0 1.368857502937317 696.0311279296875 161.09364318847656 741.6390991210938 190.17068481445312 4.1365986 1.5076959 1.662884 5.8621135 0.8982583 39.52091 1.51611328125 0.5437557697296143
Car 0.0 0 -0.7916092276573181 1143.613037109375 140.8919219970703 1242.0 181.85301208496094 3.7941518 1.6470691 1.5811143 24.548431 0.36221355 29.997122 -0.10577328503131866 0.5069901347160339
Car 0.0 0 3.421461582183838 0.0 153.1824951171875 79.28595733642578 192.64955139160156 3.4019842 1.4884886 1.4987063 -23.324436 0.74694145 28.568556 2.7367777824401855 0.4689369201660156
Car 0.0 0 3.307527780532837 299.1889953613281 164.76220703125 356.9380798339844 185.3522491455078 3.96683 1.5653695 1.6186097 -21.880262 0.950544 56.050854 2.9353554248809814 0.34639662504196167
