Pedestrian 0.0 0 -1.2978681325912476 527.0758056640625 168.29954528808594 547.2674560546875 210.52883911132812 1.0732541 1.7792044 0.5972372 -3.0598936 1.0676241 30.8633 -1.3966885805130005 0.35317888855934143
Pedestrian 0.0 0 1.3754258155822754 316.6927185058594 152.24159240722656 373.8638000488281 236.70852661132812 0.96075386 1.9133358 1.1007861 -6.251581 1.1675411 16.97649 1.0225865840911865 0.2288021445274353
Cyclist 0.0 0 -1.2978681325912476 527.0758056640625 168.29954528808594 547.2674560546875 210.52883911132812 1.0732541 1.7792044 0.5972372 -3.0598936 1.0676241 30.8633 -1.3966885805130005 0.1870012879371643
Car 0.0 0 -1.4805927276611328 727.2554321289062 181.28213500976562 783.9321899414062 223.4844512939453 3.4968572 1.4239812 1.713587 5.4002666 1.292387 26.173292 -1.277120590209961 0.961891770362854
Car 0.0 0 -1.3582420349121094 195.3434295654297 199.44061279296875 251.00619506835938 233.21630859375 3.9054744 1.4365846 1.5611818 -18.371218 2.1604028 34.42532 -1.8484492301940918 0.8781924247741699
Car 0.0 0 -1.4147413969039917 246.193603515625 193.3738555908203 286.9717102050781 219.9897918701172 3.6301348 1.4508528 1.6276983 -20.077408 1.9551435 42.36098 -1.8573408126831055 0.6957031488418579
Car 0.0 0 -1.4046169519424438 269.1978759765625 185.66368103027344 303.6784973144531 209.61209106445312 3.6365416 1.6339432 1.6599215 -22.808231 1.6681389 51.084133 -1.8245428800582886 0.4983377456665039
Car 0.0 0 -1.1881660223007202 795.20703125 178.93881225585938 837.7705078125 200.2985382080078 3.9800992 1.4939816 1.607262 15.210926 1.0560825 52.3374 -0.9053256511688232 0.39538297057151794
Car 0.0 0 1.5362695455551147 352.7848815917969 194.12684631347656 395.09576416015625 231.30128479003906 3.8312771 1.4627227 1.6127005 -10.279235 1.8782969 31.3529 1.219456672668457 0.27247703075408936
Car 0.0 0 -0.7772841453552246 870.7736206054688 165.72630310058594 963.840576171875 201.2349090576172 3.7883215 1.5265615 1.6372817 13.893236 0.6898186 32.35141 -0.37165239453315735 0.23494622111320496
