Pedestrian 0.0 0 0.09898465871810913 924.7784423828125 139.30322265625 963.7575073242188 225.46224975585938 0.73515683 1.8654914 0.57432187 7.3900046 1.1394172 16.053448 0.5304019451141357 0.1695988029241562
Pedestrian 0.0 0 -0.36450520157814026 789.5053100585938 170.98289489746094 849.8468627929688 229.38290405273438 1.7124346 1.776911 0.53373414 6.423498 1.7203375 22.288849 -0.08391507714986801 0.16583432257175446
Pedestrian 0.0 0 -1.9121873378753662 748.3648071289062 158.640869140625 770.668212890625 196.23416137695312 1.7240664 1.711865 0.46797603 6.9401264 1.0650073 33.739594 -1.7093201875686646 0.11200912296772003
Pedestrian 0.0 0 -2.0033531188964844 1187.9527587890625 99.28516387939453 1242.0 212.79733276367188 0.6176918 1.7609057 0.6376929 9.75125 0.6199957 11.572586 -1.3031611442565918 0.1105085164308548
Cyclist 0.0 0 -2.1517653465270996 794.5816040039062 147.43157958984375 835.1987915039062 198.2488250732422 1.803184 1.7205676 0.4540671 7.134074 0.86017424 25.355106 -1.8774900436401367 0.30430492758750916
Cyclist 0.0 0 -3.405606508255005 790.7559204101562 169.6572265625 851.8845825195312 228.36778259277344 1.7330604 1.791721 0.5361774 6.4739866 1.6945202 22.301134 -3.1230738162994385 0.28845277428627014
Cyclist 0.0 0 -1.8922861814498901 748.0924682617188 157.94447326660156 769.2529296875 195.2861328125 1.7080457 1.6993468 0.44843468 6.8947353 1.021201 33.707726 -1.6905245780944824 0.2720462679862976
Cyclist 0.0 0 1.496216893196106 449.99298095703125 154.25233459472656 462.3747253417969 187.49871826171875 1.5779641 1.7176198 0.5209634 -8.166124 0.756953 38.104725 1.2851028442382812 0.12827621400356293
Cyclist 0.0 0 -1.9647247791290283 773.4127197265625 147.89842224121094 798.5047607421875 187.7598419189453 1.7661201 1.7437967 0.45044538 7.864273 0.6524363 32.469334 -1.7270948886871338 0.111556276679039
Car 0.0 0 1.6488382816314697 532.9861450195312 187.62313842773438 567.3223266601562 215.40975952148438 4.1085844 1.4541456 1.6780313 -3.469251 2.3564374 42.00279 1.566429615020752 0.8469884991645813
Car 0.0 0 1.4037178754806519 636.7015991210938 187.97816467285156 669.7000732421875 212.2705841064453 4.052443 1.5640672 1.6784515 2.9919262 2.6813996 51.18018 1.462110161781311 0.2675260007381439
Car 0.0 0 0.0018227773252874613 587.775146484375 184.5064239501953 637.645263671875 204.3345489501953 4.033432 1.5751585 1.7280184 0.19911537 2.5460336 59.218884 0.005185127258300781 0.22375072538852692
