Pedestrian 0.0 0 -1.2134820222854614 163.2212677001953 167.04318237304688 282.5903625488281 364.8172302246094 0.8931077 1.6492884 0.68521744 -3.4231174 1.530117 6.474688 -1.6998190879821777 0.8408249616622925
Pedestrian 0.0 0 2.2487986087799072 1147.2733154296875 150.07440185546875 1214.738037109375 238.55714416503906 0.85800475 1.6393911 0.59415275 10.997331 1.058407 13.688672 2.925602674484253 0.8079056739807129
Pedestrian 0.0 0 -3.221818685531616 1080.2684326171875 163.54200744628906 1203.675048828125 355.32781982421875 0.8232871 1.5775765 0.64041746 4.721945 1.4312482 6.395405 -2.5858256816864014 0.804017186164856
Pedestrian 0.0 0 -2.3043479919433594 468.6552429199219 182.25088500976562 498.25543212890625 229.7541046142578 0.82838213 1.7209467 0.708055 -4.385478 1.7503145 26.572945 -2.467909097671509 0.7598820328712463
Pedestrian 0.0 0 -1.9794707298278809 841.6895751953125 151.51919555664062 972.6004028320312 374.0 0.8491564 1.7227215 0.67048126 2.348158 1.5030493 5.725248 -1.5902528762817383 0.7511905431747437
Pedestrian 0.0 0 0.24608102440834045 738.4222412109375 170.89625549316406 777.3397216796875 258.6448059082031 0.66352165 1.8134314 0.6894485 3.2993572 1.5955291 15.2986145 0.45849156379699707 0.7057954668998718
Pedestrian 0.0 0 1.9548252820968628 395.015380859375 148.66778564453125 423.2169189453125 205.85580444335938 0.69215167 1.782527 0.6531068 -6.1177135 0.7602697 22.770708 1.6923573017120361 0.6930742859840393
Pedestrian 0.0 0 -2.270747423171997 484.774169921875 161.37754821777344 505.2832336425781 192.25392150878906 0.7246568 1.5643735 0.7529811 -5.473892 0.5457258 36.914375 -2.4179608821868896 0.6680765151977539
Pedestrian 0.0 0 -1.783575415611267 848.97216796875 150.95738220214844 876.4863891601562 210.0860595703125 0.81609863 1.7189648 0.60683674 7.7208996 0.832177 21.325603 -1.43620765209198 0.6610082387924194
Pedestrian 0.0 0 -2.8394930362701416 499.2532653808594 164.0807647705078 514.0178833007812 192.5642547607422 0.6601596 1.6090834 0.69076306 -5.4049034 0.6258398 40.973938 -2.970646619796753 0.6169546842575073
Pedestrian 0.0 0 -1.9032979011535645 749.8712158203125 166.12586975097656 865.0894775390625 374.0 0.8245267 1.6478089 0.6428141 1.5643297 1.5355761 5.73937 -1.6372004747390747 0.5901697278022766
Pedestrian 0.0 0 0.9128080606460571 752.187744140625 161.1360626220703 792.2471313476562 241.12115478515625 0.7736165 1.7669048 0.51992506 3.8391516 1.3182764 16.325455 1.1437749862670898 0.5596439242362976
Pedestrian 0.0 0 -0.5447505116462708 918.8826904296875 143.5901336669922 958.4502563476562 209.28668212890625 0.73609555 1.695645 0.59982574 8.823149 0.7183562 18.875467 -0.10748846083879471 0.517271101474762
Pedestrian 0.0 0 0.19117707014083862 384.61273193359375 164.67893981933594 404.298095703125 196.99363708496094 0.88188314 1.6449026 0.5596272 -10.62916 0.78953475 36.8806 -0.08942347019910812 0.5115711688995361
Pedestrian 0.0 0 -1.7322001457214355 731.5386352539062 149.11282348632812 749.6902465820312 190.1301727294922 0.7064929 1.7705603 0.6720648 6.0594893 0.3734939 31.36811 -1.541377067565918 0.47716018557548523
Pedestrian 0.0 0 -0.3038560450077057 661.7099609375 164.8483428955078 685.9296264648438 208.32017517089844 0.76082397 1.6619885 0.6958736 2.785861 1.0263956 27.878181 -0.20425690710544586 0.47713467478752136
Pedestrian 0.0 0 -1.908332109451294 319.0181579589844 176.69142150878906 371.0966491699219 272.74200439453125 0.83629924 1.654945 0.6378541 -4.6503983 1.5733725 12.899869 -2.2543299198150635 0.4765925407409668
Pedestrian 0.0 0 1.8809341192245483 746.7429809570312 140.72940063476562 767.592529296875 186.1703338623047 0.65868187 1.7295709 0.6170678 6.0053463 0.17878741 27.778048 2.0938477516174316 0.47645998001098633
Pedestrian 0.0 0 1.8042619228363037 393.6938781738281 159.064453125 408.74371337890625 189.52110290527344 0.80429167 1.7366842 0.668182 -11.527375 0.4581691 41.372555 1.5325298309326172 0.473788857460022
Pedestrian 0.0 0 0.20879340171813965 578.4329833984375 173.10055541992188 597.8997192382812 215.92092895507812 0.7226155 1.8462815 0.6964841 -0.59004384 1.4850873 31.379974 0.18999242782592773 0.46897315979003906
Pedestrian 0.0 0 1.9446439743041992 383.17193603515625 158.93434143066406 405.6658935546875 204.21405029296875 0.74160814 1.8569579 0.67539304 -8.616329 0.93251103 29.857428 1.6636946201324463 0.46767598390579224
Pedestrian 0.0 0 -0.8629382848739624 880.5560302734375 162.7052459716797 947.1163940429688 237.4848175048828 1.5662955 1.7063401 0.5612908 7.356758 1.2786877 16.984327 -0.45418494939804077 0.16604790091514587
Cyclist 0.0 0 -0.8629382848739624 880.5560302734375 162.7052459716797 947.1163940429688 237.4848175048828 1.5662955 1.7063401 0.5612908 7.356758 1.2786877 16.984327 -0.45418494939804077 0.49791908264160156
Car 0.0 0 0.9022725224494934 207.32022094726562 164.0955810546875 274.0843200683594 188.56275939941406 4.054395 1.4978888 1.6202368 -22.882698 0.43312675 45.565865 0.4368748664855957 0.6528246402740479
Car 0.0 0 -2.795625686645508 398.1150817871094 152.2589569091797 488.75726318359375 186.30914306640625 3.7458174 1.5171895 1.625873 -7.246892 0.21522897 33.05367 -3.0114569664001465 0.6340761780738831
Car 0.0 0 1.7017229795455933 509.2726745605469 171.0998077392578 565.4551391601562 218.2158203125 4.4716954 1.9117396 1.8770199 -2.7309136 1.4907446 31.419086 1.6150219440460205 0.621955394744873
Car 0.0 0 0.4028352200984955 280.6767883300781 158.62135314941406 369.2411193847656 186.27249145507812 4.3815613 1.5303489 1.6590694 -15.605636 0.26494718 40.662224 0.03638315200805664 0.5786111354827881
Car 0.0 0 1.7433836460113525 574.741455078125 172.20681762695312 611.544189453125 200.6287841796875 4.3984585 1.8010553 1.7211974 -0.49021786 1.2128774 47.826565 1.733134150505066 0.573250412940979
Car 0.0 0 1.704440951347351 521.580322265625 161.2361602783203 546.4480590820312 180.1922149658203 4.499034 1.6849302 1.70779 -6.161582 -0.12481171 66.44805 1.6119775772094727 0.5321622490882874
