Pedestrian 0.0 0 1.1319477558135986 831.2820434570312 138.97080993652344 860.9268188476562 196.73486328125 0.6896336 1.73844 0.6282202 7.1778502 0.7190654 22.093523 1.446075439453125 0.6472166180610657
Pedestrian 0.0 0 -0.2876278758049011 1045.6312255859375 96.64373016357422 1121.3170166015625 214.2483367919922 0.87805986 1.8169452 0.5990408 7.5110173 0.63988394 11.556848 0.28869056701660156 0.46316462755203247
Pedestrian 0.0 0 -0.44928550720214844 1025.081298828125 111.9681396484375 1072.5211181640625 202.58367919921875 0.61290944 1.7352777 0.5529749 8.526671 0.56967807 14.118656 0.09401822090148926 0.263315886259079
Pedestrian 0.0 0 -1.5207629203796387 682.0064697265625 163.9205322265625 692.8497314453125 191.95179748535156 1.6361663 1.6620524 0.5728029 4.654969 1.13272 43.631947 -1.414477825164795 0.16017265617847443
Cyclist 0.0 0 -2.015503406524658 867.8397216796875 131.83438110351562 918.5540161132812 194.33360290527344 2.027194 1.7885202 0.5984837 8.428214 0.61503285 21.678194 -1.6447001695632935 0.7594022750854492
Cyclist 0.0 0 -1.5207629203796387 682.0064697265625 163.9205322265625 692.8497314453125 191.95179748535156 1.6361663 1.6620524 0.5728029 4.654969 1.13272 43.631947 -1.414477825164795 0.5904271602630615
Cyclist 0.0 0 0.946480393409729 971.413330078125 124.57823181152344 1029.5360107421875 185.5789794921875 1.6285217 1.7233166 0.676771 11.414394 0.35984793 21.232733 1.439741849899292 0.3816615343093872
Cyclist 0.0 0 -2.2250728607177734 1082.91162109375 98.42288208007812 1168.75927734375 196.89273071289062 1.5124868 1.7167752 0.4613149 9.443782 0.41946173 13.341443 -1.609095811843872 0.28053852915763855
Cyclist 0.0 0 -1.8299109935760498 813.7112426757812 140.48724365234375 838.3359985351562 185.0077362060547 1.7241983 1.7822877 0.54561836 8.851988 0.4869086 29.752453 -1.5407297611236572 0.2419864684343338
Cyclist 0.0 0 -0.30938541889190674 1049.5196533203125 95.07240295410156 1131.7513427734375 212.1885986328125 0.961906 1.8084329 0.58452713 7.6194773 0.6077373 11.550186 0.27376770973205566 0.15123192965984344
Car 0.0 0 1.98567795753479 354.508544921875 184.61932373046875 399.49688720703125 206.87005615234375 3.9325678 1.4579607 1.6057951 -16.591324 2.3308597 51.46954 1.6738426685333252 0.6620534658432007
Car 0.0 0 -1.6179451942443848 971.1362915039062 143.6399383544922 1025.1163330078125 191.12351989746094 3.5913548 1.6192472 1.5686843 14.172226 0.62337077 26.561117 -1.1278033256530762 0.5999404191970825
Car 0.0 0 0.008973908610641956 594.9872436523438 164.18597412109375 640.9276733398438 182.67669677734375 4.006509 1.6116371 1.6415466 0.6875453 0.8564968 63.74608 0.019759178161621094 0.4380798935890198
Car 0.0 0 1.6886463165283203 812.1885986328125 151.13949584960938 862.4523315429688 188.07545471191406 3.849176 1.469287 1.6047394 9.707902 0.6058572 30.78383 1.9941320419311523 0.4147341251373291
Car 0.0 0 -0.0833352655172348 668.768798828125 181.63046264648438 761.1266479492188 217.41781616210938 3.8419077 1.4859239 1.6180409 4.4572268 1.8785286 31.325941 0.05800151824951172 0.24488230049610138
