Pedestrian 0.0 0 1.800511360168457 665.5728149414062 141.21282958984375 709.5892333984375 232.9470672607422 0.89349526 1.7664175 0.6923323 1.5098433 1.157499 14.426592 1.9047887325286865 0.33068206906318665
Pedestrian 0.0 0 -2.5735628604888916 462.682373046875 171.89083862304688 500.7037048339844 226.91578674316406 1.1176785 1.7867181 0.55294037 -4.29365 1.7558012 23.894613 -2.751356601715088 0.2308160364627838
Pedestrian 0.0 0 -2.2020275592803955 572.0595092773438 140.609619140625 596.9006958007812 191.07720947265625 0.7230262 1.9499935 0.6802741 -1.0473197 0.7044761 28.370913 -2.2389261722564697 0.18325358629226685
Cyclist 0.0 0 -2.5998196601867676 460.603271484375 171.4972381591797 502.2109375 227.844482421875 1.2505349 1.8286623 0.55255866 -4.3031545 1.7849886 23.89423 -2.778001546859741 0.11462036520242691
Car 0.0 0 -1.8289655447006226 251.98513793945312 188.15216064453125 354.896240234375 250.6185302734375 3.8189044 1.4789776 1.7033461 -8.659245 1.9486059 20.10222 -2.2357053756713867 0.9377723336219788
Car 0.0 0 -1.6485390663146973 169.18035888671875 187.11929321289062 209.5897216796875 217.24671936035156 3.9098494 1.479149 1.6033512 -23.06017 2.3000846 39.438957 -2.1776366233825684 0.7652015686035156
Car 0.0 0 -1.7587745189666748 226.6640625 184.81541442871094 295.9521484375 236.28692626953125 3.3900564 1.6094702 1.5666063 -12.283741 2.0585024 25.23524 -2.2117817401885986 0.7479492425918579
Car 0.0 0 -1.9239704608917236 188.4302215576172 190.41502380371094 266.2438659667969 233.67877197265625 3.625568 1.5287622 1.575444 -15.321315 2.2724366 28.744085 -2.4136877059936523 0.6998223662376404
Car 0.0 0 0.6492786407470703 0.0 192.8829803466797 65.90435791015625 242.52410888671875 3.9417446 1.4650301 1.6571044 -20.042917 2.131188 23.02384 -0.0670134425163269 0.22316686809062958
Car 0.0 0 1.5678808689117432 0.0 160.3428955078125 17.705371856689453 295.2400207519531 4.03311 1.6076499 1.6092271 -9.991678 1.4589055 10.61374 0.8126628398895264 0.2088523507118225
