Pedestrian 0.0 0 1.927620530128479 163.79745483398438 160.20538330078125 202.253662109375 230.3152313232422 0.8550623 1.874317 0.6503111 -11.732951 1.5365268 19.76541 1.391912579536438 0.31379932165145874
Car 0.0 0 1.7300076484680176 422.0318908691406 186.07681274414062 510.6570129394531 247.7975311279297 4.431112 1.4798908 1.7755522 -3.9921093 1.8971485 20.5028 1.537703275680542 0.966742992401123
Car 0.0 0 1.930375576019287 266.03497314453125 194.2552947998047 394.5023498535156 263.5131530761719 4.2267075 1.4266907 1.6331805 -6.950201 2.0322466 18.28497 1.5671371221542358 0.9229221940040588
Car 0.0 0 1.7094405889511108 484.1076965332031 183.2238311767578 531.2095947265625 221.1557159423828 3.4701607 1.446597 1.4873345 -4.2686353 1.9059812 30.200113 1.5690257549285889 0.9161428809165955
Car 0.0 0 -1.616939663887024 630.3270263671875 177.2648468017578 663.2537841796875 206.4036865234375 3.9182336 1.5093286 1.6307038 1.9557338 1.7657692 39.926537 -1.5679954290390015 0.915713906288147
Car 0.0 0 2.255540132522583 0.0 202.91995239257812 182.14730834960938 375.0 4.0124745 1.5063664 1.6405302 -6.5254226 1.907459 7.5877733 1.545273780822754 0.8636525273323059
Car 0.0 0 2.8195436000823975 723.6932983398438 166.9642333984375 833.8566284179688 204.75222778320312 4.6027393 1.6744896 1.725296 7.642118 1.4138559 33.04718 3.046797752380371 0.7313981652259827
Car 0.0 0 -1.3768843412399292 468.5484313964844 180.72520446777344 505.161376953125 207.71640014648438 3.4266806 1.4866499 1.4941071 -7.241522 1.9693421 42.48032 -1.5457290410995483 0.44333407282829285
Car 0.0 0 -0.6078104972839355 914.3154296875 155.02857971191406 1006.9249267578125 184.31820678710938 4.3802657 1.5481697 1.6487017 19.028545 0.60632443 39.292038 -0.15681372582912445 0.35518917441368103
Car 0.0 0 -0.5796877145767212 936.0471801757812 156.48831176757812 1035.7308349609375 186.96023559570312 4.408383 1.5375891 1.6453593 19.4311 0.71214765 37.446255 -0.1010296642780304 0.31087735295295715
