Pedestrian 0.0 0 0.8647171854972839 1115.45849609375 132.02821350097656 1242.0 348.1778259277344 1.599399 1.7053784 0.66016775 5.3933606 1.383629 6.49397 1.557791829109192 0.1507086604833603
Cyclist 0.0 0 1.0734446048736572 1140.3603515625 122.19644927978516 1242.0 349.25115966796875 1.8977458 1.7139344 0.63363487 5.5203576 1.3319012 6.438052 1.782252311706543 0.38734012842178345
Car 0.0 0 1.9331278800964355 254.02732849121094 193.99807739257812 336.0768737792969 235.21817016601562 4.3100452 1.4646455 1.713076 -13.046759 2.4107447 30.077662 1.5238533020019531 0.9542531967163086
Car 0.0 0 -1.6469943523406982 567.374755859375 172.25648498535156 615.4821166992188 214.78924560546875 4.649163 1.816025 1.847325 -0.96833956 1.7908704 33.213627 -1.6761410236358643 0.8675612211227417
Car 0.0 0 1.6562743186950684 382.6723327636719 184.7750244140625 416.35943603515625 210.65135192871094 4.0322804 1.537505 1.7700818 -13.692902 2.349993 47.001762 1.3727928400039673 0.6785818934440613
Car 0.0 0 -1.5023040771484375 665.7306518554688 174.29537963867188 692.6083374023438 197.1307830810547 4.026979 1.5295986 1.6105789 4.8675723 1.6355004 50.71388 -1.4066160917282104 0.4203052222728729
Car 0.0 0 2.5519626140594482 206.96371459960938 182.66439819335938 281.8067321777344 209.52401733398438 4.060029 1.5886148 1.6608218 -23.493536 2.2500057 46.438766 2.0836033821105957 0.3207215666770935
Car 0.0 0 1.8253178596496582 391.88812255859375 175.42526245117188 438.3554382324219 207.5585174560547 4.0809245 1.759885 1.6295375 -11.282959 1.9168259 41.889706 1.5622127056121826 0.3054249584674835
Car 0.0 0 1.4640566110610962 500.4740295410156 173.30953979492188 534.3165283203125 200.32398986816406 4.4271703 1.7152488 1.7743132 -6.2688704 1.74756 48.249615 1.3348546028137207 0.2953995168209076
Car 0.0 0 0.6914483904838562 1028.44677734375 176.42686462402344 1123.461181640625 210.18141174316406 3.6807327 1.509726 1.5631546 22.259861 1.6916884 34.681458 1.2620640993118286 0.28890806436538696
Car 0.0 0 0.7451375722885132 844.1279907226562 192.06399536132812 918.4522705078125 220.87570190429688 4.011468 1.5040238 1.723601 15.967545 2.7005463 42.747032 1.1026239395141602 0.255887895822525
