Pedestrian 0.0 0 -1.7567498683929443 812.891845703125 145.8763427734375 834.3598022460938 188.07350158691406 0.82922316 1.7097993 0.7041523 8.740172 0.6170413 29.681276 -1.4703764915466309 0.5069009065628052
Pedestrian 0.0 0 -1.0138020515441895 1082.0902099609375 139.62026977539062 1115.6591796875 177.37733459472656 1.716574 1.859085 0.5716615 24.449001 0.22307819 36.13464 -0.4189482629299164 0.1742279827594757
Pedestrian 0.0 0 -2.262472152709961 773.9222412109375 151.8844757080078 804.651611328125 185.93960571289062 1.7410569 1.6653756 0.4967534 8.93704 0.6402749 36.17413 -2.020266056060791 0.10836616158485413
Cyclist 0.0 0 -2.262472152709961 773.9222412109375 151.8844757080078 804.651611328125 185.93960571289062 1.7410569 1.6653756 0.4967534 8.93704 0.6402749 36.17413 -2.020266056060791 0.3980492651462555
Cyclist 0.0 0 -1.0138020515441895 1082.0902099609375 139.62026977539062 1115.6591796875 177.37733459472656 1.716574 1.859085 0.5716615 24.449001 0.22307819 36.13464 -0.4189482629299164 0.3362889587879181
Car 0.0 0 -2.037196159362793 858.15478515625 159.1514129638672 896.3715209960938 177.5133056640625 3.891953 1.6110691 1.6685663 24.131912 0.40916437 65.33224 -1.6833686828613281 0.5409238338470459
Car 0.0 0 -2.0266873836517334 715.9447021484375 160.1987762451172 760.89453125 184.68931579589844 3.740076 1.6377953 1.5935016 8.868904 0.79184043 50.26749 -1.8520504236221313 0.47953492403030396
Car 0.0 0 -2.941676616668701 605.8964233398438 172.566162109375 685.5747680664062 203.1006317138672 3.8722231 1.5284411 1.666342 1.8336505 1.5143907 37.39917 -2.892686605453491 0.4105827510356903
Car 0.0 0 -0.3088468015193939 808.1231079101562 151.4156036376953 911.1812744140625 189.2032470703125 3.7515996 1.5323408 1.6010355 10.312985 0.6633425 30.096827 0.021274328231811523 0.39615610241889954
Car 0.0 0 0.8885180950164795 1181.560302734375 143.55136108398438 1242.0 186.4457244873047 3.0475445 1.5280921 1.6801519 23.566023 0.48455697 27.250576 1.6015360355377197 0.37332040071487427
Car 0.0 0 -2.1548006534576416 780.4638061523438 151.0348663330078 844.5702514648438 182.0398406982422 3.866377 1.6585107 1.6071974 11.31294 0.4917251 40.68025 -1.8835601806640625 0.35889115929603577
Car 0.0 0 -0.6410643458366394 1162.1802978515625 152.622314453125 1242.0 177.93736267089844 3.7186687 1.5306228 1.6137074 36.53958 0.3077129 44.515514 0.04624819755554199 0.3401922285556793
Car 0.0 0 1.2186603546142578 761.5272827148438 164.986083984375 792.3494873046875 181.4496612548828 3.737027 1.4943627 1.6126684 15.548802 0.78056693 67.44441 1.4452439546585083 0.33987167477607727
Car 0.0 0 0.059546634554862976 721.2664794921875 166.29151916503906 769.1083984375 186.57186889648438 3.4823387 1.5055482 1.5390562 10.239098 1.0187275 54.729992 0.2444925308227539 0.33397096395492554
Car 0.0 0 1.076507568359375 982.2880859375 152.06910705566406 1044.393798828125 179.61935424804688 4.084302 1.6705357 1.699501 25.484581 0.4105816 45.801792 1.584258794784546 0.33347639441490173
