Car 0.0 0 1.3830817937850952 674.8071899414062 179.86105346679688 766.8732299804688 238.26260375976562 4.2674074 1.4289284 1.7645756 2.944436 1.647943 20.342575 1.526826024055481 0.9159095883369446
Car 0.0 0 1.5733147859573364 599.9511108398438 177.71615600585938 657.5962524414062 231.9242706298828 3.7151625 1.4453006 1.5649346 0.50997007 1.6028666 21.44925 1.597085952758789 0.889479398727417
Car 0.0 0 -1.7811744213104248 220.2545928955078 196.97451782226562 330.6822509765625 270.94696044921875 3.8438156 1.454337 1.646719 -8.258519 2.1087189 17.533625 -2.221362590789795 0.8111632466316223
Car 0.0 0 3.3959922790527344 279.6390686035156 180.0640869140625 366.85626220703125 214.16749572753906 3.4354749 1.4981896 1.5683774 -13.136673 1.8392521 33.103058 3.018211603164673 0.6240726709365845
Car 0.0 0 -2.037489414215088 369.73919677734375 164.6543731689453 602.6517333984375 311.0699768066406 4.870262 2.0197577 1.903118 -2.4077775 1.9070042 12.459576 -2.2283835411071777 0.5284968018531799
Car 0.0 0 3.4231221675872803 208.95968627929688 184.0202178955078 302.12225341796875 217.3577117919922 4.008663 1.62788 1.6457192 -18.220684 2.2213333 37.163883 2.9672813415527344 0.5102924108505249
Car 0.0 0 -1.608947992324829 73.05506896972656 193.68263244628906 130.35366821289062 236.2112274169922 3.8555324 1.4020586 1.6507626 -19.674713 2.2638688 27.807188 -2.224716901779175 0.46323996782302856
Car 0.0 0 1.3147308826446533 34.95157241821289 185.22032165527344 109.40644836425781 223.65274047851562 4.0502653 1.5291 1.6571859 -23.809992 2.1080072 31.843925 0.6726975440979004 0.4343029260635376
Car 0.0 0 0.584189772605896 746.1285400390625 175.15798950195312 879.4371337890625 224.43646240234375 3.9796877 1.4654094 1.6051582 6.5179873 1.54783 23.670029 0.8528988361358643 0.38707903027534485
Car 0.0 0 1.7264963388442993 516.5520629882812 181.35853576660156 579.1769409179688 230.1566619873047 3.667941 1.4600298 1.5340093 -2.0459442 1.7669896 24.125973 1.6418962478637695 0.38230830430984497
