Pedestrian 0.0 0 1.2883520126342773 799.61181640625 140.06163024902344 855.4105834960938 240.5881805419922 1.0656859 1.8115582 0.7296538 4.0086713 1.2209748 13.534706 1.5762979984283447 0.22388972342014313
Pedestrian 0.0 0 0.1579221934080124 727.2194213867188 169.04278564453125 754.7929077148438 227.8953857421875 0.732344 1.7645336 0.68813694 3.9662826 1.6506228 22.076065 0.3356900215148926 0.1693824827671051
Pedestrian 0.0 0 2.3082022666931152 165.28150939941406 143.9659881591797 221.883544921875 242.27647399902344 0.6554374 1.7730025 0.63514435 -7.77509 1.2523731 13.397084 1.7823514938354492 0.11927791684865952
Pedestrian 0.0 0 0.800402045249939 192.73753356933594 147.78253173828125 249.67221069335938 252.27828979492188 0.60260785 1.797169 0.6558274 -6.9470553 1.3663353 12.809581 0.303464412689209 0.11247114092111588
Car 0.0 0 1.7909644842147827 379.4417419433594 187.8172607421875 490.8919982910156 271.567138671875 3.5976682 1.4740771 1.5102013 -3.5827708 1.826179 15.150781 1.5587557554244995 0.9614077806472778
Car 0.0 0 2.9411427974700928 414.35107421875 183.4185791015625 499.1952209472656 215.65049743652344 4.1329017 1.5815979 1.5994356 -8.097742 2.1609285 37.981842 2.7310874462127686 0.758102297782898
Car 0.0 0 3.648545026779175 0.0 193.9978790283203 56.198822021484375 358.9197998046875 4.396916 1.4478911 1.6589841 -9.337384 1.7341732 8.237606 2.800652027130127 0.3039443790912628
Car 0.0 0 1.2949501276016235 509.99664306640625 181.85601806640625 554.3896484375 210.85394287109375 4.3296466 1.6892223 1.6766423 -5.0221286 2.2898774 45.791534 1.1857129335403442 0.17783327400684357
Car 0.0 0 1.613610029220581 436.105712890625 154.76040649414062 466.58074951171875 184.2691192626953 3.817413 1.784174 1.7231038 -10.028019 0.6905455 45.652054 1.397382140159607 0.1268496960401535
Car 0.0 0 2.9362564086914062 640.5870361328125 172.16680908203125 693.2786865234375 193.45379638671875 3.7639425 1.5944442 1.5836617 4.299088 1.5433285 55.066624 3.0141689777374268 0.10999418795108795
