Car 0.0 0 -0.46028441190719604 751.0455932617188 175.45179748535156 1006.7651977539062 268.2597351074219 3.7366912 1.4406621 1.6611294 4.422739 1.4890395 12.295349 -0.11498710513114929 0.9622630476951599
Car 0.0 0 -0.2917974591255188 673.2010498046875 170.18194580078125 802.601318359375 221.80792236328125 3.75546 1.5737156 1.6223049 3.983795 1.4926212 23.022823 -0.12045732140541077 0.9355512261390686
Car 0.0 0 0.4268505275249481 46.663063049316406 158.7629852294922 314.2879638671875 248.7270050048828 3.9355564 1.5379995 1.6262821 -7.8088646 1.2974613 13.342953 -0.10264727473258972 0.9233787655830383
Car 0.0 0 3.527812957763672 140.7772216796875 175.94155883789062 353.9787292480469 246.84033203125 3.8751266 1.4552021 1.5548247 -7.8600626 1.5271559 15.807857 3.06638765335083 0.8848981857299805
Car 0.0 0 3.8067009449005127 0.0 172.71783447265625 124.82044219970703 359.7120056152344 3.857244 1.6154046 1.6423556 -7.4872856 1.6145862 7.3000603 3.0086421966552734 0.7893065810203552
Car 0.0 0 3.365508556365967 292.38922119140625 167.19500732421875 424.7518310546875 214.91444396972656 3.8649423 1.5074934 1.5940884 -8.245871 1.3290795 23.794947 3.0319206714630127 0.7435237169265747
Car 0.0 0 3.3737716674804688 321.4388427734375 159.44827270507812 427.9510192871094 197.8865966796875 3.7866166 1.4878362 1.6042376 -9.391108 0.96929735 28.880762 3.059387683868408 0.5171496272087097
Car 0.0 0 -0.2679409980773926 654.6327514648438 170.44537353515625 780.0062255859375 215.07460021972656 4.120713 1.5143058 1.5368989 3.704216 1.4329374 25.496347 -0.12366624176502228 0.4629479646682739
Car 0.0 0 0.4342401921749115 218.49462890625 171.29820251464844 389.11285400390625 230.29605102539062 3.8012424 1.4578496 1.4355075 -7.8694787 1.4197636 18.608852 0.034158945083618164 0.4466957151889801
Car 0.0 0 -1.934157133102417 461.1226501464844 165.3751983642578 496.2833251953125 183.24221801757812 4.0667768 1.4714137 1.6073391 -11.259549 0.855864 61.57423 -2.115020275115967 0.38552743196487427
