Pedestrian 0.0 0 0.1672978401184082 440.28411865234375 131.65199279785156 558.0557250976562 310.6214294433594 1.1683856 1.838377 0.5687102 -1.1586576 1.3383018 7.5509505 0.015040159225463867 0.8515297174453735
Pedestrian 0.0 0 2.7429234981536865 856.1302490234375 102.49208068847656 922.2900390625 211.23338317871094 0.87209076 1.7782648 0.5785339 4.709425 0.5042404 11.855682 3.1210391521453857 0.46419936418533325
Pedestrian 0.0 0 0.5350368618965149 560.9300537109375 123.46171569824219 608.543701171875 215.03378295898438 0.7963637 1.847675 0.6008929 -0.46085092 0.6984245 14.716677 0.5037322044372559 0.4365396499633789
Pedestrian 0.0 0 0.011847168207168579 708.4654541015625 122.77560424804688 740.2239990234375 192.5042266845703 0.79093677 1.7545716 0.6029804 3.0291393 0.30365458 18.15288 0.17719197273254395 0.3667750954627991
Pedestrian 0.0 0 -3.436674118041992 911.5523071289062 91.70060729980469 970.1742553710938 206.0845947265625 0.75247055 1.8486397 0.54367214 5.5230417 0.41514394 11.74531 -2.997121810913086 0.3479388356208801
Pedestrian 0.0 0 1.5268123149871826 520.9222412109375 108.95353698730469 553.4256591796875 198.44769287109375 0.85723335 1.8350742 0.6441523 -1.4855812 0.36964154 14.963163 1.427854061126709 0.314374715089798
Pedestrian 0.0 0 -0.40466320514678955 788.4375 94.61092376708984 875.8801879882812 202.42205810546875 1.2905478 1.832678 0.7013308 3.9319324 0.37430048 12.426374 -0.09821264445781708 0.3119618594646454
Pedestrian 0.0 0 -2.1780271530151367 951.7945556640625 92.94944763183594 1011.2781372070312 205.34922790527344 0.6777489 1.8072331 0.58885366 6.1944747 0.40119508 11.735472 -1.6923549175262451 0.2817833423614502
Pedestrian 0.0 0 1.6658188104629517 623.3246459960938 126.09195709228516 649.5607299804688 196.31088256835938 0.73335445 1.7553073 0.6053276 0.7729863 0.3968296 18.07435 1.7085597515106201 0.27050280570983887
Pedestrian 0.0 0 -3.7874841690063477 1101.008544921875 92.09110260009766 1193.1610107421875 204.00753784179688 1.0641733 1.7821095 0.57252514 8.789109 0.37597913 11.542634 -3.1366968154907227 0.26997438073158264
Pedestrian 0.0 0 0.6128515005111694 175.2893524169922 115.49820709228516 273.3747863769531 206.94459533691406 1.6987696 1.7607435 0.55359644 -7.561086 0.5108073 13.982994 0.11714982986450195 0.10793163627386093
Cyclist 0.0 0 -0.40466320514678955 788.4375 94.61092376708984 875.8801879882812 202.42205810546875 1.2905478 1.832678 0.7013308 3.9319324 0.37430048 12.426374 -0.09821264445781708 0.370412141084671
Cyclist 0.0 0 -2.5931992530822754 147.4058074951172 101.69031524658203 242.24656677246094 195.8992156982422 1.6224524 1.8295358 0.45387185 -8.135334 0.3006847 13.969873 -3.1205384731292725 0.3638734817504883
Cyclist 0.0 0 -3.7874841690063477 1101.008544921875 92.09110260009766 1193.1610107421875 204.00753784179688 1.0641733 1.7821095 0.57252514 8.789109 0.37597913 11.542634 -3.1366968154907227 0.15849344432353973
Cyclist 0.0 0 -0.37603339552879333 867.1041259765625 93.5997543334961 940.2837524414062 207.78363037109375 0.99685466 1.8619591 0.5374909 4.9287987 0.44655776 11.803075 0.019540786743164062 0.1070486381649971
Car 0.0 0 1.9058440923690796 731.8134765625 154.78477478027344 765.31591796875 174.67799377441406 3.8549738 1.6247811 1.6603686 12.443893 -0.51865506 61.0439 2.106940269470215 0.2783128023147583
Car 0.0 0 -1.2029858827590942 487.19744873046875 134.89547729492188 579.80078125 195.37692260742188 3.5122728 1.6269658 1.563482 -2.0517404 0.40177482 20.915857 -1.3007680177688599 0.26456186175346375
Car 0.0 0 -1.8114014863967896 651.3616943359375 137.24290466308594 742.0171508789062 198.1161651611328 3.7303314 1.509927 1.6064255 2.3790817 0.438555 19.480354 -1.6898760795593262 0.24130715429782867
Car 0.0 0 -1.7854793071746826 719.309814453125 133.1941375732422 810.8212280273438 196.005126953125 3.8675733 1.5654329 1.6511339 4.2669067 0.38802817 19.5507 -1.5706003904342651 0.24040649831295013
