Car 0.0 0 1.3036994934082031 710.1795043945312 180.85845947265625 817.9376220703125 254.87442016601562 3.5284438 1.4770504 1.5145563 3.3672872 1.6816688 16.598763 1.5038471221923828 0.9664680361747742
Car 0.0 0 1.9205265045166016 369.1981201171875 185.2981719970703 472.6820983886719 242.294921875 4.2544208 1.4971937 1.7014426 -5.6948833 1.9168906 22.111334 1.668450117111206 0.965171217918396
Car 0.0 0 2.0154378414154053 190.76980590820312 193.62945556640625 372.708984375 297.5024108886719 3.552901 1.5087931 1.5840825 -5.7443433 1.9351894 12.995443 1.5992335081100464 0.9650200009346008
Car 0.0 0 -2.015695571899414 810.5694580078125 181.9330596923828 1227.9337158203125 375.0 4.134395 1.5273432 1.6462259 3.2728434 1.6408316 6.918371 -1.573826789855957 0.9610604047775269
Car 0.0 0 -1.7832518815994263 680.6670532226562 183.7957000732422 761.751708984375 236.6195831298828 4.0649223 1.4301442 1.6497334 3.307845 1.802985 22.477503 -1.6371381282806396 0.9365670084953308
Car 0.0 0 -1.7077131271362305 660.491455078125 177.8243865966797 708.8807983398438 213.70425415039062 3.7755787 1.4236939 1.5584832 3.1135356 1.6513183 31.073519 -1.6078474521636963 0.93631511926651
Car 0.0 0 2.2702603340148926 0.0 207.88111877441406 240.76380920410156 375.0 4.2607164 1.4819742 1.6915888 -5.756892 1.9396117 7.2627873 1.6000136137008667 0.8940040469169617
Car 0.0 0 1.7442083358764648 479.137939453125 182.63111877441406 520.1087036132812 212.64234924316406 3.574082 1.4197117 1.4897188 -5.663914 1.9473653 37.108017 1.5927441120147705 0.8020592927932739
Car 0.0 0 -2.663039207458496 514.65966796875 174.77552795410156 567.5014038085938 194.1402587890625 4.1754875 1.606974 1.7306317 -5.921738 1.776056 61.77066 -2.7586135864257812 0.7478712201118469
Car 0.0 0 -2.484729051589966 25.863922119140625 161.03536987304688 126.64199829101562 191.9653778076172 4.06155 1.5672351 1.6132987 -27.655659 0.9687387 37.405373 -3.1213791370391846 0.6286360621452332
