Pedestrian 0.0 0 1.5639103651046753 637.314697265625 161.94320678710938 643.1716918945312 181.97000122070312 0.82911855 1.8018168 0.52344036 2.717077 0.82052755 65.33761 1.6054716110229492 0.5711753368377686
Pedestrian 0.0 0 -1.7210067510604858 160.28890991210938 158.9003448486328 183.58607482910156 205.18072509765625 0.7471886 1.7799032 0.6747335 -17.196632 1.2436159 28.250006 -2.2678208351135254 0.4040928781032562
Cyclist 0.0 0 -2.242619514465332 779.0234375 150.2457733154297 806.6243286132812 179.0708465576172 1.950674 1.8582298 0.6990464 12.002494 0.40113145 47.544426 -1.9953382015228271 0.4629257917404175
Cyclist 0.0 0 1.4296389818191528 846.3845825195312 130.58494567871094 871.913818359375 181.7189178466797 1.7664146 1.8208613 0.64386594 9.132549 0.31603402 26.618954 1.7601397037506104 0.372555136680603
Car 0.0 0 2.067124366760254 89.12394714355469 182.43325805664062 251.988037109375 252.12960815429688 4.3421063 1.5163484 1.6821474 -11.072586 1.7917145 18.50661 1.5279526710510254 0.9472352266311646
Car 0.0 0 -1.6251500844955444 560.725830078125 176.8768310546875 727.3536987304688 336.71490478515625 4.355123 1.6282686 1.7322884 0.23570484 1.6947851 9.660949 -1.6007572412490845 0.8226316571235657
Car 0.0 0 -2.394758462905884 120.59554290771484 170.97024536132812 179.95330810546875 192.0719451904297 3.5456722 1.5213057 1.5954041 -33.85326 1.3858562 53.117065 -2.962177276611328 0.6782549023628235
Car 0.0 0 -2.343996047973633 795.7083129882812 154.5485076904297 880.1033935546875 188.8292999267578 3.9040346 1.5656474 1.6457516 10.957766 0.7299697 35.06377 -2.041102409362793 0.6216849088668823
Car 0.0 0 1.5029168128967285 586.1605834960938 171.1492919921875 644.3797607421875 223.14804077148438 3.8109453 1.4571468 1.5114182 0.04093298 1.4097344 22.1679 1.5047633647918701 0.502805769443512
Car 0.0 0 -2.1598737239837646 184.46929931640625 162.61801147460938 236.90321350097656 185.0654296875 3.561909 1.537616 1.5116048 -28.209642 0.83682406 50.90911 -2.665872812271118 0.39528176188468933
Car 0.0 0 1.9031301736831665 292.4075012207031 172.47084045410156 330.2841796875 190.38900756835938 4.307826 1.4495976 1.6220621 -25.036512 1.418957 60.56876 1.511162519454956 0.39451703429222107
Car 0.0 0 1.3990135192871094 716.8141479492188 166.7237091064453 749.999267578125 188.9305419921875 4.252363 1.5450357 1.6618117 8.873472 1.1188797 52.327423 1.5669914484024048 0.3914561867713928
Car 0.0 0 -1.793666124343872 674.7767944335938 164.02476501464844 707.3021240234375 185.50926208496094 4.077798 1.6250252 1.6731294 6.2988963 0.9575657 56.69202 -1.6830127239227295 0.38986992835998535
Car 0.0 0 1.454187273979187 704.9671020507812 166.35784912109375 731.4244995117188 186.6999969482422 4.344169 1.6036208 1.6410191 8.794681 1.0918722 59.07439 1.6019765138626099 0.32426929473876953
