Pedestrian 0.0 0 -0.9888192415237427 952.349365234375 148.584716796875 993.8890991210938 219.98843383789062 0.6158621 1.7521613 0.7133652 9.090308 1.1569805 18.165895 -0.5248475074768066 0.1892438381910324
Car 0.0 0 2.0108866691589355 168.98428344726562 193.7701873779297 315.0169677734375 266.2459716796875 3.7814095 1.432498 1.6445662 -8.666453 1.98901 17.27204 1.545830488204956 0.9560732841491699
Car 0.0 0 -1.5776112079620361 597.5320434570312 176.6226043701172 624.4506225585938 201.3467559814453 3.8968701 1.4456295 1.5964035 0.012433859 1.6898559 44.734947 -1.5773332118988037 0.6846731305122375
Car 0.0 0 2.2343497276306152 0.0 209.4845733642578 97.4530258178711 260.04010009765625 3.933773 1.39784 1.7438372 -19.90792 2.757384 24.79201 1.5577837228775024 0.38879579305648804
Car 0.0 0 2.772611618041992 814.9037475585938 161.79188537597656 902.6632690429688 197.4835205078125 3.2435474 1.4974059 1.5218946 10.638379 1.0336642 31.092722 3.102276086807251 0.3499462604522705
Car 0.0 0 2.9429678916931152 719.330322265625 162.75314331054688 777.218994140625 181.3721466064453 4.57647 1.5592425 1.7403752 11.694604 0.713707 61.315563 3.13143253326416 0.3268795907497406
Car 0.0 0 2.2858779430389404 152.5122528076172 198.88124084472656 222.48806762695312 223.91000366210938 4.020974 1.4464902 1.8640603 -28.234652 3.2671957 48.3134 1.7570033073425293 0.23361311852931976
Car 0.0 0 -2.7784104347229004 1179.260498046875 144.4967803955078 1242.0 179.54039001464844 3.7706351 1.702358 1.7354392 31.89373 0.325171 37.11915 -2.068584680557251 0.23123323917388916
Car 0.0 0 1.27463960647583 708.6920166015625 177.88388061523438 787.535888671875 222.6001739501953 4.2809987 1.4803904 1.6556141 4.9382534 1.6817021 26.60409 1.4581708908081055 0.21050408482551575
Car 0.0 0 1.8496335744857788 318.5154113769531 197.12771606445312 373.45135498046875 230.2333221435547 3.6435194 1.4551293 1.6594752 -13.264048 2.7412052 36.33919 1.4996528625488281 0.2104051560163498
Car 0.0 0 -1.28694748878479 388.61138916015625 181.0748291015625 420.3128662109375 200.31536865234375 3.5250776 1.4896218 1.5762594 -16.831907 2.1839347 59.13764 -1.5642375946044922 0.20481927692890167
Car 0.0 0 -3.470764636993408 840.9095458984375 170.55853271484375 899.5370483398438 189.3143768310547 4.339856 1.5654879 1.7463549 21.98806 1.374251 61.12965 -3.125478744506836 0.19306984543800354
