Cyclist 0.0 0 0.07532712817192078 192.37559509277344 167.68556213378906 216.21963500976562 186.13131713867188 1.9228134 1.7254382 0.631687 -38.34632 1.2423345 68.1838 -0.4369836151599884 0.5791442394256592
Car 0.0 0 -1.7521802186965942 703.5425415039062 186.8245086669922 801.470703125 255.2421112060547 3.9037678 1.4121363 1.6348034 3.3033783 1.7920053 17.643024 -1.5670889616012573 0.974177896976471
Car 0.0 0 -1.7002838850021362 684.4842529296875 181.48976135253906 753.6980590820312 234.73765563964844 4.256812 1.5259784 1.6671914 3.4067383 1.8333592 23.509493 -1.556376576423645 0.9517038464546204
Car 0.0 0 1.7439137697219849 482.2359619140625 183.99514770507812 533.7085571289062 222.7450714111328 3.9562912 1.6236544 1.7017897 -4.691665 2.170577 33.38908 1.604312777519226 0.924973726272583
Car 0.0 0 -2.955963134765625 1006.6769409179688 162.85733032226562 1226.213134765625 241.26507568359375 3.8952267 1.5885202 1.6769756 11.4755335 1.386348 16.589682 -2.350811004638672 0.8380120396614075
Car 0.0 0 -2.931170701980591 887.586181640625 177.157958984375 1049.3958740234375 231.25588989257812 4.3210998 1.5335104 1.6655018 11.186315 1.6815166 22.75863 -2.474330425262451 0.8217653036117554
Car 0.0 0 0.306416779756546 269.8821105957031 185.22132873535156 364.5084533691406 216.18264770507812 4.2966204 1.5500401 1.7174273 -15.376183 2.2186952 37.96286 -0.07842019200325012 0.6911083459854126
Car 0.0 0 0.4244149327278137 277.57147216796875 169.69583129882812 329.9747009277344 186.0587158203125 4.316117 1.548959 1.6847998 -29.355803 1.2503555 69.1923 0.023167848587036133 0.6585779786109924
Car 0.0 0 2.331416368484497 318.59478759765625 168.88113403320312 360.0865783691406 185.1571502685547 3.7396657 1.5219488 1.6087798 -26.049507 1.1508082 69.50278 1.972822666168213 0.5234057307243347
Car 0.0 0 -1.451493263244629 420.6897277832031 163.15390014648438 451.6077880859375 187.2266082763672 4.011587 1.6323758 1.660999 -12.27615 0.9749677 51.013836 -1.6876466274261475 0.5174980759620667
Car 0.0 0 1.9943971633911133 223.516357421875 191.4346466064453 269.0835876464844 212.4118194580078 4.2022195 1.5156146 1.6968619 -29.217733 3.0658312 58.047146 1.528077244758606 0.5072349309921265
Car 0.0 0 -1.1363872289657593 497.8341369628906 164.403076171875 531.2594604492188 181.7169647216797 4.019275 1.6166866 1.6570244 -9.178085 0.827938 69.53623 -1.2676186561584473 0.48453038930892944
