Car 0.0 0 -1.7534929513931274 721.2080688476562 186.2926788330078 830.1946411132812 263.60723876953125 3.9901435 1.4265959 1.6167653 3.4798563 1.7632118 16.032108 -1.5397529602050781 0.9722589254379272
Car 0.0 0 -1.7096116542816162 696.31982421875 178.95486450195312 770.7824096679688 235.55528259277344 4.2329407 1.5110056 1.6231511 3.586083 1.7142322 21.854937 -1.5469752550125122 0.9378835558891296
Car 0.0 0 1.7467845678329468 482.4678039550781 181.5074920654297 535.9638671875 221.92909240722656 3.7609682 1.6254557 1.6980618 -4.4060864 2.029456 31.74195 1.6088563203811646 0.8995268940925598
Car 0.0 0 -2.949993371963501 913.8949584960938 172.2763214111328 1088.6849365234375 232.4899444580078 4.272312 1.6023391 1.7187086 11.3760195 1.5873246 21.213715 -2.4577620029449463 0.7373530864715576
Car 0.0 0 -1.6281471252441406 672.8468017578125 175.53994750976562 699.9220581054688 197.99810791015625 3.8136868 1.4824861 1.6441336 5.231393 1.6763439 50.034737 -1.523970365524292 0.7357258200645447
Car 0.0 0 -3.0253849029541016 1063.2022705078125 163.05149841308594 1242.0 257.5062561035156 3.9411056 1.6781294 1.7081118 11.750501 1.5043314 14.814825 -2.354829788208008 0.7287387251853943
Car 0.0 0 0.37835565209388733 258.2620544433594 183.0363006591797 356.5458679199219 215.78671264648438 4.2440634 1.5887952 1.7265395 -15.269101 2.1164832 36.463142 -0.018213029950857162 0.6781888604164124
Car 0.0 0 0.5986545085906982 181.56307983398438 187.5421142578125 298.6587829589844 232.41831970214844 3.3458676 1.4573815 1.50641 -12.823857 1.9863911 25.010948 0.12487506866455078 0.5090851187705994
Car 0.0 0 0.15379273891448975 1017.4339599609375 176.93826293945312 1235.3553466796875 247.86911010742188 4.0569963 1.484058 1.6571245 12.23278 1.5938821 17.330244 0.7684428691864014 0.4498576819896698
Car 0.0 0 1.7111788988113403 509.14508056640625 179.9024658203125 552.2416381835938 215.13526916503906 4.039162 1.6664976 1.6474501 -4.0435534 2.0481806 36.98825 1.6022913455963135 0.42093726992607117
