Pedestrian 0.0 0 1.5115714073181152 955.23291015625 130.62689208984375 988.1654663085938 201.6468505859375 1.2055786 1.8542829 0.7232682 9.728966 0.7521198 19.532425 1.9736922979354858 0.778602659702301
Pedestrian 0.0 0 2.24247670173645 1157.3355712890625 101.62765502929688 1231.91748046875 203.19631958007812 0.8623376 1.8246546 0.68913054 10.787463 0.5454497 13.390175 2.9206383228302 0.7389099597930908
Cyclist 0.0 0 0.46525371074676514 0.0 152.26368713378906 49.79368591308594 194.64178466796875 1.6765808 1.7989019 0.68644774 -25.366915 0.92522454 31.14233 -0.21829508244991302 0.7068073153495789
Car 0.0 0 -0.38899537920951843 709.5914916992188 176.83523559570312 930.1806640625 256.7674560546875 3.881654 1.4691702 1.6991495 4.053129 1.5550659 14.432617 -0.11521607637405396 0.9580122232437134
Car 0.0 0 3.307673454284668 298.2214660644531 177.55477905273438 423.7889099121094 224.2426300048828 4.012379 1.575843 1.6735369 -8.826268 1.7514096 25.737043 2.977301836013794 0.93146812915802
Car 0.0 0 0.37837499380111694 98.1618881225586 175.00466918945312 330.5973815917969 252.92784118652344 3.9927366 1.5282974 1.6154801 -8.242291 1.5771823 15.241797 -0.11735345423221588 0.9283985495567322
Car 0.0 0 -0.2832385301589966 654.3018188476562 176.56687927246094 770.0458374023438 220.9302520751953 3.704841 1.4719251 1.560144 3.4773035 1.607082 25.152302 -0.14585945010185242 0.9278064370155334
Car 0.0 0 3.8990283012390137 0.0 207.21649169921875 126.09184265136719 375.0 4.1090198 1.4551497 1.6143639 -7.38076 1.8331101 7.0097094 3.0878512859344482 0.8726224899291992
Car 0.0 0 3.6999754905700684 0.0 195.63369750976562 212.10671997070312 333.3714599609375 3.829791 1.5199862 1.6157736 -7.578576 1.8480499 9.339989 3.018314838409424 0.8606868982315063
Car 0.0 0 3.53752064704895 180.31597900390625 188.174072265625 364.3960876464844 251.79278564453125 3.79617 1.4552767 1.5737628 -8.259316 1.8514111 17.777054 3.1025874614715576 0.813572347164154
Car 0.0 0 -1.266418218612671 390.5785827636719 162.50364685058594 441.05523681640625 191.8766326904297 3.9431932 1.5853219 1.6606181 -10.987194 1.027049 40.945045 -1.528582215309143 0.7021730542182922
Car 0.0 0 2.284680128097534 1055.8486328125 141.17723083496094 1153.277587890625 175.73033142089844 4.084113 1.6064966 1.5982417 23.823929 0.13408884 34.83618 2.8845083713531494 0.6763609051704407
Car 0.0 0 -1.475791096687317 237.9208526611328 173.18348693847656 263.364013671875 192.09800720214844 3.6903222 1.596893 1.647707 -31.365255 1.6269438 63.00265 -1.9377094507217407 0.6602292060852051
Car 0.0 0 -1.769956111907959 455.74298095703125 175.64215087890625 483.2767333984375 193.33201599121094 3.940165 1.488169 1.6266848 -12.414481 1.7421486 63.50018 -1.9630240201950073 0.6501424312591553
Car 0.0 0 1.1589465141296387 975.6035766601562 165.3228302001953 1050.228515625 198.88511657714844 4.2140617 1.5285206 1.5974109 19.412441 1.1858883 35.030914 1.6649715900421143 0.6370566487312317
Car 0.0 0 -1.60116708278656 287.66363525390625 168.78224182128906 307.30718994140625 184.72097778320312 3.6419613 1.482253 1.6131384 -29.9607 1.1039498 69.08915 -2.0103437900543213 0.6222273707389832
