Pedestrian 0.0 0 3.348580837249756 300.7930908203125 159.29791259765625 317.8922119140625 186.6579132080078 1.0527991 1.9169238 0.4009343 -21.213352 0.96750224 50.845783 2.953327178955078 0.6451852321624756
Pedestrian 0.0 0 -2.053906202316284 811.9951782226562 145.5007781982422 834.2708740234375 181.47059631347656 0.71262944 1.5795377 0.6986979 9.438128 0.37873736 32.099888 -1.7679412364959717 0.5442434549331665
Cyclist 0.0 0 2.312782049179077 301.17034912109375 159.3837127685547 317.21221923828125 187.42999267578125 1.0732845 1.9536729 0.43235755 -21.219048 1.0157053 50.83695 1.917371153831482 0.1270919293165207
Car 0.0 0 -1.5644704103469849 565.8786010742188 181.4916534423828 620.527587890625 227.8782501220703 3.4099894 1.3602607 1.6518182 -0.58542144 1.6627632 23.516554 -1.5893592834472656 0.9544152021408081
Car 0.0 0 -1.4224202632904053 507.71539306640625 178.0001983642578 556.4767456054688 211.04562377929688 3.7533047 1.3809493 1.6574631 -3.503636 1.6278421 32.65401 -1.5293071269989014 0.948612630367279
Car 0.0 0 2.1328017711639404 0.0 193.210205078125 181.99501037597656 264.6545715332031 4.111993 1.396012 1.606245 -12.29813 1.9460962 17.386532 1.5171688795089722 0.9348914623260498
Car 0.0 0 -1.565020203590393 387.5794982910156 173.9197998046875 411.32366943359375 195.2245330810547 3.852344 1.4756337 1.592496 -15.262408 1.5562367 52.251286 -1.849210262298584 0.5864051580429077
Car 0.0 0 1.7419326305389404 782.3421630859375 165.70794677734375 817.0921020507812 187.60690307617188 4.1506243 1.4601407 1.6634912 13.24488 0.9840261 50.339985 1.9992101192474365 0.5396817326545715
Car 0.0 0 2.4644503593444824 154.69598388671875 160.29324340820312 249.72073364257812 193.42137145996094 3.827912 1.5123132 1.6473446 -19.734673 0.9392673 35.01872 1.9512662887573242 0.5338453054428101
Car 0.0 0 2.187561511993408 166.46182250976562 193.9832763671875 237.85922241210938 223.8466339111328 3.517415 1.4497449 1.673185 -22.25802 2.6594038 39.457832 1.6739600896835327 0.4831814467906952
Car 0.0 0 -1.4277386665344238 472.4732666015625 160.45013427734375 507.2421569824219 187.4021759033203 3.7598379 1.6148753 1.6270068 -7.5009828 0.8720355 45.126457 -1.5924540758132935 0.3888092339038849
Car 0.0 0 -1.2298423051834106 280.9901428222656 165.66885375976562 331.4787292480469 192.74777221679688 3.8468976 1.5712684 1.6348492 -18.418436 1.1547047 43.83165 -1.6276476383209229 0.3482367992401123
