Pedestrian 0.0 0 2.1785314083099365 109.84564971923828 103.6306381225586 183.7125244140625 239.88441467285156 0.69620293 1.7638607 0.5347491 -6.2623906 0.86809385 9.6949 1.605010747909546 0.5917052626609802
Pedestrian 0.0 0 2.739598274230957 748.881103515625 121.7884750366211 796.943115234375 214.93800354003906 0.75274795 1.7993847 0.6013897 3.17061 0.8133014 14.299735 2.9577934741973877 0.5560972690582275
Pedestrian 0.0 0 2.818767547607422 658.0557250976562 146.63113403320312 677.7542114257812 181.85238647460938 0.843856 1.7303659 0.5482223 2.8340912 0.44243553 35.81317 2.897738456726074 0.46879842877388
Car 0.0 0 -1.77189302444458 772.485107421875 182.5868377685547 964.0482788085938 332.6549377441406 3.5394018 1.5193056 1.5818977 3.0626433 1.6712967 9.390215 -1.4566189050674438 0.9563012719154358
Car 0.0 0 -1.6768182516098022 643.2651977539062 175.14187622070312 680.2584838867188 204.30113220214844 3.848113 1.5305059 1.6443881 2.7950795 1.6643056 40.128418 -1.6072771549224854 0.9273631572723389
Car 0.0 0 1.7529032230377197 463.3720397949219 184.83724975585938 506.73956298828125 217.10659790039062 3.5777178 1.4917549 1.5392252 -6.3023744 2.127943 36.484734 1.5818512439727783 0.9193368554115295
Car 0.0 0 1.9807703495025635 192.7897491455078 196.87582397460938 373.47479248046875 300.7583312988281 3.938063 1.5691406 1.6814183 -6.0483813 2.0940213 13.780159 1.5671690702438354 0.881229817867279
Car 0.0 0 -2.3234424591064453 918.6026000976562 198.85194396972656 1242.0 375.0 3.8510902 1.4561554 1.5967255 2.9283109 1.6401263 3.1630683 -1.5765644311904907 0.86073899269104
Car 0.0 0 1.8189043998718262 481.7391662597656 186.6829071044922 525.8405151367188 216.3438720703125 3.9998343 1.5625088 1.6079117 -6.1602554 2.4077954 42.010582 1.6733062267303467 0.6172346472740173
Car 0.0 0 -1.100401520729065 230.45574951171875 193.86058044433594 292.5501403808594 221.87216186523438 4.173728 1.4779705 1.643885 -20.872482 2.8010817 43.327385 -1.5493336915969849 0.6048104763031006
Car 0.0 0 1.9418914318084717 485.9723815917969 161.41334533691406 532.517578125 187.39544677734375 4.0762463 1.6436709 1.6928694 -6.6511025 0.920274 47.821365 1.8036956787109375 0.5474644899368286
Car 0.0 0 -3.390504837036133 816.01611328125 165.2279510498047 869.4478149414062 180.8731231689453 4.556321 1.463813 1.6597576 22.034176 0.7506533 68.47696 -3.079192638397217 0.5211654305458069
Car 0.0 0 1.9952428340911865 275.39202880859375 191.9857635498047 333.7051086425781 219.88412475585938 4.1318173 1.485 1.6728543 -18.303967 2.6902134 43.351223 1.5957250595092773 0.518473744392395
