Pedestrian 0.0 0 -2.8936710357666016 652.2136840820312 157.87863159179688 667.1854248046875 185.08978271484375 0.8956132 1.8316704 0.5962644 3.3461103 0.8239876 48.988853 -2.8254735469818115 0.3930548429489136
Pedestrian 0.0 0 1.0285365581512451 832.8624267578125 104.32331085205078 889.5999755859375 220.21713256835938 0.76223755 1.8324211 0.56485134 4.0577617 0.74922615 11.837654 1.3587687015533447 0.3897324502468109
Pedestrian 0.0 0 1.3249359130859375 442.5371398925781 138.46726989746094 473.0677795410156 199.64273071289062 1.0017208 1.9014158 0.7298361 -4.9111485 0.83298755 23.033995 1.114868402481079 0.35780107975006104
Pedestrian 0.0 0 1.8472585678100586 1068.01318359375 134.17184448242188 1093.8897705078125 194.4569854736328 0.5589469 1.6883435 0.48432484 13.381223 0.6053704 20.570831 2.4239816665649414 0.3541207015514374
Pedestrian 0.0 0 1.4249409437179565 662.6070556640625 145.31417846679688 678.0177612304688 181.5623321533203 0.86034805 1.9739906 0.7273913 3.282375 0.47459388 39.7429 1.507344126701355 0.3456863760948181
Pedestrian 0.0 0 -1.7517666816711426 416.9792175292969 134.76649475097656 447.23583984375 200.4318084716797 0.77676713 1.7277318 0.66199654 -4.853963 0.7259626 19.472107 -1.9960654973983765 0.3096057176589966
Pedestrian 0.0 0 -0.7049312591552734 1125.295654296875 31.069185256958008 1242.0 323.8757019042969 0.69698423 1.7823132 0.6503586 3.897463 0.9196271 4.7195015 -0.014642979018390179 0.287736177444458
Pedestrian 0.0 0 2.888421058654785 722.9974365234375 137.8037872314453 752.6919555664062 203.05563354492188 0.7015545 1.8276511 0.6060816 3.5863907 0.84628105 20.537138 3.061307191848755 0.28348666429519653
Pedestrian 0.0 0 1.1347078084945679 741.3305053710938 118.69664001464844 776.5179443359375 183.30201721191406 1.1548387 1.8519424 0.5818628 4.339999 0.29985502 21.309778 1.3356223106384277 0.26988735795021057
Pedestrian 0.0 0 -1.7360692024230957 1125.1273193359375 123.84841918945312 1177.2158203125 235.128173828125 0.70412856 1.7648543 0.5759783 8.847713 0.9880025 11.885329 -1.096146821975708 0.2623307406902313
Cyclist 0.0 0 1.659220814704895 495.22283935546875 138.7471466064453 514.7365112304688 189.28033447265625 1.8428512 1.8340101 0.568496 -3.9784071 0.59652215 27.120327 1.5135650634765625 0.5215510129928589
Cyclist 0.0 0 1.1347078084945679 741.3305053710938 118.69664001464844 776.5179443359375 183.30201721191406 1.1548387 1.8519424 0.5818628 4.339999 0.29985502 21.309778 1.3356223106384277 0.3518534302711487
Car 0.0 0 -1.7258814573287964 647.8076782226562 173.97618103027344 716.4367065429688 221.22113037109375 4.0036335 1.4039434 1.6093558 2.2194426 1.4441677 23.583237 -1.6320468187332153 0.9002904891967773
Car 0.0 0 -0.15408901870250702 649.063232421875 157.1144256591797 705.1493530273438 180.5269317626953 3.6406438 1.5834838 1.6221211 4.5680075 0.5193094 49.72093 -0.062473271042108536 0.6414214968681335
Car 0.0 0 1.5286290645599365 644.9425048828125 166.26010131835938 667.2377319335938 186.68959045410156 4.06025 1.59175 1.6206807 3.6659272 1.0783485 58.261837 1.5914678573608398 0.41404515504837036
Car 0.0 0 -2.0860650539398193 566.2894897460938 167.75827026367188 601.7490844726562 184.56851196289062 3.7565095 1.5079697 1.6367003 -2.4514797 1.0512133 66.75147 -2.122774124145508 0.3631162941455841
Car 0.0 0 1.4966009855270386 636.1434326171875 166.1474609375 658.2503662109375 185.4892578125 4.3326807 1.7183259 1.7058762 3.36502 1.1228739 66.2844 1.5473238229751587 0.30335789918899536
