Pedestrian 0.0 0 -1.3439228534698486 0.0 226.49781799316406 79.230712890625 375.0 0.7386696 1.5881095 0.5846473 -5.5535455 2.1339152 6.873824 -2.0234785079956055 0.2332966923713684
Car 0.0 0 -1.6895866394042969 659.4801635742188 179.77413940429688 713.4340209960938 222.83445739746094 4.0964785 1.5069586 1.5872622 2.8456025 1.7954 27.972939 -1.5882084369659424 0.9521090388298035
Car 0.0 0 1.697862148284912 489.1883850097656 184.82887268066406 555.2308349609375 243.6255340576172 3.8215253 1.616854 1.5722203 -2.7012925 2.0230913 22.536457 1.5785681009292603 0.9366296529769897
Car 0.0 0 -1.59976065158844 549.67138671875 184.15643310546875 579.570068359375 211.76409912109375 3.7507286 1.42187 1.5660632 -2.6312726 2.0900078 40.687435 -1.6643410921096802 0.7367070913314819
Car 0.0 0 1.5002491474151611 564.6088256835938 180.97727966308594 591.213134765625 205.58238220214844 4.052738 1.642063 1.6137053 -2.360724 2.247625 51.647312 1.4545724391937256 0.48798662424087524
Car 0.0 0 -0.643764853477478 0.0 0.0 1242.0 375.0 3.8095272 1.5645225 1.6309938 -2.7826774 1.7407627 1.663704 -1.6757028102874756 0.40624621510505676
Car 0.0 0 1.6500922441482544 634.169921875 181.10992431640625 657.309814453125 199.9478759765625 4.263616 1.5015122 1.6447862 3.0650744 2.2329872 61.67433 1.6997491121292114 0.29021546244621277
Car 0.0 0 1.7400484085083008 463.2526550292969 184.4754180908203 500.11480712890625 210.50628662109375 3.98124 1.5078621 1.6461821 -8.085718 2.2743948 45.57087 1.5644443035125732 0.24073345959186554
Car 0.0 0 -2.8525569438934326 364.37774658203125 185.88330078125 460.9089660644531 214.21266174316406 4.429102 1.3607781 1.4897463 -9.888023 2.0288503 36.180016 -3.119342565536499 0.21629400551319122
Car 0.0 0 -1.4614684581756592 508.4081115722656 180.315185546875 559.3825073242188 221.06207275390625 3.8761759 1.4630178 1.5922198 -2.986499 1.7787904 28.557467 -1.5656682252883911 0.1988547444343567
