Pedestrian 0.0 0 -1.9139642715454102 779.178955078125 159.33218383789062 797.340087890625 195.06808471679688 0.75329745 1.8001682 0.68364733 9.039179 1.1193752 36.753662 -1.6728107929229736 0.5049458146095276
Pedestrian 0.0 0 -1.6582610607147217 494.5681457519531 142.24229431152344 511.4080810546875 184.4362335205078 0.70396274 1.6279895 0.5916122 -4.2356944 0.4472409 28.248142 -1.807098150253296 0.43174871802330017
Pedestrian 0.0 0 0.03867320716381073 520.9234008789062 158.0409698486328 535.4297485351562 185.9262237548828 0.9534054 1.8687998 0.5094387 -5.5436735 0.87642586 48.64254 -0.07480477541685104 0.4192298352718353
Pedestrian 0.0 0 -1.3665903806686401 1134.3165283203125 53.03744888305664 1242.0 267.2560119628906 1.8102801 1.7926251 0.6023785 5.562926 0.7903334 6.8405395 -0.6838347911834717 0.10198863595724106
Cyclist 0.0 0 1.5690982341766357 1163.2646484375 53.2323112487793 1242.0 273.5759582519531 1.7621125 1.791304 0.62165236 5.5427074 0.8191864 6.7415705 2.257211208343506 0.4130740165710449
Car 0.0 0 -1.6610690355300903 628.7330322265625 171.28501892089844 660.4307861328125 196.6425018310547 3.4769042 1.4416106 1.5630673 1.9798144 1.3527697 42.788937 -1.6148327589035034 0.9444164037704468
Car 0.0 0 -0.348180890083313 804.807861328125 174.52891540527344 953.1068115234375 226.8123016357422 3.635767 1.4252396 1.5481932 7.51361 1.4749924 20.496166 0.003192901611328125 0.9302079677581787
Car 0.0 0 -2.2730319499969482 518.4465942382812 167.8091583251953 561.6239013671875 184.917236328125 4.1210318 1.5094464 1.6345958 -6.4142456 1.0646971 65.68077 -2.3703811168670654 0.5100500583648682
Car 0.0 0 -2.871108055114746 415.8323669433594 153.6029510498047 504.7209777832031 187.77578735351562 3.7325068 1.5326245 1.5565494 -6.9008846 0.6695881 33.257107 -3.0757055282592773 0.49844008684158325
Car 0.0 0 -2.2725982666015625 469.3067932128906 159.75765991210938 533.978515625 187.0834503173828 3.8231049 1.5059676 1.5942885 -6.314735 0.78456587 41.620644 -2.423171043395996 0.4781496524810791
Car 0.0 0 1.9131883382797241 656.190673828125 157.22654724121094 692.372802734375 179.44834899902344 4.190286 1.7430577 1.6275853 5.2573404 0.5176122 58.83746 2.002305269241333 0.42662477493286133
Car 0.0 0 0.0035766586661338806 655.4591064453125 164.2162628173828 704.7373657226562 180.6226043701172 4.3617544 1.4541347 1.6456254 6.28823 0.68890905 64.98547 0.10003995895385742 0.41438084840774536
Car 0.0 0 -2.352842330932617 508.1100769042969 164.04470825195312 556.6845703125 184.8722686767578 3.8561592 1.6113034 1.6066563 -6.2457943 0.9301386 57.656162 -2.460749864578247 0.36220210790634155
Car 0.0 0 -0.6596749424934387 686.8905639648438 175.8134307861328 760.3963623046875 204.10406494140625 3.8316946 1.489596 1.6242586 6.2708445 1.6606058 39.967426 -0.5040448307991028 0.29894086718559265
Car 0.0 0 -1.0485789775848389 509.6356506347656 159.8197479248047 558.5377197265625 184.73670959472656 3.9496355 1.6669786 1.64818 -5.283008 0.79532784 50.40842 -1.1530019044876099 0.29651471972465515
