Pedestrian 0.0 0 0.7505040764808655 70.0545883178711 144.6932830810547 154.9488525390625 292.7083740234375 0.663722 1.8321614 0.6064832 -6.4371905 1.4839399 9.276282 0.14385628700256348 0.41398027539253235
Pedestrian 0.0 0 -0.3170614242553711 499.02215576171875 152.76019287109375 517.4039306640625 192.5335235595703 0.69801694 1.8794644 0.6660302 -4.9143806 0.93030196 34.54615 -0.45836883783340454 0.2089899182319641
Pedestrian 0.0 0 1.8083884716033936 795.7870483398438 175.7633514404297 845.9053344726562 278.3670959472656 0.7845389 1.730393 0.68400013 3.6672854 1.7840476 12.704995 2.0893993377685547 0.14406545460224152
Pedestrian 0.0 0 1.379968285560608 735.5697631835938 155.27906799316406 778.0792236328125 234.76536560058594 1.0177754 1.8069081 0.7941337 3.3771374 1.4077471 16.910854 1.5770776271820068 0.14406077563762665
Cyclist 0.0 0 -1.3927806615829468 1133.7825927734375 166.09971618652344 1175.537109375 249.5472412109375 1.7832707 1.6921861 0.40414718 11.577127 1.5555772 15.383324 -0.747632622718811 0.26456862688064575
Car 0.0 0 1.7811777591705322 403.6227111816406 171.0801544189453 498.2991943359375 239.5138702392578 3.5114956 1.533232 1.5897284 -3.8842947 1.4938476 17.921211 1.5677363872528076 0.956786572933197
Car 0.0 0 -1.5609707832336426 643.227294921875 173.0710906982422 674.5877075195312 205.04566955566406 3.214817 1.5712951 1.5411245 2.492928 1.5833278 37.139454 -1.4939478635787964 0.49920785427093506
Car 0.0 0 1.310842752456665 1171.6693115234375 200.26101684570312 1242.0 242.56004333496094 3.2937539 1.4688053 1.671982 24.267595 2.6519053 29.289408 2.002748489379883 0.2717840373516083
Car 0.0 0 -3.577995777130127 1167.02587890625 188.16615295410156 1242.0 217.5126495361328 3.8194833 1.5678285 1.7412676 34.47631 2.4722455 41.26654 -2.882007122039795 0.17682446539402008
Car 0.0 0 1.4562925100326538 620.6932373046875 179.5506134033203 643.0628662109375 198.15811157226562 3.75833 1.529383 1.5164706 1.8495716 2.129035 62.632477 1.4858144521713257 0.17269915342330933
