Pedestrian 0.0 0 2.220871686935425 172.0907745361328 113.54308319091797 235.63079833984375 223.61178588867188 0.7069703 1.7768582 0.6241846 -6.8160768 0.8197497 12.037396 1.7056443691253662 0.8049362897872925
Pedestrian 0.0 0 1.5937427282333374 337.01953125 131.91677856445312 372.8553161621094 213.6165313720703 0.8203802 1.8343004 0.76449066 -5.9444704 0.91554713 16.706371 1.2518919706344604 0.5517064332962036
Pedestrian 0.0 0 -1.9304426908493042 622.0479736328125 150.89967346191406 641.127197265625 187.24124145507812 0.9158599 1.8099407 0.6845434 1.0495995 0.7168939 36.4767 -1.901676058769226 0.42195096611976624
Pedestrian 0.0 0 -1.377976655960083 1008.4649658203125 109.2147445678711 1054.618896484375 194.2884521484375 0.89762956 1.8324062 0.73359597 9.371111 0.46203536 16.117779 -0.8513350486755371 0.4032754600048065
Pedestrian 0.0 0 1.8250362873077393 297.26031494140625 135.7083740234375 324.7611389160156 192.31866455078125 0.7515572 1.7988611 0.6553282 -9.711515 0.6188718 23.342821 1.4307804107666016 0.3559310734272003
Cyclist 0.0 0 -3.137354850769043 1094.04833984375 101.70892333984375 1187.326171875 174.08560180664062 1.812861 1.692687 0.76886 12.951128 0.029161692 17.719362 -2.5061886310577393 0.598029375076294
Cyclist 0.0 0 2.314842939376831 1043.142822265625 112.0014877319336 1104.4456787109375 177.2174835205078 1.5491183 1.8343408 0.5940342 13.305481 0.12309012 20.776293 2.8844516277313232 0.530651867389679
Cyclist 0.0 0 -1.5800293684005737 283.91802978515625 125.28324890136719 305.33892822265625 188.81202697753906 1.922417 1.8242546 0.5669625 -9.547408 0.45859912 21.709288 -1.9943556785583496 0.3753781318664551
Car 0.0 0 1.8022406101226807 404.16387939453125 175.09515380859375 497.4681701660156 233.92994689941406 4.2811527 1.501653 1.6678332 -4.4844737 1.573113 20.733011 1.5892257690429688 0.9553620219230652
Car 0.0 0 -1.3783035278320312 753.4408569335938 174.32330322265625 852.9352416992188 244.04385375976562 3.539303 1.3787285 1.5128711 4.39322 1.4161347 16.268631 -1.1145522594451904 0.9545438885688782
Car 0.0 0 -1.3536474704742432 511.7980041503906 165.92007446289062 605.1430053710938 232.1004638671875 4.3223777 1.6309595 1.6814727 -1.3489856 1.4604366 20.041468 -1.4208557605743408 0.9273231625556946
Car 0.0 0 1.9735769033432007 198.68292236328125 187.4256591796875 452.9794921875 347.0408935546875 3.7556195 1.5611135 1.6507645 -3.404286 1.78856 9.323224 1.6234781742095947 0.9126390218734741
Car 0.0 0 -2.262678623199463 944.5554809570312 126.8379135131836 1242.0 375.0 3.826273 1.639247 1.62356 3.3008194 1.5274043 3.6982727 -1.5340059995651245 0.8507993817329407
Car 0.0 0 -1.1765084266662598 805.3920288085938 170.59532165527344 918.0703125 227.67201232910156 4.11624 1.4916989 1.6269888 7.333108 1.4330267 20.929804 -0.8395069241523743 0.44904232025146484
Car 0.0 0 0.7665100693702698 0.0 148.75413513183594 110.57146453857422 195.21348571777344 3.9616387 1.5221785 1.6325543 -19.58174 0.7329366 24.637892 0.09495925903320312 0.3541693389415741
