Pedestrian 0.0 0 2.7876200675964355 768.4078369140625 162.44248962402344 795.4970092773438 212.3388671875 0.77925766 1.773259 0.62830937 6.1476483 1.4036037 25.99902 3.0198123455047607 0.5104131698608398
Pedestrian 0.0 0 0.2351536750793457 844.0980834960938 143.25381469726562 879.2800903320312 196.78366088867188 1.0442933 1.8120307 0.57279253 8.656608 0.81039774 24.944565 0.5691835880279541 0.15289871394634247
Pedestrian 0.0 0 1.0189690589904785 1075.0096435546875 145.6310272216797 1105.708740234375 201.31752014160156 0.5307864 1.9319755 0.72544587 16.800022 0.9878657 25.307774 1.6050043106079102 0.14059826731681824
Cyclist 0.0 0 -1.6174229383468628 773.2499389648438 162.18161010742188 792.4794921875 214.0327606201172 1.2188419 1.8248585 0.6159827 6.188311 1.4496104 26.047165 -1.3841664791107178 0.3110714852809906
Cyclist 0.0 0 0.7111145853996277 836.2802734375 147.7828369140625 882.205322265625 199.99586486816406 1.5191772 1.7529285 0.5395244 8.580168 0.9115818 25.013035 1.041564702987671 0.14186151325702667
Car 0.0 0 2.1611502170562744 53.09723663330078 189.20452880859375 205.4607696533203 255.83949279785156 3.8900633 1.606126 1.6755167 -13.368167 2.1107411 20.29814 1.5787595510482788 0.9587940573692322
Car 0.0 0 0.9335527420043945 879.3068237304688 175.3929901123047 963.0587768554688 209.4307403564453 3.8051531 1.4346118 1.5130359 13.982648 1.5573039 32.736656 1.3372219800949097 0.31569644808769226
Car 0.0 0 1.513059377670288 5.677028179168701 197.8869171142578 43.33878707885742 225.603515625 3.9265041 1.6021076 1.6929438 -38.498165 3.3162627 47.37454 0.8306620121002197 0.24497641623020172
Car 0.0 0 2.0252280235290527 281.3048400878906 163.62892150878906 372.3614501953125 206.4390869140625 3.9878092 1.5002234 1.6209507 -10.651353 1.1773014 27.336718 1.6536885499954224 0.230874165892601
Car 0.0 0 1.7741408348083496 435.63543701171875 177.23680114746094 477.5941162109375 206.13357543945312 4.2175446 1.6692344 1.7112372 -9.417192 1.9523364 44.43176 1.565284252166748 0.19476214051246643
