Pedestrian 0.0 0 0.9678640365600586 568.4578857421875 155.2787322998047 585.055419921875 199.98553466796875 0.4617749 1.9249258 0.558506 -1.4884315 1.1685513 31.417086 0.920522928237915 0.25268545746803284
Pedestrian 0.0 0 1.5439836978912354 1006.3843994140625 161.7265625 1029.2564697265625 218.20689392089844 0.70080763 1.8203934 0.6342368 13.350508 1.4621074 23.71079 2.056795597076416 0.23032064735889435
Pedestrian 0.0 0 -1.6868414878845215 1051.867431640625 143.72735595703125 1082.2027587890625 206.7238006591797 0.59913653 1.9258654 0.7329141 14.188335 1.0357922 22.483913 -1.1239078044891357 0.18276147544384003
Pedestrian 0.0 0 1.4525117874145508 1032.8023681640625 143.33363342285156 1058.1214599609375 203.14077758789062 0.51481503 2.0046904 0.68082833 14.770953 1.0155475 24.557158 1.9940282106399536 0.17941009998321533
Pedestrian 0.0 0 -0.7672997117042542 634.9310302734375 149.6084442138672 651.568115234375 185.09942626953125 0.64555705 1.9439784 0.657134 1.8065883 0.6710874 39.978577 -0.7221415042877197 0.157558873295784
Pedestrian 0.0 0 -3.3455448150634766 1017.143798828125 192.45811462402344 1048.0166015625 239.46551513671875 0.8441549 1.671594 0.7534681 15.500973 2.4069333 26.556955 -2.8172059059143066 0.14552180469036102
Pedestrian 0.0 0 1.8941243886947632 1188.1390380859375 130.42750549316406 1226.4208984375 206.1145477294922 0.5605948 1.8461134 0.5883887 14.846375 0.8116295 17.994528 2.583953857421875 0.14483100175857544
Pedestrian 0.0 0 -1.9716193675994873 1089.537841796875 126.32888793945312 1133.9747314453125 209.96664428710938 0.6153211 1.9051735 0.6608589 11.624651 0.845742 16.801401 -1.3663599491119385 0.13480310142040253
Pedestrian 0.0 0 -1.3482599258422852 514.3780517578125 167.03651428222656 538.3321533203125 223.552978515625 0.83470213 1.7669641 0.59061843 -2.7062654 1.5854408 23.001945 -1.465375304222107 0.12833811342716217
Pedestrian 0.0 0 -1.4816457033157349 862.5511474609375 182.39488220214844 883.2326049804688 231.70848083496094 0.8781565 1.7286274 0.62667084 9.443253 2.0801716 26.02558 -1.1335737705230713 0.12794971466064453
Pedestrian 0.0 0 -1.5909382104873657 979.0325927734375 162.17454528808594 1001.8329467773438 219.2879180908203 0.7846866 1.8098048 0.6353338 12.261664 1.471753 23.354242 -1.1074681282043457 0.12097489088773727
Cyclist 0.0 0 -0.4414944648742676 1097.9036865234375 166.12039184570312 1159.65771484375 216.38705444335938 1.7035259 1.8147128 0.7127502 19.025595 1.5719758 26.549335 0.18029427528381348 0.30782392621040344
Cyclist 0.0 0 -0.896659255027771 1012.8931274414062 172.3811492919922 1041.1180419921875 198.12298583984375 1.937028 1.8002319 0.66923046 29.51916 1.7675216 51.12188 -0.3730027973651886 0.2167046219110489
Car 0.0 0 -1.7073328495025635 752.96435546875 185.2561492919922 819.3367919921875 236.74639892578125 4.2277613 1.5353248 1.6269064 5.896942 1.9986061 24.746462 -1.4734011888504028 0.9224517941474915
Car 0.0 0 -2.424597978591919 0.0 0.0 1242.0 375.0 4.005888 1.4969509 1.5971698 3.0939674 1.6942898 1.9291515 -1.4113361835479736 0.44234800338745117
Car 0.0 0 -1.1457990407943726 543.4281616210938 159.2595977783203 587.5960083007812 190.0841064453125 4.744083 2.4209354 1.8240703 -3.6165166 1.3535987 59.207638 -1.2068052291870117 0.1809273213148117
