Pedestrian 0.0 0 2.172070026397705 1200.1121826171875 142.26951599121094 1242.0 233.30862426757812 0.628334 1.7792569 0.5755158 12.314934 1.1818755 14.45867 2.8775696754455566 0.23675017058849335
Pedestrian 0.0 0 -1.833815574645996 902.8394165039062 152.92279052734375 928.1275634765625 205.91488647460938 1.1267264 1.7304168 0.5013338 10.170533 1.0799363 24.150602 -1.4352277517318726 0.18126331269741058
Pedestrian 0.0 0 2.195805311203003 127.96673583984375 200.35435485839844 175.3032684326172 274.51190185546875 0.86798364 1.8498318 0.65762866 -11.968877 2.583431 18.78337 1.628476619720459 0.16752859950065613
Pedestrian 0.0 0 3.0981392860412598 481.5502014160156 176.92755126953125 494.626953125 200.93772888183594 0.9258528 1.7496954 0.52049816 -8.992492 2.051548 53.048786 2.9302217960357666 0.1591137796640396
Pedestrian 0.0 0 -0.6850917935371399 1162.843017578125 142.93246459960938 1213.5067138671875 223.13497924804688 0.7270227 1.8825556 0.6029227 13.756396 1.1805797 17.23922 -0.011589279398322105 0.10551521182060242
Cyclist 0.0 0 -1.847362995147705 901.875244140625 154.94393920898438 928.526123046875 206.99530029296875 1.3067005 1.6961952 0.48142007 10.174639 1.1129191 24.187695 -1.4491796493530273 0.2411358505487442
Cyclist 0.0 0 -3.4178009033203125 860.161376953125 165.14163208007812 894.673095703125 195.96070861816406 1.7384968 1.7371899 0.6150536 15.16854 1.3028215 41.042564 -3.0637898445129395 0.19123844802379608
Cyclist 0.0 0 -1.7322187423706055 919.3492431640625 156.3568572998047 942.7233276367188 209.79623413085938 1.5603249 1.7303388 0.46707252 10.69883 1.1965283 24.174114 -1.315557599067688 0.16978035867214203
Car 0.0 0 -2.6070315837860107 386.13677978515625 180.8553924560547 477.5155334472656 216.88766479492188 3.8289347 1.581329 1.6404113 -8.320387 1.9690568 33.592674 -2.849829912185669 0.3245067000389099
Car 0.0 0 -0.21576952934265137 779.1851806640625 170.74746704101562 901.6984252929688 215.97930908203125 3.9810033 1.5824584 1.6362892 8.25084 1.509118 26.232365 0.08896279335021973 0.11476387828588486
Car 0.0 0 -3.3699002265930176 861.1189575195312 163.85244750976562 944.8804321289062 192.41282653808594 4.155972 1.5876974 1.7195199 16.660978 1.0876502 41.279037 -2.986278533935547 0.10278399288654327
