Pedestrian 0.0 0 -1.8940235376358032 650.2748413085938 161.7839813232422 663.5086669921875 188.3168182373047 0.6507661 1.7133553 0.6885418 3.0209796 0.9988681 46.99318 -1.8298263549804688 0.6951261162757874
Pedestrian 0.0 0 1.6970974206924438 425.61279296875 145.64144897460938 444.80224609375 192.7728729248047 0.66540796 1.7248752 0.6142916 -6.524006 0.7293314 26.768621 1.4580395221710205 0.5658167600631714
Pedestrian 0.0 0 -1.0572799444198608 680.710693359375 136.3885955810547 706.4179077148438 180.88169860839844 0.7097446 1.6460843 0.70503557 3.1070054 0.29735374 27.185772 -0.9434857368469238 0.5309789180755615
Pedestrian 0.0 0 2.1419260501861572 251.508544921875 146.9021453857422 283.20452880859375 201.37896728515625 0.6955552 1.7602783 0.67177975 -11.2943125 0.92206895 23.69924 1.697198748588562 0.4677736759185791
Pedestrian 0.0 0 -3.1975536346435547 789.328857421875 142.81829833984375 814.8399658203125 204.76974487304688 0.6906381 1.7879516 0.57749534 5.5842595 0.9214635 21.173346 -2.939685583114624 0.43466299772262573
Cyclist 0.0 0 -2.0847396850585938 915.54150390625 112.65083312988281 968.8451538085938 179.363525390625 1.7787629 1.7558522 0.5233073 9.081881 0.17168641 19.896366 -1.6565272808074951 0.4118878245353699
Car 0.0 0 1.9361910820007324 282.1737365722656 195.0326690673828 406.767822265625 270.8638916015625 3.53128 1.4947041 1.5930511 -6.17012 2.0736315 17.040142 1.5887837409973145 0.9586255550384521
Car 0.0 0 -1.75822114944458 674.8942260742188 180.4798583984375 755.7400512695312 238.1939239501953 3.8710628 1.453128 1.5691139 2.8622634 1.692685 20.65748 -1.6205395460128784 0.9464427828788757
Car 0.0 0 1.8547289371490479 366.6842956542969 192.68040466308594 456.7876892089844 248.70912170410156 4.1260195 1.4840223 1.6287392 -6.1447606 2.1641417 22.657461 1.5898966789245605 0.9298877716064453
Car 0.0 0 1.7032113075256348 440.267578125 184.32919311523438 491.44659423828125 222.62611389160156 4.226808 1.4617257 1.6101671 -6.1561913 1.9893771 30.992067 1.5071260929107666 0.8307051658630371
Car 0.0 0 1.759918212890625 498.4538879394531 185.31829833984375 532.5650024414062 210.12738037109375 3.9871097 1.514119 1.5345182 -6.285734 2.3808374 48.11402 1.6300114393234253 0.5559030175209045
Car 0.0 0 1.805084466934204 528.0770874023438 182.70501708984375 556.2521362304688 201.5543670654297 3.7363632 1.5451413 1.6343762 -5.9257812 2.4346871 63.161488 1.7115387916564941 0.527854323387146
Car 0.0 0 1.3763604164123535 704.3856811523438 169.32888793945312 732.4295043945312 186.93614196777344 4.325355 1.5115738 1.6545537 9.575153 1.2093025 64.13948 1.524552345275879 0.4927979111671448
Car 0.0 0 1.5717617273330688 564.9932250976562 181.55177307128906 583.0797729492188 198.6573028564453 4.010121 1.514447 1.6523955 -3.407063 2.359171 67.99993 1.5216996669769287 0.43725162744522095
Car 0.0 0 -0.8976640105247498 1070.3021240234375 152.6490478515625 1136.5308837890625 175.0275421142578 3.9747596 1.4698498 1.5527806 33.277905 0.14311895 48.71513 -0.29836219549179077 0.42052528262138367
Car 0.0 0 1.7816003561019897 466.07666015625 181.9644775390625 513.5596313476562 214.92813110351562 4.1115513 1.5771272 1.6270891 -6.261389 2.0807807 37.76622 1.6173014640808105 0.41351962089538574
