Pedestrian 0.0 0 -1.3640596866607666 476.8140563964844 148.98069763183594 493.85614013671875 182.0761260986328 0.7140636 1.7151707 0.749181 -6.5573883 0.478295 37.76081 -1.5360008478164673 0.4188036322593689
Pedestrian 0.0 0 -0.6896660327911377 767.4952392578125 149.88258361816406 781.3968505859375 181.67056274414062 0.50177926 1.954569 0.7135214 10.175274 0.5424678 44.79441 -0.4663013815879822 0.4058332145214081
Cyclist 0.0 0 -1.378505825996399 386.779052734375 154.8958282470703 411.42681884765625 198.62539672851562 1.9809024 1.7677052 0.62515336 -8.846006 1.0421299 30.17954 -1.6636320352554321 0.4902104139328003
Cyclist 0.0 0 -0.49832066893577576 724.8926391601562 150.03746032714844 758.621826171875 183.39120483398438 1.7446661 1.8127583 0.6218539 7.2286825 0.5730492 39.780952 -0.3185698091983795 0.4121888279914856
Car 0.0 0 -1.7083244323730469 664.3189697265625 178.8145751953125 734.695556640625 231.20947265625 4.269426 1.4922299 1.6471256 2.7278132 1.7019308 23.187475 -1.5912209749221802 0.9634974598884583
Car 0.0 0 -1.7957063913345337 705.4291381835938 176.89906311035156 872.4192504882812 289.5101623535156 4.2968383 1.5012047 1.6701291 2.6568723 1.5804957 11.92379 -1.5764667987823486 0.9559335112571716
Car 0.0 0 -1.7543385028839111 683.9959106445312 178.41244506835938 783.7862548828125 250.52854919433594 3.9173458 1.5100836 1.6446698 2.802861 1.6596515 17.388472 -1.594522476196289 0.9255726337432861
Car 0.0 0 -1.4426761865615845 511.5962219238281 178.55587768554688 561.5752563476562 217.68927001953125 3.7319388 1.5206511 1.6364027 -3.0781956 1.7767558 30.472694 -1.5433496236801147 0.9077975749969482
Car 0.0 0 -1.6561965942382812 645.919677734375 175.2749786376953 679.2313232421875 203.64723205566406 3.2999406 1.479049 1.5377954 2.8089318 1.6177095 39.555504 -1.5853031873703003 0.8199695944786072
Car 0.0 0 -1.7085320949554443 630.100341796875 176.14500427246094 660.3435668945312 200.4833984375 3.7458808 1.6049166 1.5888419 2.3758442 1.8423485 50.037506 -1.6610864400863647 0.5234426856040955
Car 0.0 0 -0.2786363661289215 719.4834594726562 159.12989807128906 799.7863159179688 188.48765563964844 3.8787766 1.5202206 1.6168063 7.8730597 0.8099088 38.313602 -0.07596763968467712 0.44511666893959045
Car 0.0 0 1.560988426208496 679.63916015625 161.7592315673828 698.4581298828125 180.086181640625 3.5491512 1.5573314 1.5916477 6.8771567 0.6149121 63.154152 1.6694557666778564 0.42942026257514954
Car 0.0 0 -1.1593849658966064 466.5105285644531 153.5345916748047 524.243896484375 183.64691162109375 4.0736175 1.5627995 1.6384491 -6.2597747 0.5605 39.621853 -1.316077709197998 0.4206603169441223
Car 0.0 0 -2.005066156387329 781.6671142578125 68.4166030883789 1242.0 375.0 4.383358 1.8411176 1.7965468 2.8923137 1.2392067 6.3563395 -1.5780386924743652 0.39594516158103943
Car 0.0 0 1.8327833414077759 447.1943359375 164.9534149169922 484.07769775390625 187.3704833984375 3.6953492 1.4128491 1.4684509 -9.462057 0.9152682 47.363964 1.6356056928634644 0.39343687891960144
