Pedestrian 0.0 0 -2.252755880355835 1091.9254150390625 74.72453308105469 1242.0 359.9327087402344 0.73630345 1.6991807 0.70741725 3.6658187 1.1149142 4.669864 -1.5872317552566528 0.7395896911621094
Pedestrian 0.0 0 -3.4039344787597656 851.0874633789062 102.7818832397461 911.951904296875 219.5708770751953 0.7515392 1.8075107 0.7070806 4.2786508 0.7233819 11.550998 -3.0491905212402344 0.5208462476730347
Pedestrian 0.0 0 1.9295426607131958 373.83673095703125 154.05763244628906 392.5675048828125 187.88262939453125 0.88592416 1.8439509 0.7213127 -12.538913 0.8196348 39.7931 1.6242884397506714 0.43246257305145264
Pedestrian 0.0 0 1.568198323249817 713.1759033203125 156.7102813720703 739.2005004882812 224.00311279296875 0.82961035 1.8798592 0.7196792 3.2701087 1.4292343 20.619068 1.7254846096038818 0.40962207317352295
Pedestrian 0.0 0 -0.2864237427711487 828.8422241210938 126.1387939453125 864.529052734375 190.52447509765625 0.81790346 1.8242114 0.67670083 6.764835 0.5010079 20.789999 0.02815985679626465 0.36067163944244385
Pedestrian 0.0 0 -1.2782161235809326 262.69390869140625 147.62632751464844 292.1354675292969 198.6197509765625 1.1587964 1.8715527 0.70156574 -12.524138 0.9460088 27.101778 -1.7110990285873413 0.35640084743499756
Pedestrian 0.0 0 2.693751335144043 814.9678344726562 136.59164428710938 842.1775512695312 183.34986877441406 0.8296739 1.8239868 0.6494856 8.595632 0.40979016 28.528606 2.9863991737365723 0.3368765115737915
Cyclist 0.0 0 0.669186532497406 414.6605529785156 140.79835510253906 449.353515625 182.0903778076172 1.5014274 1.8565791 0.58544683 -8.185988 0.4156459 33.016018 0.4261476993560791 0.5190223455429077
Cyclist 0.0 0 1.58738112449646 412.1808776855469 134.92166137695312 429.42779541015625 186.88055419921875 1.7468728 1.8357174 0.5848907 -6.957774 0.49591893 26.407309 1.3297569751739502 0.4934065341949463
Cyclist 0.0 0 2.129997730255127 306.46356201171875 144.6177520751953 337.2767639160156 185.470703125 1.5780203 1.8210365 0.5576259 -13.197527 0.5627519 32.986088 1.749410629272461 0.47999337315559387
Cyclist 0.0 0 0.5091602802276611 202.88656616210938 110.11134338378906 285.24273681640625 184.0361785888672 1.806988 1.8464415 0.59568167 -9.342177 0.27965838 18.351507 0.0382840633392334 0.38134458661079407
Car 0.0 0 1.7458112239837646 438.73980712890625 183.9809112548828 520.3028564453125 238.28353881835938 4.6336455 1.4904263 1.7742239 -4.0867305 1.8822892 23.067757 1.570468544960022 0.9578534960746765
Car 0.0 0 2.018378734588623 0.0 193.7843475341797 384.9610290527344 375.0 3.8287432 1.5104328 1.6146399 -3.4086902 1.7545124 6.455298 1.5325472354888916 0.9563038945198059
Car 0.0 0 1.7099189758300781 475.99285888671875 171.85446166992188 528.5884399414062 214.92176818847656 4.3579764 1.7438215 1.6734151 -4.648479 1.7037075 31.39825 1.562937617301941 0.9155319333076477
Car 0.0 0 1.1052628755569458 605.15087890625 162.06338500976562 647.6024780273438 182.39718627929688 4.4644723 1.6567869 1.7785853 1.3182479 0.7779313 61.185547 1.1268045902252197 0.44340232014656067
