Pedestrian 0.0 0 1.9673480987548828 171.3003692626953 175.2115478515625 192.66952514648438 208.45758056640625 1.0913192 1.8187978 0.6526349 -23.838884 1.95223 40.139343 1.4314236640930176 0.31690895557403564
Cyclist 0.0 0 1.9673480987548828 171.3003692626953 175.2115478515625 192.66952514648438 208.45758056640625 1.0913192 1.8187978 0.6526349 -23.838884 1.95223 40.139343 1.4314236640930176 0.13825559616088867
Car 0.0 0 -1.5973740816116333 543.9308471679688 185.3979034423828 592.577880859375 226.97889709472656 3.3876264 1.2949823 1.589394 -1.5576025 1.76553 25.285889 -1.6588959693908691 0.9387380480766296
Car 0.0 0 2.1380183696746826 0.0 193.35696411132812 93.1891098022461 263.52850341796875 3.863406 1.4280798 1.5375077 -14.812749 1.9934845 17.869888 1.4458889961242676 0.90692538022995
Car 0.0 0 -1.5470219850540161 490.50433349609375 178.96792602539062 525.283935546875 211.4654998779297 3.5301013 1.5048808 1.6329721 -5.082216 1.8255712 35.95332 -1.6874475479125977 0.8983672261238098
Car 0.0 0 2.663792610168457 731.5427856445312 186.2628631591797 798.3629150390625 211.10031127929688 4.0694633 1.5703111 1.6743033 10.354361 2.4953742 48.411617 2.874499559402466 0.6248359680175781
Car 0.0 0 2.343730926513672 840.865478515625 187.426025390625 905.3585815429688 212.45555114746094 4.5709977 1.6719235 1.6351341 18.922173 2.7560742 51.933903 2.6931331157684326 0.5937355160713196
Car 0.0 0 2.129640579223633 85.30238342285156 197.94577026367188 156.98855590820312 227.47702026367188 4.345391 1.6040679 1.6598262 -30.501245 3.2504704 45.13008 1.5353059768676758 0.45811569690704346
Car 0.0 0 1.3584338426589966 604.0631103515625 172.4663543701172 647.9130859375 202.19232177734375 4.176772 1.6229044 1.6744413 0.8299839 1.6020983 41.599915 1.3783828020095825 0.41717830300331116
Car 0.0 0 1.4136427640914917 594.1725463867188 183.098876953125 625.3310546875 206.96815490722656 3.9010656 1.5360587 1.571417 -0.08534961 2.2789164 50.24058 1.4119439125061035 0.39092984795570374
