Pedestrian 0.0 0 1.707269549369812 615.488037109375 162.8582763671875 634.9146118164062 211.57745361328125 0.70273745 1.8772074 0.6709309 0.5554805 1.4924183 28.198208 1.726966142654419 0.39170074462890625
Pedestrian 0.0 0 3.0956318378448486 587.90966796875 162.9736785888672 604.1777954101562 194.08860778808594 0.97300017 1.892627 0.50354284 -0.8897377 1.2919953 44.169556 3.075490951538086 0.21604330837726593
Cyclist 0.0 0 -1.7035751342773438 651.5396728515625 151.99722290039062 675.7626342773438 213.3053741455078 1.756197 1.668238 0.45253396 1.4642967 1.1010681 20.521156 -1.632340431213379 0.19781726598739624
Car 0.0 0 2.95703387260437 694.4715576171875 168.52561950683594 771.0498046875 193.9326629638672 4.2161117 1.4656637 1.616532 7.150773 1.2163289 42.466335 3.1238558292388916 0.4545310139656067
Car 0.0 0 -1.7768501043319702 824.2344360351562 166.2314453125 858.4771118164062 185.90760803222656 4.552412 1.4811624 1.6563637 18.088043 0.9829941 56.66167 -1.4678467512130737 0.2521987855434418
Car 0.0 0 2.9627039432525635 209.93551635742188 169.31431579589844 312.5542297363281 205.5716552734375 4.398758 1.7190255 1.730538 -17.494238 1.551561 36.20037 2.5125367641448975 0.22054079174995422
Car 0.0 0 1.1616342067718506 998.0424194335938 165.093017578125 1044.366455078125 186.32118225097656 4.050859 1.5399522 1.5464463 30.930937 0.9773056 54.436337 1.678346037864685 0.2148040384054184
Car 0.0 0 -1.9778653383255005 861.8511352539062 168.7725067138672 907.2484741210938 188.61790466308594 4.396866 1.4807205 1.6868836 21.241508 1.1765465 56.067276 -1.6157170534133911 0.21348291635513306
Car 0.0 0 -1.9088960886001587 785.1421508789062 166.14102172851562 825.8611450195312 188.141357421875 4.3307624 1.6231731 1.6713465 14.940884 1.1282505 55.45378 -1.6457160711288452 0.20193186402320862
Car 0.0 0 -2.429835319519043 699.7559204101562 156.39955139160156 755.9677124023438 184.57565307617188 4.1040525 2.095523 1.8083651 9.053025 0.872125 55.81281 -2.2690324783325195 0.1582624465227127
