Pedestrian 0.0 0 1.5328859090805054 671.5464477539062 134.4001922607422 693.0551147460938 196.76708984375 0.6816135 1.773341 0.5916722 2.0392206 0.68030274 20.871262 1.6302814483642578 0.4604288637638092
Pedestrian 0.0 0 0.2884594798088074 406.3161315917969 178.50222778320312 427.4883117675781 219.1255645751953 0.7352242 1.727053 0.62243074 -8.355423 1.9732561 31.082338 0.025851726531982422 0.4024035632610321
Pedestrian 0.0 0 -0.15379077196121216 785.4178466796875 116.71049499511719 851.3677368164062 245.09152221679688 0.8042718 1.7105521 0.46807167 2.791127 0.96285236 9.891988 0.12122011184692383 0.3935193419456482
Pedestrian 0.0 0 -0.11352960765361786 629.6304321289062 147.14865112304688 647.5763549804688 190.04367065429688 0.70778996 1.8539766 0.70562077 1.2066609 0.7433171 31.561464 -0.07531612366437912 0.3608851730823517
Car 0.0 0 -1.753997802734375 647.8518676757812 179.12356567382812 738.7858276367188 246.4937744140625 3.5438871 1.5011439 1.6374089 1.9510016 1.6759515 18.24451 -1.6474663019180298 0.9682118892669678
Car 0.0 0 -1.4327547550201416 412.8209228515625 185.2020721435547 474.48333740234375 232.2725830078125 3.4035654 1.3925246 1.5461718 -5.51067 1.834347 24.030693 -1.6581753492355347 0.9607119560241699
Car 0.0 0 2.088914394378662 0.0 200.09202575683594 315.3508605957031 375.0 4.431003 1.3973156 1.6377448 -5.008649 1.7875949 8.082279 1.5341300964355469 0.9508413076400757
Car 0.0 0 -2.0308704376220703 803.4749755859375 160.97915649414062 1238.7347412109375 375.0 3.6213148 1.4533637 1.5545508 2.8705797 1.3835812 6.0844045 -1.590041995048523 0.8931868076324463
Car 0.0 0 -1.6593589782714844 617.122802734375 177.8673858642578 663.3785400390625 217.3900604248047 3.3914433 1.4460046 1.5231017 1.1023269 1.6569022 28.566925 -1.6207906007766724 0.8817055821418762
Car 0.0 0 -1.441816806793213 450.25250244140625 180.25906372070312 496.38916015625 218.14892578125 3.8980238 1.5942851 1.5931356 -6.251695 1.9550936 33.127342 -1.628340244293213 0.8545185923576355
Car 0.0 0 1.6143678426742554 480.8480224609375 178.47860717773438 509.4925231933594 208.59527587890625 4.322576 1.8495271 1.6728671 -7.5284896 2.2367933 47.388348 1.456816554069519 0.8139982223510742
Car 0.0 0 -1.700425386428833 598.2717895507812 177.76016235351562 629.73828125 204.4561767578125 3.3482842 1.5419905 1.4952077 0.17755024 1.85398 44.07359 -1.6963969469070435 0.42697957158088684
