Pedestrian 0.0 0 -2.5518414974212646 378.13287353515625 164.27059936523438 425.5638427734375 255.20826721191406 0.67047924 1.8313552 0.69911766 -4.360256 1.6588552 14.962346 -2.8354039192199707 0.5735927224159241
Pedestrian 0.0 0 1.824418544769287 99.81377410888672 139.45126342773438 203.63040161132812 331.7232360839844 1.0960785 2.0087976 0.7430398 -5.200908 1.6601741 8.171498 1.257614016532898 0.4307991564273834
Car 0.0 0 -1.2503621578216553 150.17091369628906 171.45950317382812 470.462158203125 375.0 4.1474895 1.5234826 1.6422352 -2.6542397 1.5136313 7.373362 -1.5958971977233887 0.9654884934425354
Car 0.0 0 -1.8519933223724365 720.0484008789062 181.04335021972656 916.592529296875 312.91839599609375 3.7171228 1.458051 1.5829271 2.6097715 1.5942789 10.0883255 -1.5988506078720093 0.9634317755699158
Car 0.0 0 -1.3185269832611084 369.6184387207031 176.7781982421875 527.2864379882812 281.9144287109375 4.189106 1.4885206 1.6268914 -2.6270833 1.568461 12.500858 -1.5256649255752563 0.9554144740104675
Car 0.0 0 -2.0339436531066895 786.2301635742188 140.00143432617188 1242.0 375.0 3.8782754 1.5206919 1.6191229 2.3720644 1.394946 4.7088156 -1.5673009157180786 0.9485331177711487
Car 0.0 0 -1.6637699604034424 661.38818359375 172.06570434570312 716.9313354492188 214.74192810058594 4.133604 1.4152465 1.5917795 2.7290082 1.3894628 26.001085 -1.5591953992843628 0.9424219727516174
Car 0.0 0 1.4386165142059326 647.3075561523438 169.4032745361328 688.8163452148438 198.9573974609375 4.2644463 1.4938315 1.6559788 3.01353 1.3197701 38.64188 1.5164451599121094 0.7222928404808044
Car 0.0 0 -1.6169977188110352 546.171142578125 170.0037384033203 580.9071044921875 200.0384979248047 4.533375 1.5637176 1.6976225 -2.6574848 1.4156806 39.910854 -1.6834851503372192 0.6261533498764038
Car 0.0 0 1.7993474006652832 419.6387939453125 182.18417358398438 523.8886108398438 255.77139282226562 3.7640026 1.4377387 1.5134667 -3.0767794 1.6761512 16.493368 1.614920735359192 0.3565923869609833
