Car 0.0 0 2.0177297592163086 119.15496826171875 186.3147735595703 345.84112548828125 297.7855529785156 4.247616 1.5036231 1.7295986 -6.197388 1.7749671 12.384683 1.5537561178207397 0.9423916935920715
Car 0.0 0 1.6814074516296387 509.7598876953125 179.50634765625 553.4434204101562 211.5180206298828 4.397024 1.4893472 1.7326968 -3.957045 1.8482304 36.682983 1.5739516019821167 0.9123276472091675
Car 0.0 0 1.8804324865341187 301.0240173339844 181.73043823242188 418.1976623535156 252.84642028808594 4.2380157 1.6142001 1.6929449 -6.4838395 1.875105 19.041962 1.5522434711456299 0.8812772035598755
Car 0.0 0 1.8211948871612549 417.91424560546875 186.20643615722656 477.3462219238281 224.72970581054688 3.7049043 1.4248832 1.5280952 -6.686253 2.0125453 29.85933 1.6009037494659424 0.8255218267440796
Car 0.0 0 -1.562731146812439 632.6094970703125 175.29795837402344 655.7703857421875 197.44313049316406 3.6690614 1.5055217 1.5874767 2.416792 1.6861376 51.339848 -1.5156915187835693 0.7867872714996338
Car 0.0 0 1.7896013259887695 483.1103210449219 180.65208435058594 523.2886962890625 206.3594207763672 4.155817 1.4715136 1.6002359 -6.5964394 1.9782577 44.721565 1.6431571245193481 0.5673695802688599
Car 0.0 0 -2.5033202171325684 967.2201538085938 201.21218872070312 1242.0 375.0 3.7749193 1.4676516 1.5648351 2.8240473 1.6316638 2.2482018 -1.6048774719238281 0.4991551637649536
Car 0.0 0 -1.9458649158477783 1050.2291259765625 159.27987670898438 1146.496337890625 201.57968139648438 4.0805454 1.4766855 1.6233946 18.32748 1.0031714 27.352701 -1.3555285930633545 0.4740004539489746
Car 0.0 0 1.3376866579055786 531.18017578125 178.57254028320312 565.6669311523438 201.16659545898438 3.927321 1.4532087 1.4867791 -4.298681 1.8630407 49.56496 1.2511749267578125 0.44552573561668396
Car 0.0 0 0.152906596660614 1134.9019775390625 146.0752716064453 1242.0 209.99583435058594 3.834317 1.4491845 1.5863087 15.822543 0.8424247 18.329336 0.865034818649292 0.3852270543575287
