Cyclist 0.0 0 -2.1074705123901367 5.6551737785339355 227.94485473632812 101.04064178466797 330.3205871582031 1.7867138 1.7682608 0.58573073 -10.477035 2.6084235 13.512282 -2.767012357711792 0.4026761054992676
Car 0.0 0 -1.3023899793624878 360.1175842285156 186.33660888671875 470.3238525390625 253.77500915527344 3.5456681 1.3954343 1.5797164 -4.38871 1.4254087 16.711885 -1.5592013597488403 0.9560275077819824
Car 0.0 0 -1.38735830783844 442.7984313964844 180.9333953857422 505.48834228515625 222.49459838867188 4.1102023 1.42698 1.5653933 -4.9191356 1.281081 26.73399 -1.5693259239196777 0.948340654373169
Car 0.0 0 -1.0430240631103516 89.66024017333984 194.76480102539062 279.85943603515625 275.8275146484375 3.6877527 1.3771207 1.6526791 -8.335384 1.5953754 14.492592 -1.564969539642334 0.9431436061859131
Car 0.0 0 -1.246201515197754 317.1541442871094 179.6672821044922 399.095458984375 226.3107147216797 3.6030324 1.5038662 1.6223156 -8.61357 1.3261068 24.980902 -1.5782419443130493 0.9149956703186035
Car 0.0 0 -1.6033529043197632 577.0274047851562 177.8202667236328 610.5072021484375 206.87522888183594 3.5353193 1.4735011 1.6585896 -0.81466734 1.0995783 38.262188 -1.6246414184570312 0.8590735793113708
Car 0.0 0 -0.9679757952690125 0.0 200.72093200683594 297.7984924316406 376.0 4.1694636 1.46261 1.5878396 -4.087273 1.6291043 5.5540266 -1.602399230003357 0.8238639235496521
Car 0.0 0 -1.4281758069992065 488.72161865234375 181.7901153564453 529.4502563476562 211.30142211914062 3.5664113 1.406184 1.5327967 -4.928323 1.2440891 36.03728 -1.5640889406204224 0.5913054347038269
Car 0.0 0 -1.0580599308013916 129.73306274414062 165.9263153076172 274.2437438964844 227.5347137451172 4.735861 1.7090069 1.7960055 -12.400214 1.1750542 22.30995 -1.565356969833374 0.5588698983192444
Car 0.0 0 -1.170135498046875 430.60906982421875 178.97506713867188 477.376708984375 203.81182861328125 3.522812 1.4600073 1.5581905 -9.414226 1.0942886 44.130573 -1.3803116083145142 0.4124302268028259
