Pedestrian 0.0 0 0.6387676000595093 52.43403244018555 91.37415313720703 128.11526489257812 204.58262634277344 0.77790874 1.8340307 0.6704957 -8.699942 0.5143766 12.026597 0.012514352798461914 0.35548704862594604
Pedestrian 0.0 0 2.098330497741699 3.3327789306640625 147.61611938476562 36.51276397705078 193.33114624023438 0.8842146 1.8362901 0.6999984 -24.13511 0.82288754 29.471968 1.4121603965759277 0.34064561128616333
Pedestrian 0.0 0 -2.4289097785949707 198.65353393554688 139.6376495361328 236.15982055664062 197.5172576904297 0.8441793 1.8150588 0.6311899 -12.567885 0.7737783 23.021788 -2.928609609603882 0.3339971899986267
Pedestrian 0.0 0 1.4037988185882568 57.787841796875 129.5502471923828 95.57170104980469 199.2085418701172 0.94704145 1.8359143 0.67537093 -14.52878 0.6949585 19.585695 0.7655627727508545 0.3006604313850403
Pedestrian 0.0 0 -2.4001481533050537 0.0 133.52027893066406 59.351524353027344 239.47589111328125 0.69784856 1.7702082 0.6411062 -10.106982 1.1134145 12.392035 -3.0843310356140137 0.27657705545425415
Pedestrian 0.0 0 -2.1329872608184814 742.9265747070312 125.27508544921875 801.8687744140625 204.5563201904297 1.5652837 1.7529625 0.58939415 3.703321 0.70131785 16.787138 -1.9158602952957153 0.17498719692230225
Pedestrian 0.0 0 -1.1574139595031738 203.2067108154297 139.7596435546875 250.58563232421875 201.72230529785156 1.6987102 1.7495813 0.6022403 -11.2974 0.81548506 21.240267 -1.6462438106536865 0.12068739533424377
Cyclist 0.0 0 -2.1149139404296875 739.108642578125 121.59689331054688 799.682861328125 203.2160186767578 1.6665436 1.8049066 0.59855175 3.6418583 0.6717765 16.838476 -1.901912808418274 0.4006410539150238
Cyclist 0.0 0 -1.3753859996795654 424.72918701171875 151.6352996826172 440.5694885253906 186.31924438476562 1.491747 1.7874622 0.53123194 -9.354415 0.6942991 37.939594 -1.617125153541565 0.2987474203109741
Cyclist 0.0 0 -1.4300919771194458 693.1217041015625 139.79237365722656 714.2871704101562 186.37252807617188 1.8896989 1.7638133 0.56693774 3.6460013 0.51225317 28.305338 -1.301987648010254 0.2788131833076477
Cyclist 0.0 0 -1.1574139595031738 203.2067108154297 139.7596435546875 250.58563232421875 201.72230529785156 1.6987102 1.7495813 0.6022403 -11.2974 0.81548506 21.240267 -1.6462438106536865 0.2762402892112732
Cyclist 0.0 0 2.2258994579315186 45.176307678222656 90.98641967773438 128.00189208984375 205.66104125976562 0.9146279 1.8315462 0.7034231 -8.724811 0.52434146 11.987708 1.5967497825622559 0.16256257891654968
Car 0.0 0 -1.5667815208435059 395.1655578613281 168.4049835205078 438.5759582519531 208.40065002441406 3.573266 1.5698041 1.6584673 -8.129658 1.395541 30.256382 -1.8292741775512695 0.8909021615982056
Car 0.0 0 -1.71368408203125 385.8250732421875 164.1273193359375 413.5926208496094 184.23667907714844 3.93945 1.6021224 1.6539983 -17.427666 0.9072215 59.61782 -1.9980831146240234 0.3458491563796997
