Pedestrian 0.0 0 -0.31037652492523193 934.9500122070312 153.41055297851562 1000.6627807617188 271.4007263183594 0.8141756 1.8737463 0.6067191 5.8312154 1.3697948 11.772649 0.1495192050933838 0.5021630525588989
Car 0.0 0 -1.3009660243988037 310.15191650390625 189.27076721191406 441.9898986816406 268.5668640136719 4.4441977 1.4925498 1.6380631 -5.0007505 1.5966657 16.004713 -1.6038097143173218 0.9613125920295715
Car 0.0 0 -1.1260566711425781 172.90945434570312 191.26937866210938 310.29522705078125 258.3469543457031 3.5697818 1.4247378 1.566973 -8.734159 1.5875161 17.390581 -1.5914907455444336 0.9586407542228699
Car 0.0 0 -0.9843148589134216 0.0 187.93482971191406 190.6912078857422 316.22747802734375 3.818727 1.4684601 1.6212466 -7.829074 1.5158417 10.26541 -1.635872721672058 0.9033522009849548
Car 0.0 0 -1.157852292060852 234.5241241455078 183.9761505126953 331.5185241699219 227.9360809326172 4.1412034 1.4501972 1.6404476 -11.550652 1.4104373 25.787842 -1.5789674520492554 0.8867725133895874
Car 0.0 0 -1.3499822616577148 388.56890869140625 182.8926239013672 448.8141174316406 218.2982940673828 4.6982226 1.5276809 1.7152258 -8.717152 1.4285765 33.390694 -1.6053478717803955 0.8599050045013428
Car 0.0 0 -1.532273769378662 570.9574584960938 180.8512420654297 603.1000366210938 206.15069580078125 3.60181 1.3686264 1.683265 -1.1614317 1.1336534 40.69344 -1.5608069896697998 0.7675144076347351
Car 0.0 0 -1.3772114515304565 347.712158203125 182.40281677246094 413.0621643066406 224.27001953125 3.8468516 1.4587061 1.6318835 -8.502779 1.3618329 27.04406 -1.681830644607544 0.44471994042396545
Car 0.0 0 -1.4024313688278198 500.3952941894531 183.33482360839844 539.4373779296875 210.40928649902344 3.6797597 1.4572856 1.5941029 -4.9364233 1.3571792 40.564205 -1.5235300064086914 0.40023767948150635
Car 0.0 0 -1.163655400276184 334.76263427734375 180.71743774414062 390.6950378417969 208.37957763671875 3.634577 1.4232497 1.549518 -13.206792 1.1929402 38.855267 -1.4913016557693481 0.3553697466850281
Car 0.0 0 0.5478172302246094 401.8302917480469 191.8765106201172 458.71533203125 214.4303741455078 3.8718784 1.6295533 1.6350344 -13.368109 2.1446345 54.101284 0.3055753707885742 0.34271082282066345
