Pedestrian 0.0 0 -2.461923122406006 382.1522216796875 157.589599609375 409.2640075683594 196.84747314453125 1.0023429 1.7939446 0.67814136 -9.979186 1.0967737 33.473076 -2.751659631729126 0.3715938329696655
Cyclist 0.0 0 -3.322842836380005 796.0277099609375 166.31582641601562 822.1060180664062 191.13156127929688 1.7858034 1.8278784 0.59703153 14.732469 1.3466473 53.519573 -3.0542232990264893 0.30155712366104126
Cyclist 0.0 0 -1.5402336120605469 390.1304016113281 157.80770874023438 405.9383544921875 196.96461486816406 0.99186736 1.7843026 0.67458844 -9.858127 1.0990305 33.44151 -1.8269010782241821 0.10421647876501083
Car 0.0 0 -2.0316896438598633 340.0229797363281 162.665283203125 413.1553649902344 196.15965270996094 4.454758 1.6011839 1.7290852 -11.955602 1.1144747 36.685394 -2.346731185913086 0.7664015889167786
Car 0.0 0 -2.042693853378296 394.1523742675781 162.08517456054688 452.2897033691406 192.00303649902344 3.6320233 1.5311142 1.5377606 -10.112615 0.9803532 38.79152 -2.2977094650268555 0.7208673357963562
Car 0.0 0 -2.345700979232788 736.1883544921875 165.19322204589844 792.5894165039062 188.14451599121094 4.216099 1.6627128 1.6970164 11.584527 1.108084 54.503815 -2.1362721920013428 0.548938512802124
Car 0.0 0 -2.06646990776062 448.6949768066406 161.4212188720703 516.6632080078125 191.27349853515625 4.580609 1.5631169 1.7437724 -7.172854 0.9648346 40.11288 -2.2434165477752686 0.4841948449611664
Car 0.0 0 -2.7604146003723145 835.7305908203125 161.56884765625 893.2820434570312 180.4763946533203 4.1111684 1.497118 1.6945992 20.802319 0.60390675 59.121235 -2.4220850467681885 0.4335957169532776
Car 0.0 0 0.8305333852767944 606.5338134765625 158.93344116210938 670.3433837890625 183.359619140625 4.0189166 1.4364458 1.6484816 1.6769131 0.6181682 44.49537 0.8682029247283936 0.4189990758895874
Car 0.0 0 -2.7918519973754883 848.106201171875 160.07345581054688 907.6669311523438 178.99478149414062 4.409133 1.5391837 1.6268151 22.495712 0.49988967 60.739304 -2.4371511936187744 0.3692363202571869
Car 0.0 0 -2.575918674468994 674.3953247070312 159.53025817871094 735.3073120117188 182.7337188720703 3.8713808 1.5276357 1.6075041 6.4328327 0.650804 49.357967 -2.446319103240967 0.3067450523376465
Car 0.0 0 -1.729436993598938 617.2034301757812 186.22006225585938 659.8490600585938 216.50938415527344 3.9176664 1.3968053 1.5817116 1.3755488 2.1224914 37.112247 -1.6923893690109253 0.2872718572616577
Car 0.0 0 -1.756118893623352 788.9197998046875 166.46170043945312 817.0658569335938 187.23663330078125 2.9382012 1.5318123 1.5429868 14.581263 1.0608419 54.721718 -1.4957075119018555 0.27571237087249756
