Pedestrian 0.0 0 0.0605570487678051 550.6306762695312 174.02944946289062 576.4358520507812 232.9755859375 0.71169627 1.6863769 0.6715384 -1.125529 1.4737941 20.886227 0.006720542907714844 0.8226704597473145
Pedestrian 0.0 0 -1.634659767150879 508.9134216308594 173.38905334472656 532.4344482421875 229.02511596679688 0.89192516 1.7071258 0.67553383 -2.5672672 1.4593661 22.53717 -1.748083472251892 0.8061618208885193
Pedestrian 0.0 0 1.6800974607467651 589.5347900390625 172.6744384765625 611.8863525390625 232.4133758544922 0.7466547 1.6954274 0.57058954 -0.04516288 1.4460957 20.78586 1.6779247522354126 0.7605139017105103
Pedestrian 0.0 0 2.8487372398376465 619.41796875 168.84652709960938 717.498779296875 316.4195251464844 1.0564077 1.7272044 0.64622885 0.7629661 1.5804538 8.829449 2.934934616088867 0.7354034781455994
Pedestrian 0.0 0 -1.7235735654830933 579.4212646484375 174.9198760986328 601.0538940429688 232.11573791503906 0.8405979 1.7046078 0.5345531 -0.37436235 1.5096263 21.865356 -1.7406930923461914 0.707909882068634
Pedestrian 0.0 0 1.4113283157348633 462.4095764160156 175.11683654785156 490.69342041015625 233.36627197265625 0.94964695 1.7627604 0.72144836 -3.9115791 1.5707119 22.302511 1.2377067804336548 0.690135657787323
Pedestrian 0.0 0 1.9655057191848755 197.9910430908203 161.8618927001953 326.5846862792969 374.0 0.728338 1.6718483 0.6544857 -2.5902944 1.5346792 5.4460144 1.5215425491333008 0.62603759765625
Pedestrian 0.0 0 -1.4285719394683838 322.55303955078125 206.5825653076172 396.050048828125 347.00445556640625 0.7323563 1.5733238 0.74328583 -2.9342098 1.8909559 8.627271 -1.7564078569412231 0.537169873714447
Pedestrian 0.0 0 1.1581305265426636 598.7460327148438 171.2467803955078 625.0730590820312 227.89369201660156 0.78714 1.7376679 0.5541335 0.29650208 1.4242613 22.50296 1.1713058948516846 0.5344629287719727
Pedestrian 0.0 0 -1.9431413412094116 662.7056274414062 166.5127716064453 685.03857421875 214.98927307128906 0.7354239 1.6536316 0.5392322 2.4861705 1.1434604 24.928024 -1.8437360525131226 0.5188664793968201
Pedestrian 0.0 0 -2.4451379776000977 566.1932373046875 171.01025390625 594.7925415039062 216.26766967773438 0.99544615 1.7825426 0.59795994 -0.8598954 1.3703942 28.833008 -2.474952459335327 0.5042538642883301
Pedestrian 0.0 0 -0.3475387692451477 728.869384765625 151.93821716308594 772.9682006835938 221.06472778320312 1.0214057 1.835317 0.60891074 4.00834 1.0516139 19.443964 -0.1442384272813797 0.4936509132385254
Pedestrian 0.0 0 -1.9620957374572754 896.4832153320312 144.50091552734375 965.480712890625 261.0306701660156 0.75061417 1.7608917 0.74902207 5.0957584 1.2031002 11.240152 -1.536456823348999 0.48346927762031555
Pedestrian 0.0 0 1.1226613521575928 1015.166748046875 99.23418426513672 1198.946533203125 374.0 0.7152782 1.7510726 0.6265441 2.8612878 1.3157258 4.2113123 1.7194474935531616 0.46885445713996887
Pedestrian 0.0 0 1.4195021390914917 417.0962829589844 179.9546356201172 453.56317138671875 257.71826171875 0.6404973 1.6321107 0.67594665 -3.625598 1.6009097 15.496853 1.1896787881851196 0.4469977915287018
Pedestrian 0.0 0 -0.6594802141189575 857.5678100585938 154.29588317871094 928.3751220703125 255.77792358398438 0.9599251 1.7179425 0.63969433 5.063352 1.2586993 12.596764 -0.2772882580757141 0.44657424092292786
Pedestrian 0.0 0 2.5490264892578125 637.0795288085938 170.56112670898438 663.1890258789062 220.9130401611328 0.66735196 1.7057132 0.6162858 1.6536484 1.3362256 24.765596 2.615699529647827 0.3693963289260864
Pedestrian 0.0 0 1.1758527755737305 451.9418640136719 174.3905792236328 467.27984619140625 210.59718322753906 0.52104896 1.8987235 0.6465778 -7.5204377 1.5267458 38.064213 0.9807925224304199 0.36257922649383545
Pedestrian 0.0 0 -0.13066449761390686 623.6032104492188 170.59918212890625 644.565185546875 212.78514099121094 0.79503137 1.7335865 0.6228497 1.3370229 1.2866169 29.860977 -0.08591946214437485 0.3520323634147644
Pedestrian 0.0 0 -1.6017627716064453 649.9816284179688 167.49960327148438 667.5243530273438 214.28533935546875 0.7696178 1.8013897 0.6577462 2.2150366 1.2633524 28.055498 -1.5229742527008057 0.34424230456352234
Pedestrian 0.0 0 1.588468074798584 440.7489013671875 189.795166015625 467.9200134277344 260.55670166015625 1.4618969 1.7360492 0.6623477 -3.8261347 1.9608313 18.582817 1.3854093551635742 0.29871666431427
Cyclist 0.0 0 1.711806297302246 348.93353271484375 171.32904052734375 452.31854248046875 374.0 1.8040558 1.6587447 0.61928236 -1.7341112 1.5847011 6.2600117 1.4415686130523682 0.9408029913902283
Cyclist 0.0 0 1.5735695362091064 441.11260986328125 189.19110107421875 468.5336608886719 261.2506103515625 1.7000048 1.7557017 0.6644345 -3.826441 1.9655555 18.590057 1.3705719709396362 0.605268120765686
Cyclist 0.0 0 1.7473582029342651 704.1204833984375 165.4382781982422 726.5418090820312 210.89999389648438 1.4974899 1.5258358 0.5151529 3.934471 0.9878348 24.89874 1.9040812253952026 0.5222580432891846
Cyclist 0.0 0 -0.34660255908966064 726.4990844726562 151.63499450683594 774.2866821289062 221.443603515625 1.1365169 1.854154 0.5799728 3.994537 1.062089 19.445278 -0.14399659633636475 0.19124409556388855
