Pedestrian 0.0 0 -3.475797653198242 1108.08935546875 86.4941177368164 1200.4974365234375 217.15928649902344 0.91950905 1.8220276 0.61766756 7.835519 0.61816174 10.491975 -2.834340810775757 0.44471418857574463
Cyclist 0.0 0 1.0991231203079224 671.21142578125 117.18038177490234 720.4541625976562 185.0037841796875 1.8005916 1.8608555 0.65450543 2.3968625 0.33370897 20.751816 1.2141149044036865 0.737743079662323
Car 0.0 0 3.6388120651245117 0.0 180.05392456054688 256.32818603515625 280.0766296386719 3.777537 1.565743 1.640686 -8.440419 1.7002635 12.439412 3.0426464080810547 0.9518580436706543
Car 0.0 0 -1.75845205783844 524.2152099609375 179.11009216308594 581.8562622070312 222.34503173828125 3.9041545 1.6237605 1.660098 -2.4613864 1.9008167 29.80712 -1.8408422470092773 0.9444117546081543
Car 0.0 0 0.3392021059989929 90.76356506347656 160.84344482421875 308.8001403808594 242.33966064453125 3.7826378 1.6382967 1.6136159 -8.763819 1.3972096 15.620866 -0.1720721274614334 0.8540125489234924
Car 0.0 0 3.800900459289551 0.0 176.75965881347656 179.76461791992188 314.37481689453125 3.8109481 1.5760957 1.6325043 -7.9636354 1.631376 9.228344 3.0889339447021484 0.8397980332374573
Car 0.0 0 3.3285632133483887 257.0405578613281 174.3079833984375 356.6445007324219 211.27023315429688 3.5096242 1.439096 1.4942176 -12.266338 1.5006558 29.272266 2.931749105453491 0.643363893032074
Car 0.0 0 3.221273183822632 327.558349609375 165.7020721435547 398.88287353515625 191.62655639648438 4.373929 1.6771861 1.6670853 -16.390106 1.2148495 48.024376 2.892381191253662 0.5939862728118896
Car 0.0 0 -1.7156455516815186 469.6535339355469 178.7714080810547 492.76190185546875 195.92201232910156 3.653035 1.4964219 1.5757549 -11.878364 2.0568082 66.30236 -1.8929193019866943 0.5396089553833008
Car 0.0 0 -1.3855137825012207 254.6365966796875 158.4578094482422 297.1533508300781 186.404541015625 3.322603 1.4534292 1.5174458 -18.190699 0.705082 39.319065 -1.8188319206237793 0.47808197140693665
Car 0.0 0 1.3237087726593018 595.63330078125 150.75827026367188 650.4095458984375 186.3672637939453 3.7825017 1.5107784 1.5879363 0.4861274 0.5736836 32.633053 1.33860445022583 0.4576427936553955
Car 0.0 0 -1.997200608253479 0.0 160.13536071777344 25.063114166259766 354.999267578125 3.9542437 1.5199358 1.6521577 -8.032321 1.4210886 6.980618 -2.8525376319885254 0.39917847514152527
