Pedestrian 0.0 0 2.152097463607788 1137.75830078125 151.2995147705078 1214.649169921875 266.3880920410156 0.66269207 1.7511857 0.7107528 8.897923 1.4235709 11.419247 2.814028739929199 0.6547091007232666
Pedestrian 0.0 0 1.0670583248138428 937.7452392578125 143.45098876953125 967.170654296875 195.00692749023438 0.7943744 1.9733038 0.74057525 13.256284 0.84826124 28.03349 1.5087698698043823 0.4483078420162201
Pedestrian 0.0 0 -1.316248893737793 1191.57763671875 137.5498809814453 1242.0 267.3171691894531 0.56930006 1.7650886 0.7112127 8.764065 1.2852414 10.266105 -0.609616756439209 0.3640606999397278
Car 0.0 0 -1.857496738433838 739.9426879882812 179.60968017578125 926.0973510742188 310.3313293457031 3.579723 1.594244 1.6401154 3.0503566 1.712416 10.781604 -1.581780195236206 0.9685958623886108
Car 0.0 0 -1.7710353136062622 699.3033447265625 175.69662475585938 793.7802734375 253.9974822998047 3.3088691 1.6542169 1.5363848 3.067191 1.7282737 17.033081 -1.5928720235824585 0.9639591574668884
Car 0.0 0 -1.7569218873977661 664.0834350585938 177.76402282714844 742.2203979492188 235.57652282714844 3.791457 1.5591627 1.6361065 2.6597462 1.7206513 21.731302 -1.6351351737976074 0.9513333439826965
Car 0.0 0 -1.410574197769165 446.51165771484375 180.42233276367188 527.4309692382812 240.44464111328125 3.907681 1.51398 1.6730464 -3.4588172 1.7515081 20.649586 -1.5765341520309448 0.9387655258178711
Car 0.0 0 -1.633988618850708 640.9563598632812 176.19915771484375 678.9877319335938 208.5081787109375 3.6077218 1.4626855 1.5968674 2.3271773 1.6329712 34.843277 -1.5672978162765503 0.8572179675102234
Car 0.0 0 -1.604295253753662 616.7658081054688 172.65101623535156 638.3252563476562 193.80343627929688 3.5595345 1.7041875 1.6665353 1.4073539 1.6881913 59.917442 -1.5808113813400269 0.556564450263977
Car 0.0 0 2.405479907989502 0.0 0.0 250.8538818359375 375.0 3.961435 1.7710762 1.5974493 -3.0384512 1.3288993 2.5345678 1.5299122333526611 0.35031428933143616
