Pedestrian 0.0 0 -0.37739381194114685 896.7306518554688 161.3695831298828 922.341796875 199.8372802734375 0.9684127 1.8745062 0.71534896 14.703071 1.3152359 35.522243 0.015047550201416016 0.13178233802318573
Cyclist 0.0 0 1.5847111940383911 480.3333435058594 173.7588653564453 489.9378967285156 194.66470336914062 1.7267251 1.7049308 0.7624499 -10.371855 1.7814703 59.83219 1.4130678176879883 0.5941903591156006
Car 0.0 0 1.8485708236694336 371.40045166015625 179.66424560546875 449.1407775878906 225.8152313232422 3.994133 1.53576 1.7288907 -7.301845 1.8061868 26.605196 1.5807143449783325 0.9359154105186462
Car 0.0 0 1.7524570226669312 150.28695678710938 186.7675323486328 197.5695343017578 217.1400604248047 3.8760304 1.5314782 1.5915893 -24.379917 2.3511636 40.39234 1.2094110250473022 0.2878842353820801
Car 0.0 0 2.329066276550293 260.20111083984375 192.7045135498047 320.8086853027344 218.2301788330078 3.5794713 1.4725773 1.539891 -20.603073 2.8082888 46.591137 1.9127092361450195 0.21268129348754883
Car 0.0 0 1.1227543354034424 611.9945678710938 182.8431854248047 657.7359619140625 207.22384643554688 3.469617 1.4291164 1.5422055 1.5041883 2.0891101 45.745564 1.1556241512298584 0.20770111680030823
Car 0.0 0 -0.018149249255657196 568.0375366210938 180.00791931152344 646.4346313476562 207.68934631347656 4.1549697 1.447598 1.6537148 -0.19956096 1.8439023 39.057182 -0.02325865998864174 0.18956096470355988
Car 0.0 0 -0.12379491329193115 957.3682861328125 197.22348022460938 1042.6754150390625 224.9756317138672 4.2740006 1.4817128 1.74328 23.057066 2.9842029 42.88821 0.36948490142822266 0.1813490241765976
Car 0.0 0 -2.5608930587768555 659.7933959960938 189.5974578857422 722.3532104492188 215.79107666015625 3.69175 1.5338589 1.6566218 5.1573296 2.6527748 46.38497 -2.450162410736084 0.14199292659759521
Car 0.0 0 1.9355432987213135 447.0030212402344 181.23037719726562 488.3999938964844 202.7659454345703 4.1809597 1.4656861 1.598344 -10.426852 2.1069427 53.008217 1.7413203716278076 0.12681758403778076
