Pedestrian 0.0 0 1.4426902532577515 543.8541870117188 171.2393341064453 551.8382568359375 190.7975616455078 0.8532753 1.8393482 0.6491041 -5.9071145 1.6878542 68.33992 1.356467366218567 0.11773481965065002
Pedestrian 0.0 0 2.9541003704071045 711.95947265625 152.8626708984375 735.8951416015625 197.0868377685547 0.9006751 1.8425481 0.58640665 4.7492967 1.0099902 30.36689 3.109240770339966 0.1033591777086258
Cyclist 0.0 0 2.0732789039611816 367.5384521484375 177.11355590820312 381.85247802734375 202.01626586914062 1.3996326 1.8450897 0.40358174 -17.77169 2.171072 54.430557 1.7576889991760254 0.11530113965272903
Cyclist 0.0 0 1.4516353607177734 715.0709838867188 152.60061645507812 732.2081909179688 197.38949584960938 1.4697937 1.8388864 0.5384483 4.7327127 1.007706 30.365242 1.6062508821487427 0.11122503131628036
Car 0.0 0 -1.4887787103652954 592.222900390625 171.45518493652344 630.6084594726562 201.9694366455078 4.4515495 1.586724 1.759487 0.099595085 1.5143442 39.808918 -1.4862768650054932 0.8091849684715271
Car 0.0 0 1.6682934761047363 455.4296875 176.76292419433594 476.2748107910156 194.00936889648438 3.977199 1.5907129 1.5923642 -13.880494 1.9789596 69.53848 1.4712740182876587 0.2805532217025757
Car 0.0 0 -1.6028358936309814 537.5121459960938 170.83950805664062 555.728759765625 186.3207550048828 3.9185781 1.4594073 1.6329073 -6.194592 1.2698605 70.05929 -1.6910258531570435 0.18409617245197296
Car 0.0 0 0.7422748804092407 1034.2039794921875 179.39996337890625 1118.575439453125 207.0876007080078 3.7593262 1.408265 1.6605278 25.523857 1.7870867 39.68489 1.3138288259506226 0.11133892834186554
Car 0.0 0 -1.237783670425415 403.3812561035156 172.25143432617188 445.3781433105469 198.78390502929688 3.7184227 1.749548 1.6671972 -12.711628 1.7101724 49.49632 -1.4891704320907593 0.11020298302173615
Car 0.0 0 0.5281403660774231 1129.928466796875 153.6000213623047 1242.0 196.51475524902344 4.0280995 1.9437859 1.813507 27.791952 1.0720518 34.88433 1.2008589506149292 0.10264716297388077
