Pedestrian 0.0 0 1.6922531127929688 172.09835815429688 165.64353942871094 192.16835021972656 209.5249481201172 0.5554433 1.9185566 0.7063638 -18.570894 1.2262466 31.79887 1.1636731624603271 0.19723311066627502
Pedestrian 0.0 0 0.22942852973937988 664.51806640625 166.50143432617188 678.8035278320312 196.4381103515625 0.77372533 1.8237653 0.5296275 4.320629 0.9107878 44.133957 0.32701563835144043 0.17159917950630188
Pedestrian 0.0 0 0.34951937198638916 698.4826049804688 161.45169067382812 729.708251953125 215.20748901367188 0.94761956 1.8373481 0.5378574 3.9003096 1.1531787 25.014101 0.5041983127593994 0.14020177721977234
Pedestrian 0.0 0 -0.26497897505760193 324.0899963378906 172.81251525878906 340.8067626953125 202.00433349609375 0.8554799 1.7777747 0.52694297 -16.549805 1.2494556 44.207428 -0.6231946349143982 0.1391463428735733
Pedestrian 0.0 0 -1.6486750841140747 646.9963989257812 169.20233154296875 660.8169555664062 202.1438446044922 0.56008565 1.8161341 0.723098 2.9090915 1.1389546 39.882565 -1.5758626461029053 0.13640643656253815
Pedestrian 0.0 0 -0.6859592199325562 1146.7667236328125 132.1553497314453 1238.0 306.3703308105469 0.6859662 1.7612182 0.7398232 6.3709297 1.263737 7.632541 0.00958871841430664 0.1362568885087967
Car 0.0 0 -1.1518032550811768 481.3604431152344 171.84927368164062 559.7085571289062 208.5900421142578 4.4736505 1.4593383 1.6713918 -3.3944268 1.0770179 30.91466 -1.2611651420593262 0.9193149209022522
Car 0.0 0 -1.459038496017456 582.0347290039062 171.2640838623047 617.3961181640625 199.07437133789062 3.6194077 1.4613918 1.5585498 -0.05477564 0.92435676 39.62942 -1.4604207277297974 0.8977833986282349
Car 0.0 0 2.0688939094543457 326.7013854980469 177.45608520507812 393.0476379394531 205.7618865966797 4.010581 1.4180895 1.6158882 -12.732963 1.2163719 38.10076 1.7463710308074951 0.7840665578842163
Car 0.0 0 -1.4236747026443481 562.2571411132812 167.4686737060547 589.072265625 188.06454467773438 3.8272727 1.6384523 1.6648674 -2.061563 0.5227438 59.137585 -1.4585210084915161 0.25685617327690125
Car 0.0 0 1.342483639717102 411.44171142578125 177.5026397705078 460.59039306640625 209.33782958984375 3.468765 1.4425294 1.5439183 -7.9836473 1.2623353 34.443974 1.1147191524505615 0.24652807414531708
Car 0.0 0 -0.14719514548778534 655.7120971679688 173.620849609375 718.7857055664062 198.35415649414062 3.742333 1.5264822 1.6040655 5.3716655 1.0409356 45.187084 -0.02887428179383278 0.14604289829730988
Car 0.0 0 1.284773826599121 194.6583251953125 178.60531616210938 253.84950256347656 209.983642578125 4.1937165 1.5513444 1.6186125 -19.777672 1.4091172 37.58018 0.8003244400024414 0.12019286304712296
