Pedestrian 0.0 0 1.1102608442306519 961.0237426757812 145.28988647460938 1006.43408203125 225.81675720214844 0.85535854 1.8840286 0.6537223 8.904948 1.2394891 17.310946 1.5853710174560547 0.31269240379333496
Pedestrian 0.0 0 2.138275623321533 886.7378540039062 125.53936767578125 926.316162109375 200.93206787109375 0.73212475 1.8231235 0.61159444 7.3100452 0.6793332 17.906319 2.5258636474609375 0.1518722027540207
Pedestrian 0.0 0 1.0148388147354126 968.4124755859375 118.16712188720703 998.7274169921875 183.089599609375 0.54499906 1.8977054 0.60015213 11.020645 0.2995478 21.38367 1.4907119274139404 0.15078994631767273
Pedestrian 0.0 0 0.91816246509552 1166.9781494140625 127.36078643798828 1232.7967529296875 201.24742126464844 1.2296687 1.7270291 0.61197865 14.220395 0.6640271 17.486277 1.6009196043014526 0.11301633715629578
Cyclist 0.0 0 0.9460442066192627 1163.42041015625 126.34473419189453 1230.5802001953125 201.21685791015625 1.2881745 1.7555779 0.63295144 14.221415 0.66540146 17.576303 1.6263240575790405 0.20158058404922485
Car 0.0 0 1.7367192506790161 440.67340087890625 185.4067840576172 477.24609375 210.50291442871094 3.9463062 1.4579276 1.6503991 -9.594893 2.2921605 45.92402 1.5307523012161255 0.6303896307945251
Car 0.0 0 1.3648452758789062 688.9111938476562 171.473388671875 732.9141845703125 202.53981018066406 4.1409574 1.6764807 1.6572131 5.646583 1.6023344 41.057453 1.5015166997909546 0.33454257249832153
Car 0.0 0 1.5205585956573486 921.8046264648438 165.09573364257812 949.8781127929688 188.64723205566406 3.813762 1.6429716 1.6628923 23.601439 1.1021062 52.411068 1.9436736106872559 0.18430571258068085
Car 0.0 0 -1.3857494592666626 594.9061889648438 175.47506713867188 630.3599853515625 202.09959411621094 3.8862445 1.6807835 1.6744074 0.18775493 1.8630931 48.01985 -1.3818395137786865 0.17960959672927856
Car 0.0 0 -0.9195845127105713 970.6129760742188 143.3258819580078 1055.4942626953125 179.87156677246094 4.9409122 2.0837986 1.7813647 23.965027 0.40049276 42.94127 -0.4105525612831116 0.1278354972600937
