Pedestrian 0.0 0 -1.838206171989441 712.8118896484375 163.13772583007812 741.3228149414062 219.94180297851562 1.1703297 1.8905138 0.672684 3.94088 1.5675011 24.629177 -1.6795425415039062 0.8330402374267578
Pedestrian 0.0 0 0.5352139472961426 326.2362365722656 161.46449279785156 350.1999816894531 212.5995635986328 0.55260843 1.6365775 0.493893 -8.850271 1.2724144 23.380964 0.1733567714691162 0.3516453504562378
Pedestrian 0.0 0 -0.9412773251533508 521.8602294921875 174.27841186523438 533.3482055664062 196.63246154785156 0.5193864 1.7468667 0.7341891 -6.5160127 1.8602443 56.84086 -1.055415153503418 0.21827298402786255
Cyclist 0.0 0 1.663492202758789 477.09429931640625 184.51296997070312 501.8795471191406 248.9415740966797 1.7802641 1.7722802 0.5556019 -3.553014 2.1280143 21.082088 1.4965288639068604 0.8826849460601807
Cyclist 0.0 0 1.985703706741333 155.06488037109375 182.44796752929688 312.5800476074219 375.0 2.0056024 1.7802472 0.573987 -3.56021 1.8863571 6.9324946 1.5112718343734741 0.8779528737068176
Cyclist 0.0 0 1.8435498476028442 253.2237548828125 181.8421630859375 370.4488220214844 375.0 1.999201 1.7563014 0.5790745 -3.001003 1.8607546 7.327264 1.454823613166809 0.6689234375953674
Car 0.0 0 1.8702826499938965 314.68865966796875 194.93875122070312 438.3276672363281 273.1170959472656 4.1660795 1.5227538 1.6472492 -5.4759774 2.1172462 17.31986 1.564060091972351 0.9275752902030945
Car 0.0 0 -1.4553090333938599 639.4717407226562 182.79673767089844 678.9537963867188 215.2097930908203 3.7163706 1.5658023 1.6611664 2.6043315 2.1177313 38.04575 -1.3869630098342896 0.8106982707977295
Car 0.0 0 1.7793169021606445 478.5151062011719 190.17205810546875 528.1124877929688 224.35134887695312 4.1188555 1.5080606 1.6353201 -5.3032417 2.4248815 36.074158 1.6333529949188232 0.7212598919868469
Car 0.0 0 -1.4109556674957275 658.7608032226562 179.1707763671875 692.0361938476562 204.192626953125 3.7232676 1.5649028 1.6411101 4.3703175 2.0043306 48.143456 -1.3204268217086792 0.44692298769950867
Car 0.0 0 -0.3811245262622833 884.76611328125 163.97056579589844 996.9706420898438 200.61468505859375 3.9498131 1.4853072 1.5910846 13.706825 1.1255902 30.12874 0.04583144187927246 0.25189363956451416
