Pedestrian 0.0 0 -1.8627568483352661 958.4833984375 136.4979248046875 992.0692138671875 195.92294311523438 0.966942 1.850884 0.70513266 11.590846 0.7188761 23.008053 -1.3960950374603271 0.6639607548713684
Pedestrian 0.0 0 -2.985515832901001 675.5842895507812 159.79425048828125 692.5511474609375 191.77500915527344 0.77331305 1.6107655 0.61882544 3.7363176 0.9533464 36.736385 -2.884158134460449 0.6417502760887146
Pedestrian 0.0 0 0.20565801858901978 776.7098999023438 125.50682067871094 839.1800537109375 227.3445281982422 1.0626547 1.8814665 0.5629035 3.7409565 1.0070783 13.819343 0.47002625465393066 0.594572126865387
Pedestrian 0.0 0 -1.7768526077270508 1151.611083984375 136.66555786132812 1175.01513671875 183.01593017578125 0.44914356 1.9762721 0.72391427 23.820642 0.43363854 31.120968 -1.1235549449920654 0.5770702958106995
Pedestrian 0.0 0 1.1025784015655518 1163.6441650390625 90.52159118652344 1238.9189453125 217.874755859375 0.6863622 1.7735348 0.5955287 8.486652 0.627322 10.444094 1.784942626953125 0.5103704333305359
Pedestrian 0.0 0 1.5477513074874878 808.0210571289062 149.36817932128906 821.8493041992188 186.2255859375 0.7986192 1.7927121 0.63596195 10.057663 0.65074 35.558342 1.8234004974365234 0.4335441291332245
Pedestrian 0.0 0 1.9780105352401733 626.8679809570312 168.37689208984375 637.8146362304688 190.89251708984375 0.5733109 1.7938029 0.7090639 1.7689497 1.4374729 57.89154 2.0085573196411133 0.4329339563846588
Pedestrian 0.0 0 -1.3084105253219604 758.8463134765625 155.33596801757812 774.3984375 185.857177734375 0.68043333 1.6288632 0.66762805 8.423048 0.6943143 38.959736 -1.0954887866973877 0.421267032623291
Pedestrian 0.0 0 -2.9187939167022705 650.1200561523438 157.3282928466797 664.3147583007812 183.38961791992188 0.833847 1.7183826 0.5835731 3.1104202 0.6950354 47.970676 -2.8540444374084473 0.3656853437423706
Pedestrian 0.0 0 1.5034085512161255 0.0 138.58941650390625 17.874412536621094 208.3456573486328 0.65636533 1.8017923 0.62778205 -16.15505 0.917102 19.088572 0.8010544776916504 0.3604038953781128
Pedestrian 0.0 0 -2.4820361137390137 118.94081115722656 150.3528289794922 160.39060974121094 184.4119873046875 1.897131 1.777686 0.5377163 -24.80467 0.6036163 38.002197 -3.0603187084198 0.13917072117328644
Cyclist 0.0 0 0.9004422426223755 914.7717895507812 104.7669448852539 987.864990234375 182.38626098632812 1.731927 1.7547122 0.6339308 8.060929 0.2158501 17.224512 1.3381569385528564 0.48450544476509094
Cyclist 0.0 0 -2.4820361137390137 118.94081115722656 150.3528289794922 160.39060974121094 184.4119873046875 1.897131 1.777686 0.5377163 -24.80467 0.6036163 38.002197 -3.0603187084198 0.4747371971607208
Car 0.0 0 1.9229204654693604 264.5113525390625 182.0369110107422 368.2857666015625 238.27835083007812 4.115907 1.5681473 1.72426 -9.206902 1.8862318 22.879026 1.5403324365615845 0.8834394216537476
Car 0.0 0 -1.6371995210647583 587.8795776367188 176.7959442138672 616.7591552734375 202.32664489746094 3.6351762 1.5696341 1.6289473 -0.564583 1.8360049 46.812664 -1.6492594480514526 0.7207927703857422
Car 0.0 0 -1.4569462537765503 545.7864990234375 179.39971923828125 573.5957641601562 202.0171356201172 3.5033147 1.5278381 1.5965303 -3.5902884 2.012136 51.55685 -1.526471495628357 0.6608849763870239
Car 0.0 0 1.4681414365768433 642.1561279296875 160.89492797851562 671.1112670898438 183.64527893066406 3.8594036 1.5030453 1.5930823 3.140003 0.7133041 49.626656 1.5313297510147095 0.4785412549972534
Car 0.0 0 -1.3072407245635986 711.3939819335938 163.59608459472656 745.2427368164062 184.58975219726562 3.8820555 1.5696493 1.641559 9.199744 0.87781334 56.051723 -1.1445616483688354 0.45604780316352844
Car 0.0 0 -1.304685115814209 524.4639282226562 181.50442504882812 549.7109375 198.4323272705078 3.382634 1.5100478 1.5329751 -6.862143 2.3470771 67.99022 -1.4052728414535522 0.36221638321876526
