Pedestrian 0.0 0 2.739083766937256 213.645263671875 178.42208862304688 276.71490478515625 303.4053039550781 0.60254997 1.6534917 0.5740176 -4.9625845 1.6140997 9.916179 2.275073528289795 0.7348092794418335
Pedestrian 0.0 0 2.383876323699951 503.9945983886719 178.79454040527344 534.7247314453125 231.843505859375 0.6861369 1.6652411 0.6995622 -2.6575294 1.5814214 23.034033 2.269010066986084 0.6733666062355042
Pedestrian 0.0 0 -1.2511097192764282 853.0427856445312 163.83428955078125 921.7263793945312 299.8851623535156 0.736872 1.7613366 0.6750665 3.8583355 1.5339648 9.796193 -0.8759070038795471 0.6040109395980835
Pedestrian 0.0 0 1.8830769062042236 448.2114562988281 172.43934631347656 485.3988952636719 249.1408233642578 0.8710052 1.7521551 0.623551 -3.188772 1.546386 16.878021 1.6963474750518799 0.5716501474380493
Pedestrian 0.0 0 2.6440958976745605 0.0 37.441917419433594 142.8356475830078 374.0 0.6984189 1.7011095 0.578549 -3.0567436 1.0147103 3.8619804 1.9745615720748901 0.36500710248947144
Pedestrian 0.0 0 3.0209391117095947 608.9387817382812 175.2042236328125 626.863037109375 215.2777099609375 0.7183942 1.7349434 0.5791288 0.7031189 1.4633353 31.42042 3.0433132648468018 0.3178587853908539
Pedestrian 0.0 0 0.6659140586853027 337.80712890625 150.7489471435547 421.0880126953125 280.767333984375 0.93763226 1.7782967 0.6529539 -3.2186596 1.3590288 10.293877 0.3628678321838379 0.23515918850898743
Pedestrian 0.0 0 1.8845269680023193 301.10723876953125 137.8827667236328 340.36962890625 212.24246215820312 1.0628073 1.8159456 0.62583154 -7.087916 0.75195634 18.089046 1.5110794305801392 0.21294553577899933
Pedestrian 0.0 0 -2.952166795730591 570.2055053710938 178.73626708984375 591.6505737304688 218.88978576660156 0.83946717 1.7345396 0.6013183 -0.9068697 1.6161153 31.391703 -2.9810476303100586 0.18823100626468658
Pedestrian 0.0 0 3.0757546424865723 475.4825439453125 185.59591674804688 502.26177978515625 236.18394470214844 0.88343865 1.7402318 0.6978619 -3.9794164 1.8875799 25.216587 2.919235944747925 0.1845119297504425
Pedestrian 0.0 0 1.827092170715332 1059.692626953125 104.38351440429688 1142.19189453125 273.29852294921875 0.63819027 1.8466531 0.644079 5.725574 1.0049379 8.302783 2.4308021068573 0.17892633378505707
Pedestrian 0.0 0 1.7895500659942627 432.589111328125 172.07904052734375 465.1542663574219 231.1423797607422 1.7459621 1.7049457 0.59680253 -4.598504 1.4341341 21.608788 1.5798708200454712 0.16894136369228363
Cyclist 0.0 0 1.7542774677276611 433.1687316894531 171.700927734375 463.829833984375 231.67218017578125 1.7524499 1.7289083 0.5949302 -4.6066184 1.4475489 21.590097 1.5440624952316284 0.27075842022895813
Cyclist 0.0 0 1.9042727947235107 0.0 190.6947479248047 98.98745727539062 373.5569152832031 1.7545717 1.755651 0.57473105 -6.2124333 1.8700854 7.9098244 1.2384934425354004 0.2374497652053833
Car 0.0 0 -1.697678565979004 692.2133178710938 125.96028137207031 809.3985595703125 235.56301879882812 4.5578237 1.9669882 1.801134 2.9377487 0.97151375 15.220683 -1.5070128440856934 0.236111581325531
Car 0.0 0 3.7193081378936768 0.0 207.44960021972656 80.11685180664062 374.0 3.6598046 1.4432087 1.539603 -7.6709127 1.7449325 7.1220646 2.896825075149536 0.17404083907604218
