Pedestrian 0.0 0 0.15728186070919037 747.834228515625 137.6609344482422 793.754150390625 238.77024841308594 0.77406883 1.8571212 0.54021066 2.9928749 1.2110718 13.642703 0.37323641777038574 0.19451488554477692
Pedestrian 0.0 0 2.3712940216064453 998.0274658203125 214.21104431152344 1094.658447265625 335.5788269042969 1.2174019 1.8138952 0.64759564 6.918659 2.5021703 11.544785 2.9111905097961426 0.15076906979084015
Pedestrian 0.0 0 1.4548115730285645 756.6145629882812 137.5198974609375 798.0375366210938 257.1844482421875 1.2021886 1.876329 0.5250673 2.6982114 1.3226513 11.9364605 1.6771231889724731 0.115204356610775
Cyclist 0.0 0 1.2415695190429688 1002.42822265625 210.88975524902344 1087.9453125 341.5072326660156 1.9178965 1.8176212 0.5778358 6.8963227 2.4831028 11.61683 1.777306318283081 0.42826515436172485
Cyclist 0.0 0 1.4548115730285645 756.6145629882812 137.5198974609375 798.0375366210938 257.1844482421875 1.2021886 1.876329 0.5250673 2.6982114 1.3226513 11.9364605 1.6771231889724731 0.11811616271734238
Car 0.0 0 1.7991565465927124 619.870849609375 181.76675415039062 661.7217407226562 214.29356384277344 3.7993596 1.7207763 1.5769824 1.7764544 2.2569034 41.329292 1.8421130180358887 0.2773933410644531
Car 0.0 0 1.604622721672058 545.0242309570312 182.20240783691406 565.12353515625 197.91864013671875 4.113633 1.4057232 1.7836183 -5.250077 2.328712 69.11618 1.5288081169128418 0.20895516872406006
Car 0.0 0 -2.278656482696533 855.0936889648438 190.95645141601562 1242.0 375.0 4.127509 1.5240988 1.6393229 3.0393205 1.6835296 4.213115 -1.6537153720855713 0.16135285794734955
Car 0.0 0 3.0735840797424316 323.2116394042969 189.9446258544922 382.7547912597656 213.5460205078125 3.9151132 1.5668117 1.7868589 -18.48815 2.8324964 51.816563 2.7308642864227295 0.13492454588413239
Car 0.0 0 1.680277705192566 519.6542358398438 186.67352294921875 544.34814453125 206.634765625 3.7690806 1.5493954 1.658556 -6.5311713 2.7446978 60.50092 1.5727425813674927 0.1089085042476654
