Pedestrian 0.0 0 -1.3860865831375122 333.7466125488281 155.0108184814453 349.8192138671875 193.77703857421875 0.7836684 1.878028 0.6064366 -13.189919 1.0139736 35.390068 -1.74284029006958 0.24610410630702972
Pedestrian 0.0 0 -0.16681291162967682 433.17462158203125 166.8673553466797 448.8207702636719 201.13198852539062 0.71265864 1.7929997 0.6183911 -8.980783 1.4800886 38.177002 -0.39785292744636536 0.20770424604415894
Pedestrian 0.0 0 -0.08361609280109406 690.3161010742188 159.813720703125 704.9983520507812 186.6051483154297 1.0314898 1.952962 0.46896347 6.390399 1.0027481 52.847042 0.03672218322753906 0.1615309715270996
Pedestrian 0.0 0 -1.7352426052093506 536.2683715820312 173.09872436523438 554.5753784179688 213.5281219482422 0.9458329 1.6643059 0.61605686 -2.7530968 1.6751034 30.241722 -1.8260287046432495 0.12880317866802216
Cyclist 0.0 0 -1.9600436687469482 848.3984985351562 151.95645141601562 911.9652099609375 242.6280059814453 1.8177464 1.7968982 0.60233384 5.608466 1.3831156 15.215597 -1.606895923614502 0.9822039604187012
Car 0.0 0 -1.6059179306030273 572.0919189453125 175.47824096679688 673.6180419921875 268.6033020019531 3.9690783 1.5889235 1.7530196 0.117678925 1.6490709 14.428907 -1.5977623462677002 0.9256515502929688
Car 0.0 0 -1.486301302909851 408.4081115722656 183.31011962890625 444.0716857910156 214.25643920898438 3.4902637 1.4591334 1.4898089 -9.442825 2.02399 37.107594 -1.735484004020691 0.30286845564842224
Car 0.0 0 1.4629054069519043 723.9680786132812 170.42611694335938 754.7635498046875 196.6099853515625 4.0662384 1.7632055 1.6929213 9.011999 1.6000711 50.67114 1.6389176845550537 0.2714065909385681
Car 0.0 0 -1.659495234489441 593.45361328125 170.1414794921875 618.0361938476562 189.7747039794922 3.6332703 1.4893023 1.6079279 -0.38865685 1.283898 56.615482 -1.6663600206375122 0.25564512610435486
Car 0.0 0 -1.6574654579162598 463.7677307128906 180.07315063476562 503.20745849609375 212.52684020996094 3.5942397 1.4507958 1.5727409 -6.22724 1.821322 35.055107 -1.833272933959961 0.1393110156059265
