Pedestrian 0.0 0 1.4620271921157837 538.420166015625 129.8554229736328 567.9367065429688 195.46119689941406 0.8960892 1.8211466 0.7421247 -1.6723444 0.6279097 20.536436 1.3807734251022339 0.24381181597709656
Pedestrian 0.0 0 -2.0616729259490967 970.27783203125 111.74604797363281 1027.8311767578125 188.49070739746094 1.5242548 1.6732697 0.4927362 8.813365 0.34128606 16.49114 -1.570862054824829 0.13414324820041656
Pedestrian 0.0 0 -0.13361036777496338 791.644287109375 132.55233764648438 829.6334228515625 177.309326171875 1.3713943 1.7426604 0.6417234 7.873064 0.17383039 28.501888 0.13589859008789062 0.11487451940774918
Cyclist 0.0 0 -1.9235272407531738 987.90087890625 110.47042083740234 1047.4061279296875 199.3620147705078 1.8262249 1.736706 0.4697482 8.4053955 0.51825416 15.032803 -1.4136961698532104 0.31970730423927307
Cyclist 0.0 0 1.8732218742370605 589.4775390625 140.48106384277344 622.8839111328125 192.42788696289062 1.7259368 1.7075148 0.65913653 -0.15833749 0.6437604 24.636086 1.8667949438095093 0.26888981461524963
Cyclist 0.0 0 -0.13361036777496338 791.644287109375 132.55233764648438 829.6334228515625 177.309326171875 1.3713943 1.7426604 0.6417234 7.873064 0.17383039 28.501888 0.13589859008789062 0.2256297916173935
Car 0.0 0 -1.7352153062820435 800.0900268554688 150.78001403808594 917.1240844726562 241.21189880371094 3.8651235 1.6115268 1.6249987 4.9155135 1.2185189 14.88985 -1.4163548946380615 0.9573016166687012
Car 0.0 0 -2.15630841255188 942.0223388671875 60.64127731323242 1242.0 375.0 3.9749804 1.7303416 1.6065985 3.5688238 1.354531 4.4668217 -1.4822003841400146 0.7681501507759094
Car 0.0 0 -0.22092658281326294 796.3346557617188 155.34898376464844 868.302978515625 180.5345916748047 4.028505 1.5400317 1.6737741 13.817058 0.47000512 45.10538 0.07632589340209961 0.3121644854545593
Car 0.0 0 1.3672914505004883 916.726806640625 152.08273315429688 973.977294921875 188.39915466308594 3.5361052 1.4310491 1.4858476 13.976818 0.6129154 30.31982 1.7992383241653442 0.27787530422210693
Car 0.0 0 -0.19382032752037048 785.2503051757812 141.02430725097656 888.5496215820312 179.9063720703125 3.7369964 1.5147431 1.5658602 9.035042 0.27510017 29.08512 0.10737037658691406 0.2510488033294678
