Pedestrian 0.0 0 1.494788646697998 972.9774169921875 146.29078674316406 997.1104736328125 201.22500610351562 0.7555687 1.8318044 0.6711285 12.702056 0.946401 24.536137 1.9724860191345215 0.6616248488426208
Pedestrian 0.0 0 2.1911182403564453 1036.5538330078125 143.43629455566406 1065.6448974609375 197.79611206054688 0.56085575 1.783526 0.6167253 14.66432 0.81869984 24.064308 2.7384066581726074 0.4103289246559143
Pedestrian 0.0 0 0.3232945501804352 348.581787109375 123.25631713867188 434.8597106933594 276.7678527832031 0.89345044 1.8410182 0.5598451 -2.7441986 1.2465657 8.941671 0.025519609451293945 0.3375166654586792
Pedestrian 0.0 0 -2.748917579650879 590.9367065429688 162.6502227783203 601.6676635742188 184.24301147460938 0.7568126 1.7807564 0.49992976 -1.1592687 0.93960947 59.873188 -2.768277168273926 0.3168293833732605
Pedestrian 0.0 0 -2.022397994995117 847.2047119140625 142.88796997070312 869.0082397460938 188.4671173095703 0.4985357 1.9117967 0.72821164 10.462729 0.6552427 30.553438 -1.6924737691879272 0.30199894309043884
Pedestrian 0.0 0 2.8272087574005127 601.9801025390625 160.82325744628906 625.6940307617188 201.52578735351562 0.8154856 1.6688701 0.6813775 0.11492512 1.1759477 30.030474 2.831035614013672 0.27629879117012024
Pedestrian 0.0 0 0.50344318151474 80.85924530029297 161.19178771972656 100.60408020019531 191.2386932373047 0.800213 1.8120594 0.5664092 -31.581474 1.1090968 43.840893 -0.12082063406705856 0.27132850885391235
Pedestrian 0.0 0 -2.1341025829315186 856.111572265625 149.56004333496094 875.2877807617188 179.22915649414062 1.0733968 1.8560357 0.67607677 16.170158 0.39917374 45.733356 -1.7942466735839844 0.26428794860839844
Pedestrian 0.0 0 -0.06685489416122437 751.093505859375 163.69326782226562 762.2264404296875 183.78846740722656 0.9145293 1.7544891 0.67877483 12.861253 0.9550338 63.391052 0.1333155632019043 0.26227495074272156
Cyclist 0.0 0 0.2101649045944214 308.6684875488281 165.79502868652344 333.59326171875 185.79220581054688 1.9172058 1.7258718 0.66309273 -25.14016 1.1169989 62.759766 -0.1708393394947052 0.28817203640937805
Cyclist 0.0 0 0.22516971826553345 356.17864990234375 163.80760192871094 381.46087646484375 183.1490936279297 2.1064956 1.7513236 0.58881724 -21.983292 0.932552 65.72634 -0.0976007953286171 0.2610163986682892
Car 0.0 0 0.004596903920173645 603.5819702148438 176.3095703125 848.1446533203125 262.5498962402344 4.224952 1.459083 1.6192311 2.0453644 1.5291386 13.422807 0.15581345558166504 0.9729214906692505
Car 0.0 0 -1.1489523649215698 215.7483673095703 165.1516876220703 261.8239440917969 189.0550079345703 3.6157122 1.6318877 1.5590363 -26.26257 1.1064061 51.10341 -1.6236661672592163 0.3774603605270386
Car 0.0 0 -0.8642339706420898 935.7327880859375 143.1673583984375 1036.0736083984375 181.4232635498047 4.035422 1.5816087 1.6413252 16.290987 0.354636 31.345959 -0.38493844866752625 0.2779604196548462
Car 0.0 0 -1.9380073547363281 0.0 144.67294311523438 73.0399398803711 201.00469970703125 3.7180865 1.6968281 1.7236702 -19.381365 0.8483149 23.393208 -2.6298887729644775 0.2751011848449707
Car 0.0 0 2.2230725288391113 374.2974548339844 168.91058349609375 419.9735412597656 189.5689697265625 3.9486465 1.6615218 1.581478 -17.72142 1.3447177 60.155937 1.9365851879119873 0.27487635612487793
Car 0.0 0 -2.543466567993164 243.5499725341797 168.81309509277344 295.81097412109375 183.9507598876953 4.4228177 1.4323031 1.5836471 -32.734547 1.0503165 69.396706 -2.984220504760742 0.26953402161598206
Car 0.0 0 1.6646056175231934 187.50341796875 163.1271209716797 229.4368438720703 193.49853515625 3.8252094 1.5249016 1.5942211 -21.289333 1.036888 38.29624 1.1572349071502686 0.2629280686378479
