Pedestrian 0.0 0 2.5572824478149414 1000.521728515625 132.31312561035156 1101.5445556640625 289.65948486328125 0.8586699 1.7945504 0.5279007 5.1931853 1.2466593 8.334463 3.1145126819610596 0.7970325946807861
Pedestrian 0.0 0 -0.2014709711074829 821.420654296875 97.69764709472656 883.7753295898438 205.86056518554688 0.9130374 1.8404732 0.68433756 4.2908473 0.4331768 12.424882 0.13104915618896484 0.539692223072052
Pedestrian 0.0 0 1.6195170879364014 520.0973510742188 106.56121826171875 550.962158203125 191.63902282714844 0.7525118 1.7523257 0.6163528 -1.5018225 0.23105162 14.949527 1.5193934440612793 0.4377279579639435
Pedestrian 0.0 0 -0.06506842374801636 707.0752563476562 121.63716888427734 741.510986328125 190.42591857910156 0.8325092 1.733704 0.6044676 3.0191114 0.25175956 18.157166 0.0997006893157959 0.40689560770988464
Pedestrian 0.0 0 -3.75177001953125 1089.824462890625 86.82875061035156 1196.05078125 200.24960327148438 1.2609494 1.8000562 0.6063236 8.715476 0.31509328 11.542323 -3.10502028465271 0.3869994580745697
Pedestrian 0.0 0 -3.480379581451416 911.6266479492188 99.3819351196289 970.5377807617188 209.6956329345703 0.7430641 1.7873741 0.5503351 5.535225 0.4746999 11.762335 -3.040536403656006 0.35857105255126953
Pedestrian 0.0 0 0.13879908621311188 563.9588623046875 129.54295349121094 603.5137329101562 217.89181518554688 0.744487 1.7930146 0.6257125 -0.47585407 0.760482 14.695014 0.10642838478088379 0.3065145015716553
Pedestrian 0.0 0 -2.078796148300171 768.3638305664062 98.08056640625 827.5496215820312 204.2373046875 0.6907396 1.7886931 0.7542219 3.3130672 0.40161172 12.335177 -1.8164018392562866 0.28552865982055664
Pedestrian 0.0 0 1.532694697380066 625.4627685546875 121.16698455810547 649.23388671875 190.2714080810547 0.68233794 1.7332292 0.57908833 0.78427726 0.246674 18.071428 1.576066255569458 0.2719922959804535
Pedestrian 0.0 0 2.9251761436462402 743.711669921875 154.2325897216797 756.6251831054688 176.87391662597656 0.96645594 1.8846613 0.53525496 12.172262 -0.30389512 59.211937 3.127922773361206 0.2709237337112427
Pedestrian 0.0 0 1.9624472856521606 128.16940307617188 109.61456298828125 175.95086669921875 201.0994415283203 0.68049926 1.7259433 0.5655892 -8.821569 0.39026225 13.719464 1.391011118888855 0.2447192519903183
Pedestrian 0.0 0 0.5751808285713196 171.59800720214844 116.48645782470703 271.8857727050781 204.6247100830078 1.7453139 1.7008729 0.50809497 -7.5986776 0.4671862 13.959672 0.07670068740844727 0.14034061133861542
Cyclist 0.0 0 0.5014276504516602 150.8606414794922 106.45194244384766 257.9130859375 197.24903869628906 1.8479756 1.7673179 0.46820468 -7.9619155 0.3276428 14.005749 -0.015488959848880768 0.46015504002571106
Cyclist 0.0 0 -3.75177001953125 1089.824462890625 86.82875061035156 1196.05078125 200.24960327148438 1.2609494 1.8000562 0.6063236 8.715476 0.31509328 11.542323 -3.10502028465271 0.33823543787002563
Cyclist 0.0 0 1.6440180540084839 516.623291015625 112.21183013916016 549.185302734375 189.4041290283203 1.4441766 1.866787 0.7167357 -1.8386433 0.216934 17.826376 1.5412397384643555 0.2803612947463989
Cyclist 0.0 0 1.5169644355773926 646.9581909179688 144.66473388671875 683.7821655273438 249.50975036621094 1.3517655 1.8016207 0.58605355 1.0341477 1.1874864 12.828151 1.5974059104919434 0.2471609264612198
Cyclist 0.0 0 -0.28327423334121704 804.7042236328125 92.9750747680664 868.8910522460938 201.74073791503906 0.93043834 1.860374 0.6295576 4.013164 0.3649577 12.416976 0.029328584671020508 0.1678505539894104
Car 0.0 0 -1.8399502038955688 650.711181640625 134.19142150878906 743.419677734375 196.23550415039062 3.6206932 1.535608 1.5911268 2.3819833 0.3910542 19.402027 -1.7177916765213013 0.4417596161365509
Car 0.0 0 -1.5643824338912964 661.8724975585938 145.49627685546875 691.206787109375 175.62640380859375 3.6215515 1.6437749 1.6208515 4.1561823 -0.2947538 41.067173 -1.4635213613510132 0.36790525913238525
Car 0.0 0 -2.949237823486328 525.5590209960938 153.022705078125 616.0497436523438 188.5774383544922 3.8791218 1.5676578 1.6753191 -1.544686 0.35761392 32.278103 -2.9970569610595703 0.28286704421043396
Car 0.0 0 1.677676796913147 733.6021728515625 155.88511657714844 758.3684692382812 175.86534118652344 4.1076155 1.6306772 1.6660217 12.200252 -0.41277483 60.93596 1.8752784729003906 0.27795103192329407
