Pedestrian 0.0 0 1.677107334136963 115.98204803466797 169.2454071044922 141.7613525390625 223.13096618652344 0.855693 1.84209 0.66333133 -16.837772 1.7190874 25.1961 1.087996244430542 0.5809671878814697
Car 0.0 0 3.605760335922241 56.426170349121094 187.09178161621094 322.7915344238281 272.8243713378906 4.0717926 1.4762923 1.5922154 -7.829415 1.7637405 13.635419 3.0845298767089844 0.9577721357345581
Car 0.0 0 -0.391265332698822 747.09619140625 189.76376342773438 993.8395385742188 283.5597229003906 3.6872678 1.465451 1.6076336 4.343711 1.7802052 12.505072 -0.05694796144962311 0.9485977292060852
Car 0.0 0 3.4279096126556396 181.7227783203125 175.50706481933594 354.0827941894531 238.3353271484375 3.701452 1.5131238 1.5928022 -8.709433 1.585571 18.533815 2.9886133670806885 0.9176186323165894
Car 0.0 0 -0.2584404945373535 715.8640747070312 187.03958129882812 915.48095703125 265.1029052734375 3.6477838 1.4818801 1.5749637 4.054759 1.788887 14.790587 0.009130239486694336 0.8210618495941162
Car 0.0 0 3.48026704788208 132.02008056640625 185.42437744140625 325.4435729980469 258.44036865234375 3.5004175 1.4898843 1.5331658 -8.411143 1.7879399 16.076277 2.998230457305908 0.7866399884223938
Car 0.0 0 0.7512398958206177 0.0 201.1389923095703 174.0010223388672 343.7164611816406 4.3878355 1.4415727 1.55689 -7.7877665 1.8016708 8.389057 0.002994537353515625 0.7621250152587891
Car 0.0 0 3.271733283996582 270.8244934082031 174.60177612304688 383.3251953125 219.1304168701172 3.7629354 1.5944612 1.659586 -10.607421 1.663728 27.188604 2.8997538089752197 0.723808765411377
Car 0.0 0 -1.9333966970443726 444.69024658203125 183.6387176513672 490.17645263671875 207.48776245117188 4.3678417 1.551217 1.7314643 -10.214826 2.353355 51.328712 -2.129838228225708 0.7207269072532654
Car 0.0 0 1.0671677589416504 155.6804962158203 174.5765838623047 218.90069580078125 202.6849822998047 3.3644962 1.4895251 1.5939246 -23.459259 1.5889937 39.967148 0.5363891124725342 0.6746002435684204
Car 0.0 0 0.9673011898994446 985.432861328125 190.46653747558594 1044.7861328125 216.60610961914062 3.6940362 1.5822536 1.6439959 26.943748 2.805253 48.169857 1.477293610572815 0.6730977296829224
Car 0.0 0 0.31819069385528564 229.20672607421875 179.4774932861328 383.33673095703125 241.8632354736328 3.8728395 1.7348871 1.5915076 -8.8743925 1.9386184 21.207518 -0.07812327146530151 0.6405707001686096
