Car 0.0 0 -0.3390742540359497 739.8243408203125 182.82366943359375 909.4000854492188 241.57440185546875 4.043838 1.4790813 1.7049268 5.6527643 1.7616199 19.454718 -0.05630027875304222 0.965141773223877
Car 0.0 0 -0.6349575519561768 925.8851318359375 180.06813049316406 1242.0 304.85986328125 3.5238996 1.5081065 1.5886494 6.309453 1.6146207 9.717735 -0.05909432843327522 0.942711591720581
Car 0.0 0 3.505765438079834 173.8434295654297 175.51690673828125 393.93377685546875 257.697509765625 3.5882614 1.4951997 1.5622814 -6.273662 1.5507083 14.061392 3.0861074924468994 0.9283565878868103
Car 0.0 0 0.6099485754966736 0.0 195.98345947265625 340.8055114746094 328.5035705566406 4.1954336 1.470259 1.5521587 -5.8591104 1.7921152 9.164909 0.04113340377807617 0.9262707233428955
Car 0.0 0 -1.6800978183746338 635.4329223632812 184.5037841796875 676.2019653320312 216.26058959960938 3.6676812 1.3435057 1.5014101 2.054065 1.9191732 33.761375 -1.6193320751190186 0.9249880313873291
Car 0.0 0 -0.7998305559158325 1019.0625 196.25401306152344 1242.0 360.3759460449219 3.969855 1.4298862 1.639328 6.635144 1.706082 7.5315776 -0.07762551307678223 0.903142511844635
Car 0.0 0 0.2593560516834259 380.80657958984375 185.53829956054688 499.40557861328125 225.1097412109375 4.1330147 1.4297717 1.5367303 -6.442961 1.926835 27.424854 0.028609037399291992 0.8869103193283081
Car 0.0 0 0.5168752670288086 66.24357604980469 196.34837341308594 377.8894958496094 297.0609436035156 4.145133 1.4288905 1.5385376 -6.0599523 1.8293703 11.453856 0.030238866806030273 0.866132378578186
Car 0.0 0 0.777525782585144 0.0 196.60398864746094 205.43862915039062 375.0 3.879752 1.4510497 1.5888572 -6.3227077 1.7087117 6.944859 0.0389859676361084 0.7732006907463074
Car 0.0 0 3.968888759613037 0.0 206.8214874267578 94.55644989013672 375.0 4.2036343 1.4507027 1.5773815 -5.999542 1.7100391 4.505059 3.0421695709228516 0.7692326903343201
Car 0.0 0 -2.761817693710327 220.58984375 183.8781280517578 418.60284423828125 251.87208557128906 3.9220054 1.4678019 1.6019486 -6.63596 1.7345974 16.634468 -3.14139986038208 0.7411406636238098
Car 0.0 0 -2.803208589553833 285.65118408203125 186.14691162109375 443.361572265625 243.6852569580078 3.6805465 1.4404513 1.5115374 -6.500575 1.8088629 19.197569 -3.129704713821411 0.7199277877807617
