Pedestrian 0.0 0 1.1400995254516602 867.184814453125 168.15628051757812 890.60107421875 212.8451690673828 0.759955 1.7508371 0.6091892 10.636424 1.5671462 28.667765 1.4953796863555908 0.25066858530044556
Pedestrian 0.0 0 1.6019608974456787 337.6002197265625 155.56314086914062 357.4490051269531 206.08615112304688 0.62234104 1.9798865 0.7236641 -10.471296 1.3026537 28.681658 1.2519093751907349 0.2489328235387802
Pedestrian 0.0 0 2.0589733123779297 236.38600158691406 168.7711181640625 276.7354736328125 234.4465789794922 0.9991916 1.8077667 0.6291996 -10.011832 1.6957406 20.367327 1.602097749710083 0.17334280908107758
Car 0.0 0 1.861423373222351 303.5772705078125 189.8236541748047 523.8672485351562 336.07952880859375 3.924973 1.4203926 1.6610323 -2.337664 1.6905717 9.469353 1.6193962097167969 0.9601901173591614
Car 0.0 0 1.7586817741394043 553.6287841796875 180.82347106933594 611.7745971679688 225.52064514160156 3.452476 1.479292 1.5029246 -0.9763907 1.7907671 26.34558 1.7216378450393677 0.8989584445953369
Car 0.0 0 3.3677821159362793 197.26795959472656 158.33961486816406 323.7505798339844 204.74993896484375 3.6781642 1.5327239 1.6216452 -12.0617075 1.0537368 25.023806 2.918630361557007 0.2128991037607193
Car 0.0 0 -1.6483983993530273 898.8495483398438 167.19500732421875 924.9979248046875 186.8638153076172 4.049539 1.4964949 1.5926298 23.816355 1.0662909 57.067394 -1.2530360221862793 0.1955946981906891
Car 0.0 0 2.0272438526153564 595.0253295898438 177.80667114257812 638.0986938476562 198.5982666015625 4.2400117 1.4877177 1.5729672 0.5194114 1.8806589 54.94406 2.0366969108581543 0.1670074611902237
Car 0.0 0 1.6398963928222656 597.4819946289062 178.9364013671875 619.5505981445312 198.98001098632812 3.967338 1.6875169 1.6899971 -0.12299281 2.2447062 64.01669 1.6379750967025757 0.13560986518859863
Car 0.0 0 1.649743914604187 382.7720642089844 190.25747680664062 469.9662170410156 268.3192443847656 4.4521103 1.507867 1.6627693 -4.3137336 1.9820031 17.307291 1.4054771661758423 0.12267148494720459
