Pedestrian 0.0 0 2.7775485515594482 87.78990936279297 172.16952514648438 213.60670471191406 347.8448486328125 0.90495557 1.6727666 0.6926901 -4.728552 1.5951416 7.297171 2.2025821208953857 0.7992282509803772
Pedestrian 0.0 0 1.1467995643615723 55.10431671142578 183.0136260986328 95.49375915527344 249.13858032226562 0.74902624 1.8591869 0.6847718 -15.311017 1.9349711 20.391518 0.5027532577514648 0.19670027494430542
Pedestrian 0.0 0 2.909365177154541 609.0785522460938 185.84999084472656 658.0038452148438 277.9206848144531 0.8902282 1.8489221 0.6246537 0.5417846 1.9642663 14.631987 2.946375608444214 0.16775967180728912
Pedestrian 0.0 0 3.4246318340301514 213.4519805908203 150.70004272460938 261.24798583984375 241.97857666015625 0.7174925 1.7664775 0.5497008 -7.322601 1.191403 14.018413 2.9432599544525146 0.14229540526866913
Pedestrian 0.0 0 2.6516289710998535 639.11962890625 167.72096252441406 700.31591796875 269.20758056640625 0.9025988 1.7983732 0.69076496 1.1424395 1.5735682 13.01869 2.7391586303710938 0.1243818998336792
Pedestrian 0.0 0 -3.4442825317382812 829.6465454101562 174.2755889892578 872.9700317382812 245.4032745361328 0.8971448 1.764056 0.5858466 6.168814 1.6112788 17.837103 -3.1113169193267822 0.11659415066242218
Pedestrian 0.0 0 -2.3796374797821045 1112.4345703125 202.09622192382812 1224.0 370.0 0.79969966 1.4717174 0.48674363 4.332502 1.6495247 5.3331003 -1.6973934173583984 0.11380723863840103
Pedestrian 0.0 0 1.3009419441223145 773.8529052734375 159.58058166503906 822.7771606445312 265.54833984375 0.69859713 1.8092589 0.6641009 3.3404162 1.453735 12.4185915 1.5637075901031494 0.10962336510419846
Pedestrian 0.0 0 -1.3962442874908447 518.2767944335938 159.91946411132812 565.6719970703125 266.4852600097656 1.0366709 1.8669889 0.6972348 -1.1801403 1.5080708 12.927843 -1.487278699874878 0.10885638743638992
Pedestrian 0.0 0 0.08826112747192383 620.5520629882812 160.96029663085938 651.0740356445312 232.4404296875 0.72325796 1.7767421 0.61655104 0.74968034 1.2926503 17.922329 0.1300661563873291 0.10702264308929443
Cyclist 0.0 0 -1.8994941711425781 848.2420654296875 128.55364990234375 905.1878051757812 239.33602905273438 1.723549 1.7788804 0.37180707 4.616859 0.94640946 12.215798 -1.53814697265625 0.20374980568885803
Car 0.0 0 -0.01504024863243103 591.712646484375 179.27442932128906 693.8583984375 218.05447387695312 4.0872526 1.5496815 1.5116705 1.5127734 1.5022025 29.080053 0.03693389892578125 0.3442138135433197
