Pedestrian 0.0 0 1.2274142503738403 901.4256591796875 134.1818389892578 934.3766479492188 198.6140899658203 0.8879038 1.8374038 0.6188775 8.919583 0.7349545 21.03428 1.6284798383712769 0.8311288356781006
Pedestrian 0.0 0 2.5596816539764404 624.6671752929688 137.7268524169922 652.8671875 191.31903076171875 0.72228163 1.727553 0.58536524 0.8981341 0.5955812 23.69349 2.5975699424743652 0.6247758269309998
Pedestrian 0.0 0 -1.8493900299072266 1019.8460693359375 150.36428833007812 1040.3072509765625 187.96315002441406 0.6887464 1.7769212 0.68191653 20.05117 0.7144157 34.51457 -1.3230971097946167 0.518940269947052
Pedestrian 0.0 0 -1.099373698234558 165.70721435546875 154.7005615234375 188.93142700195312 185.21942138671875 1.1135668 1.6790618 0.6813299 -24.178028 0.6806684 40.273254 -1.6400501728057861 0.40210288763046265
Cyclist 0.0 0 -1.099373698234558 165.70721435546875 154.7005615234375 188.93142700195312 185.21942138671875 1.1135668 1.6790618 0.6813299 -24.178028 0.6806684 40.273254 -1.6400501728057861 0.1503681242465973
Car 0.0 0 -1.8303495645523071 610.2550659179688 179.79025268554688 692.1723022460938 237.33389282226562 3.2971258 1.4975114 1.5654234 1.0689802 1.7166166 20.977327 -1.7794348001480103 0.9663496613502502
Car 0.0 0 -2.129255533218384 791.3761596679688 180.75819396972656 1222.362548828125 375.0 3.398422 1.4697738 1.5719433 2.9021227 1.5580345 6.2386904 -1.693848729133606 0.92315673828125
Car 0.0 0 -0.8849671483039856 678.7276611328125 175.6862335205078 765.0050659179688 211.7281494140625 4.0646343 1.5148361 1.6533087 5.059953 1.6509326 32.605602 -0.7310085892677307 0.847691535949707
Car 0.0 0 -1.0571895837783813 745.1194458007812 171.2085723876953 816.6223754882812 202.44354248046875 4.146614 1.4552599 1.6123161 8.461317 1.3789567 35.68367 -0.8243694305419922 0.846282422542572
Car 0.0 0 -1.0537209510803223 809.0072631835938 172.69442749023438 865.9026489257812 201.64427185058594 3.2424047 1.479142 1.4897153 12.126961 1.4713466 38.51214 -0.7486631870269775 0.8222174048423767
Car 0.0 0 2.3845155239105225 549.2874755859375 177.98294067382812 624.3888549804688 209.6518096923828 3.6937094 1.4874254 1.6014646 -1.1663214 1.759651 36.36865 2.352457046508789 0.8147850632667542
Car 0.0 0 -1.1344866752624512 937.6817626953125 171.85723876953125 992.0487060546875 197.38082885742188 4.035478 1.6295495 1.6998619 23.596241 1.56627 47.99077 -0.6775148510932922 0.6052745580673218
Car 0.0 0 -2.1576013565063477 291.2850341796875 167.66836547851562 342.9561767578125 189.69635009765625 3.742562 1.5221208 1.6191238 -20.97895 1.1641543 51.57731 -2.5439112186431885 0.4529014825820923
Car 0.0 0 -2.520846366882324 255.2137451171875 164.9605712890625 316.3763427734375 184.1194610595703 4.3873253 1.5318431 1.7021631 -26.49766 0.9010839 58.95427 -2.9432520866394043 0.41367805004119873
