Cyclist 0.0 0 1.708450436592102 493.2854309082031 171.9500732421875 518.3547973632812 231.5708770751953 1.7246875 1.8124098 0.5558202 -3.322661 1.7852892 22.795534 1.5637104511260986 0.9551035761833191
Car 0.0 0 -1.6879518032073975 630.2439575195312 182.9016571044922 680.2587890625 220.0071563720703 4.216927 1.4280156 1.6522468 1.8375 1.8912557 31.084658 -1.6289077997207642 0.9541154503822327
Car 0.0 0 -0.6034387946128845 909.324951171875 189.10592651367188 1242.0 302.99163818359375 3.7598326 1.411074 1.6107111 6.339466 1.658251 10.0723095 -0.04168489947915077 0.9258448481559753
Car 0.0 0 -0.44155704975128174 761.325439453125 188.7235565185547 980.5064697265625 261.8462219238281 4.154699 1.4235123 1.5460172 5.453116 1.7853303 15.450631 -0.10226722061634064 0.9247852563858032
Car 0.0 0 3.5931906700134277 0.0 177.51553344726562 326.28887939453125 288.2839660644531 4.117353 1.5778623 1.7121872 -6.9194627 1.6586901 11.408068 3.0479753017425537 0.9051420092582703
Car 0.0 0 -0.6525130867958069 975.2538452148438 197.13201904296875 1242.0 366.9284362792969 3.6636376 1.4990017 1.6276379 5.97159 1.7793941 7.4656234 0.022153615951538086 0.9025183320045471
Car 0.0 0 3.3812716007232666 338.3237609863281 181.72390747070312 472.0874938964844 225.4701385498047 4.223691 1.4515445 1.6567773 -7.116191 1.7729098 25.207438 3.106126546859741 0.8917819261550903
Car 0.0 0 2.675344705581665 810.228271484375 191.61341857910156 1092.4442138671875 284.572265625 4.1959305 1.4667742 1.5922375 5.7728243 1.8176794 12.607382 3.1047425270080566 0.8799964189529419
Car 0.0 0 1.8851938247680664 386.93310546875 161.4425811767578 426.6739196777344 182.58885192871094 4.135468 1.5023818 1.6308298 -14.998894 0.69199175 53.35939 1.6111727952957153 0.8496851325035095
Car 0.0 0 3.8971261978149414 0.0 188.6942596435547 157.96026611328125 375.0 4.083168 1.4724821 1.6342753 -6.830994 1.6398964 6.7112994 3.1028895378112793 0.8304929137229919
Car 0.0 0 -0.34346655011177063 756.2553100585938 173.68545532226562 928.8309326171875 240.4676971435547 3.7307246 1.5655622 1.5991639 5.6032186 1.587444 17.804724 -0.03857499733567238 0.6852732300758362
