Pedestrian 0.0 0 -1.4389477968215942 400.0418395996094 160.1096954345703 420.5725402832031 201.41152954101562 0.63594365 1.632135 0.71560866 -8.029239 1.1288726 28.875027 -1.7101646661758423 0.5890008807182312
Pedestrian 0.0 0 -0.043955057859420776 835.5415649414062 129.8153533935547 866.1034545898438 188.3328094482422 0.8723508 1.7807127 0.5631096 7.403976 0.47138518 22.343746 0.27602458000183105 0.5523465275764465
Pedestrian 0.0 0 1.5739238262176514 371.1009216308594 141.721435546875 391.8718566894531 196.18801879882812 0.73097193 1.7489787 0.63859653 -7.52232 0.7496378 23.61114 1.2654986381530762 0.5501111745834351
Pedestrian 0.0 0 1.0111535787582397 425.85986328125 152.84014892578125 445.96270751953125 191.2463836669922 0.7363296 1.7675394 0.6147947 -8.166861 0.84681606 33.68114 0.7732689380645752 0.5265308618545532
Pedestrian 0.0 0 -1.3940373659133911 442.4866638183594 150.8889923095703 457.4590148925781 186.8873291015625 0.8400691 1.8599601 0.62718105 -8.396619 0.72543126 37.710564 -1.6131230592727661 0.48664215207099915
Pedestrian 0.0 0 2.485220432281494 695.7305908203125 153.75155639648438 722.3224487304688 200.47445678710938 0.8647653 1.8776003 0.6416855 4.0042105 1.1103101 29.486458 2.6201930046081543 0.4780571162700653
Car 0.0 0 -1.86280357837677 696.0581665039062 181.82579040527344 834.8251953125 281.8373718261719 3.3079603 1.5589681 1.5689138 2.6572075 1.7458038 13.273771 -1.6652302742004395 0.9630752801895142
Car 0.0 0 -2.0465269088745117 808.3486938476562 186.28067016601562 1183.8155517578125 375.0 3.292576 1.5521934 1.5443006 3.0305827 1.7056899 6.549298 -1.6131339073181152 0.9574831128120422
Car 0.0 0 -1.732248067855835 658.4097290039062 178.11978149414062 747.9374389648438 249.46466064453125 3.751623 1.5559359 1.5904244 2.15157 1.7010305 17.922123 -1.6127687692642212 0.9391820430755615
Car 0.0 0 1.7375478744506836 400.7684631347656 183.1551971435547 492.1563415527344 249.42263793945312 3.9438627 1.4733051 1.6638952 -4.154849 1.7690868 18.677319 1.5186578035354614 0.9109116196632385
Car 0.0 0 -1.707392930984497 639.2193603515625 178.08859252929688 707.837158203125 229.41436767578125 4.23794 1.5094651 1.6689936 1.9537271 1.6983302 23.81967 -1.6255545616149902 0.8928256630897522
Car 0.0 0 2.4927849769592285 0.0 200.10450744628906 193.49142456054688 375.0 3.9526272 1.4967982 1.6128272 -3.4634356 1.6688958 2.5582423 1.5581814050674438 0.6876813173294067
Car 0.0 0 1.747711181640625 441.3681945800781 185.45071411132812 509.7926330566406 234.67910766601562 3.9721193 1.467438 1.6070645 -4.517932 1.9305658 24.514307 1.5654585361480713 0.588615894317627
Car 0.0 0 -0.3224979341030121 768.1624755859375 151.2048797607422 845.4758911132812 177.48170471191406 4.146127 1.5304803 1.5951186 11.643562 0.2698959 42.93863 -0.05769823119044304 0.4931618869304657
Car 0.0 0 1.6823036670684814 484.1646423339844 180.94094848632812 525.7612915039062 214.68104553222656 3.7823288 1.49346 1.573269 -5.0452943 1.9050133 34.76933 1.5382018089294434 0.4738410413265228
Car 0.0 0 -1.6746785640716553 637.1010131835938 162.29058837890625 673.1560668945312 190.21029663085938 3.829107 1.4810517 1.6079346 2.4335427 0.9210538 40.220207 -1.6142467260360718 0.4536067545413971
