Pedestrian 0.0 0 -0.5132115483283997 845.148193359375 137.7274627685547 977.4236450195312 309.4935607910156 1.0992984 1.7617784 0.7306088 3.2469282 1.3247594 7.671993 -0.11285093426704407 0.8713710308074951
Pedestrian 0.0 0 2.6675620079040527 607.777587890625 185.7671661376953 659.58642578125 279.0146789550781 0.8911007 1.860902 0.6076746 0.548682 1.9749346 14.621353 2.7050704956054688 0.18465788662433624
Pedestrian 0.0 0 -2.080174446105957 847.194580078125 135.60223388671875 900.823974609375 247.16152954101562 0.8115813 1.8525598 0.5328246 4.576634 1.1086354 12.1773405 -1.7206746339797974 0.17102985084056854
Pedestrian 0.0 0 3.7997734546661377 12.09730339050293 170.8345489501953 76.76463317871094 259.61383056640625 0.8300253 1.7620372 0.6079643 -11.398939 1.5718322 14.337672 3.1280677318573 0.1634545475244522
Pedestrian 0.0 0 -1.4332976341247559 519.3909301757812 162.09556579589844 564.9344482421875 269.150146484375 1.0473154 1.8723363 0.6943405 -1.1742957 1.5520955 12.900291 -1.5240761041641235 0.15735241770744324
Pedestrian 0.0 0 -2.3550093173980713 1115.326171875 204.05128479003906 1224.0 370.0 0.77152175 1.4721357 0.48900986 4.3431582 1.6653461 5.335841 -1.6718143224716187 0.12019865214824677
Pedestrian 0.0 0 0.10997862368822098 590.512939453125 161.9191436767578 604.350830078125 188.7760009765625 0.95967543 1.9213119 0.37258822 -0.5370046 0.59334445 50.809593 0.0994100570678711 0.11115997284650803
Pedestrian 0.0 0 -0.61833655834198 612.0165405273438 169.8216094970703 704.671142578125 275.0864562988281 1.6095417 1.8092905 0.6348569 0.93466437 1.6273973 12.836764 -0.5456532835960388 0.1012348011136055
Cyclist 0.0 0 -2.080174446105957 847.194580078125 135.60223388671875 900.823974609375 247.16152954101562 0.8115813 1.8525598 0.5328246 4.576634 1.1086354 12.1773405 -1.7206746339797974 0.11429252475500107
Car 0.0 0 -2.219543218612671 590.2630615234375 131.31570434570312 692.210693359375 194.02780151367188 4.816482 2.468506 1.8096039 1.4271102 0.53398836 30.323704 -2.172515392303467 0.18245506286621094
