Car 0.0 0 -1.664987564086914 657.618896484375 180.9717559814453 717.5694580078125 234.6033935546875 3.566593 1.6657289 1.6977917 2.541662 1.9645927 24.7394 -1.562609314918518 0.9468059539794922
Car 0.0 0 1.8457279205322266 243.62771606445312 190.5048370361328 488.4349670410156 354.81390380859375 4.526559 1.4943621 1.7132549 -2.8225427 1.7787337 9.328224 1.5519050359725952 0.9416525363922119
Car 0.0 0 1.2756106853485107 730.681396484375 182.1785888671875 906.4150390625 311.94384765625 3.262362 1.5458311 1.5106734 2.7834735 1.7031776 10.487891 1.5350290536880493 0.9103436470031738
Car 0.0 0 1.6794921159744263 498.3306884765625 186.6942596435547 555.2509765625 236.57546997070312 3.4089887 1.5012627 1.548545 -2.7882657 2.0018973 24.36981 1.565572738647461 0.908190906047821
Car 0.0 0 1.1145691871643066 779.6055908203125 205.20294189453125 1242.0 375.0 3.8420775 1.5173187 1.639695 2.4234827 1.8312781 5.063099 1.5609962940216064 0.848086953163147
Car 0.0 0 -1.669382095336914 641.60986328125 179.8885040283203 683.44091796875 214.86148071289062 3.8552234 1.5433232 1.6153551 2.4230297 1.8997757 34.572365 -1.5994107723236084 0.6993350386619568
Car 0.0 0 1.7862366437911987 548.371337890625 185.155517578125 583.84375 210.4947052001953 3.78621 1.5781724 1.6277373 -2.9601307 2.4457927 48.870018 1.7257390022277832 0.6318799257278442
Car 0.0 0 -1.6513290405273438 635.6865234375 178.81800842285156 664.9901733398438 203.86705017089844 3.9304414 1.5915384 1.6593112 2.657377 2.0114832 48.773518 -1.5968987941741943 0.6041619181632996
Car 0.0 0 -1.6746419668197632 649.23486328125 184.55455017089844 695.568359375 224.73924255371094 3.4238434 1.486815 1.5235243 2.4489036 1.9924247 29.42717 -1.5916141271591187 0.5646547675132751
Car 0.0 0 1.3271948099136353 517.8096313476562 170.53457641601562 547.7048950195312 189.07508850097656 4.355455 1.6347003 1.7119133 -7.116677 1.4305562 65.95385 1.2197067737579346 0.4949476420879364
Car 0.0 0 -0.2776634693145752 652.5709228515625 163.6796417236328 698.2378540039062 180.94320678710938 4.0221233 1.6103255 1.6336708 6.1760645 0.7549096 68.47922 -0.18771794438362122 0.44843965768814087
