Pedestrian 0.0 0 1.9668653011322021 835.715576171875 141.60150146484375 966.448974609375 374.0 0.8177063 1.7130711 0.69551176 2.3207152 1.4288582 5.674668 2.355072259902954 0.7595219016075134
Pedestrian 0.0 0 -1.6100753545761108 572.3729248046875 164.51449584960938 598.8805541992188 233.46571350097656 0.88525456 1.7372371 0.6473913 -0.44897807 1.310467 18.558222 -1.6342636346817017 0.7434000372886658
Pedestrian 0.0 0 0.6614090800285339 623.4428100585938 161.89779663085938 658.3450927734375 233.485595703125 0.66858524 1.7774413 0.5846627 0.9707674 1.2919282 18.272675 0.7144858837127686 0.6734223961830139
Pedestrian 0.0 0 -0.08246564865112305 973.9489135742188 134.31637573242188 1093.455810546875 319.3349609375 1.0209343 1.8171258 0.7117992 4.478105 1.3550903 7.5949693 0.45028257369995117 0.658888578414917
Pedestrian 0.0 0 1.7069183588027954 652.1544189453125 159.9753875732422 678.5145874023438 220.00473022460938 0.7963741 1.6674988 0.6458061 1.7916789 1.0707374 20.41123 1.7944730520248413 0.6340643167495728
Pedestrian 0.0 0 -2.1286394596099854 460.0290832519531 156.6057586669922 480.46533203125 196.55348205566406 0.64388037 1.9658006 0.78089255 -6.554361 0.74166065 35.84709 -2.3094840049743652 0.603611946105957
Pedestrian 0.0 0 -1.4561347961425781 601.125 159.82794189453125 623.883544921875 209.29661560058594 0.9155467 1.7894495 0.7408092 0.3933762 1.0065454 26.483767 -1.4412823915481567 0.5903587341308594
Pedestrian 0.0 0 -1.346509337425232 470.05047607421875 151.21742248535156 488.9379577636719 195.22576904296875 0.5987348 1.9580133 0.7226146 -5.4886374 0.61163175 32.2765 -1.5149486064910889 0.5014418959617615
Pedestrian 0.0 0 -1.1849812269210815 168.55172729492188 202.51220703125 269.8529357910156 374.0 0.75855213 1.6377836 0.61930346 -3.6837807 1.8524971 6.881185 -1.6765003204345703 0.46159374713897705
Pedestrian 0.0 0 1.6145106554031372 614.7501831054688 159.6359100341797 638.42333984375 226.12742614746094 0.9258723 1.7620926 0.6054493 0.65940416 1.1838385 19.51897 1.6482805013656616 0.41607579588890076
Pedestrian 0.0 0 1.6609950065612793 504.9635009765625 160.71481323242188 536.83349609375 243.17100524902344 0.8558117 1.7305527 0.61195576 -1.7665579 1.295556 15.508369 1.5475739240646362 0.34541693329811096
Pedestrian 0.0 0 -1.6526893377304077 1150.3629150390625 133.00096130371094 1238.0 308.1854553222656 0.6627261 1.7333579 0.75884527 6.252731 1.2548544 7.5935206 -0.9638243317604065 0.3314497768878937
Pedestrian 0.0 0 -1.7788208723068237 710.5728149414062 160.22463989257812 773.981201171875 303.0531005859375 0.9007481 1.7608283 0.62786573 1.7601379 1.4998786 9.310135 -1.5919700860977173 0.32539260387420654
Pedestrian 0.0 0 -2.311608076095581 294.4162292480469 203.59921264648438 374.9654846191406 340.2419128417969 0.6776479 1.5945382 0.6589102 -3.3713698 1.8857199 8.971775 -2.671058177947998 0.31667375564575195
Pedestrian 0.0 0 2.444084405899048 812.9967651367188 150.2250518798828 865.45556640625 238.3319854736328 0.79694146 1.7340199 0.6216509 4.7807727 1.1197515 14.571412 2.76111102104187 0.3010323643684387
Pedestrian 0.0 0 -1.6875429153442383 608.2391967773438 155.68795776367188 625.2158813476562 195.16879272460938 0.7847783 1.8476888 0.7164979 0.7103201 0.6406129 34.040085 -1.666678786277771 0.2933518588542938
Pedestrian 0.0 0 -0.4704879820346832 637.1796264648438 161.26991271972656 670.3692626953125 219.2285919189453 0.7728791 1.6694533 0.6266691 1.5073757 1.0878797 21.127365 -0.39926159381866455 0.2653370201587677
Cyclist 0.0 0 1.6139602661132812 615.0344848632812 159.83172607421875 638.4328002929688 226.1361846923828 0.95924956 1.7578995 0.59790456 0.6644893 1.1845845 19.543509 1.6479476690292358 0.18461152911186218
Cyclist 0.0 0 -1.6126033067703247 572.3447265625 164.30487060546875 598.700439453125 233.34811401367188 0.9088564 1.739531 0.64066136 -0.45207822 1.3074852 18.570307 -1.6369426250457764 0.17480435967445374
Cyclist 0.0 0 1.3731893301010132 710.1958618164062 159.28872680664062 773.3795776367188 303.3961486816406 0.947673 1.7800789 0.6265018 1.7601452 1.5070541 9.347984 1.559301733970642 0.12770865857601166
Car 0.0 0 1.6755729913711548 544.7808837890625 169.88247680664062 572.415283203125 193.55191040039062 3.895855 1.5576279 1.4940228 -2.888382 0.7937937 49.249638 1.6169923543930054 0.8096543550491333
