Pedestrian 0.0 0 3.0200419425964355 596.8474731445312 171.4096221923828 621.7811889648438 230.33782958984375 0.639759 1.6739311 0.6982822 -0.07223655 1.63326 20.87976 3.0165822505950928 0.5260981321334839
Pedestrian 0.0 0 0.13179896771907806 387.2453918457031 156.15171813964844 415.3304443359375 210.97877502441406 0.7974325 1.7448626 0.6338378 -6.7885704 1.2136728 23.333487 -0.1513223797082901 0.4556705057621002
Pedestrian 0.0 0 -1.1270768642425537 228.17507934570312 111.0057373046875 285.68389892578125 224.30319213867188 0.8721121 1.7967157 0.5293942 -5.849348 0.8162594 11.879358 -1.5846227407455444 0.38933438062667847
Pedestrian 0.0 0 1.676224708557129 677.0942993164062 175.2937469482422 694.2125854492188 219.67794799804688 0.71398216 1.7712739 0.6197433 3.028671 1.8719466 29.251081 1.7793976068496704 0.3891109824180603
Pedestrian 0.0 0 -0.7098117470741272 1140.1629638671875 117.0801773071289 1203.030029296875 208.7201690673828 0.6963238 1.61935 0.56622076 10.0944 0.6341411 13.047994 -0.0513543039560318 0.3836236596107483
Pedestrian 0.0 0 1.288559913635254 798.7378540039062 103.48228454589844 847.9815063476562 217.93743896484375 0.8538951 1.7817049 0.54270065 3.380287 0.7021643 11.656268 1.5708149671554565 0.3349141478538513
Pedestrian 0.0 0 -1.1096655130386353 0.0 65.07420349121094 117.7385482788086 278.9269104003906 1.5732687 1.8912297 0.5706656 -5.6580067 0.9384253 7.2064366 -1.7752748727798462 0.17999732494354248
Cyclist 0.0 0 1.2459373474121094 704.2647094726562 126.4509506225586 732.6201782226562 177.44851684570312 1.553137 1.8264121 0.5662062 3.9485207 0.16490458 26.652594 1.3930152654647827 0.5826820135116577
Cyclist 0.0 0 1.8952406644821167 254.87960815429688 119.53884887695312 321.7534484863281 226.5092010498047 1.8637165 1.8070681 0.5490323 -5.8671036 0.906764 13.1401 1.4752980470657349 0.48379021883010864
Cyclist 0.0 0 2.1218323707580566 10.915852546691895 67.34260559082031 172.77064514160156 255.94134521484375 1.8341215 1.8086939 0.54742575 -5.589926 0.7971797 7.8504066 1.503061294555664 0.46626442670822144
Cyclist 0.0 0 -2.3991587162017822 907.3930053710938 79.21478271484375 997.4632568359375 187.82359313964844 1.6139289 1.8588961 0.43164027 6.1607046 0.25657 13.175064 -1.9617626667022705 0.3296997845172882
Car 0.0 0 2.2170355319976807 0.0 195.16708374023438 322.2947998046875 375.0 4.1277847 1.5278964 1.624305 -3.776116 1.7522066 5.163498 1.585603952407837 0.8971633315086365
Car 0.0 0 -1.5729624032974243 620.6317749023438 175.37220764160156 679.1375732421875 230.57366943359375 3.6207485 1.4475222 1.5485965 1.098559 1.5273939 20.9333 -1.5205315351486206 0.854958713054657
Car 0.0 0 1.4257283210754395 645.4784545898438 162.1657257080078 671.5211181640625 179.4866485595703 4.2168503 1.4937885 1.7216011 4.2713213 0.5723694 64.39359 1.4919627904891968 0.4914993345737457
Car 0.0 0 -1.4224778413772583 505.18792724609375 159.63050842285156 569.0453491210938 215.3315887451172 3.5541863 1.6823921 1.5684764 -2.3531182 1.2833483 23.603878 -1.5218415260314941 0.3987846076488495
Car 0.0 0 -0.04439355805516243 609.690673828125 163.71424865722656 665.3077392578125 183.6818084716797 4.1216393 1.4833533 1.6578817 2.0170782 0.8047354 54.44302 -0.007361151278018951 0.3387130796909332
Car 0.0 0 -1.7708386182785034 714.6472778320312 138.8446044921875 795.17578125 200.9515838623047 3.1876042 1.5595826 1.5343212 3.8239157 0.70592296 19.716194 -1.5792690515518188 0.3351389765739441
Car 0.0 0 -0.24670696258544922 675.8612060546875 163.01089477539062 769.4569702148438 198.20318603515625 3.7783303 1.4974834 1.6156338 4.8660345 1.0790031 31.68186 -0.09430733323097229 0.3221346139907837
Car 0.0 0 -0.07643237709999084 640.5958251953125 163.5980682373047 704.2666625976562 185.47979736328125 4.451901 1.550477 1.6908019 4.4322686 0.89498526 51.987957 0.008617639541625977 0.2985512316226959
