Pedestrian 0.0 0 -1.4789278507232666 0.0 159.9002227783203 26.948474884033203 232.43917846679688 0.59064275 1.8334327 0.6531997 -15.518735 1.1947113 18.593931 -2.1744208335876465 0.1931467205286026
Pedestrian 0.0 0 3.4217770099639893 231.818603515625 133.7975616455078 316.6329345703125 276.2498779296875 0.89015484 1.8317667 0.63864684 -4.4970946 1.1717219 9.624804 2.9846789836883545 0.16968204081058502
Cyclist 0.0 0 0.4259718954563141 238.27232360839844 140.362548828125 408.43939208984375 283.48614501953125 1.9741141 1.7693722 0.5545369 -3.6691203 1.2160041 9.206175 0.04671621322631836 0.2831428647041321
Car 0.0 0 -0.9903354644775391 9.387693405151367 185.8210906982422 257.7565612792969 292.4230651855469 3.7997193 1.5099028 1.6464764 -7.7150674 1.522845 12.110334 -1.5575635433197021 0.9381124377250671
Car 0.0 0 -1.0225274562835693 96.7998275756836 177.1094970703125 251.92283630371094 237.25987243652344 4.0964484 1.4246901 1.6133629 -11.3310375 1.2338223 19.080723 -1.5584107637405396 0.8245655298233032
Car 0.0 0 -1.5763803720474243 584.2483520507812 178.61582946777344 619.4888916015625 208.0126953125 3.154333 1.3384063 1.6050595 -0.32592234 1.0390533 34.314003 -1.5858783721923828 0.7858473062515259
Car 0.0 0 1.6659749746322632 184.94032287597656 167.91543579101562 240.17832946777344 207.2888946533203 3.8038692 1.5005134 1.6289076 -16.155659 0.84233606 29.460644 1.1643755435943604 0.23303571343421936
Car 0.0 0 -1.3469780683517456 584.1923828125 178.80348205566406 626.25732421875 207.12530517578125 3.7066746 1.5670404 1.6636552 -0.12669533 1.2133849 41.760864 -1.350011944770813 0.18426765501499176
Car 0.0 0 3.9733471870422363 0.0 176.5542755126953 50.926170349121094 349.5611267089844 4.317065 1.5485995 1.6421881 -8.544406 1.4722017 7.3179574 3.1107845306396484 0.1656709760427475
Car 0.0 0 -1.4994722604751587 538.2567138671875 170.36488342285156 568.2044067382812 197.32484436035156 3.8367336 1.6590704 1.6499861 -3.4849095 0.7463079 46.155087 -1.574833631515503 0.15909135341644287
Car 0.0 0 -1.696136713027954 645.5859375 179.11895751953125 698.4031372070312 217.3037109375 4.1218944 1.5094318 1.7138923 2.6159668 1.2695609 30.505795 -1.6105928421020508 0.14597102999687195
