Pedestrian 0.0 0 -1.8214308023452759 730.303466796875 138.669189453125 767.3554077148438 203.38511657714844 0.9745461 1.6513525 0.73242396 3.5803652 0.7794188 18.91825 -1.6343884468078613 0.8865451216697693
Pedestrian 0.0 0 -1.6042187213897705 429.7662658691406 147.37063598632812 452.65423583984375 197.91461181640625 0.89908713 1.7173507 0.7419324 -5.9091477 0.85185176 25.044245 -1.8359291553497314 0.8202350735664368
Pedestrian 0.0 0 2.7979485988616943 493.2344055175781 167.06834411621094 510.7579345703125 197.69874572753906 0.85449964 1.6448926 0.40122828 -5.892312 1.3345526 39.123726 2.6484649181365967 0.7182658314704895
Car 0.0 0 2.003856658935547 198.6171112060547 194.49371337890625 396.16717529296875 292.8626403808594 4.3974614 1.4552445 1.76047 -5.772083 1.939026 13.884711 1.6098767518997192 0.9709376692771912
Car 0.0 0 -1.8228050470352173 725.854248046875 179.2159423828125 871.099853515625 275.2738952636719 3.9452639 1.4877074 1.6200482 3.2568245 1.6238948 13.418612 -1.5846997499465942 0.9567530751228333
Car 0.0 0 1.8587828874588013 347.7764892578125 186.8733367919922 445.4439392089844 258.12200927734375 3.733072 1.6895579 1.5536984 -5.752468 2.109315 19.712923 1.574854850769043 0.9427411556243896
Car 0.0 0 1.3803502321243286 684.2009887695312 180.220947265625 752.2374267578125 229.3215789794922 3.61796 1.4262015 1.5002087 3.37348 1.6838055 23.350395 1.5238295793533325 0.9410144090652466
Car 0.0 0 -2.0113685131073 782.371826171875 182.38214111328125 1116.2728271484375 373.21832275390625 4.026446 1.5337867 1.6640984 3.2804818 1.6677111 8.05673 -1.6246939897537231 0.9380273818969727
Car 0.0 0 1.8599283695220947 432.89031982421875 188.17579650878906 505.24462890625 228.9600067138672 4.372115 1.4045479 1.6512457 -5.5626683 2.0644033 28.797955 1.6691163778305054 0.9036148190498352
Car 0.0 0 -3.8225817680358887 1033.3349609375 138.478271484375 1242.0 271.03033447265625 4.2561135 1.6106552 1.6837381 8.247981 1.1933097 9.660962 -3.1159186363220215 0.8369026184082031
Car 0.0 0 2.343919038772583 0.0 206.9923858642578 178.1638946533203 375.0 4.223565 1.4391215 1.6400089 -5.954864 1.8394958 6.3257394 1.5887117385864258 0.8301953077316284
Car 0.0 0 1.394997000694275 668.9498291015625 178.60623168945312 729.0430297851562 218.1561279296875 4.254396 1.4370657 1.6608362 3.4508824 1.686091 29.01768 1.513364553451538 0.8299245238304138
Car 0.0 0 -1.7220954895019531 650.2376708984375 179.5795440673828 691.0305786132812 210.05487060546875 3.7190063 1.4760653 1.5712303 3.0804062 1.8456318 37.69742 -1.640562653541565 0.7165232300758362
