Pedestrian 0.0 0 2.051021099090576 452.2066955566406 160.6883087158203 507.9286804199219 262.8544921875 0.8387213 1.7970159 0.6984037 -2.2495327 1.4322307 13.138317 1.881446123123169 0.8797067999839783
Pedestrian 0.0 0 1.3129502534866333 853.1218872070312 141.50662231445312 932.4823608398438 292.1361999511719 0.8127839 1.7681177 0.7202296 3.5298219 1.3000143 8.876116 1.691451907157898 0.6898102164268494
Pedestrian 0.0 0 1.5042567253112793 745.4173583984375 150.5373077392578 791.2691040039062 259.9028015136719 0.8522401 1.7597779 0.6880733 2.7385972 1.2628565 12.030717 1.7280765771865845 0.6831854581832886
Pedestrian 0.0 0 1.5064330101013184 553.637451171875 161.4756622314453 576.6860961914062 216.83531188964844 0.9478907 1.828097 0.7146584 -1.2550545 1.167936 24.230541 1.4546828269958496 0.6458492875099182
Pedestrian 0.0 0 2.920454263687134 560.9007568359375 158.08192443847656 606.954345703125 266.1422424316406 0.637389 1.839197 0.86521286 -0.3622698 1.4419006 12.721441 2.8919849395751953 0.6215419173240662
Pedestrian 0.0 0 1.4178577661514282 534.6173095703125 160.7075958251953 557.482666015625 212.9594268798828 0.99745053 1.8416584 0.67515093 -2.0240607 1.1098729 25.878454 1.3398025035858154 0.5928341746330261
Pedestrian 0.0 0 -1.8685122728347778 586.6329345703125 164.3808135986328 612.0534057617188 217.36851501464844 0.76859146 1.7457943 0.6559155 -0.09967153 1.1828532 24.128902 -1.872642993927002 0.4936886727809906
Pedestrian 0.0 0 -1.1824073791503906 280.58392333984375 194.97938537597656 390.3855285644531 358.3773498535156 0.85614914 1.6788654 0.87472713 -2.9397194 1.8366563 7.8926682 -1.5389511585235596 0.4408257305622101
Pedestrian 0.0 0 1.2401471138000488 596.9647216796875 163.91830444335938 620.7199096679688 214.57632446289062 0.6321666 1.7773771 0.6773951 0.2384187 1.1615709 25.60762 1.2494573593139648 0.42420798540115356
Pedestrian 0.0 0 -2.7271084785461426 371.7156982421875 175.29290771484375 419.150634765625 262.8962707519531 0.7468497 1.709503 0.56677693 -4.1459517 1.5896285 14.345519 -3.0084495544433594 0.30258554220199585
Pedestrian 0.0 0 2.2417337894439697 895.9987182617188 149.1173095703125 966.7376708984375 285.5230407714844 0.74491864 1.7976025 0.53808254 4.4871197 1.3721807 9.8730955 2.668306589126587 0.2971673011779785
Pedestrian 0.0 0 3.53584623336792 220.08038330078125 167.0192413330078 276.8612060546875 280.67010498046875 0.65142757 1.8261398 0.632165 -5.865907 1.5947565 11.876007 3.0770671367645264 0.2770848572254181
Pedestrian 0.0 0 2.0567023754119873 427.126953125 181.81983947753906 477.3643798828125 271.4478759765625 0.8377725 1.6627656 0.6297118 -2.8986797 1.6703825 13.816599 1.8499047756195068 0.25124093890190125
Pedestrian 0.0 0 1.5072699785232544 982.002197265625 146.46975708007812 1041.3291015625 297.03167724609375 0.7478793 1.7868077 0.5935056 5.0685415 1.3724275 8.988077 2.0207362174987793 0.22982190549373627
Pedestrian 0.0 0 0.7004502415657043 286.89727783203125 145.06581115722656 344.4863586425781 261.6376037597656 0.68362206 1.7573097 0.47947225 -4.479408 1.209373 11.161007 0.3187854290008545 0.22787506878376007
Pedestrian 0.0 0 2.8888444900512695 493.2485046386719 164.4088134765625 517.5833740234375 209.49778747558594 0.84784764 1.8205136 0.67207086 -3.9592443 1.1314361 29.471888 2.7553043365478516 0.2121342569589615
Cyclist 0.0 0 1.6056236028671265 509.0671691894531 167.09957885742188 536.502685546875 244.47520446777344 1.8029124 1.660258 0.56236553 -1.8067579 1.3524941 16.330856 1.4954371452331543 0.879352867603302
Cyclist 0.0 0 -2.5080881118774414 89.05257415771484 168.4564971923828 221.16055297851562 281.2010192871094 1.8210351 1.7889758 0.62929726 -7.340275 1.5833036 11.778641 -3.0653812885284424 0.30993303656578064
Cyclist 0.0 0 -1.6386545896530151 553.5110473632812 160.91209411621094 576.8636474609375 216.44265747070312 0.97939545 1.8317578 0.71926105 -1.2540823 1.1537223 24.221836 -1.6903833150863647 0.13577789068222046
Cyclist 0.0 0 1.3998585939407349 534.4505004882812 160.16212463378906 557.8234252929688 212.87332153320312 1.033562 1.8557539 0.6711118 -2.0206459 1.1055908 25.870659 1.321911096572876 0.10534657537937164
