Pedestrian 0.0 0 0.2193049192428589 635.1384887695312 160.6561737060547 647.05029296875 181.5970001220703 0.9862513 1.8578699 0.45565376 2.7539072 0.776037 64.35988 0.2620680332183838 0.6914847493171692
Pedestrian 0.0 0 0.3425443768501282 688.2822265625 160.0972442626953 702.3744506835938 184.7954559326172 0.9258275 1.8268299 0.5109852 6.336016 0.88362026 53.80096 0.45977210998535156 0.4940869212150574
Pedestrian 0.0 0 -1.7450228929519653 732.0379638671875 150.0497589111328 748.0437622070312 185.2874755859375 0.54341096 1.7703753 0.71318305 6.5419683 0.62502736 36.520756 -1.567772626876831 0.4038500189781189
Pedestrian 0.0 0 -1.0625967979431152 650.7823486328125 152.93963623046875 669.5862426757812 185.6326446533203 0.79643506 1.7476935 0.7205531 2.6854415 0.6834747 39.09928 -0.9940218925476074 0.3129013478755951
Pedestrian 0.0 0 1.2020585536956787 848.4901733398438 132.5226287841797 884.2598876953125 183.7090301513672 1.6468035 1.7751318 0.6544468 9.122674 0.37680724 25.852701 1.54128897190094 0.10777992010116577
Cyclist 0.0 0 -2.1201255321502686 893.5834350585938 138.2944793701172 987.1654663085938 246.7382354736328 1.8086176 1.7496618 0.62078226 5.6512876 1.1924266 12.575078 -1.6977674961090088 0.9680992364883423
Cyclist 0.0 0 -2.272639513015747 918.428955078125 108.45907592773438 980.3391723632812 177.88279724121094 1.7611936 1.8616447 0.56696296 9.454754 0.13520855 20.269905 -1.8361960649490356 0.34397444128990173
Cyclist 0.0 0 -2.07733154296875 1081.3162841796875 108.62899017333984 1134.2769775390625 180.70384216308594 1.3540134 1.7604856 0.5110284 12.566452 0.19209644 18.319523 -1.476090908050537 0.28845784068107605
Cyclist 0.0 0 -2.534543991088867 1162.8516845703125 135.67108154296875 1218.3037109375 180.51319885253906 1.8433304 1.862231 0.58998066 24.81736 0.31843394 30.929197 -1.858345866203308 0.27022266387939453
Cyclist 0.0 0 1.2020585536956787 848.4901733398438 132.5226287841797 884.2598876953125 183.7090301513672 1.6468035 1.7751318 0.6544468 9.122674 0.37680724 25.852701 1.54128897190094 0.25228351354599
Cyclist 0.0 0 -2.2070915699005127 766.8392944335938 157.57859802246094 794.4359130859375 183.37710571289062 1.9121809 1.6883323 0.8183807 11.36889 0.6890217 48.256824 -1.9757192134857178 0.25219377875328064
Cyclist 0.0 0 1.228963017463684 636.8548583984375 160.90045166015625 645.5073852539062 181.87469482421875 0.97051615 1.8550198 0.47216684 2.7578783 0.79817235 64.3453 1.2717974185943604 0.12810629606246948
Car 0.0 0 -1.6144065856933594 572.2904052734375 175.6902313232422 691.3739624023438 287.2571105957031 4.4248896 1.6178893 1.7517256 0.20897137 1.6773983 12.809839 -1.5980947017669678 0.8435859084129333
Car 0.0 0 -1.5924288034439087 596.8569946289062 168.6956787109375 620.6937866210938 191.3424835205078 3.550298 1.5389948 1.5965707 -0.14406209 1.2567686 50.824516 -1.5952632427215576 0.5482539534568787
Car 0.0 0 3.598325729370117 0.0 81.77406311035156 392.2126770019531 255.0528106689453 4.244229 1.9020728 1.7489989 -5.1149473 0.90265054 8.925273 3.0779311656951904 0.403316468000412
Car 0.0 0 2.2783730030059814 0.0 0.0 273.302978515625 375.0 3.8964014 1.5461156 1.650532 -3.6597228 0.7975763 4.0820546 1.5474731922149658 0.38729482889175415
Car 0.0 0 -1.6344000101089478 679.2213745117188 167.30044555664062 703.4276733398438 187.23870849609375 3.859765 1.4829065 1.6061947 6.211241 1.07022 55.62751 -1.523202896118164 0.36887815594673157
Car 0.0 0 -0.4506472051143646 580.1051635742188 184.39480590820312 672.421875 222.73777770996094 3.5472593 1.47924 1.5160149 0.6406749 1.9842453 30.120527 -0.42938002943992615 0.2538166642189026
Car 0.0 0 2.0174567699432373 426.13250732421875 164.12142944335938 469.36419677734375 186.82391357421875 3.9748957 1.65391 1.6416296 -12.27111 1.0180867 54.683167 1.7967097759246826 0.25245201587677
Car 0.0 0 -1.3960946798324585 627.9017333984375 165.92005920410156 652.0352172851562 184.2689971923828 3.755145 1.6304833 1.5825928 2.7545788 1.0146924 66.116646 -1.3544563055038452 0.25009265542030334
